,0,1,2,3,4,5,6,7,8,9,10,11,12,13,14,15,16,17,18,19,20,21,22,23,24,25,26,27,28,29,30,31,32,33,34,35,36,37,38,39,40,41,42,43,44,45,46,47,48,49,50,51,52,53,54,55,56,57,58,59,60,61,62,63,64,65,66,67,68,69,70,71,72,73,74,75,76,77,78,79,80,81,82,83,84,85,86,87,88,89,90,91,92,93,94,95,96,97,98,99,100,101,102,103,104,105,106,107,108,109,110,111,112,113,114,115,116,117,118,119,120,121,122,123,124,125,126,127,128,129,130,131,132,133,134,135,136,137,138,139,140,141,142,143,144,145,146,147,148,149,150,151
gini_coefficient_sum_num_words,-0.032164523997649505,-0.033422263978120974,-0.03250809107995156,-0.03169769247943125,-0.030621937225743485,-0.03712302365211696,-0.03397058363405419,-0.030994889903474755,-0.032452180505056785,-0.031060340042927945,-0.028018493720706177,-0.03338470231059979,-0.032375266340961203,-0.0398928360277207,-0.03013935230630616,-0.032534366016507894,-0.032887759128547855,-0.050032240595662726,-0.030537703831230095,-0.030677913442833396,-0.032152726843766036,-0.0317123412812198,-0.03110313076927044,-0.03225831531681635,-0.0321903101907886,-0.03290449090868312,-0.03865785891360983,-0.031535154922379884,-0.02956682732600355,-0.03222744998994034,-0.022392248539257358,-0.0315243172010449,-0.0309233291125688,-0.030697101775224014,-0.03193683095244091,-0.030029665135302717,-0.036803536148974914,-0.029227674796604926,-0.03623484664144335,-0.031013531708246625,-0.03201590422632835,-0.0308742274694337,-0.03234134952245518,-0.0213929963660306,-0.0320275843633202,-0.03461329309773151,-0.03231625181390477,-0.03197634627405806,-0.03891484071977598,-0.03365047130638296,-0.031706029890116366,-0.032065315666923236,-0.031370397427520125,-0.033999626287831236,-0.029992463180087536,-0.0398770837639343,-0.02603558680958329,-0.03429580362798536,-0.03241449183431829,-0.03166800413139184,-0.03401132234668598,-0.033616879440768806,-0.03173683190482665,-0.03197586569209215,-0.032665959006041356,-0.0308084303557118,-0.03228698184951295,-0.032679840584248485,-0.024122311855606534,-0.03151170101866624,-0.03165066128489628,-0.032250142393361055,-0.032699534365788555,-0.03382912597736141,-0.03216798343425342,-0.03215238055546917,-0.028029788884809087,-0.030606203578775727,-0.031177489443152854,-0.01632241368917779,-0.030620843127608325,-0.03222091966292141,-0.03259297351751887,-0.03183459130921623,-0.030979379988971843,-0.03797648554657185,-0.032879436507149196,-0.02987127052677392,-0.03146801055374762,-0.034617687262767045,-0.033393333649683186,-0.03700681963298742,-0.031837788714455945,-0.03376528089828139,-0.03411908810916561,-0.031923571517635016,-0.040134709484236114,-0.03196077368337023,-0.03151863067673443,-0.030081320570530243,-0.028029411826335487,-0.0331592102681285,-0.03191844035659092,-0.03128142945725601,-0.034921480978987784,-0.030640819483017636,-0.03066846801878815,-0.027877757381796504,-0.026917913185719244,-0.030525910268523596,-0.024398650664954547,-0.0330470334895194,-0.03206133739309738,-0.031338311555534175,-0.031194308465317587,-0.029905554206553154,-0.030301237949607162,-0.03333426159719857,-0.0329362735124349,-0.027427683300894817,-0.03196347715194827,-0.032228770391742975,-0.033774618400440846,-0.029818006537572897,-0.028561746646228355,-0.03179136977625947,-0.03218022914485826,-0.03184178808837023,-0.03189445892731617,-0.0339690351127424,-0.031510369266176674,-0.03807830304934606,-0.03206889522229184,-0.03421489689354483,-0.03275029636935078,-0.027660116991468562,-0.03207737483045682,-0.03227157368213289,-0.03091788619160167,-0.03513164896030967,-0.03320074762063303,-0.03215257329507452,-0.031079576362543136,-0.03758775921590955,-0.03299592363113081,-0.02755700706557925,-0.03559994922893045,-0.027269179934659885,-0.03132819459659671,-0.03192995370050341,-0.03189331405785482,-0.03156271345392089
gini_coefficient_sum_num_chars,-0.018897877657210016,-0.018864021849682753,-0.018992289186198965,-0.017617945574159966,-0.020863861338853602,-0.02591507833358846,-0.019606457044265172,-0.018982440539729854,-0.017295799642015185,-0.019321316453473864,-0.013487165957932404,-0.021625172806732512,-0.017510456136676116,-0.019720637028602904,-0.017488973764842295,-0.019380005726506583,-0.0177078638969164,-0.042355173814907096,-0.021780138244395366,-0.019492639140642573,-0.018572204263713296,-0.0194264090394913,-0.017685124119161132,-0.017495971021677874,-0.018349483169015794,-0.02143520214246084,-0.02348856592369604,-0.018666899893957735,-0.013933385741757776,-0.01816000394045208,-0.010610628262987422,-0.019931089842004236,-0.014021565844255953,-0.01566119542785388,-0.0180721195671711,-0.018432108368222455,-0.027799702758481627,-0.017763979518718546,-0.02955850748787684,-0.017276651571490304,-0.0204355772293734,-0.02282491377109238,-0.018862288931645203,-0.011172012596696066,-0.01850816662883594,-0.01730180870669876,-0.017817093203602374,-0.01777696576189479,-0.02949613086728863,-0.017647285865261354,-0.01977497745361854,-0.018436613109183247,-0.01831711911038084,-0.01923649654437249,-0.020697857894272198,-0.024296953442590807,-0.014121012766893308,-0.019860017932280663,-0.020710991322280995,-0.02693424763721263,-0.020653427795057425,-0.017607285589411378,-0.01781570986212215,-0.018293775377004568,-0.023248607291116313,-0.017840039781994145,-0.019749481157659655,-0.0202310831688842,-0.011483649867757267,-0.01758202093073257,-0.019449213974055787,-0.019874193704563226,-0.01876906916038143,-0.020691818817021985,-0.018901068384293816,-0.01803746169061712,-0.015641633431788857,-0.017429507555700594,-0.01760252027963506,0.008907518077982127,-0.024946676940329014,-0.01850312120379659,-0.01935888993999459,-0.01809012917510008,-0.01888255508868882,-0.019335062727762052,-0.018948511851561937,-0.015597587262321714,-0.016875050468291013,-0.018978646343753625,-0.0185877380819727,-0.01710505592986381,-0.024004690566418643,-0.015418660511711015,-0.01889223055509172,-0.018338800374803472,-0.02621524419016001,-0.018354104818373743,-0.018406953612747027,-0.02058507536370614,-0.015135925861464278,-0.018462168546847995,-0.0162863469535462,-0.018023536673541576,-0.019122619509914895,-0.0182606488619763,-0.015619267536819727,-0.008691515607290033,-0.004061210481833707,-0.016755189353427027,-0.020329035579727976,-0.0189091085687091,-0.018681834204742728,-0.017869672783507026,-0.013933019275928573,-0.010384479796189547,-0.017376215397797146,-0.019207378938173696,-0.017074622663662,-0.0108200779448402,-0.018508843234411234,-0.018571923397483866,-0.020104033277696845,-0.01809001172203352,-0.016530222486597804,-0.019596723069498365,-0.01971435338046478,-0.018794733816110083,-0.01773475037325624,-0.01838978836054379,-0.01718019151827297,-0.019198874335132704,-0.01834603448374502,-0.021054891044477598,-0.020926786063962262,-0.01811002715622355,-0.018467606586554587,-0.01843916717489004,-0.017012055272057607,-0.02081551048848378,-0.020084452728485462,-0.018337794216283343,-0.017567196901157323,-0.023201457867285114,-0.018588934009785448,-0.01927658446002459,-0.019734812221555452,-0.015544844406918704,-0.021383196670831776,-0.018366730870778003,-0.019957363664328483,-0.027334034428983883
gini_coefficient_sum_num_messages,-0.027487344765632755,-0.02652285932407771,-0.027979585099227815,-0.028932724613350475,-0.029151615561085524,-0.03962314386797219,-0.03263135309698177,-0.032015577448282276,-0.028519663988226033,-0.02672058112101992,-0.01518476301142085,-0.022375696042502637,-0.02579137481780107,-0.017306375766109855,-0.028888414037648743,-0.027217808850805512,-0.022501836982376924,-0.04556366858080855,-0.029107648328649715,-0.026314237197825073,-0.02719117824171628,-0.029055729558240075,-0.02667880954865552,-0.030442210560402274,-0.02799960575176244,-0.027629616436594118,-0.029181071424380943,-0.02567118959976718,-0.026887846923294545,-0.028691141820526532,-0.042149818367042076,-0.02843396945240491,-0.017215194543589434,-0.04031202049399398,-0.028931239383344014,-0.025990689597145327,-0.017358280115171876,-0.014236412634933901,-0.02425245964625599,-0.029199941856107667,-0.02754757926460428,-0.024849518156860255,-0.027824231133994636,-0.02391442256085872,-0.02488960656458966,-0.03271843251564977,-0.029335550646206146,-0.028348197428399717,-0.03137878740988739,-0.020267721752415018,-0.027340800345293386,-0.027718522440036794,-0.02707831073682917,-0.01845884925090791,-0.02570035498911498,-0.03430602741062411,-0.031943184355644964,-0.029158738183431038,-0.029204650481715628,-0.023191893085974694,-0.026094493618493093,-0.03322153068221847,-0.02753625409812885,-0.02776070721986426,-0.004580900997355846,-0.02636765520789914,-0.02860146785274103,-0.027825769090280277,-0.02450574685993827,-0.027739208199308654,-0.027370283762325524,-0.028201842753780258,-0.030199556470844824,-0.028240825076320468,-0.02923540921665941,-0.026740695792295745,-0.030349316831847602,-0.028930025767671886,-0.03157695716468304,0.008076568298581274,-0.021616964483861127,-0.027392002266752934,-0.01899024461873089,-0.027700803918828523,-0.02555502688787146,-0.024166097301060528,-0.027734852050278612,-0.027475455249023117,-0.026577373581466043,-0.026360930879163833,-0.025758792365635743,-0.044497513947731396,-0.02365794439409909,-0.025124335928597242,-0.025741623283998503,-0.02770322509510541,-0.02177673720513063,-0.027760318665514993,-0.02725243573799328,-0.03081843960381201,-0.027399917089037933,-0.026012568279821686,-0.025464202540399543,-0.02783271150560597,-0.024598761934480393,-0.03158807311890292,-0.027498191674562036,-0.027952088351261537,-0.028133166187750032,-0.026899109053281453,-0.0013131373315171078,-0.025842893648940837,-0.027082234398120103,-0.028324806507375743,-0.03019012933409134,-0.02782076431595222,-0.025216134614190585,-0.026949053478770333,-0.029531654420073068,-0.026241571700578767,-0.027506245272922968,-0.02769375163424989,-0.023496651564718134,-0.025517723726115736,-0.023945797238360007,-0.026461144809271746,-0.027674737673725483,-0.028454526679851506,-0.0307601989201955,-0.028900117862519385,-0.0256124516167864,-0.03327861235795846,-0.028092478839692733,-0.02715018985494712,-0.02799376602804575,-0.01620752111041284,-0.027574145082375344,-0.028543866624599592,-0.024652002174172877,-0.029852820108547964,-0.02757544010714657,-0.03068551282166333,-0.029019558828986776,-0.024061842512555075,-0.027562103298587774,-0.02748148698461288,-0.02322299829050644,-0.02326583362442331,-0.021379087069095176,-0.02605305046686602,-0.02390920686005716,-0.019522264867273122
average_num_words,0.006375702763287033,0.0069072599121772806,0.006085988827653199,0.006153633496335777,0.008294909529869148,0.005832740489450384,0.009646464283363965,0.007851264036469302,0.005128043249988748,0.006173342393043096,0.00602330698268273,0.005700585422057357,0.006439818143520577,0.009953747575778951,0.004665558498223334,0.006331041911371192,0.010405881041529024,0.008768110516229569,0.0074962523793172635,0.0038556404280943764,0.006382360888825867,0.0071015612414484066,0.007153603369896164,0.006196009929939923,0.006569857528808146,0.007000562224160747,0.004982453696025599,0.006123237995628552,0.005972078876268783,0.005627974000950236,0.002573450122217485,0.0060579737917899916,0.00774309055774307,0.004811074305814791,0.007068158503579435,0.00646606626833347,0.006286567356354869,0.004873900591170414,0.008562812669813876,0.0058055425532641996,0.006754719753468182,0.0062194509871710425,0.005996802983414572,0.0032679555085780767,0.006355471695852451,0.00669365818406513,0.0058291980855614,0.0065922216440369285,0.00668588409195561,0.004521034574503007,0.006608153745982195,0.0063120716388116,0.0062826640190330315,0.005895187508279684,0.007609888198173652,0.008456752244150947,0.007696100625357536,0.006911742203973552,0.007582685820672258,0.006735672366218951,0.004692399609906785,0.007569091902516389,0.006125564769956722,0.006388370948747439,0.0011104137479434053,0.006247608372080002,0.006012873029951656,0.005376522945026991,0.011085522781231417,0.006373344406817806,0.0052253356209930185,0.006162319594085539,0.007012439144462155,0.006810196369516973,0.006032447696886051,0.006308745313909509,0.007565980086610755,0.0064267203264727546,0.005946872906960525,0.009032952201689709,0.0069284191806590545,0.006418870176123275,0.006362670419114186,0.006448953919893227,0.006467595141039527,0.003892955395164009,0.006348074612779753,0.0027228944340702416,0.006682754996237835,0.005172283570329309,0.0061202966138368745,0.005448129678936169,0.0070797384875979546,0.005466523512272706,0.0065601061836969895,0.0063016229000733195,0.005899721674198738,0.006308903105251551,0.0057727626902797065,0.006263213496661363,0.005491488104940504,0.006630244982241927,0.0012313963912355856,0.006635910586766122,0.0065587241513919954,0.007879692901153774,0.006289242234089578,0.0064459232208031216,-5.75063552057096e-05,0.004467767048004111,0.010475819616038967,0.00816788400746117,0.006816673244926462,0.005995826755642107,0.008106294342878895,0.002025727199808922,0.006213434310069535,0.006473526526419302,0.006381563002266579,0.004762040916709257,0.006536113869934494,0.006361124011387693,0.0069603238646207075,0.006949494108419583,0.007505594053302949,0.006290471585059261,0.006520176349203116,0.0061342075124410315,0.005803169567812707,0.0063891256321387925,0.006067358711982783,0.005837018991014634,0.006062716892247271,0.006787419124395008,0.004796181196457021,0.011304593871754857,0.006334530996622185,0.007848536647266322,0.005325981067583007,0.007115289670739361,0.0071953763052787535,0.006792702111473767,0.006969355562264691,0.008785384344700973,0.00576994206791082,0.0037011735817977977,0.005584838290274683,0.005265543695434286,0.007421875113690566,0.006017401433418078,0.0067452941868796565,0.009165582284169492
stdev_num_words,-0.012986613593766535,-0.012397006159862561,-0.013243892611649839,-0.012930085181105125,-0.011085519742054,-0.007698912548082179,-0.00913731384654944,-0.011988342562877483,-0.013197891092546236,-0.014786355983250347,-0.014679301943352258,-0.01022408806848211,-0.013004180223003859,-0.012668192181789715,-0.012730869545910972,-0.0125086834129203,-0.011467645936258068,-0.015866051690986323,-0.013451391690516845,-0.012353699084676404,-0.012345388341397683,-0.01025000102344102,-0.012560429147748457,-0.01299085473897956,-0.012341390385609365,-0.0131494938569921,-0.01404096860223717,-0.012301462186562716,-0.0128716764987684,-0.013789116368902529,-0.00999452166594964,-0.012143543968689127,-0.018371248520327284,-0.011516253010036222,-0.012195489499422226,-0.012239300266452141,-0.012815878285012797,-0.01288321227973292,-0.00814611712129021,-0.013225337011572066,-0.01218390282142304,-0.009189838153073848,-0.012890218759289038,-0.009532820743751228,-0.012108069114570911,-0.009144274519846172,-0.01247884658697631,-0.01262439406103638,-0.012654724266022817,-0.016484653115930656,-0.01328119627568346,-0.012640087315665103,-0.012082026854552988,-0.011287748355927232,-0.011632752838489673,-0.014714380034427203,-0.012997684953563179,-0.012168135109721478,-0.011889289801057665,-0.011081295593786475,-0.012180251248349289,-0.010627600223263367,-0.012891251421631961,-0.012531728393087901,-0.015191120445908162,-0.012656041435574868,-0.008808718139582047,-0.011146553918549833,-0.011194587221693843,-0.01237014425574367,-0.013110264428553476,-0.011669665541168307,-0.012137493614135563,-0.011011036380230991,-0.012089288748351645,-0.01222624747436607,-0.012462378825103336,-0.012525189907881675,-0.012153067683815182,-0.013001004163491724,-0.008858182353207341,-0.012686899951956994,-0.009726838653660919,-0.012063769411237522,-0.013757097011958713,-0.0208320574903539,-0.012482150798555029,-0.013238801943488521,-0.011894025507584019,-0.013834436779012058,-0.014940900499201432,-0.008608746154780703,-0.011475760162253854,-0.013210974526357378,-0.013121079567233655,-0.012680554303105579,-0.01200219444113326,-0.012687085355974813,-0.012784187229353008,-0.012316530856123862,-0.013438438337045205,-0.013076583840494637,-0.01222586051828191,-0.012952106754569192,-0.013138968503755793,-0.007886217127581713,-0.013418861192270513,-0.015516355287391752,-0.017626206767406657,-0.009753111155537925,-0.0073572818628996626,-0.009418788720611363,-0.01253383091412774,-0.01273854611236794,-0.011317945109084413,-0.01710025141631482,-0.012907181997690835,-0.013549428686124331,-0.01370143778873299,-0.013914713540629654,-0.012540125240667173,-0.01275010416671981,-0.009805385736822735,-0.012343604086242653,-0.013246232041839629,-0.011077204059231644,-0.012268942436360257,-0.01345094882040487,-0.01325736239005516,-0.009560915712966113,-0.01305119296921275,-0.011631698446589473,-0.013120568721648847,-0.013921882021159416,-0.00665994014074789,-0.004295275115810748,-0.012602668870654138,-0.012202659772746125,-0.013435141771962771,-0.012147923773551839,-0.012036065495138332,-0.009990570499496209,-0.012332570239511554,-0.010592451127685976,-0.013389879864429455,-0.012307897926494763,-0.009183121900767432,-0.013337381453684473,-0.011173473307338066,-0.014150735233292761,-0.013352028421761513,-0.011324380062624779
min_num_words,-0.0021993420724323604,-0.0023647724613375613,-0.002817638731533515,-0.002657563247708876,-0.0029592756516294283,-0.004054002279772113,-0.0018864548083049881,-5.0749168937758854e-05,7.981666759657169e-05,-0.002307741030524859,-0.0027611006879788864,-0.005882683198641393,-0.0018956851591730942,0.012676982030447648,-0.0034494450480204684,-0.002151733649542586,-0.0072988950610770095,-0.008027013227726072,-0.00800185550176909,-0.004605768356829245,-0.0022687622241031047,-0.002770825782969796,-0.00260779950187982,-0.0013750153860450573,-0.0022233816077326697,0.0005045158117345672,0.002864637115592466,-0.0034153476866684573,-0.0004967974434652873,0.0029454316500244476,0.0013732919229485566,-0.0028962162878178096,0.005162864964795235,-0.004101118661084365,-0.001957118701314266,-0.004049046490292786,-0.004485153624934792,-0.004637905487331362,-0.001763781146037209,-0.0005790171019660218,-0.004000759112171709,-0.0017186460620059324,-0.002600940723878193,-0.00851128372019879,-0.0034055328684597444,-0.007665209525064737,-0.0020791284357067653,-0.0025975507558429235,-0.0013721171976586247,-0.0013801195222242595,-0.0033362136462005317,-0.00243403667615278,-0.0024145997242857042,-0.0059832013815265435,-0.004477141443993702,-0.003726168836628208,-0.003470465745402376,0.000277066601979915,-0.002797121938364804,-0.0076065330129232184,-0.0023712412992943164,-0.006298385723213033,-0.002120439756373148,-0.002432973692571283,-0.010911160617060437,-0.001485976790426717,-0.0032904292914244827,-0.0012079249290600485,0.0020452805237361534,-0.0022451073083540173,-0.0022127974589550257,-0.0030296336306357956,-0.003361899143765357,-0.003706128878648086,-0.0030183580217176403,-0.0031394273626643293,0.0012497116418918788,-0.0036713180736998793,-0.002168801623860952,0.0033943010106539176,-0.004609715295571387,-0.0014327691393937088,-0.009370478952838587,-0.0018277727715003446,-0.001572719900656919,0.0007689927231311101,-0.0010981542135343712,-0.0013386871855550452,-0.0024248660275005066,-0.001019797007503917,0.0003425037777875818,0.006818282915332645,0.00036952843263483165,-0.00198871605145781,-0.002420423300813818,-0.0023679044122994243,-0.0018589698071911059,-0.0026185390149311427,-0.001641665221015649,-0.003373003525655985,-0.0006347738149808241,6.319441165237964e-05,-0.00483813032507884,-0.003267104366115459,-0.004052760543362654,-0.0026342713669867505,-0.0015396364364824982,-0.00033045432075099433,-0.003943124591939897,0.0014658704803359873,-0.005712785055358324,0.0014339927639151276,-0.0029381321146007937,-0.0028260458443639946,-1.200182887476503e-05,-0.0015189803758289804,0.0017682574949315962,-0.002896439427133052,-0.0036919406884997914,-0.003213446469005619,-0.0021289333176762164,-0.002265545208040327,-0.0003500260331489539,0.0018391935844446535,-0.004712951228993595,-0.0024090252555376557,-0.0027696838100725978,-0.002915867157127116,-0.004322061660930663,-0.0033619969204509107,-0.002571019297980162,-0.0004987858612837941,-0.001977522873849528,-0.0013495544714703274,-0.0034208681732899957,-0.0022226033301885224,-0.002496857499961109,-0.0010351181725772856,-0.0014381295882699846,-0.0017824254363203087,-0.003326034651156072,-0.008525100513465295,-0.002960769085543203,-0.0068264822236191874,-0.003770840462437218,-0.0027033260131636254,-0.007672469038459286,-0.004409326328748204,-0.0076464806373425075,-0.0013803649123818665,2.2615708517279703e-05,-0.0033088393812152252
max_num_words,-0.0010340380381632444,-0.00048702426346203774,-0.0009420792093337346,-0.000861594396207508,0.0013493737574688785,0.008674607309535507,0.0018382178720705473,-0.0008136781599159988,0.0006992626296369788,-0.006444307316879366,-0.0013656616627293894,0.0018677629684920663,-0.0008779133621904626,-0.0012131632581697301,-0.0011250271850881365,-0.0007760858008424576,0.00018514599105605607,-0.005039948362080307,-0.001419976956395154,2.917100730547538e-05,-0.00021194889719227186,0.0011349639851218236,-0.0004332345590905458,-0.0015412933748139568,-0.0005361173397871385,-0.0019490551789486527,-0.0003899861553822142,5.308378729133173e-05,-0.0008302157170260813,-0.0010619599936228172,-0.00030093947885302674,-0.0002986803168360738,-0.003582333264126273,0.0032051204215679946,0.00019990538935516812,-0.00019035497148841077,0.002713215033661197,-0.002701947316391534,0.002461396313884371,-0.0011894287220242366,0.0006151962681355885,0.0024206468733343825,-0.0006449178489218582,0.0035730011664531613,7.893769152352362e-05,0.0002846761488343695,-0.0008020092744284099,-0.00048813708885765694,-2.26704701962073e-05,-0.004617779297645508,-0.0005800805511017738,-0.0005908366428014206,-0.00015752637798015223,-0.002923553880581204,0.0008673615122782793,-0.0012753494213810102,-0.0024598286650620443,-0.0006662671827559041,0.0003374684557201548,0.002175431165769336,-0.0005742622852998591,0.00012838417345292612,-0.0007675623478350328,-0.0005064631724816838,-0.004642146822794329,-0.0008307220713177979,0.0020116422463342474,-6.1836090284525524e-06,0.0026917033933298792,-0.0004229622479148265,-0.0012778489751792965,0.00015614972644453252,0.00026091645901660937,-0.0007430793361534061,-0.0002645127281766871,-0.0005719808217060432,-0.0011561509943819933,-8.289618019620415e-05,-0.000299492278169812,0.0004840437026416705,-7.418363782252593e-05,-7.071606531471389e-05,0.0025566240130100153,-3.256807875112559e-05,-0.0015312597708412104,-0.005593196450317264,5.974818930151379e-05,0.00010117791404175118,-0.0002837846498485643,-0.001869240273761152,-0.0022969552963530496,0.005121197203585568,0.0016238048236040248,-0.0011919178480219728,-0.0016721207424098584,-0.0006587507121038599,-0.0018501125236163908,-0.000722209914529209,-0.0006255037203771567,-0.00199919303893043,-0.0017770007815763392,-0.0007538378184704826,-0.0013451854107379441,-0.00013526984789766043,-0.0004039704051238789,0.002169101704107149,-0.00035882887071428046,-0.0007657771231432166,-0.0007114911909554232,0.002015843032394927,0.004389627802579604,0.0018574840077112843,-0.00042898652905475933,-0.0003304728082418329,0.0006707010302472501,-0.0004938142644732284,-9.285102329369653e-05,-0.001493261459480805,-0.001440514769476417,-0.004610772368450079,-0.0005485175193312257,-0.0009410972554601774,-0.0005632908661250859,0.001570887733121194,-0.0013393741639659978,-0.0008214611961613397,-0.00023988717047193978,-0.001864076147996824,-0.004823884142716443,-0.0009213664235658801,-0.000665404933726424,0.0003986941579714083,-0.0011311976094984053,-0.0010219000471720849,0.00633569486886733,0.004986750361978879,-0.0005600638280775765,0.00035040311178987163,-0.0014335446028004174,-0.00029712967709520817,8.478373351034421e-05,0.0004498903089763199,-0.0003029943288748258,-0.0013355208187815805,-0.001746860659570998,0.0005216940089228621,-0.0014471619785208344,-0.0027802113397039797,-0.0010264963822161962,-0.0012874215021424027,-0.0005381107845057725,0.002924913970557051
average_num_chars,0.02938817515316844,0.03005064572478686,0.029286626797224713,0.029353536210287162,0.030319212703452524,0.025217939557227682,0.03255348619304416,0.03098064376732829,0.02814858309809313,0.029013861947369535,0.029984671411934855,0.026895609521488523,0.029820192037864946,0.033305548307438516,0.02739165117847112,0.029316822318487763,0.035061699774105594,0.0373127305386313,0.029012262851533317,0.02591168287290782,0.02949508910596095,0.029795461016517227,0.029506093930224582,0.028717321562204436,0.029475324670890996,0.030738594242781546,0.029835766020988842,0.029098047984743518,0.028393450884626997,0.028939040263359788,0.02486728426406901,0.028981932158001943,0.03120083447138653,0.026801449143464023,0.029767877925569935,0.028441956650895533,0.02910652587547031,0.025193586221392145,0.03136614657724879,0.027952947056547203,0.030432368839085785,0.02792935172321009,0.029137834851470316,0.02339083532933569,0.02855080950971239,0.03131077923777373,0.02893874412951693,0.029571891536297627,0.03133699188408595,0.028160618162894023,0.02999941929332925,0.029429702549598365,0.029290479431297155,0.02752664001675781,0.03027811193853068,0.03080474768946996,0.031595314769256574,0.030568732031697517,0.02998088188230004,0.02927657111123506,0.028399748549627228,0.028859912658500277,0.029209855173184772,0.029453776403287512,0.025166020052739543,0.029786329980289114,0.028837825417013827,0.028320926184346312,0.030784651094312932,0.029298658947226507,0.02878340457869848,0.0294330471284988,0.029997165227240215,0.029700934369307184,0.029050976682751653,0.029460055558903086,0.029700365538464984,0.030351650277364292,0.028399802604808243,0.03131609581442489,0.02782218623812771,0.029761802821116477,0.027719645129192665,0.02915399057192178,0.028800513092283986,0.024266914640030213,0.029573882984023296,0.025996881885936084,0.02930548108268273,0.029753593830896735,0.029784124308354656,0.0274636865085448,0.030541599219326705,0.029026267453327283,0.0304932182281006,0.029365802590869374,0.029546539841869852,0.029384432713354346,0.028572064499596435,0.029117171371887744,0.028798375651081388,0.029766157061709198,0.02300804745292429,0.02960337803973893,0.030324377884865757,0.02884692617492714,0.028832698920534455,0.03099560288281501,0.02136911801704964,0.02570778178087104,0.03384300354180613,0.03112738800821858,0.030096602846819805,0.028590272945412828,0.02955603982273148,0.023989751717570132,0.029297219292836983,0.029924755897207778,0.029603831798087534,0.029014295455748577,0.029608616086668052,0.029523863536504966,0.029036964416294525,0.02926194100046811,0.02983530868389409,0.029137149719331398,0.02930384720162676,0.029528972119330643,0.02896728856543423,0.029732454913522933,0.029137471729359522,0.027310625739528402,0.029240485111117653,0.030168462603885487,0.027150556986309242,0.029920881430060012,0.0293863948864016,0.030223436032009367,0.02901912265699795,0.029904328409618357,0.029993176118546405,0.02996366715833075,0.029462287909942396,0.029317490662967852,0.02930383070801059,0.026808776265136055,0.027791258912480472,0.030307106909459362,0.027809894650103757,0.029182895511306907,0.029193413599615206,0.02722712984066492
stdev_num_chars,0.023530835471827053,0.023469381496524576,0.02309464240882498,0.023579468599442543,0.020276184358827654,0.025282400257939073,0.026724294749542788,0.02514984921319564,0.024393572044694705,0.024451934766046506,0.02118913819049209,0.02640862605089852,0.024208048878820915,0.021905752109041,0.02496498540007702,0.024252617339517137,0.026379514361408833,0.022803756308729984,0.02165821218647153,0.02141333845321512,0.02455021146937461,0.024606304029904137,0.024717919155428838,0.02330387285059481,0.02395710821877494,0.02273426901882619,0.023440894695444775,0.02442652311994792,0.02308141609195417,0.02177767488660552,0.021539753938876978,0.024372336966867345,0.019732490183291977,0.02101011635403921,0.02429909663804681,0.024434334769286088,0.023308096950245306,0.02393847427741846,0.024353875082634077,0.021111384899588956,0.025324582218196133,0.023143110424252017,0.023844162561469488,0.02630376949777605,0.021956796279501544,0.024552964084217692,0.024524493983992673,0.023437179533653135,0.019900362929733465,0.02068570575568543,0.023916891363196864,0.024054022016128114,0.023685166942474908,0.026693517135755754,0.021329657402251408,0.022367662155180445,0.02697475471773726,0.023787586622812388,0.023268538313251604,0.024080944605451154,0.024745874633019187,0.0243821784897752,0.023797477411509088,0.024099454587874273,0.01869404603629368,0.02419011865746653,0.026396035282040962,0.025312678662591195,0.023224117020318208,0.024046372612982373,0.023796839605773487,0.025208845251845604,0.02414668856884513,0.025449388146252076,0.023587351742169964,0.024297469993867858,0.025306651712475266,0.02332649582386504,0.022472793972824055,0.02506759839788383,0.023716163535697336,0.023870122596240932,0.0236206596423811,0.024189384279152817,0.022353075740685503,0.016647933225704917,0.024335095791075383,0.021857776583016724,0.024812545048674542,0.025363719155413095,0.023118036588733657,0.02142068965272271,0.023161944764867715,0.02303588123878644,0.025201271721476463,0.024056846350756396,0.023481022887255135,0.02398684839548429,0.024168484260979655,0.022073541205002652,0.022989650229052864,0.02332759377354112,0.025219862077515795,0.02383235018917682,0.022588798214378633,0.024217724245882016,0.022517706300407826,0.022907686295769603,0.018214497972475884,0.023820624297800047,0.02460094165791738,0.027504879866250304,0.02407773759547203,0.022972767292942762,0.023199449005078802,0.018528186274988076,0.023947595222498192,0.023410446943820253,0.022964599356206924,0.025872714399385315,0.024121761456382357,0.024051566898627207,0.025609797195558864,0.02216766053958416,0.02155753745250817,0.023455221916847353,0.023975788703434534,0.023403164978970957,0.024280236506246847,0.0269937184865972,0.024056064599745,0.02552483759644397,0.023762558356436543,0.023652262257141336,0.026594591684462605,0.025182992567067818,0.02397478000371892,0.024245307559806153,0.023341837066063974,0.024247605124250976,0.023893552355664843,0.02755630601035579,0.024407798049336762,0.023486473555077263,0.024004438445259985,0.02405723568757799,0.026616388901690855,0.024329554896210626,0.027344859642833022,0.022909399063302485,0.02255541785690162,0.008221920135183807
min_num_chars,0.0026152808803266694,0.0024339333806658436,0.002281129535845368,0.002229906799089268,0.001476432581843175,0.002236132713914773,0.004038900026968979,0.004398756592575985,0.0022020181196921833,0.0008136343139826235,-0.0049443188015071615,0.004772095415822393,0.002244403553472517,0.007098081269495829,0.00046000871691127213,0.0026199958924110252,-0.001917545686412051,0.0033363165075624033,-1.6819306226679813e-05,0.004691630248113596,0.0019240855122281625,0.0025986460859182495,0.0020179775254638103,4.171248836552614e-05,0.002068882865383638,-0.0007233286841489888,0.00031019302559390574,0.003427576726926341,0.0006192629394187526,0.002870778421827617,0.00474271009082246,0.0015184041550676958,0.002166048698977058,0.003994393989780033,0.0021193313501984452,-0.008799031952703554,0.0007630388194185388,0.0011313612598527964,0.002527091743816476,0.004568874701293725,0.0007638868140353063,0.005131161963290663,0.0020877140427966005,0.0009468291473120668,0.004348408074620396,0.0027955715131481344,0.0029158700288885245,0.001187499888548417,0.005451212864325034,0.0049757649272741365,0.00124944879040648,0.002145173529446298,0.0023208111719878553,0.0007920637432562022,0.0037263556687394846,9.406483647290617e-06,0.0005005825964692311,0.0030638615827116517,0.0021563668434783955,-0.002972245694210526,0.00063364227546192,0.0016381696689548855,0.0022452961915710333,0.0021202969127443756,-0.0008786089440097223,0.0027934442923984388,0.004011777302621657,0.0016509110825379519,0.0002721189867846206,0.001872683986258574,0.0027830564533788977,0.0022905223804721327,0.002458359050198646,0.0008865413208280146,0.0027434518295260425,0.002339661778320491,0.007061195987465352,0.0018400359814481765,0.0022687737620924603,-0.00857478769612655,0.011391139933654655,0.0017426112734422634,-0.005641948042368922,0.002549115124298569,0.002758847466954481,0.008376453160267859,0.0024840856963434625,0.0022789498169848814,0.0023989280256884946,0.005086842737171159,0.005304127770245586,0.009672469751537302,0.00652822398138667,0.005222221452149896,0.0007109395369213102,0.002135988758514208,-0.002901676730452207,0.002106065277808867,0.003617563787909544,0.001293365580399981,0.0065923801016676865,0.002428636646749645,0.006039930389172473,0.0013524055294126857,0.002733362662645315,5.8950360634480066e-05,0.0030860846230539177,-0.002283903956807028,0.009331976866381616,0.00671271957328479,0.00772515822831154,0.0019803533631446053,0.001961634741660013,0.002296562590673802,0.00016372147417900544,0.007563241031657788,0.005352436722149478,0.001123402498765939,0.00510054611293359,0.00463090687484439,0.002737414363810842,0.0023073847011378327,-0.005384422777591614,0.0026745318947942335,0.005547671114893583,0.003881493038220057,0.002996351635515631,0.0018886840748021123,-0.0020516650312007003,-0.005134216263705565,0.0010732570794671267,0.00370357646196128,0.0042836992452137575,0.006039165478241713,-0.004441771373699691,0.0063163436624674605,0.0020735981775954542,0.0029483733377776954,0.0011041319653275119,0.0018448848599937999,0.002282070898591948,-0.0003675235091151431,0.001114677554299148,0.0015738806091396933,0.003555921250211435,0.004932955769207322,0.010282572531264066,0.009282723111349062,-0.003281749616792433,0.0017350169210974126,0.0038019022351939834,-0.003528980078514367
max_num_chars,0.020613880240210034,0.020640193802798766,0.020237602562096675,0.02036550116619481,0.018135657612199752,0.024994128764930224,0.02185085742109969,0.022936933254523287,0.023040329699606732,0.01946070301012293,0.01776896264283592,0.023656729135805188,0.021171199803161206,0.01557539997705698,0.021103858533610024,0.020385476510517208,0.023253413663113565,0.01887435136615867,0.020546513612943233,0.0193234630399062,0.02146012262904382,0.02091012191145429,0.0222222718436368,0.01963374872251137,0.02075254235684936,0.02022019152071444,0.02357489520213494,0.021687892398148455,0.01956116143081733,0.018942451171209608,0.015555078060708816,0.02139222272346003,0.019322620605757797,0.02150498834158944,0.02178490930333796,0.0211282987695055,0.02430990640339813,0.020293318540334778,0.02485385339295529,0.01816818292389159,0.022414419847847134,0.022623540393344955,0.021001191527346377,0.02411171669822427,0.020111847701231367,0.021454987247254483,0.020558064860492796,0.020262283444221867,0.017841055963108764,0.01823661913293089,0.020959227115999436,0.020995268345129575,0.020579219009661722,0.021005304543375524,0.019802987141528238,0.02185974881419339,0.024756903506485937,0.020684833538938557,0.02009744642317187,0.023350388350379208,0.020627415374076554,0.020080408982915684,0.02071108313103881,0.020990477595792763,0.017539375362651054,0.021094279598892072,0.022656297839112473,0.02115306377232593,0.022504827389398893,0.02079708125984985,0.020790519742519414,0.022436669578342686,0.020752877378651433,0.020621317971096176,0.020416689982513607,0.021237103238050566,0.024869276702750975,0.019586939114780492,0.018987338133145352,0.025563267268531014,0.020459115772507773,0.02134054801285787,0.020531534100931545,0.021371341636543195,0.02062152515190488,0.0176529100836422,0.02146520636398343,0.020247004058068275,0.02038612835546056,0.02508446651038811,0.0207443248568307,0.017172078128146116,0.023450853070472344,0.01811533729979338,0.02178023166848861,0.020998842099573416,0.02065573050228188,0.02088712619086449,0.02110735918522278,0.016626761224699842,0.01935200042997482,0.02043821378678605,0.021677642115425954,0.02214674854121993,0.020317363681976126,0.01954196420426189,0.020715117748016147,0.023921916879924024,0.016438980878528353,0.021039984246033164,0.02405568395760859,0.023597406228180226,0.021294183168715106,0.019928808655638505,0.020099032488999198,0.01697870179189924,0.021195078822361532,0.020425855286743448,0.019287370055891317,0.019030735768272876,0.021002026793710535,0.02076740673452372,0.02105520538856754,0.023571401100055914,0.01762311567388667,0.0191967498724482,0.02120482725625437,0.020060156848048426,0.017783815908027103,0.020002676910136637,0.02101624510332177,0.021139275379419252,0.020720877496175644,0.022884322129884907,0.024623361965474724,0.01965851783331592,0.020910815213060714,0.022205553672626978,0.020168397707419277,0.020915359012726543,0.021006455282745362,0.022319307820372346,0.021247542863946985,0.018957562352400755,0.020393963077101993,0.021749936748032016,0.024735871526149433,0.020729191236216107,0.020375050076657266,0.020369090645485345,0.021414275788602777,0.010446232858730944
average_num_messages,0.0,0.0,0.0,0.0,0.0,0.0,0.0,0.0,0.0,0.0,0.0,0.0,0.0,0.0,0.0,0.0,0.0,0.0,0.0,0.0,0.0,0.0,0.0,0.0,0.0,0.0,0.0,0.0,0.0,0.0,0.0,0.0,0.0,0.0,0.0,0.0,0.0,0.0,0.0,0.0,0.0,0.0,0.0,0.0,0.0,0.0,0.0,0.0,0.0,0.0,0.0,0.0,0.0,0.0,0.0,0.0,0.0,0.0,0.0,0.0,0.0,0.0,0.0,0.0,0.0,0.0,0.0,0.0,0.0,0.0,0.0,0.0,0.0,0.0,0.0,0.0,0.0,0.0,0.0,0.0,0.0,0.0,0.0,0.0,0.0,0.0,0.0,0.0,0.0,0.0,0.0,0.0,0.0,0.0,0.0,0.0,0.0,0.0,0.0,0.0,0.0,0.0,0.0,0.0,0.0,0.0,0.0,0.0,0.0,0.0,0.0,0.0,0.0,0.0,0.0,0.0,0.0,0.0,0.0,0.0,0.0,0.0,0.0,0.0,0.0,0.0,0.0,0.0,0.0,0.0,0.0,0.0,0.0,0.0,0.0,0.0,0.0,0.0,0.0,0.0,0.0,0.0,0.0,0.0,0.0,0.0,0.0,0.0,0.0,0.0,0.0,0.0
stdev_num_messages,0.0,0.0,0.0,0.0,0.0,0.0,0.0,0.0,0.0,0.0,0.0,0.0,0.0,0.0,0.0,0.0,0.0,0.0,0.0,0.0,0.0,0.0,0.0,0.0,0.0,0.0,0.0,0.0,0.0,0.0,0.0,0.0,0.0,0.0,0.0,0.0,0.0,0.0,0.0,0.0,0.0,0.0,0.0,0.0,0.0,0.0,0.0,0.0,0.0,0.0,0.0,0.0,0.0,0.0,0.0,0.0,0.0,0.0,0.0,0.0,0.0,0.0,0.0,0.0,0.0,0.0,0.0,0.0,0.0,0.0,0.0,0.0,0.0,0.0,0.0,0.0,0.0,0.0,0.0,0.0,0.0,0.0,0.0,0.0,0.0,0.0,0.0,0.0,0.0,0.0,0.0,0.0,0.0,0.0,0.0,0.0,0.0,0.0,0.0,0.0,0.0,0.0,0.0,0.0,0.0,0.0,0.0,0.0,0.0,0.0,0.0,0.0,0.0,0.0,0.0,0.0,0.0,0.0,0.0,0.0,0.0,0.0,0.0,0.0,0.0,0.0,0.0,0.0,0.0,0.0,0.0,0.0,0.0,0.0,0.0,0.0,0.0,0.0,0.0,0.0,0.0,0.0,0.0,0.0,0.0,0.0,0.0,0.0,0.0,0.0,0.0,0.0
min_num_messages,0.0,0.0,0.0,0.0,0.0,0.0,0.0,0.0,0.0,0.0,0.0,0.0,0.0,0.0,0.0,0.0,0.0,0.0,0.0,0.0,0.0,0.0,0.0,0.0,0.0,0.0,0.0,0.0,0.0,0.0,0.0,0.0,0.0,0.0,0.0,0.0,0.0,0.0,0.0,0.0,0.0,0.0,0.0,0.0,0.0,0.0,0.0,0.0,0.0,0.0,0.0,0.0,0.0,0.0,0.0,0.0,0.0,0.0,0.0,0.0,0.0,0.0,0.0,0.0,0.0,0.0,0.0,0.0,0.0,0.0,0.0,0.0,0.0,0.0,0.0,0.0,0.0,0.0,0.0,0.0,0.0,0.0,0.0,0.0,0.0,0.0,0.0,0.0,0.0,0.0,0.0,0.0,0.0,0.0,0.0,0.0,0.0,0.0,0.0,0.0,0.0,0.0,0.0,0.0,0.0,0.0,0.0,0.0,0.0,0.0,0.0,0.0,0.0,0.0,0.0,0.0,0.0,0.0,0.0,0.0,0.0,0.0,0.0,0.0,0.0,0.0,0.0,0.0,0.0,0.0,0.0,0.0,0.0,0.0,0.0,0.0,0.0,0.0,0.0,0.0,0.0,0.0,0.0,0.0,0.0,0.0,0.0,0.0,0.0,0.0,0.0,0.0
max_num_messages,0.0,0.0,0.0,0.0,0.0,0.0,0.0,0.0,0.0,0.0,0.0,0.0,0.0,0.0,0.0,0.0,0.0,0.0,0.0,0.0,0.0,0.0,0.0,0.0,0.0,0.0,0.0,0.0,0.0,0.0,0.0,0.0,0.0,0.0,0.0,0.0,0.0,0.0,0.0,0.0,0.0,0.0,0.0,0.0,0.0,0.0,0.0,0.0,0.0,0.0,0.0,0.0,0.0,0.0,0.0,0.0,0.0,0.0,0.0,0.0,0.0,0.0,0.0,0.0,0.0,0.0,0.0,0.0,0.0,0.0,0.0,0.0,0.0,0.0,0.0,0.0,0.0,0.0,0.0,0.0,0.0,0.0,0.0,0.0,0.0,0.0,0.0,0.0,0.0,0.0,0.0,0.0,0.0,0.0,0.0,0.0,0.0,0.0,0.0,0.0,0.0,0.0,0.0,0.0,0.0,0.0,0.0,0.0,0.0,0.0,0.0,0.0,0.0,0.0,0.0,0.0,0.0,0.0,0.0,0.0,0.0,0.0,0.0,0.0,0.0,0.0,0.0,0.0,0.0,0.0,0.0,0.0,0.0,0.0,0.0,0.0,0.0,0.0,0.0,0.0,0.0,0.0,0.0,0.0,0.0,0.0,0.0,0.0,0.0,0.0,0.0,0.0
average_info_exchange_zscore_chats,0.012938034931715848,0.01339302177739769,0.012646967427267928,0.012835448718869,0.014912713064325393,0.01172702653063315,0.016188264941902734,0.014457340134263865,0.011780655281489307,0.012869745974971675,0.012679144982010535,0.012497562181660885,0.012979542333057533,0.016822566465202794,0.01127974612206684,0.012927806156606214,0.017070448814715432,0.014455912649766412,0.013760219836219962,0.009881845305032973,0.012942952788137696,0.01368031713118609,0.013805168938813532,0.012824600656890367,0.013125578112206406,0.01358467943316103,0.01111456084516281,0.012787815637572138,0.012742806535038584,0.012390509539124035,0.009432402527584762,0.012743173044981872,0.01468603415936361,0.010838507850027199,0.013639349446594118,0.013178750530246641,0.012764285577856669,0.010291664588010303,0.014468430239210612,0.012224847328591689,0.013407147499061838,0.011801541850161062,0.012574928978546313,0.010692765320159102,0.012577107971007659,0.012382627977455235,0.012433188896049864,0.013204827360139483,0.012885513186352223,0.010868068962590256,0.013282120860270552,0.012882600695014831,0.012833844136172936,0.012515583908390741,0.01391945711949235,0.014732326754506744,0.013605671107995237,0.013397599673154466,0.014130564049874974,0.013398273206058547,0.011153811688219908,0.014327510357011713,0.012686547777666018,0.012957073823920983,0.006368523300760983,0.012741110398533633,0.012267436092115842,0.01196228802001884,0.018175748949784593,0.012945491596540995,0.011857980113410056,0.012743994792366611,0.013523023614853157,0.013255118073187178,0.012705252129837183,0.01276834877923438,0.01415575013520941,0.012966280398383965,0.012422405733785023,0.015378329049680194,0.013202118508188046,0.01299046409015751,0.012964749299159214,0.01293010200817714,0.012976044587080408,0.01039261376082945,0.012898706814536169,0.008534090623878623,0.01327501534157454,0.011865523522223566,0.012657973123798499,0.011030672223779323,0.013475842747406673,0.012158832104201725,0.01318788547502798,0.012867155973774991,0.011743481799402688,0.012885114850211217,0.012432165214664118,0.012586907544131727,0.0124562897486299,0.01318217909736749,0.007372761041845047,0.013180813965162576,0.012814142166243865,0.014385589312568444,0.012958869693108456,0.012427089065073813,0.005054954252030653,0.011281025269842107,0.016223030348741667,0.015210291829537061,0.013367764017804493,0.012433718613550512,0.014434200715446693,0.007837693073133848,0.012763948749563953,0.013151887252266545,0.012942357632229584,0.01151888866095354,0.013112828169294826,0.012928258716637598,0.01325770421363949,0.013488241649792563,0.014323507808469384,0.012766803788805636,0.01308339658386859,0.012717141935953495,0.01249370051265726,0.01279620246658001,0.012650490512430298,0.011996282639400679,0.01264237555536853,0.01328826972761919,0.010620807400453647,0.018334951124038587,0.01289545752478918,0.014247593793605774,0.011877345040484039,0.013787841983436154,0.013724645682585565,0.01355999793681972,0.013522253397106377,0.015424364458992253,0.012351560093652247,0.010168114800247301,0.011125680533920036,0.011823487489251518,0.014434175907757928,0.012453759908400447,0.013246636704140936,0.014967148158261143
stdev_info_exchange_zscore_chats,-0.0074963964857378915,-0.006846176317864116,-0.007787108668086859,-0.007258227199406352,-0.005111111382721304,-0.0040484170187613695,-0.004324799125242078,-0.006282791388609545,-0.007354025939097264,-0.009007090264614525,-0.008929488682484546,-0.0038825577807062254,-0.007344454154083987,-0.0040516010507361516,-0.007710080362500901,-0.007037532753841058,-0.005200134421228075,-0.01363723524209337,-0.006902166078099879,-0.007557261842913044,-0.0067824301191897396,-0.004954773038343657,-0.006486835835992139,-0.007892626265430547,-0.0068068953595874105,-0.008324288349832561,-0.00925944019411873,-0.0065409571212895,-0.006556442903946242,-0.00779925457750379,-0.004805220482035058,-0.006316357064391039,-0.011418119567335103,-0.007856261884864683,-0.006533827854778049,-0.006148055997489202,-0.007865484580284248,-0.009023286819589853,-0.00235539583658758,-0.007276901945115714,-0.006852810974561427,-0.004102821393495411,-0.007418974273077707,-0.0001724322130386936,-0.006180208065018686,-0.004868189614173889,-0.006975778828575125,-0.006905289387276333,-0.008255765249317438,-0.010432682307211156,-0.007542288288976108,-0.007099815400513449,-0.00668142478123521,-0.005532718020773757,-0.006732626648493702,-0.01007013585633745,-0.007803664590788627,-0.006973834191869512,-0.006855692214483419,-0.00598862537216357,-0.006687146320879911,-0.005296934211033496,-0.007322964321034482,-0.00696431446714814,-0.01264929909775115,-0.007230961168048891,-0.004061798193838101,-0.005978349103635478,-0.003491166899097414,-0.006781242782968417,-0.0075796024930430556,-0.006216121267361902,-0.006235637747145624,-0.005559799972966385,-0.0065250046761774535,-0.007107382666640081,-0.006352196632436215,-0.006458819873597714,-0.006950132046161537,-0.0061605253316235654,-0.0022029939860046905,-0.007081778623355581,-0.0034024380872439367,-0.006408801878173076,-0.008329316822353239,-0.014417857702682776,-0.006929624694055308,-0.009330242508736633,-0.0063023625345204875,-0.007096600654319413,-0.008277317914611605,-0.004097732323252718,-0.005241260353653006,-0.007386973436293602,-0.0074145224116394515,-0.007112424916220498,-0.005498119373745289,-0.007144768496798093,-0.007501050831131004,-0.008055242040357416,-0.006594049798975337,-0.007315064914782109,-0.0065755001497019485,-0.0073059902670783595,-0.007577334216286296,-0.0020793063525074967,-0.00769107622262394,-0.010722672168557745,-0.01319496652025203,-0.003336359135116495,-0.0035011723719882175,-0.002913130260465484,-0.007088184704719367,-0.007388094467731343,-0.005791806249038825,-0.012537468240447783,-0.007041445258544899,-0.007899426375405506,-0.008146255917369777,-0.007551152783967174,-0.00701171313073631,-0.007226755799554662,-0.0044958724228190815,-0.006669849545911571,-0.006831174963687984,-0.005608025543336513,-0.006759094669100286,-0.0075821686700018355,-0.00772518009953534,-0.004108271752699916,-0.0074047370736834844,-0.00781518155169499,-0.00747776510745989,-0.00856120017954055,-0.0028153550211124567,0.002694624987825618,-0.0070734735877594265,-0.006729460331020349,-0.008181583449241386,-0.0062853230262970555,-0.006682661408275967,-0.003929859834302417,-0.0066038753962620236,-0.0048851973739100114,-0.008129898025946478,-0.0076288186777621085,-0.0024865782037484206,-0.007713775362834126,-0.005937130030590225,-0.008986369501515384,-0.007952962698893496,-0.005509231191444142
min_info_exchange_zscore_chats,0.0029664698046745104,0.002511597457810686,0.0021861304263293344,0.0024923021568889203,0.0008443582196670241,0.004312816190489911,0.002523522660301227,0.004711399483557895,0.0054748443504142805,0.0037177209772178837,0.0019118612315204859,4.532621659907379e-05,0.003594006394233004,0.015173093282502815,0.0029232254453477463,0.0033528544456561515,-0.0033347828420776174,-0.001786319171363208,-0.00408835769822195,6.9482716578226494e-06,0.0028376809454253634,0.002411188797328335,0.0035875464671990785,0.0038536279220976848,0.003041623329439448,0.005355109335241203,0.0072436120069962195,0.0018653097707764573,0.004178427686168926,0.008059129730901598,0.0031712378456958124,0.0018058301559964983,0.011316343896760162,0.0035755665533688634,0.003318014888102655,0.00023915213515564998,-4.236220844606488e-05,0.0001422580000462123,-0.0007124976285717115,0.004625537670951826,0.0009499637541167377,-0.0009805056577409377,0.0023960549007555655,-0.002722151917238504,0.0005099426317648637,-0.005671482023609401,0.0030371422358166037,0.0024525277791234423,0.0016617698002874583,0.003161228459228487,0.0016749734540111583,0.0027084851766170474,0.0024548094794261295,-0.0006779498642723869,0.00022675981153874765,0.002635822733225636,0.000533791875026203,0.005335375412439523,0.0026503336079518637,-0.0014990459185035346,0.0028826250810380545,-0.000312953687010193,0.0029239726948072538,0.0026102175572039095,-0.005420964690807939,0.003669182343763436,0.0016593432188628868,0.004062258776880724,0.004861700367564769,0.002820442065995167,0.0026175527308619252,0.00216772786350777,0.0015655984486041257,0.0014246504762767814,0.0030547353844660487,0.002506891029273083,0.007339859433818683,0.0006451990285798147,0.0033387684660902608,0.0025432257553199434,0.00017485923338293914,0.00336637411218701,-0.005235079373790046,0.003309499514223012,0.004010718761860521,0.007605520592537111,0.003952323754934851,0.002687946964482761,0.0028551715869999765,0.0028096690714263326,0.00434871373070082,0.011753187119949313,0.003941023622483412,0.0006228142590162609,0.0022743045830311316,0.0027888863745301785,0.0004738496998506637,0.0025484696704231175,0.004142406031077841,0.0020785382129443145,0.004769886608061538,0.0031056861508007745,-0.00013897400516400468,0.0017018451448025176,0.0016421726546084082,0.0014486958164964363,0.0032580848961974492,0.005199371331985019,0.0003186905993677897,0.003768174804458218,-0.0034576240211243057,0.004269561951279524,0.0021389096697564895,0.002200269567897581,0.004832797905806884,0.0028888469613863772,0.003680482918166108,0.002044222470947002,0.0020520822280978273,0.0026285155180632448,0.002847584340815352,0.0028788990515672616,0.0032235266012505762,0.007768125685149818,0.00016516488478718686,0.0023562812458878084,0.0024076363490681887,0.001981822262194649,0.0007284318041269784,-0.00016975649605522128,0.002777328563550178,0.004939901819826674,0.0029967407748152045,0.004692667744931808,0.0023993577512120903,0.0039662074376007415,0.002654738745802788,0.0037905914924161767,0.0034982416930043544,0.0027767688567623475,0.0022991605126378156,-0.003339058072641954,0.0019631912721925753,0.004006839091251839,0.0028973975024305255,0.005834691918023004,-0.00302521450279988,0.0015446384533128223,-0.00030247708838423287,0.003604797049573963,0.005793535335455936,0.0005077408371436561
max_info_exchange_zscore_chats,-0.007134178082664292,-0.006511086918147559,-0.007153036910661116,-0.006800635297606035,-0.005058412101330128,0.0022496616535152836,-0.0050463029930668,-0.00584914764143968,-0.004606234956534127,-0.011951604566204144,-0.008296182396709234,-0.0035045954574798154,-0.006723000342692851,-0.004758348359235703,-0.007414278422845633,-0.0069712041147787715,-0.0076658137922421266,-0.011226039516077159,-0.005239712082351161,-0.00616190678084926,-0.006315823462970835,-0.004957856981920273,-0.005954388560409814,-0.007909515217028195,-0.006723044360851662,-0.008733182009366344,-0.006927729985324704,-0.0054410694961739,-0.0065175892218241275,-0.007297951071765405,-0.008196365024402196,-0.005911852021195709,-0.007926942476677842,-0.003790158485254061,-0.00594610973219744,-0.00579222227851881,-0.003433701984050321,-0.010329194436515343,-0.0020715801711518878,-0.00658207538958702,-0.005271460472678027,-0.00371628550721936,-0.0068024530466036705,0.0033247237378359893,-0.005151038760979932,-0.006386006384914421,-0.007147079889461977,-0.0064075486153044835,-0.006560902122811773,-0.010174858163274089,-0.006396592058467413,-0.006647468107086578,-0.00633389602609535,-0.009342677514590947,-0.0056994663828643915,-0.008164956195222317,-0.008637812422510695,-0.007126209748094135,-0.005898408255002773,-0.004934623468531475,-0.00652147880870532,-0.006447456435637593,-0.00685845328776645,-0.006558143961010969,-0.014360188711294429,-0.0068457148667918286,-0.004621087838129742,-0.0067683257660942475,-0.0024276811856406948,-0.00653868524973189,-0.007456089875005361,-0.005886171327844622,-0.005268536741689759,-0.006735772483742521,-0.006209019244303915,-0.006986098188158665,-0.004594732821431753,-0.005994729291721557,-0.005898635067813391,-0.005812291165046737,-0.005555921101482614,-0.006189545626139242,-0.0037497049060795633,-0.006130318903104996,-0.0073635055679435795,-0.010128969037844014,-0.00597850313505169,-0.006461906505175462,-0.006308938441127527,-0.006802385760921887,-0.007159044936952215,-0.0012564097240567,-0.0029197161989978097,-0.008098439980666783,-0.007202397530215848,-0.006681662295545822,-0.006857513463981314,-0.006779127847555787,-0.006801485953637507,-0.008977326932127612,-0.007188420751291289,-0.006859229901836659,-0.0073621039844899636,-0.0058742894276687645,-0.006322067073949876,-0.0014848645645761313,-0.006556717409045844,-0.006776384923180199,-0.009613796828732797,-0.004708521965833889,-0.0012527860608465956,-0.003940671351924078,-0.006601452482628067,-0.006467749736313243,-0.0054639449942497885,-0.008640271401822545,-0.006402351720961916,-0.007350920185377082,-0.006733147272832765,-0.010651353359675961,-0.00659538569500636,-0.007088582647806695,-0.006561438988390999,-0.003664694637991609,-0.006747973230182672,-0.00660433118259063,-0.006307612188289825,-0.007576664356900523,-0.01056750921992419,-0.007122927081021767,-0.006497049666625851,-0.008366237515292089,-0.007051852448401778,-0.006299677873815955,-0.0009901224454132024,0.0007687899866976339,-0.006638261187793374,-0.005930984065946398,-0.0071650541771883305,-0.006378552982693006,-0.006267662911822354,-0.00535295366264343,-0.00638944431885634,-0.007252571600580036,-0.008199447651713503,-0.0038627034614299935,-0.00489058612052129,-0.007861893428370806,-0.006839842075781123,-0.007924683538594383,-0.006490690844549648,0.0002858574361596176
average_info_exchange_zscore_conversation,0.0844991690890882,0.08384581067543886,0.08554376589456204,0.08575128356920222,0.08048588298971926,0.06633558103488647,0.08102322181571467,0.08615790219044737,0.08673209422505275,0.07836868519830381,0.06828609379113734,0.09468157173178836,0.08531820728571153,0.08619615407932259,0.08015998107169058,0.08297125850205027,0.069671100891461,0.0893081627696615,0.09302197209129862,0.08424455691320941,0.08526273261660472,0.08502995026205878,0.08342805797048644,0.08137188958176939,0.08466861678340097,0.08446499991845678,0.08219927385219067,0.08753397684377409,0.08589155863045697,0.08343041906942823,0.06783411806172587,0.08547620697514019,0.07513452422944553,0.07777147541904048,0.08410768290670606,0.08228468125493182,0.09457012156899426,0.08414870836032123,0.07507099065747194,0.08839489254895083,0.08537360299790733,0.09369129707175773,0.08544275770707606,0.09418103760267006,0.08216434729170938,0.07063465418044194,0.08377068989831583,0.08351462838312104,0.08378040380778207,0.0839352667022612,0.08016880565376203,0.08477443749778299,0.08468085332043479,0.08830415008778297,0.08240365476464252,0.08016993155846514,0.07925466722807378,0.08413897920095016,0.0868189566785336,0.07958391178994263,0.08828518244802883,0.0813425236334954,0.08438890567768395,0.08498493984170961,0.08672995807115476,0.08278594915136434,0.08515178126078789,0.08290019423939485,0.07936236868959395,0.0850555537373863,0.0846829035769949,0.08520988164370703,0.08470059990013448,0.0821028801183542,0.08565661604766113,0.08561987638938225,0.08820020701804276,0.07868578903543556,0.08506364757430157,0.05792741140387745,0.07107988138648054,0.08358110005118644,0.08234515274804778,0.08417483269456075,0.08498774779407614,0.08247942596340714,0.085285501779445,0.07235757587065345,0.08472710625610126,0.08048330152331608,0.08220677361093884,0.06768736091512119,0.08557511809519643,0.08145522827336912,0.08399317285578611,0.08466001361501772,0.07958678785170822,0.08461793572402802,0.08448935077921124,0.08663473198782505,0.09245566564108373,0.08352800190771764,0.0873139781233897,0.08632070923421421,0.08162394595616672,0.09307684935599647,0.08399412414005088,0.07479332718275515,0.09389388620900144,0.08610869001616232,0.10306344383922296,0.08393611228781851,0.08533829033673801,0.08409743683364115,0.0863680275343104,0.08921243661889751,0.08693276566143048,0.08648237573604001,0.08357125743399331,0.08401691631919718,0.08499269066825367,0.08444777488083716,0.08804736888535443,0.09055472898493581,0.08878567150201602,0.08240393809136616,0.08516561879840072,0.08408705423497119,0.0808687313036203,0.08605883228759667,0.08452940984616523,0.08992707201334875,0.08487651995309355,0.08043018852290074,0.07341690148025158,0.08680653435013937,0.08468505866008277,0.08162460732366081,0.08838033531805461,0.08248163970052207,0.08805132669595371,0.08476117608832034,0.08441216403724157,0.07867621303439135,0.08337730394881547,0.07878999759233608,0.07900148849489098,0.08324169808667187,0.07490053407999507,0.08059505974138916,0.08578026217439166,0.07824991804742051
stdev_info_exchange_zscore_conversation,-2.1231764443565955e-18,-1.773343677519444e-18,-1.9209620566907048e-18,-1.9391573475957817e-18,-1.0034114246936813e-18,-1.8613962132364393e-18,-1.6484421457941825e-18,-1.3062629815262343e-18,-2.1417019320600045e-18,-4.514004393278789e-18,-4.0846222497258024e-18,-1.4167221377891803e-18,-2.3411125325290406e-18,-5.297295893942165e-18,-2.6514733435290272e-18,-2.2102398057682877e-18,-3.823700518893199e-18,-2.93053926044722e-18,-1.3343136972152104e-18,-6.075416912436036e-19,-2.1768333623302563e-18,-1.5656439526058466e-18,-2.3779291290197414e-18,-1.6446604421519734e-18,-2.090556037865899e-18,-1.817669393227782e-18,-3.090464181564857e-18,-1.931379245052136e-18,-2.149193765824783e-18,-2.1546596553373394e-18,5.538875843238445e-18,-2.0854371781287923e-18,-1.8109699047473913e-18,-1.641329892543681e-18,-2.0320984143011004e-18,-1.9655760574436612e-18,-2.2951387747562315e-18,-2.124874513149978e-18,-2.055609527387032e-18,-1.8760265148568355e-18,-1.1750666255564084e-18,1.113710863390383e-18,-1.981792123647103e-18,-1.784390474369865e-18,-1.6002322916773888e-18,7.000203040814501e-19,-1.5502722002037037e-18,-1.8521796159376046e-18,-1.781111200036e-18,-2.670751462798923e-18,-2.430691236682459e-18,-2.0468946587296377e-18,-1.988566804433585e-18,-2.7459328489900712e-18,-1.2778581958235145e-18,-2.3932397111045825e-18,-2.2327202284052434e-18,-6.834381016043637e-19,-1.6752715524447927e-18,-3.630603922175957e-18,-1.837184601306952e-18,-1.780612748199887e-18,-2.128901651660534e-18,-2.024590983800919e-18,-3.9361018413878284e-18,-2.180614855511508e-18,-2.0777641940788556e-18,-2.0171389170563422e-18,-3.415293149750767e-18,-1.8247379742119914e-18,-2.7704645033692415e-18,-2.1772557723771208e-18,-1.832361304827068e-18,-9.58677113132163e-19,-2.0367070536723617e-18,-1.6010980450599998e-18,-3.166776885254008e-18,-1.924896536213243e-18,-1.1478579057643866e-18,-1.677344522796523e-18,-4.992774630303788e-18,-1.9268840941442915e-18,-2.5232270291290403e-18,-2.0892075763696006e-18,-2.2899722241919704e-18,-2.060113236322452e-18,-1.6284035145949713e-18,-1.3562523480060124e-18,-1.6799911296473314e-18,-2.2735735804971107e-18,-4.309616689410707e-18,3.5836703181277664e-18,-2.6133372884229465e-18,-1.1066220382994837e-18,-1.6386963958763228e-18,-2.040699620605931e-18,-6.267889487627415e-18,-2.0945953815649137e-18,-2.2826398257402723e-18,-2.3787338310307252e-18,-2.047733176317876e-18,-2.0601153853497198e-18,-2.1447400140521114e-18,-1.988384755517623e-18,-1.7647067912032217e-18,-2.0740954329124524e-19,-1.9822580885889455e-18,-1.522315823886094e-18,-1.4805133830607675e-18,-3.3330337717919405e-19,-2.9397956373709205e-18,-2.2134911942144202e-18,-2.4407843468390588e-18,-1.4844950329337195e-18,-1.5545492397180905e-18,-1.6496160936625391e-18,-1.708949308896238e-18,-2.4924911955802345e-18,-1.4078363678736853e-18,-2.0324416137504556e-18,-2.076739946008123e-18,-2.082926215886991e-18,-2.1220517426146862e-18,-1.8717143335163526e-18,-2.107405489666196e-18,-2.2591594869903517e-18,-1.9024871304747906e-18,-2.1196453005675415e-18,-1.8907326560685803e-18,-1.5145547966306167e-18,-2.1602533563206576e-18,-1.4781564780532868e-18,-1.9626614192733744e-18,-1.832899502298969e-18,-4.682671116351882e-18,-2.206109640977335e-18,-2.073098175601109e-18,-1.984258699770137e-18,-2.165990857176175e-18,-2.2438373166077327e-18,-1.9332844232959143e-18,-1.941575515246103e-18,-1.731416883377354e-18,-7.17900171526044e-19,-1.944983273596722e-18,-1.864433282564553e-18,-3.751832493479255e-18,-2.9897972077460387e-18,-1.969939230279456e-18,-3.0987884805616775e-18,-2.4527032874113914e-18,3.4504747961436686e-19
min_info_exchange_zscore_conversation,-0.07239065277808793,-0.07266679193204809,-0.07286742687540618,-0.07234350704794101,-0.07266337091643396,-0.08737428297988685,-0.06925658409477473,-0.07153323741675828,-0.07195481369743183,-0.07749632486752771,-0.07449803669012173,-0.07661636915778273,-0.07141630242006954,-0.06362407598636355,-0.07226675816123947,-0.07280679959649478,-0.0847848978324778,-0.0818218164908933,-0.07646238745425579,-0.06617929664248544,-0.07255439219008897,-0.06993968712374067,-0.07414580867259962,-0.07901239638846817,-0.07151905487735208,-0.06667597927934021,-0.07406647419467022,-0.0748188267228153,-0.07062354774681402,-0.07095314553000495,-0.061274206141415155,-0.07181458896299313,-0.06869627666523526,-0.07189895045628411,-0.0724040531587037,-0.07251593194744893,-0.08322468813256567,-0.0764462373262774,-0.06418074315207188,-0.06977219392418481,-0.07086750850479952,-0.07897762795062988,-0.07230778840290296,-0.08074911898200318,-0.07515261319538753,-0.0646914765771799,-0.07002484275545891,-0.07160129103876592,-0.08545885308555357,-0.06972511136001586,-0.07425825155946808,-0.07202730067523745,-0.07151562291010163,-0.06820842721677273,-0.07627574611184085,-0.07271823699748677,-0.07458951523664982,-0.0678803127814345,-0.0729946845300425,-0.07441428068242452,-0.0694009065637245,-0.06278596544518204,-0.07219396993833486,-0.07216073257451965,-0.0750719383377603,-0.07095834984118529,-0.07470730683345418,-0.0701137980746599,-0.08716017939043623,-0.0716076156032687,-0.07262505113546305,-0.07163911096990873,-0.07015006101754337,-0.06969600614828442,-0.06987900796517403,-0.07170809776364599,-0.07084834337109062,-0.06875421708956955,-0.07062579295911457,-0.07549594240950162,-0.06660923751713006,-0.07133279517546805,-0.07232671441763851,-0.07193728449240602,-0.07489447136766693,-0.07346600451226352,-0.0719270518650517,-0.07683229433992725,-0.07156611610639439,-0.06878250080785597,-0.07398588113023409,-0.05459621571874028,-0.0712853347379069,-0.06683939519259485,-0.07233547346470938,-0.07180589690675325,-0.07069738392464343,-0.07199437106950017,-0.07204961918488652,-0.07337144089711257,-0.06862485963111192,-0.07230154772109887,-0.07485451636516119,-0.0721200547834387,-0.0704261020034028,-0.0671348274869826,-0.07369114881113531,-0.06672285476647791,-0.032437919854898155,-0.0684414484014889,-0.08234670104513504,-0.07550698219109131,-0.07334941652152817,-0.07115454121882939,-0.06938605510522369,-0.052310871509768084,-0.07474786698082378,-0.07348704648525947,-0.07102120975573942,-0.06670205486351714,-0.07177648402759298,-0.07196829576982045,-0.06982175957006759,-0.07163406873766806,-0.0726097331945917,-0.06961987984531066,-0.07193154782713213,-0.07220182816518385,-0.07274632238885587,-0.06823355345391989,-0.07302816002375698,-0.06337604913753717,-0.07225798408697902,-0.07267012266161105,-0.06342918931875309,-0.05812570623417237,-0.07202859248666957,-0.07083347910007026,-0.07206448992065864,-0.07463583494353115,-0.07099934687646477,-0.07454677329874013,-0.07200846242635653,-0.06248472196876486,-0.07071865225120139,-0.07539745862922362,-0.06126303669311511,-0.07203169687297384,-0.08034416706858574,-0.07337389515809858,-0.07363646513094853,-0.06917298223442606
max_info_exchange_zscore_conversation,-0.011151470404842352,-0.013297913718637602,-0.010943708656468706,-0.010990963303803055,-0.010931587140160803,-0.010027168750768763,-0.011049969448082786,-0.010829628292996435,-0.005029562352682716,-0.015615769124153155,-0.006715202673007757,-0.01594591619726981,-0.010381665766143352,-0.007545442629090042,-0.00893448599001237,-0.011507884335778746,-0.02221790552415794,-0.01621755286419913,-0.010488113790401089,-0.005406604677256743,-0.010953876268431546,-0.010275198463125697,-0.01094872749423507,-0.01569027105744284,-0.010996346908266456,-0.012605914541079686,-0.012745068972162817,-0.010772751056326677,-0.010017437442231186,-0.012054457917728675,-0.021763752619721063,-0.010035043813317152,-0.008197226104450065,0.000303542598524378,-0.010776364590260224,-0.012445860489042056,-0.006588366848433329,-0.017569152704038648,-0.008837147605673522,-0.00936604846876839,-0.00690830985814107,-0.019711345400993282,-0.010162395069608338,-0.007324326734609166,-0.011961986723245268,-0.0218637609543389,-0.010390934527870961,-0.010132742888990475,-0.011035481925796245,-0.011517239614076878,-0.007971698945094401,-0.01063995595307634,-0.01093402033183797,-0.017428687481541395,-0.011024487335370668,-0.00880273982078076,-0.0193539776731324,-0.013781664990091766,-0.009628500745443294,-0.002066139034078214,-0.010899858692625726,-0.008304164607927307,-0.010267188521652836,-0.01068016495124888,-0.01867434149304537,-0.009380399557571814,-0.01409097969738538,-0.012194411410018965,-0.01231583986742605,-0.010859987847152284,-0.010421739859328177,-0.01053440979419206,-0.008112411692479605,-0.012643954938772134,-0.010572535045971852,-0.011884676006514916,-0.00540088235296526,-0.008572498573397466,-0.00949024952447541,-0.018204219343638788,-0.014207366565709444,-0.009738026421153814,-0.008531525391122976,-0.01059491755816368,-0.010151578145759909,-0.007520135613018109,-0.009651919355526473,-0.011588082037553488,-0.010938591556425906,-0.014574697474145202,-0.009208612680867673,-0.00672122084223873,-0.004010385881923574,-0.012741599410637865,-0.012231068280939526,-0.010525871963203216,-0.011737298977391957,-0.010843356948598556,-0.010222333294809738,-0.013146864663818099,-0.011741375067566638,-0.011638440742522634,-0.01519300154157223,-0.008275412985218363,-0.009300273830656479,-0.01437631950494166,-0.009639992722527994,-0.006646852893303665,0.009841548819048907,-0.013406390600186077,-0.010724013030693015,-0.015308651898686082,-0.010917777867186583,-0.008747629930868413,-0.01038130241409687,0.003705767166250179,-0.012049509418875504,-0.011225524185658068,-0.00962283858925262,-0.015798912834009936,-0.010742593592130815,-0.01155199222765809,-0.018149403750475135,-0.005903861534938937,-0.007626090132807193,-0.011470375102187822,-0.01075512311831774,-0.01059029464566905,-0.01855992829604763,-0.020406971529936833,-0.009916100430240556,-0.010112803261133195,-0.011300993622270213,-0.010983540593675909,0.0037506149645798806,-0.011190518421388945,-0.010606391933061853,-0.00927265910489906,-0.011069028153526434,-0.013917300460280033,-0.010861036354821076,-0.0172656409018018,-0.011091501474757745,-0.014823483238421536,-0.01130222397819229,-0.0074884388422201305,-0.0166265093460636,-0.01237235776183316,-0.016322720939970406,-0.008569617165519128,-0.00774129400115621,-0.006472789689842657
average_discrepancies,-0.020347390708132414,-0.020093277013922203,-0.020097724514444755,-0.019956902497223206,-0.021534769409448394,-0.014373473270703492,-0.021284695563349672,-0.019694021836005965,-0.018826866684286035,-0.018681003602038802,-0.021801563338554916,-0.023423653177221768,-0.020213690139681592,-0.0367158234365476,-0.019173861809680323,-0.020341075792127072,-0.020386234981701015,-0.01864635199583762,-0.023248304233033687,-0.019911851201249678,-0.020988543893108683,-0.021623803635549513,-0.019738456708309607,-0.01856331957862601,-0.020447365872768068,-0.019553389521558925,-0.022207948417232143,-0.02061463141192202,-0.018652082354246875,-0.0200666463095949,-0.016807038329794792,-0.021063558699117094,-0.02306754864633638,-0.016353902183945952,-0.019771681761437038,-0.017949007031667998,-0.021305749728520007,-0.02013859769505045,-0.020051397143660707,-0.021272185118701693,-0.01890908724842693,-0.027601100126040765,-0.020447085229003084,-0.024585941902957556,-0.01961380590293573,-0.018450325971077458,-0.019320787914241057,-0.020550455869874883,-0.012127702303834843,-0.024661266803219083,-0.01972825795168997,-0.020295128825508955,-0.020346752436002778,-0.023556102455283827,-0.02310640335808925,-0.02189785729437354,-0.020336467458297078,-0.021918188111496664,-0.019638450071837073,-0.02122201522743654,-0.02003053340600147,-0.018902359025243093,-0.020192981523764905,-0.020642212285909123,-0.01792322045425067,-0.018463376459497888,-0.02184217142173167,-0.021966336824549973,-0.02179519049420775,-0.01984369352842255,-0.02053241165905166,-0.02039129265691394,-0.020961698135845523,-0.019733217733700792,-0.02132241087392607,-0.02051627208458063,-0.0263996627635184,-0.020387264052927165,-0.019171948631467636,-0.029599364505730898,-0.02580910471262616,-0.020625429426063477,-0.02347561014670157,-0.0196234318701798,-0.020614841847407868,-0.022228974045735622,-0.020577815749284335,-0.0202808189147859,-0.020529073050361106,-0.01899423881830372,-0.021948887119038203,-0.023204894256969463,-0.020306328584080602,-0.020578496483654132,-0.02011537165343224,-0.02024282949670917,-0.027164698398706985,-0.020165883496380647,-0.0203720610703955,-0.018434403995407425,-0.014340850371085491,-0.021195877699835164,-0.01743604021167621,-0.020302878596003618,-0.019735640165340858,-0.02232084330877379,-0.019883767873632226,-0.020977515462966993,-0.017423431540988292,-0.02206147586683785,-0.020882989486772634,-0.023903087605660914,-0.02054869468447086,-0.019232197146431512,-0.02004615910002546,-0.017995101404963423,-0.021316406661099838,-0.021529640957061974,-0.017424925111172294,-0.01897243184974625,-0.02034017622048271,-0.02026944067446916,-0.0222534338581381,-0.019054585107218268,-0.023058057990748497,-0.02089642730915333,-0.020687786593506764,-0.020410299888733642,-0.01581521857968516,-0.021843113426877725,-0.019889547482688924,-0.015506825262058994,-0.01978529535261609,-0.02028221541933129,-0.021570179295991435,-0.028163050794271338,-0.020274064111668655,-0.01965266383373608,-0.01968151731470725,-0.019784821589150958,-0.022205673355313926,-0.01626579597256949,-0.02100006883946305,-0.018070113966959886,-0.01961973347321839,-0.024649048922816198,-0.018292314788771677,-0.01477099990188134,-0.016045397836826118,-0.01990412125935766,-0.020199588999995466,-0.0467815073656472
stdev_discrepancies,-0.07104598546682195,-0.07073019926688054,-0.07048628608990985,-0.07142391854501208,-0.0714132108292368,-0.06797152606407003,-0.07625268781502885,-0.07016166116798883,-0.07178911189032677,-0.06947041652512913,-0.07181033431140801,-0.0700893030231772,-0.07062323017311178,-0.0764798860251265,-0.06872326042047999,-0.07138646801764476,-0.07007116165221713,-0.06189395844299194,-0.06801408099277592,-0.06772758192813953,-0.0713634419008422,-0.07387013464974944,-0.0697316078713605,-0.07126617183057217,-0.07147047572278681,-0.06901454799161623,-0.07090880447952402,-0.07128496528357559,-0.06942339763821082,-0.07123590677717943,-0.06285369747821022,-0.07078849229014494,-0.06286942048754707,-0.07135749372478388,-0.07126539094435229,-0.06864823545924231,-0.06647015057327599,-0.0677101280124939,-0.0638602382077385,-0.06927725182687797,-0.07179757816257405,-0.0715227622213444,-0.07128504035042593,-0.05859410281492619,-0.06919759906270544,-0.07800612332379216,-0.0706204278746038,-0.07090764546311878,-0.06900256940609102,-0.07188098673985681,-0.07069833284192584,-0.0711793372235131,-0.07096935257257517,-0.06946601123334797,-0.06993086234982639,-0.07395417595560383,-0.0657037513747705,-0.06927933695724788,-0.07132191428399737,-0.06361625909766921,-0.07237538835430322,-0.07090412778777679,-0.07104191265758263,-0.07130750470656984,-0.06278906303455063,-0.07041012284123645,-0.0738613821676381,-0.07309451081648248,-0.06492549028393868,-0.07093272898768319,-0.07115214445463347,-0.07070350615081869,-0.0702555477785745,-0.06904320612599844,-0.07022775304176877,-0.0730415851857453,-0.0709286246140322,-0.06801258554447738,-0.07170356564359301,-0.08058534153158343,-0.06740803596456192,-0.07107384194545273,-0.07007312719574336,-0.07105938771466783,-0.07107471846539848,-0.07434485239157491,-0.07026948700639991,-0.06631934670223161,-0.07193029517991893,-0.07244364947184524,-0.06959851633358982,-0.07520310374815638,-0.06654271158418623,-0.07214879143623822,-0.06975953554136748,-0.07106709889108002,-0.0667506563614321,-0.07129392338223435,-0.07186965435652427,-0.07266263855540998,-0.06812841916345329,-0.07150444420031764,-0.06671578600249957,-0.06944447161999238,-0.06737098373978076,-0.0736538242799223,-0.07083107113797171,-0.07106886454558325,-0.06910701238847158,-0.06594466988826334,-0.06784397649385769,-0.07187342228161779,-0.07142700391861133,-0.07051316884301374,-0.07143690375138928,-0.0693836726648933,-0.07161163510440188,-0.07126088080588944,-0.06912406074007088,-0.0718943215627877,-0.07084130297129748,-0.07113862756425667,-0.0693870157237985,-0.07570569581989663,-0.07312139937449416,-0.07190623641547744,-0.07130210320681736,-0.07035301311491318,-0.07161355235896863,-0.07048218606528255,-0.0703672562036445,-0.06905133418492948,-0.07091188833403425,-0.07086824577617185,-0.07105478253537242,-0.07249544251931955,-0.07105048467727555,-0.07165588599689862,-0.07146177338525882,-0.07188518454368042,-0.07200124107846803,-0.06800771467065074,-0.07045567126392588,-0.06506893731085517,-0.07143316129659447,-0.07075885306897889,-0.07328455234861017,-0.07043563423039226,-0.07376559244871107,-0.06935121644601192,-0.07086976558469492,-0.06250776085558991
min_discrepancies,0.0,0.0,0.0,0.0,0.0,0.0,0.0,0.0,0.0,0.0,0.0,0.0,0.0,0.0,0.0,0.0,0.0,0.0,0.0,0.0,0.0,0.0,0.0,0.0,0.0,0.0,0.0,0.0,0.0,0.0,0.0,0.0,0.0,0.0,0.0,0.0,0.0,0.0,0.0,0.0,0.0,0.0,0.0,0.0,0.0,0.0,0.0,0.0,0.0,0.0,0.0,0.0,0.0,0.0,0.0,0.0,0.0,0.0,0.0,0.0,0.0,0.0,0.0,0.0,0.0,0.0,0.0,0.0,0.0,0.0,0.0,0.0,0.0,0.0,0.0,0.0,0.0,0.0,0.0,0.0,0.0,0.0,0.0,0.0,0.0,0.0,0.0,0.0,0.0,0.0,0.0,0.0,0.0,0.0,0.0,0.0,0.0,0.0,0.0,0.0,0.0,0.0,0.0,0.0,0.0,0.0,0.0,0.0,0.0,0.0,0.0,0.0,0.0,0.0,0.0,0.0,0.0,0.0,0.0,0.0,0.0,0.0,0.0,0.0,0.0,0.0,0.0,0.0,0.0,0.0,0.0,0.0,0.0,0.0,0.0,0.0,0.0,0.0,0.0,0.0,0.0,0.0,0.0,0.0,0.0,0.0,0.0,0.0,0.0,0.0,0.0,0.0
max_discrepancies,-0.08517140177277399,-0.08548615293530601,-0.08495548904425004,-0.08586093136747808,-0.08481545016777385,-0.08332041503796415,-0.09115903262262001,-0.08349705135360368,-0.08714016140351892,-0.08574935944626035,-0.08416878991546925,-0.0825953274826642,-0.08505447809795433,-0.07937221604093031,-0.0819048683783418,-0.08571527315337661,-0.0800993423740669,-0.07780197996718387,-0.08080042196606048,-0.08437912673483777,-0.08512086069340423,-0.08775848875855051,-0.08516262077516847,-0.08600642404023998,-0.0857224599050827,-0.08143221122336762,-0.08463036676582071,-0.08525803987337292,-0.08374828447522858,-0.08650661267257015,-0.08158191221058914,-0.08497706994736451,-0.07296058784757234,-0.08765369437912682,-0.08613458259057878,-0.08368046452949018,-0.07874595776358025,-0.07851254490769581,-0.07444883417546638,-0.08160353098875484,-0.08736202673251629,-0.08312533376470758,-0.08575607200904849,-0.07182173535822975,-0.08294185080766121,-0.09444182007126765,-0.08440515755315153,-0.08569037636404807,-0.08737313805975792,-0.08363738935685898,-0.0871190634282233,-0.08546956460043992,-0.08530334068514038,-0.08032592677176767,-0.0845629247622579,-0.08836331458677935,-0.07703067297050492,-0.0825739446567641,-0.08625841904118348,-0.07642719146086857,-0.08619481743441991,-0.08630585729293062,-0.08537464683303961,-0.08558753096005961,-0.07298819185064548,-0.08547297484706844,-0.08770133568130653,-0.08653674092959529,-0.0743030214055065,-0.08502478477283061,-0.08536574741245945,-0.08493144790827807,-0.0842387073073856,-0.082912719821112,-0.08376311180582868,-0.08742536894149745,-0.08429006791644318,-0.08231399321687387,-0.08750281759026256,-0.09092609881350196,-0.08107809795642557,-0.08560905765083723,-0.08148469493790779,-0.0852057697134349,-0.08624067589510946,-0.0874437240166802,-0.08409737314574453,-0.08400808823203484,-0.08681478806341944,-0.08854113907316949,-0.08105848191946559,-0.09210186748599791,-0.07791473170576645,-0.08656023409950704,-0.08514886361781829,-0.0852854939954075,-0.07619880417013528,-0.08570572805613871,-0.08613547938056537,-0.08757438312691754,-0.08416893581511782,-0.08548179588469665,-0.07983568332647173,-0.08254170951983125,-0.08189271725695539,-0.0887819369568602,-0.08487204501506941,-0.0836894449503504,-0.07908582086635108,-0.07926496461190617,-0.0839190982130966,-0.08386542805687316,-0.08549609600634915,-0.08634012751504057,-0.08237965562874891,-0.08094307068467553,-0.08526002241389817,-0.08587820453208295,-0.08525740847690835,-0.08572078751002944,-0.08504699122030292,-0.08524779026962963,-0.08420249554691313,-0.09055391129993079,-0.08797471585630881,-0.08668945530744826,-0.08555660704498633,-0.08502291965165441,-0.08951449153809136,-0.0831766015431897,-0.0846436376398544,-0.08231235929167427,-0.08592801275299651,-0.08356868599856994,-0.08226660326459562,-0.08012321359155242,-0.08534004316851228,-0.08565424045754863,-0.08501322485699613,-0.08656814270170388,-0.08607230037934656,-0.0821278899395265,-0.08347100270483629,-0.07811276070737948,-0.08572001694041294,-0.08325559603210844,-0.0904167176015795,-0.08875239210911771,-0.08652363408704875,-0.08238736157071028,-0.08649000255569807,-0.06445557615496579
average_hear,-0.02001213229413419,-0.01991636888493874,-0.019800019602960378,-0.020166165074270805,-0.01634099340621286,-0.019131983934764084,-0.012288510853895962,-0.020367131163377954,-0.020419671757311984,-0.022298874935437835,-0.021144543446657685,-0.020489129965187463,-0.019874796054716076,-0.02098584478958282,-0.021735462298261295,-0.019269057286164057,-0.01883888162521984,-0.010016087494482557,-0.019740801359754274,-0.019463686995431738,-0.020042289924559725,-0.019523191524127043,-0.019666780545385038,-0.02054770577030112,-0.0200315390057847,-0.01833890308426742,-0.022240659974881956,-0.019609880921569622,-0.021618079927582343,-0.01980370361643524,-0.01900964614257166,-0.01960663280317056,-0.018945030312691725,-0.021074310647925754,-0.020659268750285502,-0.02120152159851659,-0.021264020924546292,-0.020187553572865544,-0.01705393807306891,-0.019507591268828756,-0.018789358526958063,-0.018989299159783802,-0.019963692252810434,-0.027313542264463152,-0.021485998685632012,-0.022330440662068216,-0.01961254590394749,-0.019852312781535618,-0.02246266796554386,-0.019751073561256452,-0.01963765172134225,-0.019922628634866477,-0.019984805744591057,-0.01890831394561828,-0.019967353938621556,-0.023854153715314068,-0.016585152713583122,-0.018907360790098075,-0.020103916255938013,-0.019455473593701623,-0.020399720576937112,-0.019070921936805284,-0.020123606684882056,-0.01986246348877687,-0.017579586052460006,-0.01788748659278645,-0.02068771319553156,-0.019571290606465272,-0.019481386280422935,-0.019972234416162447,-0.018489584335792595,-0.020088388419993,-0.019680790956176558,-0.020218537333353603,-0.018773244153025004,-0.020242459944426985,-0.02083225569849547,-0.019571528313897975,-0.02029437061169851,-0.021358999086988715,-0.019924939360167204,-0.020377546390202173,-0.019426701264229174,-0.019944344016382187,-0.02106396317148001,-0.021059801314502972,-0.019863972498044353,-0.019255904915569774,-0.01845866329445381,-0.015204036970252669,-0.02030892664186601,-0.02274098165204414,-0.02029694384718722,-0.018338036821499114,-0.021116900671690954,-0.01997308669091511,-0.01642899295290814,-0.01993968196560359,-0.0197190247627079,-0.016806343166070475,-0.01870614191402034,-0.020135737787630434,-0.021727272196413246,-0.02066402651487012,-0.020393855204551975,-0.017455632558811662,-0.01997778867424795,-0.021080210719822606,-0.019195604142357665,-0.019778070167346215,-0.01728692085562935,-0.01935780492708021,-0.019696660331810327,-0.019690726179039608,-0.02033751986865099,-0.01857484675315962,-0.01928693076614601,-0.01988033174746657,-0.020927956755446585,-0.01844412850381867,-0.01958556275818759,-0.01984936436924092,-0.021311737671253255,-0.019562554068849096,-0.02109924238091251,-0.019540658350393057,-0.019708790262497687,-0.01985086057697566,-0.019720869857438435,-0.020449202091261557,-0.020443925780720823,-0.021843391010222965,-0.020416471691762278,-0.020344444353969673,-0.019317805250859257,-0.018512122095876243,-0.019978064304446215,-0.019126411018598712,-0.01933745296098083,-0.019750659853861437,-0.019726713962761638,-0.01854695554374472,-0.0180634712093357,-0.0198146069882324,-0.019302408910464905,-0.021422843776817205,-0.019348216904579513,-0.023383718289522286,-0.01929887003422774,-0.02040504236052591,-0.020332022011868144,-0.023470399427768594
stdev_hear,-0.006253694541174816,-0.005840969003023904,-0.006245773748437501,-0.0060779073449773995,-0.003331026521365115,-0.0007568638154842617,-0.00017402814029449792,-0.006367007883455867,-0.004818193712526118,-0.009352594453839742,-0.0070692714657485545,-0.006561243048645823,-0.005942133085046363,-0.007034757734199497,-0.0073067403861492835,-0.005877132486710214,-0.004659339577171632,-0.0020291907807942385,-0.008530782741107142,-0.006143827993541653,-0.0061539930064547985,-0.005707386884899138,-0.005606250675991069,-0.004432791718288748,-0.005966382708683144,-0.005349378841249211,-0.00964302575118465,-0.005775195715432287,-0.006523429767969626,-0.005709186521956441,-0.013469018432350422,-0.006401308332408732,-0.0043259360840857825,-0.00537312339317368,-0.006679872910077671,-0.007096845712446153,-0.004853841794006079,-0.005796965766587978,-0.006043135148133009,-0.003477110257474698,-0.005800226752578009,-0.006009973492697714,-0.006263301799387038,-0.008334203053870438,-0.006039402558687047,-0.006988176206418086,-0.0061027558523892664,-0.005959665173800446,-0.0056353093131184945,-0.00616338506361391,-0.005140123720088383,-0.006064329670759509,-0.0059987266225605615,-0.004857572617489257,-0.005978509115286575,-0.008961857961787004,-0.009691275463039323,-0.004178048297641339,-0.006039631689177299,-0.007441808817172791,-0.007152714053281306,-0.004052509749095665,-0.0062161082904529305,-0.006089849331213338,-0.003999710747598518,-0.004977140527771607,-0.00631786301695419,-0.006655554806963681,-0.007379072028433957,-0.005702872217105193,-0.007210374357605088,-0.0065821529540023675,-0.006343096752830398,-0.007759862541655227,-0.004704289115772857,-0.005567939839678999,-0.011165652540393926,-0.004618059847046078,-0.005732555346545515,-0.008262737065607834,-0.004618171136517378,-0.006330975126961326,-0.003806682960651755,-0.00601432523175509,-0.006572611248253949,-0.0061206375467182765,-0.005765404224634884,-0.0009178311653203226,-0.0061497692006358354,-0.005219073324945296,-0.006652895653567352,-0.0055648758847509465,-0.0076414018338254956,-0.004961673900107584,-0.004581714456922088,-0.005989823332921071,-0.003949753852673821,-0.006077160537023172,-0.005994294475118293,-0.0031126417232475567,-0.005521887763348957,-0.006133966544363566,-0.007581528088635119,-0.00699344715349648,-0.00527428392675918,-0.0006213643211721784,-0.006091433629205056,-0.005987158116713219,-0.0063588709840773135,-0.0072110818947145605,-0.005286281721616667,-0.005768944811125283,-0.00617022033178306,-0.005675547454903295,-0.006003046975725777,-0.00576795258305981,-0.006514577467832414,-0.005987573344034129,-0.006954382349736419,-0.005630755234420963,-0.0058033666577820015,-0.006088949730855539,-0.005943012441067803,-0.007220356867523521,-0.006501413914142915,-0.005447089624490673,-0.0062589304374125465,-0.0062823967324278085,-0.004890358286426429,-0.006126996412500552,-0.006151437870505958,-0.005612435861603959,-0.006332067131213506,-0.006236220313895993,-0.01000593020347207,-0.0048511204050689875,-0.00602844831291934,-0.006018207489964922,-0.006277933735491431,-0.005875400715268025,-0.005199932627628299,-0.0056521179275182895,-0.006280981876465081,-0.005412068591416906,-0.005094424940179627,-0.0044291732276329,-0.008168199013765136,-0.0058022508970636474,-0.005910787164553346,-0.006128432624826367,-0.006139399673835212,-0.007341654973156998
min_hear,0.0,0.0,0.0,0.0,0.0,0.0,0.0,0.0,0.0,0.0,0.0,0.0,0.0,0.0,0.0,0.0,0.0,0.0,0.0,0.0,0.0,0.0,0.0,0.0,0.0,0.0,0.0,0.0,0.0,0.0,0.0,0.0,0.0,0.0,0.0,0.0,0.0,0.0,0.0,0.0,0.0,0.0,0.0,0.0,0.0,0.0,0.0,0.0,0.0,0.0,0.0,0.0,0.0,0.0,0.0,0.0,0.0,0.0,0.0,0.0,0.0,0.0,0.0,0.0,0.0,0.0,0.0,0.0,0.0,0.0,0.0,0.0,0.0,0.0,0.0,0.0,0.0,0.0,0.0,0.0,0.0,0.0,0.0,0.0,0.0,0.0,0.0,0.0,0.0,0.0,0.0,0.0,0.0,0.0,0.0,0.0,0.0,0.0,0.0,0.0,0.0,0.0,0.0,0.0,0.0,0.0,0.0,0.0,0.0,0.0,0.0,0.0,0.0,0.0,0.0,0.0,0.0,0.0,0.0,0.0,0.0,0.0,0.0,0.0,0.0,0.0,0.0,0.0,0.0,0.0,0.0,0.0,0.0,0.0,0.0,0.0,0.0,0.0,0.0,0.0,0.0,0.0,0.0,0.0,0.0,0.0,0.0,0.0,0.0,0.0,0.0,0.0
max_hear,0.00041028521720727455,0.0009679544314007398,0.00017271472547601002,0.0006682113119611446,0.002657686180309529,0.009534941705494153,0.0036448539554923658,0.0005460151069387031,0.003021830930020869,-0.003037147733866737,0.0007958413205952971,-6.367034146955407e-05,0.0006181624621784693,-0.0012202232749281595,0.00025165078505922506,0.00038400602505553674,0.0017061613017919988,-0.0019484160793288817,-0.003924855388124418,0.000501477512663084,0.00046666489902584367,0.0010600987971707936,0.0011137100943327538,0.004301016716932421,0.0008495431140526973,0.0006465610070014415,-0.003290453506731709,0.0008274686662364267,0.0016213044026697852,0.0015441421531177148,-0.010043197238078304,-0.00011683462025399022,0.00325850711089231,0.0031977958846466335,0.0002840715963948644,3.3351828268614325e-06,0.0035467725278858723,0.0006040926589168001,-0.0002828941437977867,0.004225881934796661,-0.00039297954704395344,0.00029078120033895413,0.00022640532998476418,0.0016840600623065733,0.002060325596260343,0.0015274078663563059,0.0002016302870389286,0.0006807073283581731,0.003257033233353357,0.0004402159679075656,0.0023231618681187963,0.0005633215086131207,0.0006862559512444757,0.0012784559490644758,0.0008918578580753463,-0.0014155925733377647,-0.006387496187797534,0.002106658340451359,0.0008562671200197866,-0.0018330415206626698,-0.0006079483232360235,0.003030056710834202,0.0004964187166418069,0.0004893048218674641,0.0016935844767385789,0.0009067459272679226,0.0009788712397911879,-0.0005682529397695816,-0.0014257927997304975,0.00143577477404362,-0.0019212265429677817,-0.00015353566225385223,-0.00011697796042165962,-0.0019108926326395128,0.0017388743249674224,0.0015814846891721041,-0.00693030080848725,0.0027099043853721534,0.001584903233619029,-0.0009095330728340571,0.0028062370794649846,0.0005807320946382439,0.0037855294791380514,0.0006912482829121019,0.0012696786753807823,0.001028341597879314,0.0010793102059769924,0.009642643535233454,-0.00186356542568822,-0.0022217503549074244,-3.890955475480129e-05,0.003825491701104789,-0.0014035816511040224,0.0007412279559391634,0.0037867276421117476,0.0007007428012841491,0.001366085422706137,0.0005489049565832946,0.00030888320116700084,0.003572254904579235,3.920564346531277e-05,0.0006547052158830599,0.00022578617278655108,-0.00025267919936240724,0.0018022137563456133,0.0076709972359885956,0.0008163347171032138,0.0016350559800995517,-0.0010115228308640832,-0.0010748315108835074,-0.0011445459340646193,0.0006046011941012574,0.00025379036158024344,0.001160649587235928,0.0021226575458409783,-0.0003557993143529295,-0.00047285662385248943,0.00047913467453033695,-0.0002392826947721395,0.00020945408265483044,0.0006262410473733358,0.0004715725316196788,0.002357055048092988,-0.0015533831547989672,0.0006413647225724968,0.001835707428219464,0.0001493234441233733,0.00028560616182767527,0.0016579247887023134,0.0006662372888990055,0.0007584109524122317,0.002494358905051893,0.00058239329604611,0.0004171450803786836,-0.005998489657035366,0.0009714865557509389,0.0006658062820122795,1.2133859584286671e-05,-0.00017600761455954968,0.0008665976732721813,0.0012749875920791704,0.0004187848856838771,-0.0008079032092971339,0.00089488139491865,0.0016734408514112835,0.005005542852563334,-0.0034241532525042286,0.0029780805245889982,0.00010612934796304374,0.001092989513559347,0.001285676790187016,0.0013176709837057123
average_home,-0.011551022530402012,-0.012315687540625885,-0.011069071754124074,-0.011198267920388557,-0.010129894486363068,-0.022744213631329675,-0.01146076224094493,-0.010719135519328585,-0.01261227517731423,-0.00952408863119656,-0.008325907771293831,-0.010689974198357256,-0.013121346443605963,-0.005080517126756929,-0.011695834820054615,-0.011632207317597195,-0.01027889676993045,-0.01989509811398224,-0.007245819388172722,-0.008344452109298182,-0.011743199641247457,-0.009540030728781384,-0.01101449883458142,-0.011231373498641182,-0.011162246390869471,-0.010331859167433363,-0.012561875265461023,-0.012311855987241688,-0.009358085617311348,-0.008709921449454434,-0.013603634337337057,-0.01213468060189955,-0.013875912461759418,-0.011751959447726239,-0.011712109279485473,-0.0145753196246512,-0.012122887795874344,0.001882670588711114,-0.009352414116768137,-0.013545004300331176,-0.01104312198040875,-0.005561855640231648,-0.013127568620256555,-0.013547374278762875,-0.010812490541167495,-0.0015413370936255676,-0.010868914612749945,-0.011856043068531974,-0.015791191506826147,-0.009261945815521158,-0.013182337603928344,-0.011465650076476219,-0.012415928816426584,-0.01046122006167535,-0.008266001204556415,-0.013816431154015377,-0.0008541171858278962,-0.011278446130829603,-0.011222033145598139,-0.010139738139888808,-0.011013445030272422,-0.010916630710026859,-0.011360909723202495,-0.011389795950728063,-0.0039613454004899535,-0.012043225833550511,-0.011441038174351237,-0.010156288050759087,-0.010858113777695085,-0.011555302241922472,-0.011604685640802807,-0.010589125871926498,-0.01162368400149027,-0.010807590604340445,-0.011518432706292898,-0.01066467649758077,-0.006402246518159262,-0.010541152641471312,-0.011853775581202644,-0.009385675809553769,-0.006438062714368507,-0.011713270875749957,-0.007946729454372255,-0.011174565638708578,-0.012697162368584232,-0.011699850907423396,-0.011341784725361707,-0.015446894319575044,-0.011594704415449159,-0.011181261344414337,-0.010833248958134709,-0.00840101270916592,-0.011423340309089251,-0.011461158853509783,-0.011520065361258902,-0.011655825570340905,-0.010324311060231317,-0.01149446301208213,-0.012034513468023124,-0.013344598524105432,-0.00984328762730334,-0.01183506678945219,-0.007409226597497962,-0.011386923606176713,-0.011674495142791062,-0.011626126731219332,-0.011893784654514787,-0.013041801954956104,-0.009635194478255414,-0.012198268721634417,-0.02001551280940722,-0.013986513037567538,-0.011705985940432862,-0.011504740360566533,-0.013920509323108043,-0.010094274266334358,-0.010830531941793701,-0.011716912144577922,-0.013650097534536,-0.009621447740372276,-0.011554745190836664,-0.011511601652899847,-0.01115680382217583,-0.011813188974764287,-0.011992198752352998,-0.011746025260110387,-0.011219788811820551,-0.010810244152459557,-0.01354892816923451,-0.009481769975672577,-0.012220489660717895,-0.008193615820459303,-0.011242734989347037,-0.012449844748799892,-0.012606533766593703,-0.015897364363070057,-0.011310542771353356,-0.012700267980352157,-0.011479201379387138,-0.012528193599563033,-0.012670856729325452,-0.010747035638996245,-0.011082214035954859,-0.015702142656472937,-0.012337122132780626,-0.017738972185563903,-0.01854602897611786,-0.004145509502892353,-0.0131538722619797,-0.010799966025462668,-0.013130661330113272,-0.010594093231403428
stdev_home,-0.003256914985259686,-0.0036062861415472915,-0.0028177656783271963,-0.0033985440864779635,-0.002880446718968633,-0.004668421497035648,-0.003737765635121494,-0.003144970787849203,-0.0040424018309143835,-0.004118560430198696,0.0002518138537777326,-0.003582609670034702,-0.002970817089454271,0.004527819361809755,-0.003973587715468654,-0.0035267978986662923,-0.002608988639112686,-0.007988584934995192,-0.0019278081888775833,-0.0031827677441966726,-0.0037892279461376292,-0.0019966346179651033,-0.0032574166241096415,-0.0036875034809665565,-0.003114104134287563,-0.0034656400743939865,-0.0049766016351372525,-0.004226780815160279,-0.002113487266071006,0.001791190578639152,-0.0011080792197673967,-0.004500881610492648,-0.0010799001800553196,-0.0039328158405855344,-0.0038476867139825496,-0.004878814028204653,-0.007642040066101929,0.006372885985719171,-0.002752586883918426,-0.0051092950122607825,-0.0035821603275852307,-0.0017898729980370329,-0.0035280638772106007,-0.007109210071238735,-0.0046328987327680544,0.0019087455695445468,-0.003483454444892245,-0.0031410371933756343,-0.00835364651873579,-0.0030765817694493915,-0.0031415393761544883,-0.003352656622587446,-0.0039172246564269965,-0.00025221955469357724,-0.0018617891059439992,-0.00478670833940047,-0.0009131038415906255,-0.002690896167310032,-0.0035401073553510062,-0.004095306628623216,-0.002899997660594178,-0.004101929841533059,-0.0033479190878280725,-0.0032732935812912443,-0.0032823452678839397,-0.0032030122997906176,-0.004974600273129619,-0.0033505578749728863,-0.005828740242936007,-0.0034918823077217803,-0.003423445077752208,-0.003113331731439885,-0.004025330055203908,-0.003082777585048834,-0.00388216548340916,-0.0033207359108251983,-0.002483407634800143,-0.0028883078455492414,-0.0031663865496643732,0.00010402889231635182,-0.002610734550747503,-0.0035761738195945574,-0.00329252664167598,-0.0036088139814479704,-0.0041743742792643285,-0.002478794158357174,-0.002856493223792181,-0.003437061944539962,-0.003416017310409681,-9.061704810374438e-06,-0.002109454810500469,-0.0006550950335331394,-0.005785931240894684,-0.003376063709820215,-0.0034093079988032453,-0.0035512651516875215,-0.0032089230214839073,-0.003433774256738402,-0.003583177437136917,-0.0036187392804158634,-2.673953455954725e-05,-0.0037934271146621394,-0.0019048178146283436,-0.0026794951991568478,-0.0035967584559087537,-0.00534733401300385,-0.0041140756744380245,-0.0036707300332408273,-0.005109261415465589,-0.005070147412405163,-0.007779621858273796,-0.006312090500930189,-0.003697968058554487,-0.0034640760931910486,-0.004608110932231218,-0.0038813802431580426,-0.003213179588498656,-0.0036391373285231607,-0.0032681829240691525,-0.0012900807500906032,-0.003195076509199913,-0.0031663853734076597,-0.00551347013354064,-0.0029448894079403543,-0.003900831916359933,-0.006306979500030677,-0.003273212490030389,-0.0030255278622900554,-0.004581281630215768,-0.002484327268440216,-0.0035140360446540148,-0.000691860428099593,-0.003343500237271105,-0.0037759486329594708,-0.0058324776872454576,-0.004999429059236969,-0.003297557203131324,-0.004715871347356203,-0.0036455052795361965,-0.005522404143072125,-0.004184602435604517,-0.0006579052398035835,-0.003224992426137035,-0.00023898752454899752,-0.00407539243857356,-0.009178885405716312,-0.013740146128884526,0.000559550139662697,-0.004928670691687061,-0.001924568903420902,-0.005800223511894541,-0.009482667007726025
min_home,0.0,0.0,0.0,0.0,0.0,0.0,0.0,0.0,0.0,0.0,0.0,0.0,0.0,0.0,0.0,0.0,0.0,0.0,0.0,0.0,0.0,0.0,0.0,0.0,0.0,0.0,0.0,0.0,0.0,0.0,0.0,0.0,0.0,0.0,0.0,0.0,0.0,0.0,0.0,0.0,0.0,0.0,0.0,0.0,0.0,0.0,0.0,0.0,0.0,0.0,0.0,0.0,0.0,0.0,0.0,0.0,0.0,0.0,0.0,0.0,0.0,0.0,0.0,0.0,0.0,0.0,0.0,0.0,0.0,0.0,0.0,0.0,0.0,0.0,0.0,0.0,0.0,0.0,0.0,0.0,0.0,0.0,0.0,0.0,0.0,0.0,0.0,0.0,0.0,0.0,0.0,0.0,0.0,0.0,0.0,0.0,0.0,0.0,0.0,0.0,0.0,0.0,0.0,0.0,0.0,0.0,0.0,0.0,0.0,0.0,0.0,0.0,0.0,0.0,0.0,0.0,0.0,0.0,0.0,0.0,0.0,0.0,0.0,0.0,0.0,0.0,0.0,0.0,0.0,0.0,0.0,0.0,0.0,0.0,0.0,0.0,0.0,0.0,0.0,0.0,0.0,0.0,0.0,0.0,0.0,0.0,0.0,0.0,0.0,0.0,0.0,0.0
max_home,0.016266401163135484,0.016344222043641613,0.01668475341658684,0.01590353450568481,0.017062369731405992,0.021041883346698056,0.017508811766818348,0.01682072263855909,0.01579949460396228,0.012431140770682473,0.01869438170577156,0.015770548739906146,0.017190668293595043,0.017939387659050485,0.014627484314423664,0.015746302830568826,0.01763796614682117,0.013034415791930182,0.01835244723397684,0.01553765885669111,0.015495367239126603,0.017288745855437625,0.014977469965314676,0.015273421938766713,0.01639833852954168,0.014335572817619074,0.013036817287518501,0.015246169876536424,0.017257581032695795,0.020544789029452445,0.02154927851476556,0.01500029939213313,0.018824333026450733,0.014842233277541469,0.015951402868258663,0.014964345077798823,0.006180951662964257,0.020016988343182135,0.015644026877130318,0.0135356933284781,0.01500130819251718,0.016806579486431453,0.01640984320640135,0.008181995946665504,0.013752672128238604,0.02169730596338917,0.016224773943087648,0.01684507798973465,0.011627490242796783,0.013836827959321448,0.017390203821136728,0.01612258003393997,0.016066859464592898,0.01894531516332999,0.016776375306244023,0.015452662678742003,0.013453013428508957,0.0166850952392194,0.015584212827238122,0.01342488137681929,0.016100948238790977,0.014595541239866477,0.015952407832862572,0.0162410791310047,0.00946744872020185,0.01647434732993066,0.01356377416206244,0.014698737353468376,0.012278674689010317,0.016024357552766558,0.016015981873866107,0.016377381719508408,0.015603548947994195,0.016870521953436822,0.015486831005199854,0.015702303209650416,0.012406790546840123,0.016556734325870064,0.016503139526934864,0.02062068639642493,0.014871460981888084,0.015667349219222183,0.013557292461341582,0.015727184320288152,0.01519515122902719,0.019471542573513974,0.016695411018482438,0.017467772591913077,0.01599170241399888,0.023188616260313998,0.017094922023566238,0.01889810397172046,0.012428336776098607,0.01852535718524916,0.01593224284271031,0.015877416941215597,0.015839511762013977,0.01603785956817827,0.01576984444863398,0.018606082185025106,0.0209013451463021,0.015917264609389983,0.01485081455200063,0.017392625912153445,0.01594181545316408,0.012564697511867208,0.01579855402358451,0.016919875786890737,0.013295989036985117,0.016282074420159873,0.013394869823456845,0.013258726343116551,0.0157951412999311,0.016231782564271144,0.016997132168139632,0.015117640022352795,0.016498734525784303,0.015516338142828948,0.01746285570211811,0.018211924809770998,0.016385792487734578,0.016511193699196812,0.01185637246595319,0.015615176976553513,0.015416209362020143,0.011569767281998967,0.016090687898722714,0.01634836630522625,0.016635815490610193,0.017402770415637876,0.016201308268904983,0.01846094830926381,0.016063809282655737,0.015186922014445076,0.011251947585322147,0.0151671704672856,0.016098509714585558,0.014617887075547314,0.015433052197924471,0.014104532675838707,0.015246257996929267,0.021189028549393685,0.016357834418525334,0.021792545092372953,0.015540802952448116,0.007636046892809854,0.005524056533876422,0.01668414023473909,0.014089491211027066,0.01791185051220824,0.011971323736432915,0.004836857968090089
average_conjunction,0.034364673161483866,0.03330091369085135,0.03387327987857995,0.03522905102129073,0.03516195287864549,0.03805150647627475,0.03939451172168229,0.029733344250562524,0.034539850345239265,0.03343399227387001,0.03178269140873108,0.036184244029413726,0.03363931336927775,0.03231076515417898,0.03255547775665379,0.03390733636236644,0.033554945021541466,0.022957962831804173,0.03590887276265411,0.0311186486376795,0.03392659268045492,0.03561150883670783,0.033944911036235724,0.03249856933970115,0.03410025843430292,0.03306875372824756,0.03533242058157917,0.034184347709706325,0.03073244670145206,0.034064762255633915,0.02791387777422695,0.03413027482663681,0.0319661201830375,0.03601513861496555,0.03429449110164674,0.02951846773030003,0.03465522291782308,0.036296352845077484,0.02833917460740847,0.03525923927937229,0.03339744788597822,0.03780779329455898,0.034034494527333106,0.032146534797739004,0.03158722888720064,0.02354659132036466,0.03462052936858726,0.03375008332812535,0.032228896166461185,0.03131043538485591,0.03544887010765907,0.03400569797223707,0.03433161313782564,0.037445013649899495,0.03074593037465842,0.02994879022568873,0.03185962520308788,0.034333891883299814,0.034396139958842276,0.032655535139687115,0.03434762666684513,0.03632872394115214,0.03386642851339079,0.03409083645437819,0.0400000591244075,0.033696178766226194,0.03450378720402311,0.035445085430321405,0.03385108748961948,0.034394695977147116,0.033392865579017286,0.03335185412299604,0.034613178156761,0.035814905590733845,0.03335393424271704,0.0341740832516657,0.035476276212333166,0.03488059450919735,0.03473356042646973,0.028545450377897963,0.03449886690195009,0.034326664904055906,0.03768044969157662,0.03410438835244587,0.03532175233477017,0.03511368553331942,0.03410618320232728,0.036033795906614235,0.035385069353255624,0.03171987200968592,0.03299848772051206,0.03152693439477512,0.030064475453563146,0.03620360906194898,0.03284513144775336,0.03396294775567923,0.026075909505824186,0.03399547594659789,0.03238194770460136,0.03376226800166837,0.03675490615354508,0.033337923826037355,0.03327333567573374,0.033430656409074194,0.034072586782183015,0.03554227325422356,0.03405930333726942,0.031727024127149964,0.03002434181080519,0.0353557817956133,0.034345522259588146,0.039692829375552775,0.03314927909514072,0.03409433342839062,0.0332356327354242,0.031331942468009646,0.033444286281903275,0.034237841601446224,0.029741756817611792,0.03642408829869889,0.03406626774692735,0.03384789095700254,0.03081642744915673,0.03048412822639116,0.03580749490357438,0.03283982777557683,0.03396168122434083,0.03335329582931003,0.03354335117594156,0.02951451013774053,0.03446097505884679,0.033834686968516096,0.03433520298481013,0.03300366805575641,0.03609446438548645,0.03971594351903811,0.034037353394616346,0.03281182052617698,0.03248301234731085,0.03259156350404174,0.03388999673608442,0.031210658890229608,0.03397509531624258,0.03216923749965081,0.03481480210494185,0.03652035131634389,0.026206560928776268,0.03032118053199942,0.03709776377588526,0.03340472656000072,0.035752318431894234,0.03252619615111602
stdev_conjunction,0.04376238137243781,0.04292691981364824,0.04379261812398626,0.044312676271903065,0.04174096618813926,0.03639593036441861,0.040818976846395544,0.045031323838955084,0.04453677158438732,0.042091414192564895,0.04024906929239423,0.04217758792447414,0.043660417072417156,0.03685163423538722,0.04176608229501228,0.042699144775360603,0.03982100666522721,0.04484672486080564,0.041340600198429125,0.04034661741816716,0.04304260945506451,0.04459001241356258,0.04104908269786915,0.04167972807932794,0.043634616269660975,0.04360779480377156,0.04493622966252067,0.04318468156669713,0.04013813551038531,0.04297614751438274,0.038869402454582674,0.04617013425927535,0.04207143056851848,0.038086622884289975,0.04432327420964771,0.044389301171611176,0.046288629597552464,0.051899353738703594,0.05212192110237266,0.04379609483301982,0.043518167298968666,0.056366578340789966,0.04385841835899634,0.03999988407879129,0.042003604264493816,0.052922992937533615,0.043648375204046824,0.04248842193364255,0.04081677314920591,0.03911660760728189,0.041435559025256516,0.043649672671941656,0.04409719991770348,0.0423023932695748,0.04033883626148422,0.04293190018479022,0.04578665855116335,0.047328594592754375,0.04341419559491759,0.03974444386253426,0.04651177771546389,0.039559227921995885,0.04341138144622153,0.04369110539008426,0.047067882795588135,0.04392871088744167,0.04223155606757902,0.046014662707628266,0.03532850244842778,0.04344249370568404,0.04347393954656498,0.04392140755199621,0.04445526819389442,0.04478890202660496,0.042718994708216156,0.04436476177935428,0.038984004270864916,0.04668303207157591,0.0424516370036496,0.039772580252182284,0.044297581159544824,0.044821221391374524,0.03661860660825546,0.04322579853744551,0.04352185304262234,0.03844525254034924,0.043844941886133415,0.04511522987750281,0.043121375357941936,0.04513060505104721,0.04455157650749099,0.055040126263688365,0.04782834767090802,0.041950851991138766,0.04561808415986249,0.04361421152471605,0.0431478071060276,0.04363754108097925,0.04480712664487946,0.04070991097239249,0.04561004190735139,0.04376828948866386,0.03646522279711668,0.04429579272842575,0.04272617785260589,0.03933335623062253,0.04268803102980975,0.04676300089815272,0.01614342294046928,0.043554626711768,0.05922649724920552,0.0466676112281679,0.043248783573707955,0.043121498191237465,0.0425454589999517,0.022916727593979298,0.043252339021624404,0.044654324384275586,0.04214644866002372,0.04645048566510144,0.04443725862296238,0.04350728329686109,0.04066843606337957,0.043671806343014985,0.04439025345383084,0.043976610598223255,0.04286438816203447,0.04468513829705078,0.0459259792111049,0.041208514878488096,0.044295625954338017,0.044394421129715644,0.04417756450520834,0.042680961837528925,0.05187194094384584,0.04108862952238264,0.043682535835340125,0.04475893081153366,0.040943156872545995,0.04118187286931094,0.04424184295496435,0.04342922064296199,0.04312278058967489,0.04035337537890217,0.042955179110698787,0.03872275224246999,0.03746658542963838,0.04664422828174049,0.030775417562822274,0.043368223679039454,0.044099041911965585,0.02889562582921841
min_conjunction,0.0,0.0,0.0,0.0,0.0,0.0,0.0,0.0,0.0,0.0,0.0,0.0,0.0,0.0,0.0,0.0,0.0,0.0,0.0,0.0,0.0,0.0,0.0,0.0,0.0,0.0,0.0,0.0,0.0,0.0,0.0,0.0,0.0,0.0,0.0,0.0,0.0,0.0,0.0,0.0,0.0,0.0,0.0,0.0,0.0,0.0,0.0,0.0,0.0,0.0,0.0,0.0,0.0,0.0,0.0,0.0,0.0,0.0,0.0,0.0,0.0,0.0,0.0,0.0,0.0,0.0,0.0,0.0,0.0,0.0,0.0,0.0,0.0,0.0,0.0,0.0,0.0,0.0,0.0,0.0,0.0,0.0,0.0,0.0,0.0,0.0,0.0,0.0,0.0,0.0,0.0,0.0,0.0,0.0,0.0,0.0,0.0,0.0,0.0,0.0,0.0,0.0,0.0,0.0,0.0,0.0,0.0,0.0,0.0,0.0,0.0,0.0,0.0,0.0,0.0,0.0,0.0,0.0,0.0,0.0,0.0,0.0,0.0,0.0,0.0,0.0,0.0,0.0,0.0,0.0,0.0,0.0,0.0,0.0,0.0,0.0,0.0,0.0,0.0,0.0,0.0,0.0,0.0,0.0,0.0,0.0,0.0,0.0,0.0,0.0,0.0,0.0
max_conjunction,0.02533165580083805,0.024041395497407886,0.024798388014887488,0.024808157293158998,0.025135989603075046,0.019805958165853798,0.018382018281355744,0.024695652841880245,0.024830043280842734,0.02342012230736859,0.0274441310352576,0.023754072112533497,0.024861317294958864,0.019831113096695715,0.024510127113958825,0.0247892811611573,0.026033948973047883,0.026817494711320937,0.015613932559241234,0.022054390257623253,0.02468082441743885,0.024478709873541313,0.021587920351891415,0.025915166927755272,0.025365652128121603,0.02638035269310142,0.02600094126841529,0.024552362961983244,0.02182108587132548,0.027503845910296348,0.027208289302434217,0.027288560869769333,0.025688403662148793,0.019027700018649334,0.025295890853267153,0.02243842526916623,0.02919101171416235,0.035001525863828126,0.03294344864436287,0.026813546747318444,0.022608981339127206,0.03487258739517765,0.02515975577131252,0.023653907331038292,0.024392536957443027,0.024795892506509577,0.02455137218640159,0.02424477766605937,0.023681813107502864,0.023593451584289528,0.02379143364887667,0.025041311738948895,0.02552815995937249,0.0241831870140996,0.020755113621481174,0.023565394403109886,0.03012500792120085,0.032653301045550205,0.0233811658576688,0.026200099130074078,0.030233393051486875,0.021638022565851185,0.025068743627059013,0.025254686360826614,0.02954904235080877,0.025162238237884646,0.024196703913733124,0.029467017508320398,0.020901700874930852,0.02503265794348692,0.02526780420692246,0.024805246816165874,0.02518053264200871,0.026478206535943433,0.02470262995297338,0.02524760269835671,0.0200361403111536,0.02783125979444233,0.021442378897092523,0.027288688544521926,0.030312649943579774,0.02591442768605566,0.02497040635694675,0.025078865549588582,0.0238162670170394,0.018955051646215755,0.025135678148846312,0.03386016291764436,0.02097534580805066,0.02467158973750096,0.026063170814079925,0.0329631488852004,0.03022437026731259,0.021068076972535387,0.02509253942589887,0.025145109345426513,0.029278932297610513,0.02506758323807653,0.026131324288622776,0.022839787753606143,0.025357919990969837,0.02529758834011222,0.02305307766058455,0.023567199040598407,0.024365964368073777,0.02078586156507628,0.024433937258488272,0.029065495290671747,0.011953961078285408,0.027320797926992144,0.028717915663448227,0.02863257124226752,0.024754756220388627,0.024682875651157572,0.02460535452422248,0.01389828065117735,0.025947291488637798,0.02583823607171787,0.024484227080269243,0.027954811879521275,0.025454848646801705,0.025214896876167216,0.023318036907935484,0.02404179580305422,0.02332511445419313,0.0242129926109151,0.02451539821408445,0.026122875118207836,0.026598373788465062,0.025359372075762894,0.02566795476122599,0.031008504866030025,0.025700767926522476,0.021729272857567247,0.03442986094094959,0.017002877539148992,0.02512815582018226,0.028061171955291002,0.02157874322231034,0.02374989309024941,0.02475830624971835,0.026641405072549577,0.02529652303484481,0.025031553215750145,0.024769701933035113,0.020001536522758163,0.015429913305434136,0.026245897661897655,0.012277916479590712,0.025731468423993497,0.023841754365403516,0.00952088129229144
average_certainty,-0.003040855134805426,-0.003762777628367216,-0.003893914352076205,-0.003323097341202676,-0.011756691159304965,-0.01266579485452218,-0.006205305872261174,-0.006449946963716563,-0.001863812253199636,-0.005872370511454988,-0.0011630345955246195,-0.0021879673811661983,-0.002483529319196983,-8.292819872292127e-05,-0.0009419233473320528,-0.0021103387197400313,-0.00904067294977726,-0.003837605068844131,-0.004967336461674462,-0.006252340757048091,-0.002834515175410857,-0.004399798217822463,-0.0033088810560210364,-0.0029500023262170483,-0.0030762846562403037,-0.0016763670380819402,0.0006948236769361571,-0.0035284523923509448,-0.002691794760252643,-0.0013526614638906566,-0.015418540059458807,-0.00306692078350191,-0.0012023898453323925,-0.0026337998485909658,-0.003053684006481757,0.0013895825257284299,-0.0013265934753857664,0.0012521698006040857,-0.004567741486658217,0.0003950169920785389,-0.003872195989068083,-0.008699507198929568,-0.003324757604779247,0.0026679830316092695,-0.0029980769764617107,-0.007407451026760849,-0.004125229455400418,-0.0030605692276257195,-0.0020670356239006933,-0.0017001775914369886,-0.0033458910478545937,-0.003056863461486337,-0.0038338226500362546,-0.004037713877648383,-0.006891089311534114,-0.0030099213869925947,-0.004143420808965834,-0.00238138319672832,-0.0012220178185916655,-0.0029867808809895865,-0.004252359779745002,-0.001771800210001272,-0.002864068018964055,-0.003117245980990656,-0.010411460333680116,-0.0037281397607503014,-0.003439813499013452,-0.0038745201928055348,-0.009501100120114379,-0.0029733645072998836,-0.0016158740788409648,-0.003097753365164088,-0.003250326465199637,-0.00198370974880464,-0.004183405839148731,-0.0032619525405682,-0.0024848391666745136,-0.004660714451011471,-0.002109663957465483,-0.004703764193694303,-0.017074110303366453,-0.002188351814654224,-0.00598088848995108,-0.003533383127816307,-0.0033466933449743247,0.00010095645258892567,-0.0031092323564394647,-0.0013278681983414555,-0.002299491616154557,-0.006064032969366258,-0.0006500887029282712,-0.007170866897529531,-0.004093275700990533,-0.0054271458805730775,-0.0036261132449979007,-0.0028166973915933514,-0.004089601569487653,-0.003047362048453255,-0.0034180339172987535,-0.004823114190524318,-0.004344058437823938,-0.0025675104165432654,-0.0014883682175734197,-0.0020128403887142692,-0.003009784249911839,-0.00505977442163013,-0.002731153284042477,-0.004063022339041995,0.00222177577299716,-0.008532754951126976,-0.004826531767893218,-0.005069248570605558,-0.0034870990761927054,-0.003957751981870651,-0.0021166624763745232,0.0004794108634197346,-0.004807714981878928,-0.0034637878201842637,-0.0014658191801028148,-0.006759159115427739,-0.0027825030562890225,-0.003016938761503451,-0.006022994854433184,0.0002735977021852236,-0.0005915647210533934,-0.0030110949258779496,-0.003302305719905132,-0.003223754311152169,-0.002572661000978721,-0.004832389626143033,-0.0024120879302132955,-0.0031495947908907924,-0.003141924113412865,-0.0018444292782477875,-0.006796700137836696,-0.001502051899406994,-0.0029482165121520153,-0.004100512468706673,-0.0010040889975672339,-0.003994415022947409,-0.003746407977386153,-0.0034382834247809572,-0.003563124886784586,-0.002325584772225218,-0.005277545598929128,-0.0006708607720352297,-0.0018808634394397693,-0.00458335315896341,-0.0038249301887037564,-0.0027691235744716006,-0.0031090247135174276,0.000189461640505156
stdev_certainty,-0.019362546608005158,-0.01934586770457537,-0.019478911043889345,-0.02003811785416539,-0.02190957813726735,-0.033895227708130415,-0.01789899545724783,-0.01927653751659781,-0.019251850350342346,-0.01973279697061755,-0.020048970378407856,-0.016767861564034613,-0.019402124925706345,-0.016872151306052588,-0.016470118767105003,-0.0196501468020999,-0.023201800524532575,-0.012223259737200138,-0.016639913981083266,-0.01812563979758356,-0.01931455131909339,-0.019589328982760515,-0.018915147347743383,-0.01839785721074297,-0.01941192913502278,-0.019966673611879003,-0.01901411034188332,-0.019708590180277166,-0.017842410800380237,-0.023666054298023688,-0.025182121322704178,-0.018768976034171155,-0.019899546258254422,-0.02206337403421281,-0.019007171813042997,-0.019096700954650884,-0.015112068649659544,-0.016090334278231873,-0.019185225528038453,-0.020249374525984163,-0.019521883379136743,-0.01667772154838827,-0.019923702231569005,-0.018780953005502997,-0.01880502944254801,-0.01607633790627822,-0.0180299415159002,-0.01882966596656886,-0.017395872246547848,-0.016370688409965962,-0.018379954282426777,-0.01916583651811475,-0.01993380381121011,-0.021078000872451125,-0.01961027338767715,-0.01887312621968147,-0.017555095168831924,-0.017312873065759855,-0.019322306223238078,-0.018772702127331117,-0.02056157534943647,-0.01760999665227328,-0.0193490627971325,-0.0191862841633604,-0.02992009057952031,-0.01981233413130112,-0.019529049644491616,-0.019557016787148777,-0.01935608820182913,-0.019228926998686533,-0.018796760358032186,-0.018877069635478822,-0.0189580475111545,-0.01898985007856715,-0.019805419697099924,-0.019535272943000084,-0.014793220151320636,-0.018803040893774808,-0.020202479396185375,-0.014047958332601647,-0.02248556268712443,-0.019383091187676373,-0.022074379584561217,-0.019489190544591882,-0.01896085717034985,-0.015020794151933432,-0.01924866294680047,-0.014846820044827812,-0.01932020165817147,-0.014850765162986432,-0.021154070286551186,-0.026430291873249835,-0.02115022872856153,-0.017275046016796577,-0.01897902592090446,-0.019082822659032418,-0.02245927940941438,-0.019198926160008678,-0.01941316190174984,-0.01950625591114094,-0.021704944877971425,-0.0189203528767601,-0.02064958921278288,-0.017604228713479074,-0.017456387952527033,-0.02466724594112106,-0.018707663129442463,-0.018862446602748783,-0.02032142776892159,-0.016553430915404753,-0.015225767646988731,-0.022288474374574527,-0.01937787162890998,-0.019445733578912192,-0.017220885914829297,-0.01916360160536512,-0.018997202352599225,-0.01950251292496223,-0.016722882787664366,-0.021644920470838835,-0.019297946220853332,-0.019187731989226367,-0.01972534871105073,-0.021118856021545458,-0.019849457201239852,-0.020752983065643875,-0.01916977094966615,-0.018690977747240534,-0.01586210219020406,-0.019294228865531504,-0.018992442621367817,-0.02302252601274848,-0.019423538805590716,-0.01691460204508987,-0.022822975228114915,-0.021834664315851363,-0.019201661014774978,-0.020274082204207032,-0.019606293394796425,-0.019542327398522505,-0.019813204202655435,-0.01729017701077671,-0.01882778369159589,-0.014445671205705814,-0.02016808581836428,-0.01810635855341211,-0.013583407105164409,-0.020188078989103297,-0.011735191681598998,-0.0203193266935977,-0.019451997637136988,-0.008628857138660446
min_certainty,0.0,0.0,0.0,0.0,0.0,0.0,0.0,0.0,0.0,0.0,0.0,0.0,0.0,0.0,0.0,0.0,0.0,0.0,0.0,0.0,0.0,0.0,0.0,0.0,0.0,0.0,0.0,0.0,0.0,0.0,0.0,0.0,0.0,0.0,0.0,0.0,0.0,0.0,0.0,0.0,0.0,0.0,0.0,0.0,0.0,0.0,0.0,0.0,0.0,0.0,0.0,0.0,0.0,0.0,0.0,0.0,0.0,0.0,0.0,0.0,0.0,0.0,0.0,0.0,0.0,0.0,0.0,0.0,0.0,0.0,0.0,0.0,0.0,0.0,0.0,0.0,0.0,0.0,0.0,0.0,0.0,0.0,0.0,0.0,0.0,0.0,0.0,0.0,0.0,0.0,0.0,0.0,0.0,0.0,0.0,0.0,0.0,0.0,0.0,0.0,0.0,0.0,0.0,0.0,0.0,0.0,0.0,0.0,0.0,0.0,0.0,0.0,0.0,0.0,0.0,0.0,0.0,0.0,0.0,0.0,0.0,0.0,0.0,0.0,0.0,0.0,0.0,0.0,0.0,0.0,0.0,0.0,0.0,0.0,0.0,0.0,0.0,0.0,0.0,0.0,0.0,0.0,0.0,0.0,0.0,0.0,0.0,0.0,0.0,0.0,0.0,0.0
max_certainty,-0.03439570255797875,-0.03372706174575335,-0.03477526575514459,-0.035643551979705264,-0.03308065473405344,-0.05557524217576429,-0.03083204889116637,-0.03262555482348976,-0.03748486621786572,-0.0313506501513688,-0.03670748677719709,-0.031423551168895905,-0.035073983635282406,-0.03131460048753742,-0.03167868394000861,-0.03475102085309775,-0.035579787644683614,-0.022738217662335886,-0.03149838682545646,-0.03087892203482832,-0.034862724626189154,-0.03433870441398855,-0.033059021358564894,-0.03278272510491237,-0.03467747566471239,-0.03605200657866972,-0.037687421533570534,-0.03477914259958514,-0.03313173657791035,-0.03890698269899597,-0.03115541095296258,-0.03381556075690724,-0.03666730482823776,-0.04035552079195393,-0.03412225179110162,-0.03717004133530191,-0.02782839350581441,-0.03326567459555724,-0.03173713666280423,-0.03860429406780064,-0.034114932543454476,-0.028034383334123815,-0.03520889889340042,-0.03577319561250719,-0.034206520430862766,-0.028211379570354914,-0.03257506659421973,-0.03389584806996414,-0.03389820638669547,-0.031305701302837136,-0.031650043859531005,-0.03429814111648347,-0.03507324833145374,-0.036591642911046274,-0.03200389732149475,-0.03396824739193709,-0.030579741167395355,-0.03152025607168166,-0.03554802629089064,-0.03346806863896311,-0.03513009152053309,-0.032309733189554185,-0.034708501652630126,-0.03425855287835884,-0.045016318065018504,-0.03439716099489883,-0.034055247603603664,-0.034384067882133294,-0.029881381678354215,-0.034427616040267825,-0.0348988830089472,-0.03402363723920964,-0.03432181220301554,-0.034082625218613175,-0.03458124526552477,-0.03489721685945116,-0.027778547714763256,-0.03153900048775373,-0.03682990622636815,-0.025107984780305126,-0.0298593225572132,-0.03534735728222163,-0.03462062250861331,-0.03468981466391585,-0.03344819327499189,-0.03290502961139443,-0.034418874935481215,-0.02930488553471972,-0.0354248879252143,-0.02443934093960355,-0.039582328057555724,-0.040075208860093026,-0.0361867588255123,-0.0299092132959953,-0.03385001623471538,-0.034314911989278635,-0.03707050674611187,-0.03433625871501758,-0.03414271629268084,-0.03299299652814578,-0.0364534204804161,-0.03418505222313059,-0.036915397395036076,-0.03348440494946962,-0.03234485916821517,-0.03763850325077138,-0.03402988160260938,-0.034655852166957005,-0.0387653198834011,-0.02674071070232892,-0.031437582961803774,-0.03741226843807054,-0.03425776320380523,-0.0339852708547125,-0.03126617663135803,-0.035862847719679986,-0.032768481385147846,-0.034274916898698465,-0.031161128791104054,-0.03473930483950084,-0.03468226382392195,-0.03411148988714876,-0.031884545818877646,-0.04030761402745951,-0.03670321921156089,-0.03584736795129146,-0.03408012451122218,-0.03351341541435643,-0.030439715056949986,-0.0322118129336453,-0.03500072226069823,-0.04032237128417166,-0.034498842475187974,-0.031126711367863956,-0.03779152360532839,-0.03834094978897712,-0.0344075613389289,-0.03537466151299774,-0.0367548829205964,-0.03363515997194469,-0.034373235385485534,-0.031838251156337635,-0.0331980501008724,-0.026798189909279957,-0.033921654739059684,-0.03338505538617777,-0.024733540435825103,-0.034645315687331424,-0.019900991163328684,-0.03646877741856781,-0.0344142393565102,-0.020947239623692302
average_inclusive,0.011194310835011587,0.011487468206753167,0.011937640915704376,0.011344565548677743,0.013691683366162496,0.006330725321364628,0.008216765710560778,0.012371770706196085,0.010130919017502245,0.011267653115929734,0.01311565028643456,0.011109753357183023,0.011322393458930338,0.014311854989764908,0.012814058154756974,0.011623217373674423,0.011384012002803746,0.016333286611377555,0.012000638136447021,0.010804799039898567,0.0113337301106099,0.012991149730474293,0.01103853659773273,0.011270443608339828,0.011511874572101517,0.005834430185634683,0.006535921205530277,0.012549452619021257,0.01284018092414244,0.012616168662691035,0.009755533135475614,0.011201482361720638,0.015585944404930507,0.005076455888110176,0.011391719220738835,0.011284594711913565,0.008347069571101262,0.01398581209739528,0.00986984515298591,0.012533748321224052,0.011016325181199573,0.010103028990337562,0.011423600810098907,0.015339861945852178,0.01142423109098636,0.005693256100796545,0.012879919822499766,0.011367049698564228,0.00951361300954566,0.011170270479730085,0.011031239896819287,0.0115012730538816,0.011090147400515893,0.013244118903117628,0.006690945375665714,0.010806493732139686,0.007515631196070641,0.00951893788407691,0.00971694417593559,0.009073234132922783,0.012462346971400699,0.012989921086252035,0.011404773898751198,0.011399852799440401,-0.005955708343225341,0.011868551158748877,0.010758710675321165,0.012131733101605417,0.01022348338256401,0.011650587271794768,0.010612883019560003,0.009999990150142031,0.012771683311830938,0.011270861444988213,0.01192398067497467,0.011614922284643971,0.011334571623420806,0.00972900593729522,0.013841075601495403,0.0018577342056943918,0.010615380610787938,0.010073949212619917,0.01056153487665398,0.011498649852125259,0.010699173334722558,0.011101524390919937,0.011448427278947394,0.009127796166995588,0.012756932772432311,0.01062089869616523,0.011494583819575084,0.00946354011525372,0.0091736603151658,0.014563507336155652,0.009309015306226999,0.011531600396067387,0.0032154451573760297,0.011513999389570189,0.011902408654893316,0.012358133697422738,0.010269647452845376,0.010600628175906023,0.010656134607626898,0.011352192198443932,0.0116280382853952,0.007906398468998325,0.011096493757003178,0.008397954856359375,0.010781147109035546,0.012245654628533671,-0.0009202165149617449,0.014996002107219884,0.01070050581417345,0.012484687480435033,0.01095563477290416,0.01053580022474327,0.010765191461772034,0.01169303934933916,0.012428496572400194,0.012059178992867483,0.011510915567325041,0.011326180413180401,0.009782717198588003,0.00931922787960781,0.012321391932448928,0.010917903732940604,0.011400197823985863,0.011768799655762614,0.01041442753482039,0.011094938762469374,0.011791143224235474,0.007118810368046676,0.010788936202340723,0.01237898428616701,0.017343257693412602,0.018638366546707495,0.011517399849942989,0.00924371112579312,0.010429594988024517,0.011455685501510448,0.013379034582840336,0.011661500632200492,0.011956543339143543,0.02020218627016502,0.011797932682537014,0.016994277321565693,0.014475546180753737,0.012540352266137401,0.017994628368082077,0.010863462007908553,0.010702894506012792,0.017524869574945322
stdev_inclusive,0.01861549415254564,0.01831154423416681,0.019137756940348055,0.01850532718286446,0.023055606178087055,0.013867092500912143,0.015150732103470902,0.018814527978626955,0.0182033789707006,0.017354101361409562,0.023768924368260648,0.018886143694428398,0.01850905232562649,0.024983674245969614,0.01904399317104486,0.01832931136222828,0.026007687007164455,0.031908333262190995,0.017801767498215187,0.01872271172254869,0.01864446404662945,0.018787355205110583,0.018758980566146485,0.01712370668578209,0.01898607864560924,0.016854116483458352,0.015620058103700419,0.018931755963277015,0.019771124122714413,0.019550421117426463,0.022265806960471646,0.01809040866939122,0.020342498541938227,0.012633653952543386,0.019018969408042045,0.01973200967881021,0.018383928877217685,0.01686147347287285,0.01438734760371643,0.019185361940878925,0.016392439766833144,0.02299382124231026,0.018789189169745386,0.022194321734071345,0.018564848769563158,0.014117548314836288,0.019618537568157512,0.018979530757141833,0.020324389851092195,0.01807144633190424,0.020593960033494278,0.018645877915206655,0.018128177759740047,0.020660907825105823,0.02214643716748065,0.01814980816456325,0.013352164775956285,0.020161381478705845,0.016711522395732904,0.022574038179930474,0.018853123520574257,0.020308967549763704,0.018427705040030065,0.018700988916160736,0.01804054883724012,0.017698383154320367,0.019890848595680192,0.01959933411071238,0.016304708015270224,0.018938139370990578,0.01964629566953091,0.01778735842444137,0.018611917302240155,0.016087875746255646,0.02021464684566397,0.018390074960706115,0.02381616828444585,0.01984349536639158,0.01870330532808506,0.0071334242184233,0.027807202682084423,0.018866969000414055,0.01852654914686619,0.01937578246329677,0.01862325571872991,0.01151695077481673,0.018072600345431098,0.018999248611063384,0.01969690059104439,0.02104019817817559,0.017947806428249925,0.02307077537646517,0.02133886232829627,0.020476447487543032,0.017231206118524647,0.018710905056552624,0.015066918702645326,0.018722701257183973,0.019722462434894943,0.01683584462181153,0.020031061869753418,0.01818967563334786,0.02218087090574375,0.018127223596295997,0.0177582653812678,0.00785329702500357,0.01856112065397736,0.011427537578261239,0.0020166444683799474,0.01844334744287814,0.013046579218466768,0.022354153087090368,0.018820978417840823,0.019289959617923715,0.01826182365783105,0.005258770622193151,0.01880442877228535,0.018445504759421555,0.018602204896550553,0.021873711976065104,0.018832961103262384,0.01856104973632825,0.01758577775065956,0.02041908388523006,0.018724137355316493,0.018816759567339574,0.018637312183383086,0.019281025095810173,0.017427290463821018,0.018911316094607576,0.017707784870691877,0.01213095936248778,0.018332017430410574,0.01785835306082936,0.027113740257725442,0.01678100801416691,0.01865755582060771,0.014650332119578679,0.017602691493572218,0.018657532465612855,0.022145949336745577,0.016759474539100788,0.018123888613002556,0.026509404684660443,0.01865659784378366,0.021971957631837284,0.022281866796823577,0.01893871018345622,0.018336802572984597,0.01612285171800363,0.017662188475095802,0.02392726424679255
min_inclusive,0.0,0.0,0.0,0.0,0.0,0.0,0.0,0.0,0.0,0.0,0.0,0.0,0.0,0.0,0.0,0.0,0.0,0.0,0.0,0.0,0.0,0.0,0.0,0.0,0.0,0.0,0.0,0.0,0.0,0.0,0.0,0.0,0.0,0.0,0.0,0.0,0.0,0.0,0.0,0.0,0.0,0.0,0.0,0.0,0.0,0.0,0.0,0.0,0.0,0.0,0.0,0.0,0.0,0.0,0.0,0.0,0.0,0.0,0.0,0.0,0.0,0.0,0.0,0.0,0.0,0.0,0.0,0.0,0.0,0.0,0.0,0.0,0.0,0.0,0.0,0.0,0.0,0.0,0.0,0.0,0.0,0.0,0.0,0.0,0.0,0.0,0.0,0.0,0.0,0.0,0.0,0.0,0.0,0.0,0.0,0.0,0.0,0.0,0.0,0.0,0.0,0.0,0.0,0.0,0.0,0.0,0.0,0.0,0.0,0.0,0.0,0.0,0.0,0.0,0.0,0.0,0.0,0.0,0.0,0.0,0.0,0.0,0.0,0.0,0.0,0.0,0.0,0.0,0.0,0.0,0.0,0.0,0.0,0.0,0.0,0.0,0.0,0.0,0.0,0.0,0.0,0.0,0.0,0.0,0.0,0.0,0.0,0.0,0.0,0.0,0.0,0.0
max_inclusive,0.044871556917790385,0.0439348628866086,0.044828275594470814,0.04436285894203526,0.04787331732507652,0.02658294322594376,0.04345751796556461,0.041584821100377596,0.04502982246600985,0.04273980350294915,0.04382554407799935,0.04613545563131037,0.04512218984072969,0.053270033505206586,0.043208182949670354,0.04369953676879083,0.05529840902922269,0.056076141338556616,0.04757385963548558,0.0448387691057293,0.04473471709012859,0.04230288777010881,0.04502189764725071,0.041651885393697755,0.04448879516906416,0.04773472101600821,0.04124132326754137,0.044723484142803575,0.04350064908099359,0.04565703741932979,0.0390321128030066,0.04365536864001769,0.0440512003439662,0.03894383944341494,0.04424509699776714,0.04404873348673861,0.04754967053778359,0.04525709783936998,0.036387539352484025,0.0456587678299646,0.042810948944541516,0.043289311849638995,0.045107185858571416,0.05027098462394705,0.04606948770658522,0.0357897351199986,0.04381027963721176,0.04477646062807614,0.047834702278846467,0.04561410015745137,0.04810230358966119,0.044714249334502076,0.04403365795128328,0.04998005036922833,0.04942160222247742,0.040994385582133266,0.041965028602831744,0.047721487091940226,0.04320403177762399,0.050508993980434916,0.04315285004889598,0.04926561305275952,0.04465004814561773,0.04454991895415553,0.052776178471718165,0.04328506653764619,0.04596360468141969,0.04417575493658485,0.042830773982670524,0.044741431083303376,0.045437757845239436,0.0434766104709636,0.0426790043046085,0.041485219521110756,0.046450798799641785,0.04443086913872688,0.05290383710504917,0.04831485461778488,0.04349106213671624,0.037173312017396425,0.05214880202804787,0.04586399426550958,0.049260484608373324,0.0459915420147121,0.044238006275998235,0.0363628008043569,0.044065678782879286,0.04727103063693851,0.044857017329459924,0.04901109498065884,0.04276111201908747,0.04474579156561763,0.05165140802983829,0.04419977999921495,0.044262051612178874,0.044937079926315356,0.040056087999184496,0.04477805180020243,0.04597058616587914,0.03975847712982285,0.04918503954905632,0.044425894815889586,0.053229921791594026,0.04418654591437945,0.04464382799795022,0.03195475184640667,0.04404869490122704,0.0381036519909322,0.0359255141918262,0.03894189915190083,0.04136069284541738,0.045139364372584624,0.045389168152089175,0.04544868357246987,0.042128054840664085,0.03767568199152209,0.04539322598248307,0.04387829109536216,0.04447566666750952,0.04776474745692195,0.044852157556986155,0.044809051154582266,0.04120090292482229,0.04673513994793972,0.044010248371493366,0.04372687719498653,0.044818143890614365,0.044344057697397805,0.04051033069627788,0.04379918692856539,0.04361578947269668,0.0388597240972824,0.04466970661049404,0.0470998832572233,0.0462157078914851,0.0402043221274155,0.04474231803150663,0.04173928048656042,0.0476615856046802,0.04430246097604146,0.04741415410784429,0.04115290078422341,0.0436140750294632,0.04574005381915792,0.04484771890957981,0.04539758854564242,0.048759509317548674,0.048649305076487806,0.04078138213992179,0.040812361063005,0.04285466856876056,0.05380835014015651
average_bio,-0.02677164007095261,-0.027517133736261863,-0.027146580178427193,-0.02655597405934137,-0.026362664001662418,-0.018388886318157452,-0.012745251847813228,-0.028449681971243444,-0.027491214493878032,-0.02655293840567348,-0.03212109546677433,-0.022608724988008144,-0.026758568892870198,-0.02716004364577794,-0.025518519966464273,-0.02718121986338407,-0.02488206908545901,-0.02994220855578589,-0.024196792499717616,-0.026424826810970806,-0.026572860899375376,-0.02626498891062054,-0.026133206832592848,-0.025850922173166355,-0.026666218126297353,-0.028513053593214908,-0.03072633089439864,-0.026389225909560603,-0.026921524844474413,-0.02793770978454651,-0.022930507271454452,-0.026110387124379332,-0.02435467609006678,-0.023214155647398232,-0.026431934015872276,-0.026391110352638053,-0.029319775585961508,-0.024765687209110265,-0.02555840757291215,-0.02616899966880479,-0.028101640598501433,-0.026069113255634366,-0.026751506463016494,-0.016656957634293087,-0.026896255014186753,-0.02676104723036273,-0.026419025291605783,-0.026474012235383614,-0.027322798227227225,-0.02713504429396536,-0.026053198988391958,-0.026741002338668315,-0.026338417414496933,-0.023868988985697996,-0.026578342025339083,-0.026985807786763193,-0.029969204113382567,-0.024564087841099102,-0.02605693656880371,-0.024988122037827624,-0.027063862657589276,-0.02339977348883445,-0.026713632888788537,-0.026663636526949933,-0.030802837773350848,-0.027545695605278153,-0.0255777974694395,-0.029131022325399433,-0.026275166565289665,-0.02689272633803914,-0.028139589988068772,-0.025799141828663105,-0.02522166868769968,-0.02531151504730988,-0.026753480016172507,-0.026264052491137647,-0.0248886536265287,-0.025464575591460654,-0.02602377121749455,-0.025148474919700382,-0.021838760193760992,-0.02685543907778122,-0.02265620521503982,-0.02663219202182871,-0.02716143181131666,-0.024717274811441155,-0.026370468392166595,-0.02577946780822523,-0.02536215333721422,-0.02876875410204762,-0.02780858616774856,-0.022575962068227463,-0.026313341955983723,-0.02615944683620277,-0.026273111755978497,-0.026696642540352263,-0.02816431656256259,-0.02676904802095821,-0.027179309201958567,-0.026955338261148362,-0.025907468687679895,-0.02712946967691472,-0.024600930689661085,-0.027799151085136753,-0.024748192991431626,-0.023676776265615214,-0.02632631393001913,-0.028721822502282463,-0.022646429383050934,-0.02711639340422763,-0.030678463157606847,-0.024692454442882976,-0.02703825186140061,-0.027213867173374946,-0.0276559322597948,-0.023717543881229795,-0.02580431026564886,-0.02711604458033859,-0.02923679319096425,-0.026625301539496785,-0.026614087130150826,-0.026634779920851483,-0.027155380590435846,-0.026719790386836795,-0.025119291492165095,-0.02676849998917717,-0.026894018083172155,-0.02745019529394633,-0.027161246429095356,-0.025321878319075716,-0.027249760707600004,-0.023161454879387023,-0.02634152704415394,-0.025905767278104348,-0.034643284556958774,-0.02092555895925213,-0.026672635325459867,-0.02597494457528699,-0.025510831946003988,-0.026409762415626696,-0.027357826164350216,-0.026612237679196453,-0.02684111842513756,-0.02370341771412767,-0.0265825942208916,-0.025525510590421456,-0.022198125482633092,-0.026349079303705523,-0.0262456940928442,-0.027518559047948848,-0.02798501784986429,-0.018703285513907326
stdev_bio,-0.0049936773928166735,-0.005433835437600622,-0.004761160805389842,-0.004951142839732407,-0.008475742377245434,0.004593116203235124,-0.012016105021238923,-0.005098282743864103,-0.0029504311027470954,-0.0060148903239447965,-0.0021624197221456823,-0.004828955919443292,-0.005086735085165713,-0.0072197666361101445,-0.001744498806181695,-0.004431454036385552,-0.007411716828119792,-0.014412906087879186,-0.005732508427171285,-0.0048986873348041745,-0.004711556191262477,-0.004379507118884001,-0.005353496681398343,-0.003630875337888249,-0.004831346911738976,-0.00554353479254923,-0.002197578618614155,-0.0047578099118752715,-0.002206916597501536,-0.004292544738228779,-0.0006711728806130281,-0.00444485349965743,0.0054317613722407905,-0.0007556274043229432,-0.004819479116585427,-0.0026200297616253646,-0.00489346376319489,-0.006052520906053065,-0.008270007734132221,-0.0050889353650916715,-0.007568686527140087,-0.006094272499329699,-0.004937198833735782,-5.281076938759479e-05,-0.004588956311019233,-0.005304247111935464,-0.0052579392157447065,-0.005263868207200803,-0.005742913349112684,-0.004995734877202512,-0.0055670740198765,-0.005109535713194445,-0.004204959814128939,-0.0038347499965726162,-0.005897605659914706,-0.005418913562278017,-0.005197788102007748,-0.00597548438109693,-0.005587668360931369,-0.00649610737235075,-0.007835832175747376,-0.005809379028821544,-0.004906853707393454,-0.005083223459795403,-0.0004371252320247033,-0.005625425165419402,-0.004281970564427872,-0.004446802317161229,-0.004992838052645401,-0.004723094575852946,-0.0034871696964971274,-0.004017176154847198,-0.004734958434069642,-0.00581700017747332,-0.005372995451884287,-0.005083159973193764,-0.0070547995674683246,-0.006049812179318938,-0.003543571506623284,-0.008611126105445649,-0.010486757252561308,-0.0047772913660217384,-0.005758752571594104,-0.005309954217913027,-0.004626666577983687,-0.0008186304157778001,-0.004798730024399395,-0.0039226555912925225,-0.005896194668157204,-0.004816418386399526,-0.0032612032791723526,-0.00035718591506090844,-0.0027063710135341503,-0.008108421926244787,-0.005383128123442729,-0.005119277180661776,-0.00890880032270962,-0.00510795590897058,-0.005183938431773219,-0.0071363475935081865,-0.0061452049380058184,-0.005246162379199112,0.0030241454284443466,-0.004672748961847259,-0.006128169103049766,-0.010737448548539027,-0.003882606967997424,-0.005746986994286222,-0.006341096381279309,-0.005143483134424438,-0.018009210475616717,-0.004178421060628547,-0.0053339109246584235,-0.005703245817734943,-0.003084835641133356,-0.006802474429399578,-0.0054775219884750075,-0.005575885596037559,-0.004890224446691325,-0.005247134563986792,-0.00532851481469385,-0.005140776039336201,-0.004661534712022561,-0.00228433903703628,-0.0051535070426308935,-0.005727215061817021,-0.004952897080196255,-0.00511509160707747,-0.006464481244601847,-0.005619403733323985,-0.00492388697522558,-0.0009616355197479658,-0.004716445738892766,-0.00625781910853087,-0.010741927698754069,-0.005355519413816595,-0.005047589215857913,-0.004982407343177236,-0.0049530712069380395,-0.004248039338071198,-0.007379053131191051,-0.005928108446376545,-0.005332510145131964,-0.0061582015178752066,-0.005148254068747913,-0.0024919169793493623,-0.010966704063096404,-0.0059800400814560735,-0.008222467659351761,-0.004378033160772019,-0.004533527484197923,-2.95076246641544e-05
min_bio,0.0,0.0,0.0,0.0,0.0,0.0,0.0,0.0,0.0,0.0,0.0,0.0,0.0,0.0,0.0,0.0,0.0,0.0,0.0,0.0,0.0,0.0,0.0,0.0,0.0,0.0,0.0,0.0,0.0,0.0,0.0,0.0,0.0,0.0,0.0,0.0,0.0,0.0,0.0,0.0,0.0,0.0,0.0,0.0,0.0,0.0,0.0,0.0,0.0,0.0,0.0,0.0,0.0,0.0,0.0,0.0,0.0,0.0,0.0,0.0,0.0,0.0,0.0,0.0,0.0,0.0,0.0,0.0,0.0,0.0,0.0,0.0,0.0,0.0,0.0,0.0,0.0,0.0,0.0,0.0,0.0,0.0,0.0,0.0,0.0,0.0,0.0,0.0,0.0,0.0,0.0,0.0,0.0,0.0,0.0,0.0,0.0,0.0,0.0,0.0,0.0,0.0,0.0,0.0,0.0,0.0,0.0,0.0,0.0,0.0,0.0,0.0,0.0,0.0,0.0,0.0,0.0,0.0,0.0,0.0,0.0,0.0,0.0,0.0,0.0,0.0,0.0,0.0,0.0,0.0,0.0,0.0,0.0,0.0,0.0,0.0,0.0,0.0,0.0,0.0,0.0,0.0,0.0,0.0,0.0,0.0,0.0,0.0,0.0,0.0,0.0,0.0
max_bio,-0.0009135373489669862,-0.0011826718235294475,-0.0002684348050262589,-0.0009670714355193202,-0.0041989857162161685,0.013297178514977517,-0.012060175199992026,0.001043410041092617,0.0029879807855428143,-0.0017703601390814238,0.00553596431459678,-0.002722442128158708,-0.0009183775611202125,-0.00408795312103229,0.0027840225986415744,0.0001659090142521972,-0.003265544035982549,-0.011275543907551689,-0.0019220701213210484,0.00013168034134218923,-0.0005083337170017337,-0.0002254364668152261,-0.0017567279872816033,0.00044326420631483204,-0.0006259003643748744,-0.0020015026469068792,0.003407899983505599,-0.0008372658924901931,0.004006291263426583,-0.0005625229896882473,0.00393025676108311,-0.0006779297531393936,0.0082488378490847,0.003114613778882334,-0.0003752739888639861,0.0007655328850169636,-0.0008013335797895631,-0.0029292281673960786,-0.011469763310335737,-0.0016321834440204668,-0.00490061827829545,-0.002331881789224253,-0.000817507085197575,-0.00452133213704976,-0.001240324415461307,0.00043740549711371486,-0.0008446852204410868,-0.0013327241512415926,0.001040465117739706,-0.0004990486376305267,-0.0008615866578710451,-0.0009921987731481598,2.4430252395461066e-05,-0.001424524190674641,-0.0021822223029363055,-0.0006675080202256656,-0.0002695793532113359,-0.004888274095779079,-0.002154404686428288,-0.002475268897996952,-0.0017029336085448796,-0.0025313945139230614,-0.0008160194917289452,-0.0010015919058008246,0.0052147193484557725,-0.0014751537214132866,-0.0006312991216265943,0.0011042043089355465,0.00043278524275858037,-0.00011232593290010431,0.001586253356193031,8.550835327842538e-05,-0.001474194055757841,-0.002952819701048371,-0.001621612774398859,-0.0011549922857879008,-0.006201081637325271,-0.004018093837993064,0.0004915416325251692,-0.0043969578870289155,-0.007716453023512208,-0.0012580259692754146,-0.0031370619686248782,-0.0009217303086148012,4.734347900983184e-05,0.005447953803024139,-0.0008279744817035212,0.0005697394054364046,-0.003556211822271921,0.0022345057173278927,0.00182305671226418,0.0036034615666645734,0.000548106522485969,-0.0045401367793828674,-0.002156873672309073,-0.0010575507904535039,-0.004452722102805921,-0.0009887319731630134,-0.001068978958411116,-0.001037801662663958,-0.00251605060394936,-0.0012063139864071058,0.006220397210496336,0.00042347049478798186,-0.0037093704784898276,-0.013762966130396782,0.0005853779967795857,-0.0006000937920401534,-0.006210937949569459,-0.00012621403407944536,-0.01180057706001431,-0.0017316991697546684,-0.0010249473544011768,-0.001309480071971866,0.003919257648179979,-0.005240948787755996,-0.001394660641190898,-0.0014292635148828586,-0.0005325012148008068,-0.0006154957339713392,-0.0016106094341780623,-0.0011720009716075421,0.0005300719207870612,0.0034515247949151017,-0.0026596260810576224,-0.0023314040424171657,-0.0011160134781243568,-0.000704693443467368,-0.0002752769708309951,-0.001996777750584917,-0.000510829849109537,0.002686467249464336,-0.0007774787446180442,-0.0030850701619755012,-0.004358391846015247,-0.005756494365992583,-0.0009925445322884023,-0.0019534276265243938,-0.000507249250911836,2.609502452718959e-06,-0.0045447325715489185,-0.0008508208237098264,-0.0013028690129118729,-0.004040674100560131,-0.0006960317298816306,0.0008899799457016046,-0.010946860354138914,-0.0022059053054521837,-0.0036656537400037003,0.0007547120501629808,0.0006784522501386715,-0.0003975703757080149
average_achievement,-0.005327201747209938,-0.00470270621820842,-0.004986603682673097,-0.005209042253655902,-0.005545526352891014,-0.002824126396641478,-0.0026196728505775025,-0.0054472559501603105,-0.004534897989661647,-0.006037106246366727,-0.0025888379656637947,-0.005066448516290111,-0.0046526521830302404,-0.013351246247283552,-0.006928613753055667,-0.005223589710790627,-0.008628140394638242,-0.008534155159212638,-0.01084739927592022,-0.004513224992594137,-0.00487085847874876,-0.00545122703654855,-0.006720398866681122,-0.004799450443217843,-0.005216742725596012,-0.006560244011433392,-0.009971830096846764,-0.006260078249246437,-0.0058523260993979895,-0.0035793121216648838,0.0004029742363131864,-0.007582323495617939,-0.0076699827187357746,-0.002612235560307658,-0.004834617249305264,-0.008407587037167333,-0.0030838457114324134,-0.0011580877772515972,-0.009183641747082085,-0.002210247453959832,-0.00463286904528084,-0.0034708050612807626,-0.005580485897351625,-0.0025193853508943672,-0.007264347044068196,-0.005198037597011087,-0.006057468444357462,-0.00528954550433932,-0.006634460548769649,-0.006392435922082856,-0.005213888780923302,-0.005309180662600114,-0.0058803087869675925,-0.005019622663005488,-0.005059747933332929,-0.0053797728868570744,-0.01015505082068013,-0.005351273589510524,-0.006027617658680886,-0.005847037100792152,-0.0063762721357351485,-0.003035895978146119,-0.005233293707270603,-0.005292536884264907,-0.008261861655082116,-0.005419987704943114,-0.006342252749726674,-0.008227449811896551,-0.00637119755270747,-0.005011405181502957,-0.007014483661643804,-0.005552887732467671,-0.006387373841467456,-0.0048272871179624414,-0.005741962480070766,-0.005719412856525319,-0.009369421426496336,-0.0043313219329394765,-0.006331104868673791,-0.003437718910685843,-0.008548749088544555,-0.005623474114622108,-0.005074777355967746,-0.004971445555962925,-0.006313902427125083,-0.006000727998811588,-0.0055418303873542496,-0.003546165383012844,-0.0052887669327702546,-0.006732041059864057,-0.00516047219836958,0.00041232697103810775,-0.012880525187699705,-0.004544382346311865,-0.006182179348246224,-0.005123710120952415,-0.00019309252057788133,-0.005252305777353861,-0.0049323052111199615,-0.004629223700439802,-0.0022402765327886906,-0.005392298529730619,-0.008634139298246371,-0.005495445992422016,-0.007397000560820264,-0.006012121087699054,-0.005777044499530475,-0.0061249915145232346,-0.004913868086780987,-0.002978809292672483,-0.0028946036045009275,-0.004437860008009489,-0.005496999707206861,-0.004732661362966363,-0.004344349811433657,-0.0057010972911275696,-0.005473242035011086,-0.005131656595236239,-0.006286513342801002,-0.003149715122222091,-0.005203958731406676,-0.005269238143944501,-0.00655975853887627,-0.006132443767740811,-0.002798200763094573,-0.004814113483372452,-0.00485350306166526,-0.0054415640526541504,-0.002103176792286544,-0.005801775463237029,-0.005645079478016705,-0.002261206844491763,-0.005657768657079922,-0.0054305183310550415,-0.0072519983758415184,-0.012543149312602609,-0.00534826191496768,-0.00533450953537668,-0.007668188136720206,-0.00727904222135102,-0.0034963654863426935,-0.00403228740035633,-0.005654953378439027,-0.0008376233140165602,-0.005046888932249973,-0.008446145692903343,-0.013614748843678559,-0.0031828567778849183,-0.0054359202983918775,-0.004271140890433022,-0.0061684168958551465,-0.017904281505624904
stdev_achievement,-0.033458242416137436,-0.03452927781591737,-0.03389950465108339,-0.03422693327230895,-0.0371964916527724,-0.04080278435792335,-0.027745502613378055,-0.032698072283519126,-0.033418550978989145,-0.03145856809704445,-0.03425949614428669,-0.030714078288520158,-0.032506010361212916,-0.034307252913503096,-0.03408641895747418,-0.03360967002670493,-0.03692675720784211,-0.03064240894476191,-0.0326236794859813,-0.03392101759915937,-0.03389507105924054,-0.034603341959945105,-0.034572974954435225,-0.03250772348773621,-0.03369916215259446,-0.034492280808600395,-0.03503346710850821,-0.03373626653123199,-0.03573837723174514,-0.033522904509677987,-0.03738566669892838,-0.03298901297264657,-0.03894348891864194,-0.031901591852224256,-0.033273736041599514,-0.032743977262131796,-0.03051852694263943,-0.028739948311554936,-0.026914047653894303,-0.03337539701474995,-0.03303626491732556,-0.04179598354029437,-0.03371378215065457,-0.02162513198686907,-0.03458159866250512,-0.036625989678030844,-0.03374835278473032,-0.03357121386810485,-0.035611917034586604,-0.029390938046388697,-0.03389254714290331,-0.03360313598143256,-0.03442617916256341,-0.029722406316461687,-0.038245857669434495,-0.030499710279456124,-0.03035944175685238,-0.03237970143137184,-0.03354062535093283,-0.03666137865773824,-0.03357916757020856,-0.031969492134425195,-0.03356113660719692,-0.03345917132179395,-0.034544280719157494,-0.034112003495569795,-0.0340583703148749,-0.03460752713239567,-0.04130738709284549,-0.03396760444418103,-0.03548169996331481,-0.03335012372296319,-0.03370423611140014,-0.03318917105188919,-0.03345090366686107,-0.032656374861236126,-0.034361619992251284,-0.03501879424596972,-0.03455653726247327,-0.023969035653371745,-0.04412512894177727,-0.03412173353873739,-0.037014819042223424,-0.03378560148139048,-0.03279192675976044,-0.034169620079659666,-0.03343104600122848,-0.0335045067134245,-0.03394107929526762,-0.035278542682095994,-0.032766026787330524,-0.03542254427164375,-0.02984479658527931,-0.0338456535138888,-0.03192356951074319,-0.03360367560542629,-0.02853358173996045,-0.03367297625225176,-0.03397407246546224,-0.03031860209340428,-0.03161353862231631,-0.03379249982837805,-0.034789302905515795,-0.03417238550099109,-0.035343481310984366,-0.030316638711404335,-0.035179840614144794,-0.037013202760201765,-0.031097939985389112,-0.03625344277280461,-0.030924246474478154,-0.03409077670459147,-0.03429851091243863,-0.034418970757744256,-0.032863462020762256,-0.03323751192135553,-0.03349487964115276,-0.033235252638231905,-0.03635490982700179,-0.03131007797971515,-0.0332678883197774,-0.03347189273567871,-0.03415962646562846,-0.03325863855541737,-0.030429209625647068,-0.03418724128218232,-0.03400778447882008,-0.0339520725924258,-0.02953788547168171,-0.03493509837451871,-0.03311369909692588,-0.031552488248920596,-0.034089072433880485,-0.03166259443361266,-0.03184644879500219,-0.03551386475313027,-0.033618304196607426,-0.033944221051209346,-0.03235326260394893,-0.03413722188824392,-0.0337655356670712,-0.034107176263409957,-0.033457367300402385,-0.03190306613661971,-0.03364978097804291,-0.03646354967278021,-0.0386805529835037,-0.029739057110004775,-0.03296432509488252,-0.03180435630341173,-0.03324685165226073,-0.0431333820182061
min_achievement,0.0,0.0,0.0,0.0,0.0,0.0,0.0,0.0,0.0,0.0,0.0,0.0,0.0,0.0,0.0,0.0,0.0,0.0,0.0,0.0,0.0,0.0,0.0,0.0,0.0,0.0,0.0,0.0,0.0,0.0,0.0,0.0,0.0,0.0,0.0,0.0,0.0,0.0,0.0,0.0,0.0,0.0,0.0,0.0,0.0,0.0,0.0,0.0,0.0,0.0,0.0,0.0,0.0,0.0,0.0,0.0,0.0,0.0,0.0,0.0,0.0,0.0,0.0,0.0,0.0,0.0,0.0,0.0,0.0,0.0,0.0,0.0,0.0,0.0,0.0,0.0,0.0,0.0,0.0,0.0,0.0,0.0,0.0,0.0,0.0,0.0,0.0,0.0,0.0,0.0,0.0,0.0,0.0,0.0,0.0,0.0,0.0,0.0,0.0,0.0,0.0,0.0,0.0,0.0,0.0,0.0,0.0,0.0,0.0,0.0,0.0,0.0,0.0,0.0,0.0,0.0,0.0,0.0,0.0,0.0,0.0,0.0,0.0,0.0,0.0,0.0,0.0,0.0,0.0,0.0,0.0,0.0,0.0,0.0,0.0,0.0,0.0,0.0,0.0,0.0,0.0,0.0,0.0,0.0,0.0,0.0,0.0,0.0,0.0,0.0,0.0,0.0
max_achievement,-0.029212744318922967,-0.03067740968729071,-0.02951752750838739,-0.02955437625521315,-0.032231766842309544,-0.04140923930792381,-0.023742235304469984,-0.02551535115411078,-0.028155862465996575,-0.02713805775874325,-0.03276493382109318,-0.028237031232031626,-0.02889851932297738,-0.029880296865480382,-0.028328281313850283,-0.029610199338185008,-0.032543412780505314,-0.02238129424791129,-0.023892794509528054,-0.027701696160800534,-0.03031871218690034,-0.02880542969771844,-0.03002479669643645,-0.028415940045588756,-0.02896228862068845,-0.0314092254507661,-0.027705989578332358,-0.02848007911844805,-0.031662931641473636,-0.0312500403798722,-0.04075298116574878,-0.026849283243462703,-0.037017089869269396,-0.026640531202215073,-0.028275576075643422,-0.026807350730745257,-0.0324786616306597,-0.025643309948418392,-0.012058816784811783,-0.03308058809224045,-0.029388149635908738,-0.033728304939292825,-0.029906225738769963,-0.01795582833624112,-0.026228691123391407,-0.02380294749360779,-0.02827747331791294,-0.02989936710418992,-0.02914428636065095,-0.023980148729978563,-0.030956197639342774,-0.029144362249624006,-0.029894250744114885,-0.02707284879406247,-0.032966362828573605,-0.02584701603737449,-0.019226144402868576,-0.029844280704788884,-0.028271202271500824,-0.03577038883212419,-0.02779589004106853,-0.027897999979960012,-0.029258806547946634,-0.02927115987385679,-0.030783889232914703,-0.02934489715086632,-0.02748539850662297,-0.028482784311380016,-0.03633035450343925,-0.028962760896043056,-0.030590675801438264,-0.028350961258555085,-0.028044486669214247,-0.02749810349605156,-0.028631237464279202,-0.02762084652243361,-0.03138609022341337,-0.03057710659296461,-0.027946768938811133,-0.02586392135598783,-0.03859059952254661,-0.029666759037165265,-0.03539998608292481,-0.02947026054256306,-0.027530933559657658,-0.031890367472133946,-0.02864764360991889,-0.03001466434749104,-0.02976671140874082,-0.026343267919281467,-0.028676124856020647,-0.026919670884420207,-0.010735891980702454,-0.028774514212529485,-0.025287269743145692,-0.0293059235546657,-0.03133887828037986,-0.029311573377078258,-0.030074371692296546,-0.02349070312153402,-0.027293937097995227,-0.029163565169269837,-0.02941598686361989,-0.028974517158885573,-0.030964943344744082,-0.03185918680420585,-0.029882665470446285,-0.032072568449323775,-0.030928882669020955,-0.033058782292171136,-0.028104756376248617,-0.033208531711476495,-0.02965604418538117,-0.029980932922666282,-0.0255022345234574,-0.02988723835816461,-0.028634203545226132,-0.029293046057378425,-0.03263973169585744,-0.028740559761361816,-0.028846588689849025,-0.02933443327940561,-0.030738864813765834,-0.029040008006572585,-0.026439103237760036,-0.02896731818870751,-0.029859178544636315,-0.029014687928994396,-0.027757500572953633,-0.030937152571532362,-0.028986254944263424,-0.03135807689691863,-0.02958435765521386,-0.026224344280746558,-0.02482317535926088,-0.029325411321829715,-0.029159386570866714,-0.029853143975533774,-0.027098137018683334,-0.028166174965553483,-0.03147924274668396,-0.033004305727863115,-0.029296889259415933,-0.03651738845694775,-0.028777376434344103,-0.03264446352130159,-0.026500898651349823,-0.020856481220078656,-0.0305280146242881,-0.02637495481517308,-0.028648173810576882,-0.029499016656140638
average_adverbs,0.05113707237930747,0.05002504106915493,0.051952680697297374,0.05143415976091179,0.05338401146352764,0.05699376691876393,0.04797944923034469,0.04922188762852567,0.05074465522064721,0.05057957349605415,0.05733746908165068,0.04972578556503796,0.051199359890936,0.05811588842380757,0.04937555904802529,0.050498569737688154,0.05104122740387898,0.03771972483787449,0.04893345107448972,0.048951658398190476,0.051144634290578764,0.053216960483860945,0.05135134613825643,0.04948662215985282,0.05145778452516059,0.050622805793210636,0.050206350742500995,0.049788798815523394,0.05002340712715965,0.052932801009096905,0.04196069143983742,0.05040522464673568,0.04821795849206716,0.05514086683862126,0.051589478557589094,0.05324902543514639,0.05538433826075388,0.05419882503642095,0.05023903870524735,0.05558723445981039,0.0499016866431869,0.05591775609183118,0.05080341407739616,0.04932243102922208,0.04879205630600649,0.05214117859232887,0.05114407466121439,0.05085191648527233,0.046972142140744536,0.04965416575314063,0.05172929922681621,0.051047954034389664,0.05019156677817094,0.05334523850081318,0.05141492856851324,0.05123551093536346,0.0603644961093298,0.05083829757888549,0.052699246061284774,0.05411338309979933,0.051820490978346845,0.05051510040155903,0.05088997128686512,0.05121137749029435,0.0644601576112299,0.051121308492842264,0.052018405622883596,0.05134977076182336,0.05375196458535359,0.05112152891053298,0.0503549364026701,0.05145926529980124,0.05144480029629642,0.05172071148977258,0.051242280740353585,0.051127753971198175,0.05121940629054768,0.049718127373245775,0.05015079559352964,0.04427764776620651,0.06416338125159264,0.051640398067293876,0.04816385755908596,0.05125018848636861,0.051404648998091086,0.05099550119086678,0.05101885231907779,0.0508115780071985,0.05120923866817191,0.04525129738124692,0.05395345883920348,0.040591765855891235,0.047188196285337144,0.05024117197887043,0.05202151874687744,0.051112793570028923,0.05292189640389377,0.051044535836727314,0.0497479757719483,0.05115681495346212,0.052695624437615426,0.05086786311544985,0.05010604547123822,0.05210821979478619,0.05232342037714466,0.04830280843347745,0.050277213544096526,0.049510069756962635,0.03645133663281139,0.04998064292739203,0.04170699513112189,0.05318869828388076,0.0516780216887755,0.05025947708635252,0.051978953804079506,0.03897243227387645,0.0480945087995588,0.051499090634757765,0.04678850012670625,0.05013769854273942,0.05141217955294594,0.051216940428243256,0.04939387463125742,0.055445694277112184,0.05672506282854095,0.0512403452933697,0.05082884433235831,0.051770909602703086,0.04901089241868268,0.04839459948290671,0.050671024466582615,0.048888948838800114,0.050922162300737026,0.047833813301423396,0.05070850332701879,0.0524866741124767,0.051085099733380344,0.050542696985666505,0.050249001698363355,0.04857720411615151,0.05385310917080405,0.04859657753604978,0.05113213702406862,0.042329712409194434,0.049334864510441716,0.051642145659414836,0.052421425611061154,0.05892960062178669,0.049372144429973085,0.054232401073671624,0.051987294598104763,0.0550494694886928
stdev_adverbs,0.038324135836845075,0.037288941951733316,0.038261646405471535,0.03792878691140045,0.0352952014092015,0.045126613902656605,0.03708427014432809,0.039175839251315805,0.038063275494272665,0.04143248666386462,0.04006777565017469,0.04133099305754388,0.038722351448190556,0.035116142812643275,0.04011968712398904,0.03870516837226818,0.037474610569349795,0.023794766728671153,0.042487975524487825,0.03735943386389763,0.03908985896813956,0.039056697100362706,0.037242980800595724,0.03866788861053094,0.03851996714070624,0.03426797746991374,0.03725039212359439,0.03905603191008147,0.03954329162579945,0.0354921635544717,0.03097489129057729,0.038913481718780216,0.03484032269517191,0.04070406307436207,0.03775329768247232,0.039496264274371376,0.037958253333945334,0.03585293768555098,0.03552805905338374,0.04137512817776774,0.03791444654558951,0.04450471167500729,0.03827511461904245,0.04203822590558193,0.03914103082014406,0.04054027191477134,0.03949720292646587,0.038889118807889006,0.03743916751078106,0.0387725533559718,0.040530693576319,0.03859701315847733,0.038165304426704565,0.04086335509876855,0.03771356852846197,0.036914766221163894,0.039730788262461535,0.0395748508828994,0.03770883790224151,0.039780728239224766,0.04065905159537731,0.034594678933890725,0.03848008724854214,0.038758933156477555,0.03484266859197477,0.03901190584080748,0.03952363191561236,0.037785250665502174,0.03331836212511423,0.03909770033180963,0.03863349082155279,0.040104093165749505,0.03945672084516319,0.03917610658418573,0.037398761994047375,0.039031781310097324,0.03835072646370711,0.03640031601941077,0.03800664696408725,0.03883697661764169,0.04328682272770056,0.03838195209494105,0.036221775246440865,0.038033931551080924,0.038202223082244316,0.0382557170495329,0.03853267715821993,0.04031113903519507,0.03852608735560658,0.0412652122983579,0.04261203977457794,0.03867406768404236,0.038387598740774076,0.036494382640106654,0.04007345141277423,0.03885894724977993,0.040956592751745416,0.03859931925153874,0.0384097384175976,0.03978423863467363,0.038687198933963385,0.03843187554183408,0.04080469338839049,0.037240494854749284,0.038851236255122885,0.037439188807849674,0.037398568343179936,0.038528036683935035,0.01625980768097611,0.041393073510254105,0.02778383763288364,0.0409062631638638,0.03781978649112641,0.03732757696088605,0.043283336293719825,0.028382024791189453,0.03909616334450544,0.03975461382920765,0.03720639564280924,0.03818489468129903,0.038723563810974,0.03839149071041945,0.04012588489386808,0.03739681187298278,0.04067798938341992,0.038654030241238,0.038208075563497305,0.038464972013159154,0.03876271808009533,0.03937264361953366,0.03861367712521072,0.036727675917033416,0.038991238129998745,0.037657374919007836,0.043843438104458815,0.03598737023067148,0.03861299415947824,0.036864043512228974,0.03805924941324028,0.037780635902530606,0.036878390480773654,0.038139668657868143,0.037795811442514586,0.026679100126902305,0.037481831214701604,0.042253221084654714,0.04500734207454461,0.0452736982366953,0.04820962249382335,0.043575163860608515,0.03851168707960041,0.04915643510933576
min_adverbs,0.0,0.0,0.0,0.0,0.0,0.0,0.0,0.0,0.0,0.0,0.0,0.0,0.0,0.0,0.0,0.0,0.0,0.0,0.0,0.0,0.0,0.0,0.0,0.0,0.0,0.0,0.0,0.0,0.0,0.0,0.0,0.0,0.0,0.0,0.0,0.0,0.0,0.0,0.0,0.0,0.0,0.0,0.0,0.0,0.0,0.0,0.0,0.0,0.0,0.0,0.0,0.0,0.0,0.0,0.0,0.0,0.0,0.0,0.0,0.0,0.0,0.0,0.0,0.0,0.0,0.0,0.0,0.0,0.0,0.0,0.0,0.0,0.0,0.0,0.0,0.0,0.0,0.0,0.0,0.0,0.0,0.0,0.0,0.0,0.0,0.0,0.0,0.0,0.0,0.0,0.0,0.0,0.0,0.0,0.0,0.0,0.0,0.0,0.0,0.0,0.0,0.0,0.0,0.0,0.0,0.0,0.0,0.0,0.0,0.0,0.0,0.0,0.0,0.0,0.0,0.0,0.0,0.0,0.0,0.0,0.0,0.0,0.0,0.0,0.0,0.0,0.0,0.0,0.0,0.0,0.0,0.0,0.0,0.0,0.0,0.0,0.0,0.0,0.0,0.0,0.0,0.0,0.0,0.0,0.0,0.0,0.0,0.0,0.0,0.0,0.0,0.0
max_adverbs,-0.0006798713265523809,0.00020517014522001414,-0.000803405492143687,-0.0009830093947325938,-0.004753044187860517,0.0013268761623849087,-0.0027081350246592195,0.0009276636538481861,-0.002455889121570229,-0.0018731438422872823,-0.0006769928567738059,0.005599140319841857,-6.832467172571133e-05,-0.002916845196844986,-0.0012880659009702478,0.00041651113497864767,0.001291215668872893,-0.0041875760656273145,0.0021302886760346876,-0.0028092669058324624,0.00019283262665035356,-0.0011671334678521744,-0.0004843405373821802,-0.001785020872210906,-0.0010009200647989325,-0.004449527073064806,-0.0032319729341601933,0.0022869698065748623,0.0008581067784228513,-0.0032495253564387774,-0.0014677786300700893,-0.0008611943206238704,-0.0010080979055555536,-0.0025894138297803543,-0.0011121852365462218,-0.0007580833463839629,0.004927709935691055,-0.009584440633340935,-0.01132711111649013,0.002807309411159531,5.145514519167699e-05,-0.0010657043618767306,-0.0002728635865923562,0.006269276630067287,0.0013157718715568409,0.0007773869138313627,-0.0005080440471073103,0.0006671305116511886,-0.00033647304440187487,0.00020828117252593564,0.00288432702946248,-0.0003737500572879304,-0.0005429346176257441,0.003991819369187882,-0.0025798829512257287,-0.0030148983631398604,-0.0069430440683602435,0.0019087302549833512,-0.0018302648375878028,0.0008529696386077312,0.003998928506183046,-0.000390475781156939,-0.0006173713362494435,-0.0002053974914583423,-0.002593833713019557,-0.0005410980851737746,-0.0005087485456449076,-0.0016894072320515138,-0.007884688139458203,0.0007306917073924349,-0.0018680225610815393,0.0010324249176918987,-0.00020610306055510175,0.0005338571103925965,-0.0005616095585969233,0.00047010912357605544,-0.001274658069697697,-0.003989225049759251,-0.0015318500002093755,0.011712309328999866,0.000651212449287987,-0.0012076822830995038,0.0024397611397207544,-0.001305461348307925,-4.068934766697507e-05,0.0015113882115304136,-0.0010740333437693414,-0.0005472574413725659,-0.0008080217446773952,0.009865304322356182,0.0011349115110546037,0.006616979728985027,0.001995304065577158,-0.0009865635099432848,-0.00033881320381747015,-0.0001786177373894332,-0.0008539523068978039,-0.00026394877126365707,-0.0003645521381750588,-0.0011255287408248674,-0.0005887069943910708,-0.00039198090555823267,0.0035427793577723354,-0.003718111267693801,0.00021343698586348547,0.004545957001077648,-0.001319693970435673,0.0011409765931891663,-0.0059873526974083685,0.0011595832775445694,-0.011300141998010466,0.0004122426628604889,-0.0010463965777337061,-0.0019395885167664828,0.006353310716277011,0.0010165194398205762,-0.0005876993636601199,0.0015975004095305362,0.0015963589990898863,-0.00010291889522872494,-0.00046317494617589827,-0.0007998361162298712,0.0001071029809119467,0.0025229240710730877,0.00026266835629130264,-0.0011370542400744171,-0.0006020718350974383,-0.0017917904071079044,-0.005213510870208327,-0.0013027381994671905,-5.0777874003003765e-05,-0.0017391701458803963,1.152382265362517e-06,0.001017768411923116,0.003395641014698421,-0.0007425186869442144,-0.00036255285585080205,-0.0028437193711776942,-0.0017826776997477561,0.0009265814809667552,-2.036911887518672e-05,0.0018247059298209661,-0.001179394171990207,-0.0028112300036461646,-0.001073399933903138,0.004183922809932947,0.012234676196406773,0.0012921467943461662,0.012202099453735203,0.000953528137245585,0.0007583469652980845,0.015071204852854209
average_anxiety,-0.004332589183490325,-0.004638987044316813,-0.004555948691170078,-0.00490029104721645,-0.0046721203357346025,-0.001840086700918531,-0.00255260061341293,-0.005590717270345163,-0.005446130677068323,-0.006069212544762137,-0.006480287210675589,-0.005891853226060645,-0.004241637585748283,-0.0016761918255355224,-0.004157015849242132,-0.0053173885616331395,-0.003528423301073407,-0.0012799929203525205,-0.005807654306302631,-0.005043583090164434,-0.004322588919426546,-0.004401849377727372,-0.004327551175457958,-0.0038422402050196135,-0.004428945918824961,-0.004901476525784152,-0.0035112022816796307,-0.004497308028190977,-0.005584479230027797,-0.0034862926033986967,-0.003429520632049982,-0.00489821257866756,-0.0021850339433138553,-0.007007768215186295,-0.004102138734861838,-0.0046381734970794355,-0.00045589868592604225,-0.0027625816378630316,-0.005705412174865366,-0.0018639567173688713,-0.004475261150453322,-0.005661973868999944,-0.004599964199016464,-0.003043845753920192,-0.01505933090355989,-0.0059246188444860935,-0.004749496562883198,-0.004626433545173845,-0.004804070110608659,-0.0017891322239426237,-0.005434950274668652,-0.0044640622478047355,-0.004725117347747174,-0.002853338199226266,-0.005509312226014233,-0.0005319049236549933,-0.005804709192496661,-0.003504192420070818,-0.004982870888289077,-0.0017886677466997488,-0.004327425383453073,-0.004384401739979435,-0.004438588306302028,-0.004428414154384824,-0.0060770275908516354,-0.004553583375140117,-0.0052884598120922855,-0.00454733362154195,-0.0023979262396718794,-0.004397192558841594,-0.005262516623600771,-0.004928361111750622,-0.004452118164399638,-0.005482471002997787,-0.0047099644260179645,-0.004312731731800101,-0.0037234221749584094,-0.006456258335826019,-0.004898323653978727,-0.006517149128145,-0.0036572151392850506,-0.004536462412757813,-0.0012328546354478708,-0.004403578311472651,-0.004651578250987557,7.970542323302351e-05,-0.004250957912631092,0.006258587919941921,-0.0032658358879313083,-0.003591158159861242,-0.004836763044230044,-0.003858783932163221,-0.0034971659162270205,-0.0040010970864237825,-0.0033923523017295983,-0.0043257882397004285,-0.003685233626029848,-0.004500222138231271,-0.0037526974628786436,-0.003816291416786693,-0.0044079781071814815,-0.004378781778423042,-0.006321838955731999,-0.005465884623465882,-0.0030316424565356237,-0.003654467100477463,-0.004862501631555321,-0.004453798613905492,-0.002636311567556524,-0.00587709246104932,-0.004942684990711842,-0.004286134337182338,-0.004495942519629434,-0.004631087510753755,-0.0006646756935677423,-0.003992189663267134,-0.005152556206896684,-0.004769978265182727,-0.005311707725535501,-0.004317797234635481,-0.004738505659629395,-0.004370125517548968,-0.005743411242199397,-0.005067488142999323,-0.003464618481176557,-0.005866250075509685,-0.004797315771907748,-0.004451422219277344,-0.004324205027693013,-0.0050778611706678075,-0.004735269611306053,-0.003039760914735591,-0.004461998028794227,-0.0038111834367342426,-0.012742282922430077,-0.00452615191951036,-0.004457732874739528,-0.004580219590733119,-0.004192232187609653,-0.004677076010378068,-0.0036399325870858125,-0.0051335395314201565,-0.004501708901603294,-0.0029212212991681936,-0.004684306079039488,-0.004560150079736847,-0.0024263647571057465,-0.006150451682538978,0.0001776666926880579,-0.004957331948602484,-0.004812527018578566,-0.003137408466051036
stdev_anxiety,0.0008246295360893295,0.0009182987680900947,0.0005586132286921411,0.0006520704194976391,0.002016228084312852,-0.0029365444305397836,0.0016201437707645296,0.0004622852973192697,-0.0008949056133079796,-0.0014784269802449162,-0.0023552746356196854,0.0006285660406793857,0.0005067844316277367,-0.0006961184166275215,0.0007604136298086615,0.0003974631762882312,0.0016101229223261342,0.002857883403518921,0.0018778299857775283,0.0016432934603793784,0.0004996997669627834,0.0010296872082117391,0.0007148294153523811,0.0008339557048959202,0.0008055778795796522,0.0014624506704507372,0.0007693616956613199,0.0009457828131063653,0.0007692209113470232,0.0009698307421524667,0.004724748759642417,0.0005756255650718025,0.0014782453216343411,-0.0024048101911706334,0.0008137440561172939,0.0008412945353549897,-0.0014382399018165572,0.002625531469963329,0.004490262770433808,0.0027665944350334136,0.0006495887546741188,0.0007601562668360339,0.0005413548049868055,0.004232115050741416,0.00046745582622858845,0.002830025533983146,0.00036522575519096385,0.000522081564857944,0.0008118482272263796,-0.00022649077636478603,-0.0003996836430424566,0.000682325704695114,0.0008725522216288797,0.000570249032068532,0.000747150944298506,0.0022725866445982915,0.0011577749391234694,-0.0010835112821080788,0.0007699234408879499,0.0023313678953733067,0.002025252769975316,6.339739250616622e-05,0.0007140514175058635,0.00058964205490427,-0.00011078446368017591,0.0003946437025590544,0.0007812167995411099,0.0010292217463943945,0.0005411937404624333,0.0006246163879249905,0.000142136369639812,0.00038295658566928417,0.00028685534336943264,-0.0013132680533496418,0.0003301526669132644,0.0007016324439698598,0.00539164656996971,-0.00038261430775371735,0.0011934108665809448,-0.0046404938923117756,0.00048546555224886385,0.0007147363542173079,0.0025272022088655925,0.0006717628919457952,0.0008287637053784169,0.0014073583848801677,0.0008649468606217858,0.0058022306426554265,0.002374143363828258,0.00125994337269954,0.0006879118259306306,0.0005726427811997021,0.00609638774566808,0.0005897191074031843,0.0028558744759553632,0.0007646336834654125,-0.0005365566368090852,0.0006254887690437501,0.0007238166000406313,0.0009826484602726455,0.0009517959408369553,0.0008147904110589414,-0.0002554706059714907,-0.00010345728365176651,0.0018518594201338374,0.002879912589579455,0.0008533998407405921,0.00014315463714733093,0.003303618802249127,-0.0008583188228661271,-0.000413512881900612,-0.0006954063050844481,0.0007567410269544881,0.0012968090362639323,0.0013375249538993697,0.0022534121317845553,0.0005963160988073065,0.0001149413017526935,-0.0005944874375337604,0.0003561662229358206,0.00019521896638921912,0.0005666691638359098,0.0010527760714318943,-0.0005439970407911682,0.00076983708131093,-0.0004961815149082827,0.0005567923172012787,0.0007405723839047909,-0.001512735953865584,0.0011541402252673652,8.19276234157399e-05,0.0010242178612536595,0.0008022623453372516,0.002772043868153322,-0.008670987679505086,0.0024383785074088456,0.0006895173733005621,-0.00025569308270455195,0.0016100809392083741,0.0010500767540052528,0.0009396717833514119,0.001182318342931977,0.0007311762208163011,0.0016381862941370097,0.0007337145622618437,-0.0013268356322001396,0.002676556482161663,0.0003448526402802486,0.006249104684284217,0.0004246870988449808,0.0009918200261239962,0.00511353165374147
min_anxiety,0.0,0.0,0.0,0.0,0.0,0.0,0.0,0.0,0.0,0.0,0.0,0.0,0.0,0.0,0.0,0.0,0.0,0.0,0.0,0.0,0.0,0.0,0.0,0.0,0.0,0.0,0.0,0.0,0.0,0.0,0.0,0.0,0.0,0.0,0.0,0.0,0.0,0.0,0.0,0.0,0.0,0.0,0.0,0.0,0.0,0.0,0.0,0.0,0.0,0.0,0.0,0.0,0.0,0.0,0.0,0.0,0.0,0.0,0.0,0.0,0.0,0.0,0.0,0.0,0.0,0.0,0.0,0.0,0.0,0.0,0.0,0.0,0.0,0.0,0.0,0.0,0.0,0.0,0.0,0.0,0.0,0.0,0.0,0.0,0.0,0.0,0.0,0.0,0.0,0.0,0.0,0.0,0.0,0.0,0.0,0.0,0.0,0.0,0.0,0.0,0.0,0.0,0.0,0.0,0.0,0.0,0.0,0.0,0.0,0.0,0.0,0.0,0.0,0.0,0.0,0.0,0.0,0.0,0.0,0.0,0.0,0.0,0.0,0.0,0.0,0.0,0.0,0.0,0.0,0.0,0.0,0.0,0.0,0.0,0.0,0.0,0.0,0.0,0.0,0.0,0.0,0.0,0.0,0.0,0.0,0.0,0.0,0.0,0.0,0.0,0.0,0.0
max_anxiety,0.016182617495443124,0.01651761627781472,0.01596746090728643,0.016414218953700575,0.018369330050098866,0.008093071237497244,0.01656736636819608,0.016645366262845455,0.01400393605885721,0.012944984405423023,0.012615949221919581,0.016958577522562426,0.0155591086922145,0.007799648709130033,0.016013175856929112,0.01641650679561784,0.016709026465620547,0.015815016706336584,0.018427066114515833,0.017154599224296577,0.015720888297134444,0.016879675121614923,0.016254491489598816,0.015537125873547013,0.01623682829030146,0.01761047820780159,0.014996188609475903,0.016405173415421394,0.01715812524582542,0.016137892439860406,0.022819009530079717,0.016378451784351558,0.01508158382478364,0.013420820913104908,0.016070744503306943,0.01666362207248688,0.006144215924246629,0.017762393386056043,0.023027038712230087,0.016715072073999422,0.016128564956010172,0.017161181189534164,0.015970735563102717,0.01971451730559615,0.02149251895020053,0.02037076778650765,0.015734916789234794,0.015911664224325363,0.0160657344150012,0.00855696789822828,0.015522307806574862,0.016085767926110793,0.01660359604745404,0.014494220627434775,0.016877093921918888,0.01554219059980357,0.01671097790017298,0.011563159745039756,0.016789980270054825,0.017133328241563283,0.01832360962602223,0.015173009471620182,0.016065128098651037,0.015918785560701844,0.012982495329209896,0.015797545242483797,0.01680424726624584,0.01683090911210411,0.014318865112990149,0.01586757806692448,0.01601926999153895,0.01620076477163859,0.015334636479090153,0.013999489906124016,0.01568099851292587,0.01586503086813274,0.023054935577872904,0.01603251150243723,0.01742535084997286,0.007067332470682278,0.015321544264194471,0.0162485106299712,0.015656118780565664,0.015898796854180858,0.016696232260625513,0.013150856117694343,0.01607524463105312,0.014167794081179727,0.01808417570866326,0.016150050530934934,0.01631253737114098,0.01502065266440393,0.023683209535447048,0.015323254000394377,0.018198501052987676,0.016097793574072036,0.012654905758866686,0.016043624829203622,0.015587130788451892,0.01574131513544456,0.01693356517766756,0.016138249902868357,0.015360468229625451,0.015654600198080043,0.01647875252936474,0.018258777765594605,0.016778300192413526,0.014829547316901283,0.016793441839063297,0.015076320132011045,0.015187101925021136,0.014253069771064329,0.01625647930246432,0.017283540698275056,0.01273641627663409,0.01710979409490552,0.01634588869019156,0.015214378454718295,0.014880306801662723,0.015637546175228015,0.01566578016999852,0.015732629957184288,0.017959145646754424,0.01402211019531431,0.015250770421535876,0.015109534429535491,0.016165851269392566,0.01625810164360111,0.01145564626382923,0.017408427605856765,0.01536895314346752,0.015799352646105796,0.016230805667054888,0.018472404487109274,0.008650350108641777,0.01928184920208838,0.016097846394617213,0.014614626598488927,0.017078814871544078,0.016728248310949642,0.015914743962764603,0.01792040530490455,0.016111042943851742,0.016795561371592146,0.0162383521428278,0.013100323733584995,0.01635169152234111,0.016762780319139553,0.021336252183195296,0.015928259006025864,0.016988403750416742,0.02004783746952942
average_third_person,-0.016343763931837917,-0.015944055346649957,-0.015965689182946486,-0.016344112862808582,-0.015054504496110396,-0.023086277511732405,-0.016311783638691388,-0.017006768439975777,-0.017700248007611396,-0.016716027089123665,-0.019578754746428464,-0.015119344400156852,-0.016467124881271337,-0.0072913167813117566,-0.017421275169188892,-0.016374637834446516,-0.023622027844186013,-0.00764542460816883,-0.012286250638660552,0.00581778935270294,-0.017102856438992647,-0.016366214848783315,-0.016425185264635045,-0.01754121033522077,-0.01618087078651574,-0.016434966612002347,-0.018848717169409366,-0.016525606844615112,-0.016458599682362206,-0.016866031312784434,-0.013414845269959983,-0.016813218747675204,-0.014733379925649933,-0.01846052834869432,-0.01595792931842481,-0.016883471840988675,-0.013704506817877016,-0.017532457192144798,-0.013905355074294837,-0.015867814000433442,-0.016292360044301457,-0.014703188879307355,-0.016411536023365234,-0.016868611586390865,-0.013411152511659105,-0.013867383244939236,-0.01629555972598861,-0.01629633393069867,-0.01920652856801061,-0.0046427534245969595,-0.016167837417753194,-0.016345884824609632,-0.016288113071440867,-0.017834717459624366,-0.01062628891439536,-0.017831401716045723,-0.010622866999152695,-0.016894811475413937,-0.01707932386810198,-0.019102026857905647,-0.015948081148151137,-0.015933106904495287,-0.016256076055561806,-0.016418620073720407,-0.009616809001697518,-0.01681070921833145,-0.016784628866707663,-0.01640375943220959,-0.018178442424429894,-0.016337971981419716,-0.017221423234818387,-0.01921042152924201,-0.015580634896041293,-0.016072899162009657,-0.015619968946293127,-0.016050615413682717,-0.016198312415464586,-0.015335326597332222,-0.015834875653397095,-0.021289474933930422,-0.01296510362127279,-0.017094035733322854,-0.013848960847466688,-0.01591990455332047,-0.01710949233916142,-0.01548281498816612,-0.016373433266394198,-0.013206706805065341,-0.01543445575644362,-0.018727404048366373,-0.016270301486828627,-0.01718669734460121,-0.017639795793745593,-0.013352258220649704,-0.014933397639753683,-0.016452259491444163,-0.015086111364914688,-0.016354956395133156,-0.01643390856273181,-0.014342632335615394,-0.0159830477464018,-0.015987920838831042,-0.018332196098034728,-0.016473498752905907,-0.014300112007847827,-0.016732671268396074,-0.017138531953148527,-0.01621983048335201,-0.010860675751750396,-0.014481540427249993,-0.015827498023593393,-0.018921765822504797,-0.016475943354842326,-0.014201615910831548,-0.018569606895924545,-0.012910738364281572,-0.01646897619467995,-0.016706962165180854,-0.015780897859951806,-0.015476453483218487,-0.016485383099980894,-0.016211584406935948,-0.01631927708758725,-0.017522539385998338,-0.0169332858673738,-0.01600385375081352,-0.016143781525740412,-0.01659502881759046,-0.014216036727120317,-0.015893228290171823,-0.016664612958376,-0.016601970836156287,-0.016009833825515997,-0.01607123182650893,-0.018411085189195993,-0.016117263878341757,-0.016337544138366945,-0.016845918935018907,-0.014243401108894592,-0.016546421809844336,-0.015733870983532284,-0.015978187512738624,-0.015303830929180355,-0.015160648772811522,-0.016259449280006454,-0.01711124630302266,-0.012649620223908548,-0.016056006018474553,-0.01651109806134772,-0.01702505315968842,-0.016590658267088918,-0.011422261516723542
stdev_third_person,0.0038082310576149376,0.0038286092973100453,0.004027358030567708,0.0037263814710235756,0.0040435251131534875,0.0015762754690544756,0.003698162185113648,0.0033421545689849156,0.0030384573167207066,0.0034719360561449495,0.0016885378901326017,0.00413322419562221,0.003953153034014251,0.008575484550585329,0.002991465789139397,0.003881217288433172,0.0003493650019374857,0.009762368235119388,0.003956831461563301,0.012659927043190668,0.0034050429371879146,0.004053374670443786,0.003937607622486233,0.0029667231151985786,0.003988713671166775,0.004861608930758632,0.0024736783747509664,0.003797289058862116,0.0035166395501257646,0.003656508216129414,0.0031131687820879265,0.0033724709338510002,0.0054291521232604,0.002664081513566378,0.004084101330010767,0.003897525481528889,0.005092221244055497,0.0028011931485258,0.005157876053105196,0.0043469936103133775,0.004092170524171605,0.0038420461280918913,0.0037156461495967763,0.003479673970066098,0.004398860172542285,0.0038594729377387903,0.003466617076482179,0.003600409867323237,0.003403708977139607,0.006084547912738922,0.004536143746935083,0.003816162528960628,0.0038245385899692676,0.003725884037287532,0.006153493772021629,0.0031821903250832118,0.00524635162993839,0.004145498226627764,0.0033159591213060965,0.00285010650247891,0.003859459264574018,0.003888586816881033,0.0037986513892237644,0.003751811630549458,0.007837177709307098,0.0034814589461743214,0.0037020127491559853,0.0038635757980392035,0.003380422752556674,0.00389034372244906,0.0034400596729793178,0.0008635066269039498,0.003948403732791765,0.0034573469282332355,0.003942616854870408,0.003942953861860559,0.0035408091512165924,0.0041762185195221855,0.004003186310287057,0.003162108288472197,0.004975534386838563,0.0037216704519909593,0.0049720550916785185,0.004020587824138523,0.003500828630600157,0.0033781105060513984,0.0035866309408392892,0.004612112115999175,0.004325091029123993,0.0028330588167954454,0.005144647395810508,0.00039366388599806554,0.0022683748788641734,0.005229711348970902,0.004265415121029737,0.003752869759556393,0.003951983856347568,0.0038398204526548354,0.0038565312570722978,0.004364693740748143,0.0035756720376215754,0.003975177163775643,0.0016389978155709607,0.003721897840564642,0.004687303778476756,0.0038565561837546067,0.0032546106855394063,0.0051505467187446365,0.005174863420505765,0.0035994847257600306,0.003519030832432003,0.0031262466067485516,0.0038961490179159116,0.0033801621714245477,0.0025735955637022933,0.004468654457135764,0.0036567079456369333,0.0035802354894646417,0.004044407182727976,0.004238801207905546,0.003806089212112031,0.003856172267414293,0.003481747512382955,0.004103017844674851,0.0028286499066893407,0.003176817344906298,0.003869325457420328,0.0036684861298104192,0.004265560479886185,0.0037310675427993847,0.003766073404308605,0.0034829364004105197,0.003968708708908548,0.004377818496845881,0.001693486412790447,0.0040044776405488095,0.003814601476135017,0.0036505977411933534,0.004579534033822016,0.0037775814678259866,0.00431438133757318,0.0036853433700518743,0.004055806769779497,0.005501799331449534,0.003987240464765459,0.0036571676546212585,0.0024335603772050866,0.0045671848435278155,0.0036641406131307014,0.003505593286737289,0.0038236831645708873,0.0048747511167091025
min_third_person,0.0,0.0,0.0,0.0,0.0,0.0,0.0,0.0,0.0,0.0,0.0,0.0,0.0,0.0,0.0,0.0,0.0,0.0,0.0,0.0,0.0,0.0,0.0,0.0,0.0,0.0,0.0,0.0,0.0,0.0,0.0,0.0,0.0,0.0,0.0,0.0,0.0,0.0,0.0,0.0,0.0,0.0,0.0,0.0,0.0,0.0,0.0,0.0,0.0,0.0,0.0,0.0,0.0,0.0,0.0,0.0,0.0,0.0,0.0,0.0,0.0,0.0,0.0,0.0,0.0,0.0,0.0,0.0,0.0,0.0,0.0,0.0,0.0,0.0,0.0,0.0,0.0,0.0,0.0,0.0,0.0,0.0,0.0,0.0,0.0,0.0,0.0,0.0,0.0,0.0,0.0,0.0,0.0,0.0,0.0,0.0,0.0,0.0,0.0,0.0,0.0,0.0,0.0,0.0,0.0,0.0,0.0,0.0,0.0,0.0,0.0,0.0,0.0,0.0,0.0,0.0,0.0,0.0,0.0,0.0,0.0,0.0,0.0,0.0,0.0,0.0,0.0,0.0,0.0,0.0,0.0,0.0,0.0,0.0,0.0,0.0,0.0,0.0,0.0,0.0,0.0,0.0,0.0,0.0,0.0,0.0,0.0,0.0,0.0,0.0,0.0,0.0
max_third_person,0.025194668403190842,0.02507024819456761,0.02535931395775697,0.025162541907318283,0.024817969630935983,0.028582460590179132,0.025195362187245607,0.02514615417437447,0.025077826356687247,0.02478626193835866,0.02418426587785366,0.025056321625953094,0.02550945087630327,0.021333565265588928,0.024787659998214348,0.025557318860346224,0.02511901130482688,0.027935015937127994,0.02204921512083164,0.022264113031702514,0.025284454808283313,0.02598209046942255,0.02557457268551437,0.024837397129484566,0.0254665395816396,0.027172059552879994,0.02436576170924931,0.02537323787218423,0.025107865967129016,0.025547145859527814,0.02343716442195609,0.025067585174704116,0.026204674182012486,0.025573385505443018,0.02546263911663407,0.02601627990308178,0.024516568396727136,0.024021888156294396,0.025142962157426032,0.0257574029806969,0.02586534605005876,0.02477473624307505,0.02519717921750919,0.025123223930181838,0.023771281688544154,0.02361061695321642,0.024573339960936247,0.024853391950014115,0.027090968726500353,0.014087622920329779,0.026459550927646572,0.025296649203289365,0.025363458698533573,0.02572689747716549,0.024747137397159304,0.025607113593676813,0.021547444148636456,0.026186464837229154,0.025206665381912463,0.026750235296617225,0.025144677990597414,0.024952596477961636,0.025137296291346596,0.025267006398825103,0.025607018826093706,0.025118980900205028,0.02545262915069626,0.0254148426224627,0.026298909062529973,0.025469714232565808,0.02539295128311294,0.02317023174338017,0.024976428051732166,0.024659538927178766,0.02489203604059034,0.025141604907062638,0.02348194037176807,0.025220266381496444,0.025381869084262574,0.027486634092341644,0.0241110608920916,0.02585097155475569,0.024622801222624936,0.025219489846720677,0.025422288798347514,0.02342386934225265,0.024912708510140012,0.023278537650557415,0.025460932876134212,0.02531690600830503,0.02701536993247241,0.021173250598644913,0.022907405954247163,0.024879999762344358,0.024775796804611276,0.025285654765616113,0.02476106483523062,0.025349702438256135,0.02547756790113234,0.024398430323787045,0.024505663688951605,0.025210998062710065,0.022646747063795696,0.025386742881592636,0.024908317305436092,0.02607599206210927,0.025018202436807996,0.027505959314385414,0.020920053550791896,0.02408741229448282,0.02470639972376439,0.02635015654100583,0.025575262118816423,0.022809674271651422,0.02543872293288421,0.022219010163650427,0.025055978355007308,0.025269621590643068,0.025196010444936974,0.024915244821569572,0.025397134778569627,0.025138936785176202,0.0251781371513926,0.027004144981719165,0.02383795038957384,0.02394079059484027,0.025185051244149857,0.025265820409462462,0.023748944160615182,0.025119139735951663,0.025456856294631163,0.025292124216495883,0.025280096552558088,0.025813860075646886,0.02358132528216171,0.025383864159414366,0.025294810303904625,0.02522785458369468,0.024470945125612126,0.025310713484848778,0.025793932539571126,0.025504861015547598,0.024747297253742178,0.02771603008692114,0.025347230784299554,0.0257831234562822,0.0181488082886449,0.026267105666576574,0.02487597267592486,0.02525501105007453,0.025487595407297878,0.022150864952000977
average_negation,0.0020773494605519664,0.002190198790826335,0.001826824595014361,0.002128201530090963,0.0013335964181915728,-0.0019165629823015744,-0.0003853312048419577,0.0006711206525466485,0.00230964134386239,0.0009354439311549945,0.005176259236894319,0.002128531889694925,0.0024438789125022353,0.0016687293050363268,0.0008470225347627031,0.002397832513340326,8.590811715822322e-06,0.0018608544154072627,-0.0004417360214686106,0.0048532085114924494,0.0019192577417599319,0.0012636282101814783,0.0003670450606782548,0.0005494937199236362,0.0018656290970538586,0.0012544256304092248,0.0040272776765825045,0.001917255269127418,0.0007941845359759037,0.006665939670366843,0.005696036276069594,0.0020540864276156973,-0.001484196510250826,0.004939279952591768,0.0022180519519063415,0.0034993714455107475,-0.0008500258724685635,-0.0015136348892851401,-0.00014798161383004554,0.002297712306577271,0.0034117186090747327,-0.0025918509091971123,0.0016068362427703927,0.0030223948695292458,0.001246432523552438,0.0031281080053449754,0.0012300362023633864,0.0025141969148813658,0.0011014644156986638,0.002158422022692677,0.00238932894732688,0.0020535346252177813,0.0019024520957598478,0.0017289351423402386,0.00441265120122159,-0.0006341764570883539,0.0032203203462743326,0.002256502687049586,0.002128318799918829,0.0018544632901912337,0.003093849956137536,0.0028354541629655094,0.0021427128850561644,0.002175599486928685,-0.0011325184484731379,0.002057169358081229,0.0014006010529906054,0.0019160447375659896,-0.001980142587852565,0.0024738206342005374,0.0026781429335655856,0.002574507633605121,0.001325239502925105,0.002663377168323635,0.002181091185926018,0.002466100641100602,0.0035775443738801866,0.003523727783090117,0.003739691057623066,0.005649251098914555,0.0019372607775470473,0.0024124621731520827,0.0029000680558528306,0.0018738192657378966,0.0019923237742811776,-0.004593602588967002,0.0015085762678441767,0.0016861207786980628,0.0021494230610054474,0.0013214398384557733,0.0023046039478566817,0.014791243870064634,0.0016891774493834905,-0.0023527084537098633,0.0018693186949819201,0.002148121791170703,0.002683073731357084,0.002171282127156256,-0.0009190177337911757,0.0011723035585842687,0.0035337823961545355,0.002813569286362839,0.003644502939655633,0.0008375288880388566,0.0019178236618304836,0.008342662816094474,0.002129787777171584,0.0014508961268954648,0.004535008637870687,-4.442313040484494e-06,-0.0013482118026836055,0.00549472920000203,0.0019659724486002375,0.002515819042085958,0.0011788559264269962,0.0034866909324015507,0.0007006453494158345,0.0018880487791489405,0.00544550504395993,0.004497567147971225,0.0022854897827388008,0.0020042773386497953,0.0041534973814967594,0.0003797422464275821,0.0021422845073058583,0.0020360699117503408,0.0019106717799595467,0.0019936318220140164,0.0006216598494670931,0.0032968327984633236,0.0021175541676850557,0.0012170096995807065,0.002024478346116564,-0.0013385168690931426,0.006160694101274136,0.001762227689889052,0.0020885750782636487,0.00013709125045147878,0.002250490561948694,0.0014273944172899216,0.0016665813271493192,0.0019677378030807805,0.0017555911266349169,-0.002381668726854215,0.0012421523110544728,-0.0005245988852604659,0.008216892585073323,0.0030959759218332165,-0.003534537423489406,0.0007911594830898247,0.0020218646467415717,0.0033192821143152003
stdev_negation,-0.00499796534862356,-0.00585954935728766,-0.0059371057559913475,-0.0046368415706733845,-0.006662993358633792,-0.0004664527449989445,-0.008465594778818575,-0.004999448903579532,-0.0036950368601154854,-0.004273713426480137,-0.004256310809494597,-0.007771432299321543,-0.005596645486075861,-0.01745927334773554,-0.003674104788042424,-0.005465112158538089,-0.009218175224885035,-0.0010710005722455885,-0.012397876538921474,-0.0056006560618073,-0.005755811438888266,-0.006137138000462255,-0.007303635083519958,-0.005759788364343772,-0.004907890736675224,-0.004251187696266038,-0.008055100544325785,-0.006231389091704273,-0.008407638242201814,-0.0023745484843495247,0.0011339697922031385,-0.004633105456607237,-0.00476230271758845,-0.00128481240982606,-0.00538262135012816,-0.003971791759628996,-0.008569650101234332,-0.0032773008474933025,0.00013248296264767485,-0.0036221838589927443,-0.004561076248291008,-0.011982363545722064,-0.004983442616708772,-0.007343174737613124,-0.0073831438730906,-0.004834563302035969,-0.005769909212383978,-0.00560707709966724,-0.01007940216046942,-0.007211232063269825,-0.004421542398774103,-0.005352500286315599,-0.004828359281371973,-0.0022900458089441626,-0.003947839395655191,-0.003499278672981795,-0.010789417104570183,-0.0044244214778757385,-0.0032389792359465083,-0.005255258957770833,-0.004963383597983916,-0.004704592522789878,-0.005247733473431763,-0.005298780982623494,-0.007852762439692499,-0.0055970327439119096,-0.007940175278471984,-0.005284576940267905,-0.00727246527379073,-0.0051742987759692965,-0.004197649735888065,-0.005329493363413616,-0.006381508697616745,-0.004061383968500663,-0.005597485622279071,-0.005195470998595304,-0.005178570343685535,-0.003998371106606854,-0.0028085561330167402,-0.004853523437080882,-0.007518675816752987,-0.0053959668164140495,-0.004157786037660073,-0.005358374208814699,-0.005055635713535042,-0.007281501354295672,-0.005655560030362283,-0.006129639663202735,-0.004900332406493379,-0.0032741372496835723,-0.006613125818239703,0.005997602601961029,-0.0023891443282070997,-0.006216072345396192,-0.0062127264849477625,-0.005031711852971637,-0.007253780061276056,-0.005257458598169128,-0.005085539549506786,-0.00439159761510876,-0.0048494289030346065,-0.004823035579572217,-0.006662317440322368,-0.004566524961640506,-0.005983869794832168,-0.006607028024484093,-0.004135964406499393,-0.0045884401020587755,0.0033682848648959735,-0.005467845361894357,-0.010030242785674588,-0.004737154635432554,-0.005016044438659167,-0.00531379854895536,-0.0022988286442990084,0.0013112711310635083,-0.007229146364695941,-0.00648160507835048,-0.0037574116087954676,-0.0035014839642174833,-0.004928030124228136,-0.005018300899527603,-0.007098784103725617,-0.00531121931808897,-0.004662807038773089,-0.004502274524815882,-0.005609924932875696,-0.005887503402856469,-0.0030749555655278735,-0.007864452108708467,-0.00535069620575954,9.705236970198976e-05,-0.005351411841375166,-0.006409278880428741,-0.0058157521761710365,-0.0016893176108363477,-0.005376051560304311,-0.006535004616258883,-0.00782982825007268,-0.006561585780253627,-0.004235289052494753,-0.007841454187099257,-0.005286026644765716,0.0014481181021859385,-0.004960303914106184,-0.008538420579125662,-0.005934200505242515,-0.007956234400002666,-0.0020135109310610994,-0.006296378044339291,-0.004722950923129176,-0.006943420292698958
min_negation,0.0,0.0,0.0,0.0,0.0,0.0,0.0,0.0,0.0,0.0,0.0,0.0,0.0,0.0,0.0,0.0,0.0,0.0,0.0,0.0,0.0,0.0,0.0,0.0,0.0,0.0,0.0,0.0,0.0,0.0,0.0,0.0,0.0,0.0,0.0,0.0,0.0,0.0,0.0,0.0,0.0,0.0,0.0,0.0,0.0,0.0,0.0,0.0,0.0,0.0,0.0,0.0,0.0,0.0,0.0,0.0,0.0,0.0,0.0,0.0,0.0,0.0,0.0,0.0,0.0,0.0,0.0,0.0,0.0,0.0,0.0,0.0,0.0,0.0,0.0,0.0,0.0,0.0,0.0,0.0,0.0,0.0,0.0,0.0,0.0,0.0,0.0,0.0,0.0,0.0,0.0,0.0,0.0,0.0,0.0,0.0,0.0,0.0,0.0,0.0,0.0,0.0,0.0,0.0,0.0,0.0,0.0,0.0,0.0,0.0,0.0,0.0,0.0,0.0,0.0,0.0,0.0,0.0,0.0,0.0,0.0,0.0,0.0,0.0,0.0,0.0,0.0,0.0,0.0,0.0,0.0,0.0,0.0,0.0,0.0,0.0,0.0,0.0,0.0,0.0,0.0,0.0,0.0,0.0,0.0,0.0,0.0,0.0,0.0,0.0,0.0,0.0
max_negation,-0.02595694326738053,-0.026398428399992888,-0.026845699298454463,-0.025162295328739703,-0.02687393982378252,-0.016433783171058754,-0.02734275372871029,-0.023244889418462616,-0.02385387786303555,-0.024981358532436476,-0.026783970140473696,-0.028361716196769925,-0.02687306534016143,-0.03641306967301623,-0.025576816542963607,-0.0269333909202588,-0.028321751945272894,-0.01988352895603169,-0.027919757137430355,-0.02585495765916982,-0.02661113640441575,-0.026541256644580586,-0.027023965305834462,-0.026011962547068036,-0.026564949412631492,-0.020806035121128632,-0.02883120864329792,-0.026877715671752747,-0.026767227373401085,-0.02711704674001627,-0.022238236931560684,-0.02530225791719196,-0.023373663172381702,-0.02441619510744712,-0.026573032997609998,-0.023922364615754886,-0.029870090927192894,-0.025183140476830998,-0.013828672254111905,-0.024391630696447335,-0.024436232174897706,-0.027673138020928016,-0.026227107588404387,-0.03232916433145649,-0.027393868505408064,-0.023305692028915793,-0.02559309956685277,-0.026364320829944162,-0.029223892658471223,-0.025102797814475414,-0.025898470440540455,-0.02624827009423103,-0.02524194054853098,-0.023986230122872633,-0.02530615748640835,-0.024863563520519865,-0.02446968899460086,-0.026935397278440458,-0.024810886490006897,-0.03015285612343414,-0.026541758190095337,-0.02584961921061694,-0.026526161516483335,-0.026250958387755298,-0.02896031549450943,-0.026525064706720128,-0.02951842187352889,-0.027032023014010854,-0.023315010373271716,-0.026188672140074185,-0.02580724616443378,-0.026915694865541698,-0.026630877071754162,-0.026130339606068507,-0.026938214888084816,-0.02657927377607889,-0.021283373793526985,-0.024644311580958568,-0.023990367672786266,-0.02342623123217493,-0.030928022385926512,-0.026918584995358517,-0.026244863287150463,-0.025943059045880994,-0.02787336468697832,-0.02268512246281259,-0.02612652371769499,-0.024897877969063422,-0.025141126001213366,-0.019745613488130184,-0.026506157987666507,-0.02556166634907306,-0.019436620855337903,-0.02254845363456697,-0.028872863625030575,-0.025956695261624255,-0.027342553262980015,-0.026232139622987503,-0.02715652550791889,-0.02304396101969666,-0.02536107839465946,-0.025360969785226395,-0.03010084447532487,-0.02298752659397897,-0.025865837691098,-0.029046992800262995,-0.024221668260264374,-0.022695220442003665,-0.01674111969024089,-0.02480659215440774,-0.029128805095309174,-0.027281283236570066,-0.025599271862674893,-0.02599180632941076,-0.019529371540517496,-0.020008007290677164,-0.027429534341472023,-0.027483623346045087,-0.025826409065196107,-0.02548250843799666,-0.0258344386276342,-0.02563335671814937,-0.030927426950154293,-0.027783091812087234,-0.026760119456666724,-0.02405385123590421,-0.026553991416006926,-0.026878902039424276,-0.023835115831299127,-0.030749027602421167,-0.026223464895320455,-0.017995582534523966,-0.026313076871488907,-0.02394289647793131,-0.031444067622856224,-0.020271412339938483,-0.026380240550165447,-0.027665089119672928,-0.027820381986405466,-0.02740412109052963,-0.02644522234202875,-0.026490937394936374,-0.02513008280207775,-0.01845639243464126,-0.02566203483090789,-0.027564635837197555,-0.029235975646405378,-0.02907655623150141,-0.020459144360074705,-0.02692990673311649,-0.026557365758716013,-0.02571131918019911
average_swear,0.010716088681902661,0.009873273806050282,0.010898819855045655,0.010284740503435152,0.012099054364600355,0.013588223201166849,0.01243522151356001,0.009640972556898579,0.008831248530700624,0.01310143457024295,0.010601713466147702,0.007129154175724191,0.01007673204563524,0.011746337480213831,0.016013886744288337,0.010675793523651425,0.009309057578540038,0.011527880364691226,0.014365172188956752,0.010701892302446845,0.010448899695025092,0.010521706185666483,0.008279079526099055,0.011113490921545644,0.010837279323530093,0.013015809434276212,0.01256867233486264,0.010990126006357707,0.01126644463095855,0.01015471662361461,0.006072278121982244,0.011341226872231353,0.004087859062813158,0.011400525654456551,0.009668172933249966,0.011879193314996294,0.007390540440098392,0.010069742481155252,0.01786477611685349,0.008836873735453433,0.00946502105226158,0.01001384731747821,0.010563098801181444,0.0057806640192645045,0.012218341250911119,0.011777684442551149,0.01144383410523706,0.010515375001541573,0.015457379397506764,0.010616216635329372,0.010569046279991402,0.010605763627973025,0.01102283188442631,0.006700231765252555,0.011088893201318695,0.009191277220350139,0.013017435347309007,0.009697578275204835,0.010636580787284728,0.010737293762171762,0.009593924209961347,0.008324593194219403,0.010645024525607566,0.010568441096870723,0.001685113138293861,0.013359847547258788,0.013504345023222203,0.01053373708566448,0.010316658828462224,0.01068473910860594,0.010386795394275705,0.010620173016459363,0.010630704459956376,0.010480541150595145,0.011060002774753462,0.010638132354289112,0.010266583811557106,0.01085155472502617,0.011696200101694781,-0.0013598669644473167,0.007424055434416248,0.01044263497842989,0.00914351235314256,0.010193847813645107,0.01021059762420175,0.003916646257173896,0.01055571325284136,0.007037954167301023,0.010836533638638221,0.009097779100409185,0.011488801310845691,0.0029393873392242822,0.01171018205181059,0.00993801592397539,0.010068006190333496,0.01045344610033738,0.011086973697886787,0.010594284077740641,0.00877468768358477,0.013553962638845075,0.010957450909033687,0.010996126055773917,0.007207422401004759,0.010423002755763954,0.010035487189283905,0.007684013598829384,0.01115857320628134,0.007271132274285077,0.006072669813635618,0.011573113481184349,0.009772658324568903,0.011086698590182268,0.010865403799819606,0.010602023938142522,0.009020495269982977,0.008229047894756399,0.010059513409580145,0.010050835124992573,0.009796774634777496,0.009517103881727716,0.010416456153848294,0.010597572599934414,0.013547738260243134,0.008887210570159875,0.009187530918447241,0.011668999945670992,0.010584398663694485,0.010279342675515741,0.015643469277129847,0.0116731226227934,0.010007666508269758,0.014007568284345526,0.01027185907610477,0.009748315340287632,0.010038251104750682,0.010237591550195567,0.010595800387348725,0.008702080894267423,0.011330270346064795,0.011004004545814398,0.00860228450420813,0.009380117946100074,0.010051525170922481,0.007583400064228873,0.010493729685250352,0.006774920373359041,0.01407304294350537,0.013615115416877882,0.010360113023376262,0.010781650439052371,0.011303951117136002,0.009689479920218465
stdev_swear,0.014360490381379251,0.013834655602785626,0.014110354596435818,0.013332564789892535,0.01683007648743392,0.013674367478171677,0.014999168724958592,0.013902245254363167,0.012048677505797849,0.01603264841944653,0.011463788958561006,0.012649690192590072,0.014168806780454025,0.01423053828389178,0.012840695668449236,0.013952613099906556,0.014777434844864164,0.015132534931452009,0.020708653388740214,0.012235719347229081,0.014338178340364223,0.013578543712102478,0.01411795291520399,0.012170810737306111,0.013657238939329618,0.01280725998565214,0.014883388151888468,0.01530742196336704,0.01360488073408263,0.014113358145437307,0.009724477795116445,0.013754228710487315,0.013514098021882193,0.013451931793816136,0.012995004599772769,0.015200213834063198,0.017264578979713285,0.01542968087723486,0.01402965123592663,0.015148435356261373,0.015076516447958719,0.01439997801691953,0.013876833723442693,0.014055192857591006,0.013265519300806945,0.01124507104229421,0.01416570926184918,0.01327967846645376,0.017674344086524164,0.016439688511880674,0.015438912666225284,0.014035614543790787,0.014283163588409295,0.011178881938702345,0.01388800218209507,0.011366236811248327,0.01517619466353582,0.013174743562524327,0.013962896047092978,0.01335294094228935,0.012140357823836632,0.013098369448375884,0.013850534294057021,0.013994147417282242,0.004770679783260297,0.016137364976518898,0.01671820085842732,0.013808081612728403,0.011897052086925498,0.013917788884794979,0.013379432318446842,0.012728425448961788,0.013404811584290683,0.014336822569512398,0.014621256225256537,0.013710309382804457,0.018261616861775163,0.015063619181295838,0.01377843973289762,0.004809359105391736,0.014291968823390294,0.014299174541994825,0.015110059706653743,0.014048255360833478,0.01471806940623126,0.010743978414375827,0.014032795325653344,0.008496589804474541,0.012825131818649513,0.015774444735924334,0.015093678828513679,0.011145234479877218,0.013403597503383984,0.013732002032811186,0.013472584896279026,0.01404676921191874,0.009268609635676947,0.014057246384578809,0.013542912362053378,0.010652843785618739,0.015127112419122455,0.013992619113553904,0.00823162330134071,0.014206443335906312,0.015258629910362486,0.015723815479251953,0.013713470195310414,0.013536273145749494,0.012723886223166243,0.01413270953618772,0.016575435419969222,0.01717699597926827,0.013967087903757058,0.013966814927180217,0.013375771949804195,0.01248326815900423,0.013718353236351483,0.014474098484084453,0.01394178573351354,0.014377129472302278,0.013847167495177231,0.014190050959095712,0.01161676185363795,0.012038360083377086,0.013538875427838427,0.013332556634954524,0.014292136669877909,0.014226722293590545,0.01354780919831769,0.009956596582889035,0.01360645981829716,0.012814602801316091,0.01380922304608225,0.015528366035016004,0.009690205715330507,0.014753789285917678,0.014045255542761119,0.013304212427370735,0.01670481828714223,0.01418625688410258,0.01381884135360651,0.013329926995651803,0.01332620075201598,0.013006068779461049,0.01393613990155532,0.01993326318852547,0.015015000346900774,0.017538596324598185,0.01780313880452904,0.013372560235862967,0.015621926328179358,0.01733963184420015
min_swear,0.0,0.0,0.0,0.0,0.0,0.0,0.0,0.0,0.0,0.0,0.0,0.0,0.0,0.0,0.0,0.0,0.0,0.0,0.0,0.0,0.0,0.0,0.0,0.0,0.0,0.0,0.0,0.0,0.0,0.0,0.0,0.0,0.0,0.0,0.0,0.0,0.0,0.0,0.0,0.0,0.0,0.0,0.0,0.0,0.0,0.0,0.0,0.0,0.0,0.0,0.0,0.0,0.0,0.0,0.0,0.0,0.0,0.0,0.0,0.0,0.0,0.0,0.0,0.0,0.0,0.0,0.0,0.0,0.0,0.0,0.0,0.0,0.0,0.0,0.0,0.0,0.0,0.0,0.0,0.0,0.0,0.0,0.0,0.0,0.0,0.0,0.0,0.0,0.0,0.0,0.0,0.0,0.0,0.0,0.0,0.0,0.0,0.0,0.0,0.0,0.0,0.0,0.0,0.0,0.0,0.0,0.0,0.0,0.0,0.0,0.0,0.0,0.0,0.0,0.0,0.0,0.0,0.0,0.0,0.0,0.0,0.0,0.0,0.0,0.0,0.0,0.0,0.0,0.0,0.0,0.0,0.0,0.0,0.0,0.0,0.0,0.0,0.0,0.0,0.0,0.0,0.0,0.0,0.0,0.0,0.0,0.0,0.0,0.0,0.0,0.0,0.0
max_swear,0.01949446265579418,0.019106758548298707,0.018743303254561625,0.017758297465272337,0.021720200904137035,0.015428325494626324,0.018293023441355662,0.018983164611823408,0.017038742218893496,0.02074690909783807,0.015078901506848737,0.019000107173138325,0.01962738529125152,0.017661376749024682,0.013614589416706594,0.018753585657792164,0.021035168086199985,0.018699363280239353,0.026236922914577868,0.015068163675537288,0.019349691763665862,0.017989364416110033,0.020909366720849115,0.015430849273974373,0.018136840204646718,0.014201707106250142,0.01859768975843193,0.02068442630123679,0.017742399253726532,0.019701221024893377,0.01499328543737919,0.017794093114827308,0.02390027582415989,0.01724701519659267,0.01806124666091833,0.01971034162549303,0.02713314984069848,0.021930132740658033,0.015006808455717299,0.02141101848209035,0.021612861397484966,0.018656420755412996,0.018699534117494386,0.022859981843460407,0.016009118141650153,0.01364201808768864,0.0184355707857037,0.017650289663633162,0.021172835072193717,0.024499702756123704,0.02169471320230123,0.018907196144945217,0.01888970488605357,0.017705148543976514,0.017841222422543396,0.016490981154804484,0.01910799315037493,0.018309222793518896,0.01875418341632943,0.01740486150468426,0.015446591318645458,0.018972500631671458,0.01861676273939198,0.018860971209075008,0.0090683971376094,0.02034637360632441,0.02079172575723818,0.01803926120936978,0.014995298310592858,0.018563509030315044,0.01839803095632175,0.016452353635909578,0.01764091308107363,0.01960815154838811,0.019280857180989784,0.01846285996904045,0.026361529977822463,0.020798414924667198,0.017584801441205847,0.012914529312769114,0.021377386533186778,0.01952729299367583,0.021385196204581763,0.019162683734029122,0.02080450410153581,0.018814366990979582,0.018956309711394302,0.01296360630491265,0.01556215590863266,0.023616027717380365,0.02041789247857832,0.01954032947674276,0.01769669552621345,0.01883041123650782,0.01861102463178014,0.019037880032985503,0.010147079257574302,0.01896072551583522,0.019494853974319975,0.010296023356788045,0.02028139305151252,0.0185232148751383,0.012757713895114436,0.019484539857941043,0.021307382907254827,0.022891988375415295,0.018058351174336882,0.020699474248358926,0.02065403733681738,0.01802133957554209,0.02256021669027677,0.023416605886812637,0.018599330823688177,0.018582689226441573,0.019177327168135812,0.018665413665974157,0.018970738977924978,0.019692587260987753,0.019687865220680348,0.02055549491407662,0.018758619328409044,0.01935380456108727,0.011719250303771227,0.016333420757677172,0.019311185491615417,0.015950438673117885,0.019440968712274156,0.019566117617149978,0.014003848258292251,0.009959802139339318,0.018587605096731984,0.014832375731332548,0.018827766948813048,0.022503831582759377,0.011160086692716207,0.019848896652978003,0.018932411940446012,0.019435251282934336,0.022036678700169406,0.0190581013814623,0.019730030939262348,0.018609047071787774,0.018145329623095237,0.020082843008723948,0.01898955115450239,0.030631367717078518,0.01886644472552159,0.02267012817754592,0.025583615288818085,0.017852793679669424,0.02142804054926227,0.024190654413215378
average_death,-0.0009167968697344851,-0.0009982596751720862,-0.0005322002558357554,-0.0010311507223181634,-0.0012548570236203503,0.0024354133126651308,-0.0011758850776725852,-0.0020044666635535453,-0.000831808781956293,-0.0009594375305590035,-0.0014900781068515334,-0.0006913019882769343,-0.0007611499178816795,-0.0012165928610596462,-0.0005077986371965337,-0.0010552874537590375,-0.0026677925097749362,-0.0011127584161208064,0.00029351784971702946,-0.00029168264686165943,-0.0009056736432230088,-0.0006998621883359535,-0.0012301101116677076,-0.0006180321435766759,-0.0008161535552848789,-0.0003213589012273244,-0.0002357955686546013,-0.0009848854002528842,-0.00019735717074316657,-0.0006804075193773684,0.0023491850187297627,-0.0006746239791795786,-0.001618382305940802,-0.0006179455986638337,-0.0010158770423992127,-0.0006533067677134546,0.0012595798757331113,-0.00010728383865597768,-0.0008955859833813598,-0.002125882535715823,-0.0017273400433160686,-0.00022263599431534414,-0.0009615752806145118,0.0002923604556026027,-0.0015558266721320494,0.00015704022336860551,-0.0014326742895457833,-0.000873655801541879,-0.0013646890031471948,-0.0018684663093278368,-0.0011134252878046043,-0.0009282969513357015,-0.0010333324097228647,-0.0012216592934561205,-0.00022051863030276252,-0.0012942260878944251,0.00033053728021925806,-5.6430975218912244e-05,-0.0014012516539755812,-0.001178058286070793,-0.0010082432580043703,-0.0006071897928038739,-0.0009263696479569795,-0.0009334311374625693,-0.00348178477965002,-0.0009279980373532327,-0.001295843759857293,-0.0009427451040342396,-0.00015178108379622357,-0.0009297054584299722,-0.0010067257626438456,-0.0006597712225403785,-0.00046367364861463374,-0.0015209144368424268,-0.000884650281058004,-0.0007893566047019115,0.0004176647258196612,-0.001152474913086116,-0.00044556233473810186,-0.00205402694817919,-5.6545441993826814e-05,-0.0004513716473238012,-0.0003265331610672866,-0.0008058688962018171,-0.0017189114744522952,-0.0019556790753337515,-0.00098380870673174,0.0007117818375970142,-0.000507800031367054,-0.001757807276760415,-0.001584412264686745,0.0007420756935081103,-0.0019567743083093586,-0.002229355696311327,-0.0005740479594173158,-0.0008905285081409475,0.0007179580666467154,-0.0009130662219692803,-0.0013554842501403343,-0.00021356067111057836,-0.000970848185347005,-0.0009422085907551184,0.00010104929553318362,-0.0012575386084051152,-0.0007444021407347953,0.0007714949530597173,-0.0009365203485045947,-0.0006627405043003343,-0.001368910235840952,0.00016529333779060663,-0.0011064195110192711,-0.001155003260861525,-0.0008668094568496376,-0.0007505777042884076,-0.00039751709905971877,-0.0008033510754163996,-0.0005684634670885726,-0.0006942707155916054,-0.0015727139515574768,-0.0009075768533322141,-0.0009705186201371917,-0.0009345510136676161,0.013484177840612423,-0.00019406341637488549,-0.0018873969423298977,-0.0011294262558110557,-0.0008982299966169213,-0.0011869191100635345,-0.0010146132111932792,-0.004757593966085428,-0.000868750913824521,-2.268573394595408e-06,-0.0008893479666522413,-0.0010503187811397585,-0.001179372952583517,-0.0019089123956343833,-0.0009363186232178855,-0.0012872320712478229,-0.0007987609858093325,-0.001099681310453765,-0.0009654076270227737,-0.000315100042867094,-0.0009658904358942622,-0.001110220166043105,-0.0010180387499595812,-0.0014594874802495751,0.0005799293937985943,-0.00022465202410088501,-0.0020949546576727665,-0.0005424273860890772,-0.002837484706998445,0.0039968793126976005
stdev_death,0.009974593180249628,0.009786343141327439,0.010328272458489674,0.009862464487060883,0.00939016268884751,0.013399895330371538,0.009294132130717144,0.00810919565405571,0.010638823125619017,0.008832688470602985,0.008620230432359374,0.009869448663084474,0.010155108024049432,0.009988821735184755,0.009983891173285414,0.00997765319612379,0.010114539803553951,0.009930569815203823,0.01108093354358468,0.010161510333251536,0.009997479465410821,0.010118386792958362,0.00971365327151008,0.010270068939868326,0.00998965595034078,0.010312633264437442,0.010112428676860406,0.010248452584245258,0.0103541480525438,0.009986502582104402,0.011234852209745863,0.010113451051537112,0.00965886534010546,0.010174728374315779,0.009788822546328632,0.009733639324569348,0.014033188082423816,0.010156955263855568,0.010706966501030776,0.009338663542624623,0.009114522937735781,0.009663605309064426,0.010035357460338895,0.011485862734622272,0.00887529135498278,0.011297370938718854,0.009534010118346701,0.009887275532245953,0.009527361760874611,0.009734008015883495,0.010188173595052205,0.010008463174906088,0.009994561230658873,0.009776663854261604,0.010442450971640153,0.009132020225273357,0.011613457565609567,0.010702853591016708,0.009292139497967849,0.010170558651872256,0.009698655142103245,0.010122296072319601,0.010017265800261133,0.009992441175352173,0.006417472735757858,0.010141457458227546,0.009284770190195971,0.009798133313186151,0.009863731357255176,0.010042537046361863,0.009874652674625214,0.010106916023857897,0.010624034952643023,0.00960845581968095,0.010012818065809729,0.010187083486089673,0.010686058661961647,0.009994009491345894,0.01032083758868257,0.00545430575866163,0.01001917070034485,0.010546685726663518,0.009369734314309791,0.010091762494830268,0.008778702426484078,0.0102729599680658,0.009945860557142529,0.012646657881786264,0.010440422002098024,0.009266789655654712,0.00946445603166853,0.011593994825557775,0.009696627518352912,0.009612614989843275,0.009964011573492566,0.010003370724300874,0.009464989417831015,0.010027171121022046,0.009801278343447123,0.011487738653311836,0.010071248405972427,0.009765517621219133,0.0115366917483735,0.009727923272355072,0.010216068664819833,0.010390173287500049,0.00980700154853376,0.009469798643137172,0.010924826667653282,0.0102392563708835,0.00948667774776207,0.009280118084214842,0.00994739757493719,0.01007679924054053,0.01109692306137286,0.010661908068562808,0.010230970012710743,0.010415348525757442,0.009513633676346465,0.009861682767129948,0.010008358145129799,0.010029889318351514,0.015008798584643046,0.011084956699191007,0.010163182234547142,0.008976581119284292,0.010241003101545467,0.009828528087035734,0.008709386675145599,0.00041183285665815847,0.010148189107914117,0.010756962566017781,0.010069155503131342,0.010156864196497091,0.006426748155229036,0.010057737576855318,0.009995155877066975,0.009721050361678012,0.010275386255396403,0.009559968335528586,0.010128758722130602,0.010620087081667843,0.00997940759346433,0.010720255593662627,0.009885524942805675,0.009721031403470536,0.009800729255753766,0.011113912788304148,0.009037343558161524,0.010501366754612959,0.006648674008638001,0.012635050964804816
min_death,0.0,0.0,0.0,0.0,0.0,0.0,0.0,0.0,0.0,0.0,0.0,0.0,0.0,0.0,0.0,0.0,0.0,0.0,0.0,0.0,0.0,0.0,0.0,0.0,0.0,0.0,0.0,0.0,0.0,0.0,0.0,0.0,0.0,0.0,0.0,0.0,0.0,0.0,0.0,0.0,0.0,0.0,0.0,0.0,0.0,0.0,0.0,0.0,0.0,0.0,0.0,0.0,0.0,0.0,0.0,0.0,0.0,0.0,0.0,0.0,0.0,0.0,0.0,0.0,0.0,0.0,0.0,0.0,0.0,0.0,0.0,0.0,0.0,0.0,0.0,0.0,0.0,0.0,0.0,0.0,0.0,0.0,0.0,0.0,0.0,0.0,0.0,0.0,0.0,0.0,0.0,0.0,0.0,0.0,0.0,0.0,0.0,0.0,0.0,0.0,0.0,0.0,0.0,0.0,0.0,0.0,0.0,0.0,0.0,0.0,0.0,0.0,0.0,0.0,0.0,0.0,0.0,0.0,0.0,0.0,0.0,0.0,0.0,0.0,0.0,0.0,0.0,0.0,0.0,0.0,0.0,0.0,0.0,0.0,0.0,0.0,0.0,0.0,0.0,0.0,0.0,0.0,0.0,0.0,0.0,0.0,0.0,0.0,0.0,0.0,0.0,0.0
max_death,0.01919580663110372,0.018912489068731348,0.019516802671510878,0.019081412313829156,0.01840836798438361,0.02263138717053799,0.018148443734208132,0.016679834048395674,0.02035416488850643,0.01711143231256068,0.017194797781306025,0.01880431949064231,0.019395992954832915,0.019490003445462062,0.01885811657363401,0.019315181628903458,0.020925562534525384,0.019276343726590463,0.020199237287496778,0.018992862338762795,0.01922374223459812,0.01927246584814897,0.01898935396356421,0.01947327680364988,0.019133683595178724,0.019304642943633724,0.01887965752422124,0.01975724902372132,0.01927359790988533,0.01900923375128983,0.018703681352702544,0.019241448765702565,0.01923352521894052,0.01931076519244248,0.018934074355235204,0.018531920112517673,0.024850043749919698,0.01884267976950462,0.020537365836161635,0.01906291807350529,0.018283056413672488,0.0180224145940122,0.01934360005965472,0.02095982477782823,0.017707093918036855,0.02068061245009585,0.018820723271118098,0.01899287500400496,0.018763619709026944,0.019564857015901493,0.019763311718104276,0.01926459839543131,0.019328985022319507,0.019089848377644082,0.019453822268616278,0.01796557356630706,0.02115927645619109,0.019795236774373316,0.018356816508035653,0.019789285949012535,0.018756888653749852,0.01919894424555629,0.019279030969637293,0.01923909177499177,0.01486660704858504,0.019515762673245375,0.01823699342317474,0.018892730295101617,0.018320193031548502,0.019328818567560618,0.019086010278439865,0.01921212596159723,0.019999382763192446,0.019027245118894493,0.019231042536272072,0.01947425734708795,0.019368694785244348,0.01943041214260787,0.019435498591001632,0.011832561211366832,0.018554061235186707,0.019852070188307064,0.01758336064205901,0.019314141029301964,0.017707767635260305,0.020642295434177296,0.019196993756352327,0.022707505448076787,0.019692755905097444,0.01860408793163825,0.01883314812196596,0.020741617250982596,0.01959064532323527,0.019620402278880324,0.018875389513327213,0.0192222235328207,0.016828051445897697,0.019285787036178503,0.0192467433250509,0.021377003714459164,0.019405814769955308,0.018826152766207957,0.021187093149058856,0.019033335632525822,0.019487170107041707,0.018502416806243968,0.018897740229875677,0.01804174800676793,0.0213290309335846,0.018732760726416213,0.018493960742707323,0.01810683867887404,0.01910171708679058,0.019238442352320306,0.020810816943553932,0.02036343855856689,0.01936230004775716,0.01981472454216919,0.01888521874381912,0.018982648617896433,0.01929873437660881,0.019307865827977517,0.01617684361632806,0.020647509696028597,0.02037531209377063,0.017535401932295185,0.019669592793481693,0.019153725867276275,0.016923853271706514,0.004732547742325212,0.01947106498362052,0.019843275561879217,0.01934303791881741,0.01963985470539503,0.012859644656222798,0.020201605971589074,0.019246888019403014,0.019040911293063824,0.01964314308286167,0.018580767764837667,0.019513995093141973,0.019848428172282745,0.019242510634916242,0.020726933141582877,0.01911834999679227,0.019206701819589316,0.017584888790271133,0.020698760137534078,0.01846260550275831,0.019848354622236074,0.014766580929574129,0.019930763989191528
average_health,-0.025221219743867183,-0.025916400535384403,-0.02558603022269467,-0.024847859820868578,-0.02319908969640291,-0.017357896339491967,-0.005147089649295689,-0.02826960324005835,-0.026769137705485186,-0.023967478979447333,-0.03248086159723104,-0.01953383098154754,-0.024948500715089535,-0.02690596549126603,-0.025026575956055022,-0.025552865992511185,-0.021848870496826614,-0.025865183528683687,-0.022395179162288434,-0.024660194211098028,-0.02474638271096894,-0.024346161352545952,-0.024117317526974248,-0.02477886741671907,-0.025113017095961858,-0.028293203267186033,-0.03224657963473953,-0.024492126936858927,-0.026033272586828974,-0.026282198026088385,-0.02077866991320558,-0.025133200741412252,-0.02806026539620591,-0.022947220797780294,-0.024786165156129664,-0.026966108777590096,-0.02638115092949578,-0.022698215911006674,-0.026670795428695007,-0.024623642340368873,-0.02619927698284453,-0.024708363839489322,-0.02517476828610519,-0.010433212941658467,-0.02579946208872339,-0.026052621904707165,-0.024356640464140718,-0.024987991142870043,-0.02671695378873526,-0.025583874742482846,-0.024598141584961077,-0.025055875158131746,-0.02467027685137404,-0.021594351418163325,-0.025109939162295244,-0.025708074757946,-0.029672082258146763,-0.02280146899901553,-0.02459590366035748,-0.022618523320353023,-0.02371650223233242,-0.020457617642003215,-0.024979963132544965,-0.024979726099600176,-0.03140675532870892,-0.02598866866784713,-0.025122660514533223,-0.02323506984405477,-0.025536508677530725,-0.025398994627768446,-0.027297167278121398,-0.024398264563294626,-0.02335745572626751,-0.023115473910489133,-0.0247377228883727,-0.02457434499817368,-0.022747249733369772,-0.023153391087981114,-0.024726310912202926,-0.020954188162734075,-0.016479534560046145,-0.025938461058852447,-0.01847212640949963,-0.024537344831638542,-0.025706057493245844,-0.024423805817922268,-0.024859343253442114,-0.025968069345349922,-0.02276698632943205,-0.027177190993462566,-0.026627289554593273,-0.021382822992072004,-0.026841390015144656,-0.023711801128589415,-0.024587829528959805,-0.024989754929478414,-0.028553432025737818,-0.02503352587356312,-0.02456151440448177,-0.025577536631467265,-0.023017161722441663,-0.02582484017622562,-0.024842903256751626,-0.026970821231447978,-0.022275465136358683,-0.021683106821724564,-0.024728432519510766,-0.02692348741720125,-0.016313933149986196,-0.024282847831220512,-0.03182336701040261,-0.024152432580673226,-0.025536739100401683,-0.02521539044405462,-0.027711671079022247,-0.01875429286579547,-0.02372056049188522,-0.02515736759674934,-0.02703126108592552,-0.023153190609125407,-0.02493339849709028,-0.024927262599690643,-0.026042159208263017,-0.028131723888243223,-0.022997124873637555,-0.024931976174387485,-0.025273967721661846,-0.02611203154754458,-0.025533524623828477,-0.02336210763616528,-0.025788487543820474,-0.020798288439882975,-0.024536108139017732,-0.02371814931554627,-0.03204590256565992,-0.016404733700413877,-0.024969087037512556,-0.024626217916542775,-0.024611614184375824,-0.024832183797995525,-0.025583469973501437,-0.023356638225404965,-0.025270755511216974,-0.019993312974024294,-0.024541606694062038,-0.025649266473449082,-0.016336966260194496,-0.023244423687539414,-0.023048355875643273,-0.02602854366968687,-0.026773758409386606,-0.020630206731788323
stdev_health,-0.0067076745451903706,-0.00621383150995718,-0.006578654102704586,-0.00653841832023669,-0.0088248061210501,0.007273803143007001,-0.017227982997284112,-0.00614007827953209,-0.005612684204439075,-0.009173474063274007,-0.006894590781874117,-0.00633159900724512,-0.006432794088146454,-0.009706974626202415,-0.005839999421191544,-0.005941910532624408,-0.011001214815575804,-0.014794660596996237,-0.009200711574506016,-0.007224248776788587,-0.006290230223629432,-0.00545727077814852,-0.005597830725627993,-0.005630116285527202,-0.0066942872577185186,-0.00785638491549639,-0.005581258068007645,-0.005673314899682069,-0.006059743567397266,-0.004278146564835508,-0.006349860679781881,-0.00790578527904933,-0.00216645035562759,-0.0037929877567218235,-0.00640802281270854,-0.005687980293645378,-0.002357291373459639,-0.007331225569924195,0.0006341326007128292,-0.006856744486276918,-0.005988963709012642,-0.006795902819485207,-0.006665978950106118,0.00044533183811338705,-0.00642761455850966,-0.008413872623118933,-0.007043806773111654,-0.007276827902951257,-0.00872480155344774,-0.0073523883400077854,-0.007966294338608319,-0.00680394657177961,-0.005770966502770971,-0.002093934739250923,-0.007507357900780828,-0.006396841159616924,-0.009548529079463065,-0.007136035542284244,-0.007385744626253771,-0.008971107050897275,-0.005495735395064058,-0.006153064276513043,-0.0066867030637837235,-0.006807504577190468,-0.0015928514630993672,-0.006339980773258371,-0.007515038318772415,-0.008606318445805393,-0.004857620245160583,-0.006642466068719658,-0.00634122005117836,-0.006370606944189505,-0.006100855313526776,-0.007528461340227577,-0.006481491494008167,-0.007416798123509037,-0.011938259789849132,-0.006717730356070508,-0.0056811879115935635,-0.013344258004758558,-0.006779803020307763,-0.00656737808229454,-0.007340807288354288,-0.006732683695369692,-0.00714212023186412,-0.006145808088037361,-0.0064826508427113655,-0.0040113565530927615,-0.006966215114990938,-0.007569963904513907,-0.004562448803003454,-0.004502454989047194,-0.003892832728618444,-0.008127157974304041,-0.0067992366627744015,-0.006749102198583167,-0.009367094483647294,-0.006768719673440813,-0.006180841477160113,-0.009735274671977986,-0.005353724812623856,-0.006709058472574213,0.0015818811557127138,-0.006056401896988585,-0.007211822371922064,-0.009855837230929674,-0.006277475243264469,-0.007478315357944987,-0.004204391472711903,-0.006687292322801134,-0.01859696513258243,-0.005833465873573262,-0.007194403026984661,-0.0070027062062157,-0.006446464970011676,-0.00652769847438449,-0.008158422926589984,-0.0074594387355869166,-0.0038514820330106045,-0.005281636862636342,-0.00652427430239531,-0.006727403276042595,-0.008819117385672374,-0.008672316106568486,-0.004301055758665889,-0.00703746789689586,-0.006198212731963585,-0.006654719796146109,-0.008152779069348515,-0.008843048462096537,-0.0066077290066063835,-0.0031974187273790776,-0.00660225559532765,-0.006318971971060225,-0.009365949484482121,-0.0007347670918619372,-0.006747682958347118,-0.004416085931219678,-0.010553549934618617,-0.006724766304846509,-0.005718847973097772,-0.0063174710327660345,-0.007131126291710477,-0.0050569591398676155,-0.006562941293672317,-0.0037423473712536043,-0.0008341793060231313,-0.007806109769895653,-0.008069387742354106,-0.006166670096136667,-0.00691503037212659,-0.004274932886218898
min_health,0.0,0.0,0.0,0.0,0.0,0.0,0.0,0.0,0.0,0.0,0.0,0.0,0.0,0.0,0.0,0.0,0.0,0.0,0.0,0.0,0.0,0.0,0.0,0.0,0.0,0.0,0.0,0.0,0.0,0.0,0.0,0.0,0.0,0.0,0.0,0.0,0.0,0.0,0.0,0.0,0.0,0.0,0.0,0.0,0.0,0.0,0.0,0.0,0.0,0.0,0.0,0.0,0.0,0.0,0.0,0.0,0.0,0.0,0.0,0.0,0.0,0.0,0.0,0.0,0.0,0.0,0.0,0.0,0.0,0.0,0.0,0.0,0.0,0.0,0.0,0.0,0.0,0.0,0.0,0.0,0.0,0.0,0.0,0.0,0.0,0.0,0.0,0.0,0.0,0.0,0.0,0.0,0.0,0.0,0.0,0.0,0.0,0.0,0.0,0.0,0.0,0.0,0.0,0.0,0.0,0.0,0.0,0.0,0.0,0.0,0.0,0.0,0.0,0.0,0.0,0.0,0.0,0.0,0.0,0.0,0.0,0.0,0.0,0.0,0.0,0.0,0.0,0.0,0.0,0.0,0.0,0.0,0.0,0.0,0.0,0.0,0.0,0.0,0.0,0.0,0.0,0.0,0.0,0.0,0.0,0.0,0.0,0.0,0.0,0.0,0.0,0.0
max_health,-0.012153583018600577,-0.011263554067622625,-0.011654261922222743,-0.012000294139503815,-0.01382910820690941,0.010638916938932746,-0.030482515896159273,-0.00888963907639999,-0.009082131335812496,-0.015463984215914658,-0.009052476428585315,-0.014953086755390161,-0.011820154915148526,-0.014947703382838972,-0.01125286237146749,-0.010788269544737892,-0.017123519427594838,-0.01990889363319414,-0.016074092104381238,-0.012891148502483143,-0.011741149802475072,-0.010602248118752494,-0.01103443329171854,-0.010838039717890637,-0.012186209992643988,-0.011275327387359632,-0.00776212446087219,-0.011113656383219817,-0.010726844615393099,-0.009522666088851951,-0.013085754160104495,-0.013630659477148538,-0.007113406948213278,-0.008662327343188617,-0.011678986377750078,-0.010346851317253481,-0.005894135899190344,-0.014090380751644862,-0.0020161827351078843,-0.0131182840756552,-0.01020026906932537,-0.011035304030564075,-0.012143897787816467,-0.014526430941284118,-0.012486476726991432,-0.012641380196103733,-0.012537712103210938,-0.012921315658545573,-0.010723902096993468,-0.013017933381309538,-0.012531190470989228,-0.012282994255180273,-0.011093595064992802,-0.007995062051871168,-0.012769767619679292,-0.010836362196787394,-0.014391161942327464,-0.015501349598539651,-0.013088447203251719,-0.014411304018921083,-0.009274285697390892,-0.012348744845950279,-0.01231472227002072,-0.01237804708939143,-0.0036331314400727364,-0.011137820128364067,-0.013011546626745904,-0.014820129283605349,-0.007888890141654378,-0.011717596334375443,-0.010872847650526183,-0.012132501169705552,-0.012189731800621943,-0.014591801870710746,-0.012322664551297201,-0.013571193373376915,-0.02220018676534478,-0.013183938502596625,-0.011117440929200764,-0.02293340742320596,-0.01228817710496103,-0.011389725766782207,-0.016077717634631263,-0.01216289881912088,-0.012484175661227325,-0.010703640400347979,-0.011947551898870144,-0.005890889831715323,-0.014787958156675617,-0.011757515456393265,-0.009010121947466454,-0.012266189021751472,-0.007135088051909513,-0.014173822097196762,-0.012912036878310655,-0.0122445467704503,-0.013609377025847039,-0.012280655763278334,-0.011907570081551378,-0.013671509989692339,-0.010913054904989604,-0.011946599917729086,-0.0041817945606171004,-0.009739006249287504,-0.014281338953373045,-0.021981310809601997,-0.01174836702928326,-0.012258799261978445,-0.015427421438182818,-0.012531984793574584,-0.01760359935778627,-0.011828988378917413,-0.012385191435047545,-0.012336887997319822,-0.00898216856323333,-0.016469095475399414,-0.014263390617338789,-0.013351252095322058,-0.008525376097322002,-0.010864376507268231,-0.01204284028075846,-0.012295924094155527,-0.015267039639600187,-0.012863123621997073,-0.010644297462231183,-0.012731724846064817,-0.011591006657270477,-0.011454998850884461,-0.01145257637642302,-0.01743464354418104,-0.011715925862736206,-0.010813865450988114,-0.01248210740170494,-0.01213746980923242,-0.011023090847783456,-0.008478884768505874,-0.012310575002847692,-0.009223841632877202,-0.017229951338825898,-0.012573561558316257,-0.010827691815393826,-0.011143744463098675,-0.012797029234921832,-0.011865488882922137,-0.011792809036232633,-0.007770574881197249,-0.009006751950222165,-0.014460654824322645,-0.013010948508971281,-0.01060029357350482,-0.01105804734510829,-0.012182857615574864
average_see,0.05158679233983027,0.05145914377056571,0.05074589951738315,0.052385619902312865,0.04640467373455486,0.05107599976341215,0.04606959080905511,0.050229756520688694,0.05157901236654333,0.05152552185661836,0.05109142460356881,0.051924993953063873,0.051277030995294695,0.046379538524778524,0.052502549211389846,0.05189206946478214,0.05147826562998374,0.03864770205249781,0.051817774542913,0.04934406766545126,0.05147331476042846,0.051849297276603784,0.05042561783374278,0.05171918075085404,0.05129121363895721,0.053365951679218,0.052433642401297324,0.05264535248847517,0.05322509452223404,0.05026256290429385,0.04645627924209307,0.05187333459253975,0.05455115465825166,0.054027266029713826,0.051155287542160296,0.048928276978406675,0.05471245895673042,0.048131034392367766,0.05362588707803041,0.05065972969880364,0.052629419585887634,0.04843699754706993,0.050943790270230035,0.0600250949227517,0.05363514665753103,0.04943196415900093,0.050168686905269606,0.051017903845568355,0.05512217389772528,0.04958442358626697,0.05021961399629955,0.05151037144760639,0.0511990386313325,0.049339154257566006,0.051711945090923785,0.050207759653923455,0.048715889283428356,0.0508387751216446,0.05093066488639161,0.05483122608185769,0.049948074622122585,0.05249352424926301,0.05166697993808025,0.05138894060505335,0.056800520515738084,0.050986718704670475,0.05153175048875095,0.050607333932146024,0.05177052510607026,0.05135165834484903,0.051722232309789506,0.051790618823861066,0.050817032450839385,0.05213880070016022,0.05197286724324879,0.05255378051093021,0.05255938172277008,0.05181352124135044,0.05172249135802413,0.042860572833840795,0.04407122511156115,0.051933958857116255,0.04976690714638318,0.05094011458792555,0.05156391711777273,0.04995823221028721,0.050941697531280306,0.049051279554559186,0.05082626915929425,0.05192211173565191,0.05003606147678822,0.04925051994915593,0.05474007338548959,0.04914879337299362,0.05076807240917756,0.051708360402986424,0.04541172277616847,0.05159863504137377,0.05276179213206625,0.049773371407143246,0.052274519136608785,0.050219813077052367,0.05690911082150243,0.051818395822422786,0.0522527115221887,0.0485438852322563,0.051835341671361015,0.051635151927900136,0.05117914648523529,0.048781725841419946,0.038175217893360536,0.04870340275863985,0.051853676231597916,0.050968256155709685,0.05022698102167538,0.05242901426268857,0.05058199288321271,0.051900887921383476,0.050987943345190564,0.05154371778285914,0.05144544382267954,0.051290395721864536,0.04947095978449759,0.05152260312406582,0.050008714549716726,0.051464832224251154,0.05172271670823736,0.051015272143423995,0.0490632996778626,0.049873329978619145,0.05132454503854718,0.0513170970486465,0.05133039428260008,0.052683285276288475,0.0515863731860422,0.05182661921503383,0.051593403307612466,0.05150528600252807,0.052798448808619336,0.05127212527293407,0.05128835535484212,0.052962817380647606,0.05064582102766757,0.05515136196208972,0.05079407311727759,0.0527001332171599,0.045871557952479186,0.05062171092028916,0.051004297306799555,0.050304013899725636,0.05122056330894413,0.04795496036409313
stdev_see,0.05141326863813264,0.05189142902297259,0.051234178964645126,0.0510067124672669,0.05248780120256319,0.0480650297207186,0.048967526187098466,0.051836154706535166,0.050080359488697816,0.0496631925946017,0.04657049476257126,0.05029585312606485,0.05185648912240408,0.05479771872420627,0.04788029790991893,0.05087118572604986,0.05089900704540367,0.046622359231154036,0.051157780044315496,0.05263219317980512,0.051228134870947524,0.05284548733322184,0.05137940798064947,0.05156360444342348,0.0512876924872294,0.052058904829656444,0.05054329179343923,0.05029847662637557,0.05066754946057339,0.050274849466338256,0.04388380278906389,0.04959048426392141,0.05239977247276821,0.04695512731918454,0.05041082206650828,0.050035104337028194,0.049676916926835415,0.053652721738061765,0.04735183166966486,0.04997512080303417,0.051126669712069917,0.050615753312670354,0.0507697540373384,0.042052789499203796,0.05140118204560616,0.0512465654781046,0.05084693359680431,0.05009957129325014,0.050844736437483516,0.05341373873707496,0.05055712927675772,0.051122488375933015,0.051362460082351805,0.05191628451408746,0.051342878836413704,0.05281147319131171,0.04915524844327651,0.05092375957539889,0.050663514099374425,0.0496085889982709,0.0513633478474818,0.05406008482912332,0.05127614295426636,0.05081463374815837,0.05812253938873367,0.05053763312180892,0.050283482474918664,0.0508911845394744,0.050509365444453495,0.05074719654389726,0.049355165527666806,0.0497401751039722,0.05092000850035852,0.05231292538705449,0.05175790283929953,0.05107355790758641,0.0521251933531131,0.05044563801597365,0.05053372728911247,0.03877590203450045,0.05230716148118965,0.0507175661123431,0.054238419284558845,0.051492266459339575,0.051976141911284926,0.04857988810849676,0.05102760050987824,0.04432468290058841,0.05126839978454528,0.05422684822185065,0.04991286759567902,0.04801501540605826,0.05146914031402762,0.04944211103027627,0.051538769133986154,0.05111262571132615,0.04665924593180462,0.05111356462166713,0.05190186517318462,0.04944781203317332,0.05054798346288226,0.05073960525227482,0.04775325618282569,0.05095156809342059,0.0528767737118883,0.04661299978166081,0.05019528790847948,0.052032618735975866,0.0619431680125438,0.0472083598984762,0.0479450825112651,0.05034938141884841,0.051179905731904916,0.05206306896498476,0.0506285305080596,0.05765576846999707,0.05004032300118242,0.051563300351137396,0.050194107323459754,0.054123863875912795,0.05085888193387325,0.05105704627647195,0.05298391333424711,0.05008002782473915,0.04846284419726742,0.05078335706581941,0.05124493267615113,0.050523041665398546,0.050444426070328674,0.05009175048242849,0.05119363544048878,0.050410214123719016,0.050285506497638785,0.05131461110302492,0.050251094117205714,0.05378563674989296,0.05117789734368994,0.05299095079418309,0.05141941645748278,0.051595704587806476,0.05250646732806158,0.05099278825036019,0.05127530739722667,0.052229914812788075,0.052165139339722714,0.05099185813510883,0.04538963640343897,0.049366785964380315,0.052531374836477095,0.05155640718661805,0.05307155494527516,0.05156952992026619
min_see,0.0,0.0,0.0,0.0,0.0,0.0,0.0,0.0,0.0,0.0,0.0,0.0,0.0,0.0,0.0,0.0,0.0,0.0,0.0,0.0,0.0,0.0,0.0,0.0,0.0,0.0,0.0,0.0,0.0,0.0,0.0,0.0,0.0,0.0,0.0,0.0,0.0,0.0,0.0,0.0,0.0,0.0,0.0,0.0,0.0,0.0,0.0,0.0,0.0,0.0,0.0,0.0,0.0,0.0,0.0,0.0,0.0,0.0,0.0,0.0,0.0,0.0,0.0,0.0,0.0,0.0,0.0,0.0,0.0,0.0,0.0,0.0,0.0,0.0,0.0,0.0,0.0,0.0,0.0,0.0,0.0,0.0,0.0,0.0,0.0,0.0,0.0,0.0,0.0,0.0,0.0,0.0,0.0,0.0,0.0,0.0,0.0,0.0,0.0,0.0,0.0,0.0,0.0,0.0,0.0,0.0,0.0,0.0,0.0,0.0,0.0,0.0,0.0,0.0,0.0,0.0,0.0,0.0,0.0,0.0,0.0,0.0,0.0,0.0,0.0,0.0,0.0,0.0,0.0,0.0,0.0,0.0,0.0,0.0,0.0,0.0,0.0,0.0,0.0,0.0,0.0,0.0,0.0,0.0,0.0,0.0,0.0,0.0,0.0,0.0,0.0,0.0
max_see,0.05020177811803053,0.050966714892702714,0.04945387290188846,0.04886313893941522,0.053070513719793475,0.04756168901010181,0.04852332386559829,0.054565595294732656,0.04838769310599637,0.04937921601565866,0.04568726156796153,0.04780722513048197,0.050733770343691,0.05136682330167528,0.04441087835858999,0.04889377534594103,0.0492452076085721,0.050385258821066994,0.048619541420968276,0.04930359575235235,0.05016008807667853,0.05122223051397162,0.05255148020224204,0.05104810271206478,0.05012051330696772,0.050685891100575295,0.04743909269735967,0.04838626750291305,0.04962628649357067,0.04891500993779044,0.04203718400761558,0.046986115531405755,0.04996699745118336,0.04209845539903359,0.049216910532705944,0.04756859135828776,0.03662558504810981,0.05230549629401706,0.037916914481630995,0.048937136167415345,0.04801280848804426,0.05262984816853676,0.04962643952122123,0.037151159860399435,0.04871587216109698,0.048117995630162044,0.04949834743881113,0.048761893259648116,0.0494052324361671,0.05182602674533966,0.051411652165325686,0.04975088783130367,0.050493893465120766,0.05068949196929684,0.04881146019779493,0.052354940312091584,0.04793602874334875,0.049777559360112106,0.04850318073110985,0.046618269089029336,0.051744662847386214,0.051931661667596545,0.049592942596184394,0.04954504110839143,0.052714027986083295,0.049250186640214084,0.048673731934409235,0.04924673305456048,0.049989395163652126,0.0495730385381484,0.047671466881705926,0.048275558023670215,0.04885774668806676,0.05116266302251453,0.049615396416403265,0.04845852312035015,0.05447470498277813,0.04795011912300241,0.04868683211451068,0.043959184951445365,0.053344463495576866,0.048866619698542904,0.052851790846309414,0.05029605508662267,0.051503162747179594,0.046861202951761854,0.04906736034275989,0.04228481061318903,0.04853954556871607,0.06137393580100535,0.05091383513813433,0.04609837138692079,0.04977793654323956,0.04799016671073286,0.049834757920830426,0.04968038339488118,0.050155694252571215,0.04982674758529435,0.04965257943104204,0.04801974817785624,0.048736604808419334,0.04983802435835265,0.0437076920616499,0.04952288754510107,0.04963311629823691,0.04807810749869444,0.04876224321615765,0.052046485086823746,0.060212546799754706,0.04636389210340138,0.048345546625339186,0.04975851442358991,0.04996572985424978,0.050216246531623696,0.05267533365138804,0.05452274162568901,0.04920628097677531,0.050241740483966665,0.04909321897328684,0.053410029070949536,0.04929531270034873,0.049925831897555215,0.051817093433334994,0.04893277413539975,0.046776285628146785,0.04807764318481553,0.049800838509158195,0.05001579122576478,0.04873282476068477,0.048558652647863625,0.04946097654619397,0.048487484142337424,0.048985870603013355,0.050371799532281,0.042973556309770046,0.05007752426485293,0.049779894400773225,0.05120742521259903,0.047361456358086355,0.05182279093108991,0.05045083337892917,0.04650720906026646,0.04985338947488499,0.05159605732110041,0.05120057111734807,0.050093559672853644,0.038422815584376456,0.050785131505574246,0.05107884120105215,0.0516802951758424,0.05247665704139032,0.05006775547713799
average_body,-0.0046210438489149115,-0.004533488056481998,-0.004809622647665683,-0.004892416887050255,-0.007075482132103346,-0.0007468461159671116,-0.00695764417292532,-0.003455587917231105,-0.004911902307237606,-0.005668363820915733,-0.006201943486560306,-0.004492964861321833,-0.004679535735887228,-0.002144782122626994,-0.005020416480564635,-0.005036849748647685,-0.005325271952069212,-0.0064496930921297746,-0.004423486859746522,-0.0043605328825835074,-0.005025123355896594,-0.005496530002105355,-0.005172995243992176,-0.0041878744349853544,-0.004755793723687549,-0.006286371811413123,-0.00205956510147911,-0.0045579332857837,-0.004441113414805726,-0.004540677224885241,-0.0051717862119726975,-0.003829849315196516,0.007061087126506043,-0.0015917624763501451,-0.004778134027302896,-0.002584498243451484,-0.005994349656955131,-0.005286576243884626,-0.0011787583134102875,-0.004855648119895358,-0.005239818432894354,-0.0022605564507172425,-0.004925868236678659,-0.006590503571996337,-0.004052469252220796,-0.005770760459968251,-0.005173243566509634,-0.004818443459928307,-0.0041229398998146455,-0.004686442998351353,-0.004456399117927175,-0.004815925910874978,-0.004599548673025317,-0.0040726974920681485,-0.0036217532353211316,-0.004313729713406119,-0.006346013549389252,-0.00444172209308317,-0.004528138721164044,-0.006233694120314199,-0.008453917968562697,-0.004323835237393064,-0.004938938118306505,-0.004840694521061986,-0.006212232897694149,-0.004654628710891177,-0.0009904107079116492,-0.012691962679414522,-0.00346485801434423,-0.00477638328697353,-0.00403357765155936,-0.004247453373266035,-0.0046968133909766575,-0.004590696152150545,-0.004699036811607062,-0.005208929594892682,-0.004151807564841016,-0.0034290786062249456,-0.004833760771526807,-0.009126836539476053,-0.0035426075775023243,-0.0038825340844755177,-0.006732333560665558,-0.005322975011041908,-0.0045837658642723855,-0.0021820051624340583,-0.004660931185789124,-0.00206919952602312,-0.005537743384617634,-0.004696791703909423,-0.004433005401166773,-0.0013366144770712842,-0.0028837653853962877,-0.004484821335459172,-0.004356636261514462,-0.004801116876804101,-0.004501804719315456,-0.004846439606940713,-0.004545908908665322,-0.006498057011895534,-0.005107566863130785,-0.004473374634732293,-0.002375828477835072,-0.004281129241438216,-0.004122307225929054,-0.0055273550915687,-0.004244226627745113,-0.005547626169741646,-0.0070799958455366714,-0.004672547959806561,-0.0045211460307864795,-0.001706861060714447,-0.004693853037811519,-0.005112822034262836,-0.0030721629451922264,-0.006397639051999748,-0.004790739642376859,-0.004632954451763838,-0.004812688477720007,-0.005777072271107281,-0.004648084090185783,-0.004704559560543105,-0.004533954793329711,-0.007155847758229883,-0.004646539880196752,-0.004547798921699859,-0.00464792533516116,-0.004558118830533956,-0.005187272365126149,-0.004781032122920717,-0.0050380192485937544,-0.0062070804981251395,-0.00478506321612921,-0.0048749723343251795,-0.0047864904631619454,-0.005425321384741626,-0.004791767164531836,-0.005041643310000754,-0.0052209297459274205,-0.004184966212176653,-0.00474329870937044,-0.005014199216000662,-0.005002970059646887,-0.0038135440956938525,-0.004667853686070002,-0.00280321467949196,-0.0010447599695560003,-0.006502031432264257,-0.0055558460757461105,-0.005070226259847807,-0.004467011102139029,-2.8140429979469413e-05
stdev_body,0.007392921160042771,0.007238577196101017,0.007297383070544748,0.007095850415195812,0.00577462410203665,0.007558545321664268,0.006409927691707352,0.007319846234843488,0.007027731944210053,0.0076663886474766935,0.006707629806920319,0.006963518231521217,0.007471085615091562,0.008367313441066466,0.005634397390156731,0.007263353910318092,0.007101726480733622,0.010604911813192295,0.006271102459667645,0.008209601240014202,0.007017772178723319,0.006468076623279705,0.00726815029499648,0.0066324544477406305,0.007367484511045009,0.006497499491576241,0.005940381327531364,0.0069005730326319355,0.006795503207890529,0.007238774165897121,0.006091951793598021,0.00825664474959769,0.02055360908287321,0.007907192899393126,0.007088821992077565,0.009344202397080377,0.007160244005223103,0.008195793061811448,-0.0014082692730624765,0.006566578200755761,0.008866322323574465,0.008469399398467078,0.007256526597977907,0.006514875307264825,0.006406953469004216,0.004068959428148906,0.007397605117440502,0.0072924395295054425,0.006561016988045286,0.007604802703948589,0.007403050131831712,0.007278874963832851,0.00699565542253278,0.007164970686013721,0.007976424798060272,0.007446241923952305,0.0060718025142403485,0.0075190836802863275,0.007349142645375288,0.0070567924489806436,0.005053628438340773,0.007356091470897123,0.0072029661591673675,0.0072068105749130635,0.006575701193831886,0.007055500268488964,0.00881775644545978,0.006072294080912107,0.007316976263086352,0.007131003184674597,0.007651590015712703,0.007581512144339792,0.007213839579384283,0.0073110807197805635,0.0072799017181958,0.00682641916999759,0.006435949249555616,0.008358153212227801,0.00663430548096385,0.004995930952479536,0.007365165276849255,0.007109310313829288,0.005580148828393573,0.006880216738027693,0.007797577819616682,0.010889510568228906,0.007192161186340192,0.007462829051858604,0.007153186852568859,0.007240295550315338,0.00737997862479294,0.00690725372628922,0.006940040061209789,0.007048823156570689,0.007696450741174758,0.007320794829131091,0.005743639114877191,0.007283907889834129,0.007598675701592324,0.006476751251939217,0.007730666374272421,0.007355280378027431,0.006025835086089019,0.007334720204396979,0.008070555690884412,0.005158231515199691,0.007628087612522587,0.008441050473960425,0.006034541912475477,0.007252861603595682,0.006656349126364368,0.00973628506013139,0.007289398972109779,0.007291901636182251,0.0077964684443573695,0.005754940824187729,0.007099626558480618,0.007705517982665324,0.006868481624993087,0.007546665684536644,0.007436805270795849,0.007283850736910052,0.005055893938773414,0.0040656463217220926,0.006694097923692538,0.006781068560718781,0.007528243941070347,0.007458341256252776,0.006777424333852918,0.00420391828121598,0.007222627123666192,0.007452104837500729,0.007207563278648513,0.006549047504863254,0.005216373321873866,0.005173937998447847,0.0072805095240135835,0.0074666655172394136,0.005920536839331842,0.007428681795827266,0.007689444448348026,0.008482062429262765,0.00760891694179976,0.007839420713286208,0.007741973312495388,0.005071953192195295,0.003926449249245186,0.005231935941004305,0.006755434507444827,0.0072266124433650785,0.0082356161388202,0.006755066669289159
min_body,0.0,0.0,0.0,0.0,0.0,0.0,0.0,0.0,0.0,0.0,0.0,0.0,0.0,0.0,0.0,0.0,0.0,0.0,0.0,0.0,0.0,0.0,0.0,0.0,0.0,0.0,0.0,0.0,0.0,0.0,0.0,0.0,0.0,0.0,0.0,0.0,0.0,0.0,0.0,0.0,0.0,0.0,0.0,0.0,0.0,0.0,0.0,0.0,0.0,0.0,0.0,0.0,0.0,0.0,0.0,0.0,0.0,0.0,0.0,0.0,0.0,0.0,0.0,0.0,0.0,0.0,0.0,0.0,0.0,0.0,0.0,0.0,0.0,0.0,0.0,0.0,0.0,0.0,0.0,0.0,0.0,0.0,0.0,0.0,0.0,0.0,0.0,0.0,0.0,0.0,0.0,0.0,0.0,0.0,0.0,0.0,0.0,0.0,0.0,0.0,0.0,0.0,0.0,0.0,0.0,0.0,0.0,0.0,0.0,0.0,0.0,0.0,0.0,0.0,0.0,0.0,0.0,0.0,0.0,0.0,0.0,0.0,0.0,0.0,0.0,0.0,0.0,0.0,0.0,0.0,0.0,0.0,0.0,0.0,0.0,0.0,0.0,0.0,0.0,0.0,0.0,0.0,0.0,0.0,0.0,0.0,0.0,0.0,0.0,0.0,0.0,0.0
max_body,0.02457659709176669,0.024341950222627976,0.024479207203492295,0.024194786152860737,0.023298064611608868,0.021069232494095664,0.02507797758261257,0.024029259451726334,0.02420855025350513,0.02610510355449406,0.023244800103256753,0.024296616554377655,0.02487393007001026,0.02296890186844828,0.021625617792699024,0.02485023588613609,0.023559011303012585,0.03160099661693836,0.023272904538463007,0.026175681994054602,0.024240777191282925,0.023701793002844525,0.025212044938249325,0.022780283553304907,0.02461646907070115,0.0237151665645038,0.017965868039502356,0.0239901084976801,0.023556941263319545,0.023789499342434663,0.019860387787425333,0.02490386485246295,0.03537865584256565,0.022709926753427617,0.024200997194167802,0.02546770866972673,0.026708096755019874,0.02707207709118568,0.005110308162888259,0.023177536633498,0.028992360371464757,0.023094454546647034,0.024657078799778947,0.02412832680738087,0.02206151932271514,0.018994935094425645,0.025153219406207416,0.02453886430725379,0.02262175164134768,0.02531858729741915,0.024356185899754104,0.02457899751064451,0.02385255615636204,0.024369009909114614,0.024502807266514357,0.02441825844536956,0.02253733554598842,0.024653700943665223,0.024544080937414427,0.02537137825785835,0.021836889138574327,0.02428318231559065,0.024551766546643736,0.024514281721927253,0.023124451572438996,0.024141895436781746,0.023502097649310848,0.026147494700157387,0.023941529960055503,0.024253252030919277,0.024277124767569165,0.024612500044824286,0.024100691197770252,0.024471670206113676,0.02442009052969716,0.024203812195513368,0.02171940012929103,0.02463906803313915,0.02334043926999766,0.022710642428226194,0.02358636115375045,0.02246744428215433,0.02309112780889349,0.02433929430840532,0.025118323990133598,0.028863225559580933,0.024225967663988737,0.022290092529325862,0.025301982650118376,0.02451488313180546,0.02450900951756026,0.018366424738916788,0.021648613424850725,0.024526027926170875,0.02463588309217675,0.02465529097419996,0.022612311322775788,0.024632540295128187,0.024859200140650125,0.025556523021732017,0.025819399234379665,0.024304071584537446,0.019877211649687237,0.024402172486049305,0.02523570096247487,0.022398289594591475,0.024302905465536127,0.02690247038404358,0.024688402130254847,0.023883203888826435,0.023831937461379765,0.025292678303259604,0.02440247421094308,0.024945469237370056,0.023535446192355952,0.02367211204949648,0.02402594739762825,0.025078247474982125,0.024215003649470327,0.02619513603276831,0.024696971168326337,0.0244700671161038,0.0189540267908333,0.01963338452103658,0.02357362098293984,0.02324166069364575,0.02492133994662355,0.024453602696023233,0.02474529210379392,0.017982245237459612,0.02475714194627999,0.026752027259646455,0.02448633532277958,0.023891852786087513,0.01945775460078992,0.021534311369321046,0.024566648456166153,0.02506073798318201,0.022558411826874104,0.024129397359533938,0.02533832128010196,0.027263282027622758,0.025339106533630137,0.024697298718547905,0.02524369547898895,0.018448012319090695,0.01600159341726295,0.022588755482723866,0.025873774314958502,0.024546717298325655,0.02589168307167983,0.019092973289687124
average_family,0.0,0.0,0.0,0.0,0.0,0.0,0.0,0.0,0.0,0.0,0.0,0.0,0.0,0.0,0.0,0.0,0.0,0.0,0.0,0.0,0.0,0.0,0.0,0.0,0.0,0.0,0.0,0.0,0.0,0.0,0.0,0.0,0.0,0.0,0.0,0.0,0.0,0.0,0.0,0.0,0.0,0.0,0.0,0.0,0.0,0.0,0.0,0.0,0.0,0.0,0.0,0.0,0.0,0.0,0.0,0.0,0.0,0.0,0.0,0.0,0.0,0.0,0.0,0.0,0.0,0.0,0.0,0.0,0.0,0.0,0.0,0.0,0.0,0.0,0.0,0.0,0.0,0.0,0.0,0.0,0.0,0.0,0.0,0.0,0.0,0.0,0.0,0.0,0.0,0.0,0.0,0.0,0.0,0.0,0.0,0.0,0.0,0.0,0.0,0.0,0.0,0.0,0.0,0.0,0.0,0.0,0.0,0.0,0.0,0.0,0.0,0.0,0.0,0.0,0.0,0.0,0.0,0.0,0.0,0.0,0.0,0.0,0.0,0.0,0.0,0.0,0.0,0.0,0.0,0.0,0.0,0.0,0.0,0.0,0.0,0.0,0.0,0.0,0.0,0.0,0.0,0.0,0.0,0.0,0.0,0.0,0.0,0.0,0.0,0.0,0.0,0.0
stdev_family,0.0,0.0,0.0,0.0,0.0,0.0,0.0,0.0,0.0,0.0,0.0,0.0,0.0,0.0,0.0,0.0,0.0,0.0,0.0,0.0,0.0,0.0,0.0,0.0,0.0,0.0,0.0,0.0,0.0,0.0,0.0,0.0,0.0,0.0,0.0,0.0,0.0,0.0,0.0,0.0,0.0,0.0,0.0,0.0,0.0,0.0,0.0,0.0,0.0,0.0,0.0,0.0,0.0,0.0,0.0,0.0,0.0,0.0,0.0,0.0,0.0,0.0,0.0,0.0,0.0,0.0,0.0,0.0,0.0,0.0,0.0,0.0,0.0,0.0,0.0,0.0,0.0,0.0,0.0,0.0,0.0,0.0,0.0,0.0,0.0,0.0,0.0,0.0,0.0,0.0,0.0,0.0,0.0,0.0,0.0,0.0,0.0,0.0,0.0,0.0,0.0,0.0,0.0,0.0,0.0,0.0,0.0,0.0,0.0,0.0,0.0,0.0,0.0,0.0,0.0,0.0,0.0,0.0,0.0,0.0,0.0,0.0,0.0,0.0,0.0,0.0,0.0,0.0,0.0,0.0,0.0,0.0,0.0,0.0,0.0,0.0,0.0,0.0,0.0,0.0,0.0,0.0,0.0,0.0,0.0,0.0,0.0,0.0,0.0,0.0,0.0,0.0
min_family,0.0,0.0,0.0,0.0,0.0,0.0,0.0,0.0,0.0,0.0,0.0,0.0,0.0,0.0,0.0,0.0,0.0,0.0,0.0,0.0,0.0,0.0,0.0,0.0,0.0,0.0,0.0,0.0,0.0,0.0,0.0,0.0,0.0,0.0,0.0,0.0,0.0,0.0,0.0,0.0,0.0,0.0,0.0,0.0,0.0,0.0,0.0,0.0,0.0,0.0,0.0,0.0,0.0,0.0,0.0,0.0,0.0,0.0,0.0,0.0,0.0,0.0,0.0,0.0,0.0,0.0,0.0,0.0,0.0,0.0,0.0,0.0,0.0,0.0,0.0,0.0,0.0,0.0,0.0,0.0,0.0,0.0,0.0,0.0,0.0,0.0,0.0,0.0,0.0,0.0,0.0,0.0,0.0,0.0,0.0,0.0,0.0,0.0,0.0,0.0,0.0,0.0,0.0,0.0,0.0,0.0,0.0,0.0,0.0,0.0,0.0,0.0,0.0,0.0,0.0,0.0,0.0,0.0,0.0,0.0,0.0,0.0,0.0,0.0,0.0,0.0,0.0,0.0,0.0,0.0,0.0,0.0,0.0,0.0,0.0,0.0,0.0,0.0,0.0,0.0,0.0,0.0,0.0,0.0,0.0,0.0,0.0,0.0,0.0,0.0,0.0,0.0
max_family,0.0,0.0,0.0,0.0,0.0,0.0,0.0,0.0,0.0,0.0,0.0,0.0,0.0,0.0,0.0,0.0,0.0,0.0,0.0,0.0,0.0,0.0,0.0,0.0,0.0,0.0,0.0,0.0,0.0,0.0,0.0,0.0,0.0,0.0,0.0,0.0,0.0,0.0,0.0,0.0,0.0,0.0,0.0,0.0,0.0,0.0,0.0,0.0,0.0,0.0,0.0,0.0,0.0,0.0,0.0,0.0,0.0,0.0,0.0,0.0,0.0,0.0,0.0,0.0,0.0,0.0,0.0,0.0,0.0,0.0,0.0,0.0,0.0,0.0,0.0,0.0,0.0,0.0,0.0,0.0,0.0,0.0,0.0,0.0,0.0,0.0,0.0,0.0,0.0,0.0,0.0,0.0,0.0,0.0,0.0,0.0,0.0,0.0,0.0,0.0,0.0,0.0,0.0,0.0,0.0,0.0,0.0,0.0,0.0,0.0,0.0,0.0,0.0,0.0,0.0,0.0,0.0,0.0,0.0,0.0,0.0,0.0,0.0,0.0,0.0,0.0,0.0,0.0,0.0,0.0,0.0,0.0,0.0,0.0,0.0,0.0,0.0,0.0,0.0,0.0,0.0,0.0,0.0,0.0,0.0,0.0,0.0,0.0,0.0,0.0,0.0,0.0
average_negative_affect,-0.024852476961210228,-0.024768978325120025,-0.024532033295435175,-0.024431425519734457,-0.02963961291847321,-0.029606210619056196,-0.02409279421680391,-0.02405942740916351,-0.025519141758949634,-0.028004385573463225,-0.023633364627332256,-0.026285463476246954,-0.02551344148503841,-0.019274367673956985,-0.02815744280174432,-0.025203715663330083,-0.02151058649277484,-0.02042051784060377,-0.022665226596819268,-0.024573083979043238,-0.024743972858351407,-0.02174946757258571,-0.02589708503082394,-0.025397341599056475,-0.024736437433977135,-0.023651267512984304,-0.02268645213740355,-0.024728888046760322,-0.025667014757524278,-0.029547715700494977,-0.027618100118057428,-0.026077679577545455,-0.017423138125956625,-0.02137812797988177,-0.025733637057217654,-0.02415526545763888,-0.024366945453951773,-0.024926065333648315,-0.02289652299136733,-0.025150217491097,-0.02427777175094107,-0.02703528180423212,-0.02468161183245968,-0.0317215106712936,-0.02467957358945794,-0.024017040129744635,-0.022837482367719552,-0.025157819586004146,-0.024844451915325083,-0.023962743465081336,-0.02628084409855126,-0.02497956482962988,-0.024855320812737367,-0.02522547594255874,-0.021986671660833096,-0.02459921435428119,-0.023421601646969693,-0.023713864196091318,-0.022794074535090227,-0.025043351972785746,-0.025028931578388827,-0.023771506625025304,-0.02517757317440611,-0.024815757079085315,-0.020163312973397164,-0.02488727960923306,-0.025158719006763308,-0.023994009851571053,-0.022891740068038558,-0.024859856326701874,-0.025295175744679092,-0.02370884027907705,-0.024257007644306113,-0.025347619881627693,-0.02440187414233618,-0.02447393209776635,-0.02334723232272039,-0.026947124109001977,-0.0233512910477458,-0.022450796669080654,-0.030607555366111715,-0.024667881380077333,-0.0231908173042522,-0.024988172814522557,-0.024208679144578922,-0.01844823919581138,-0.024383760183408498,-0.02727718465417015,-0.023579974897061963,-0.026596001262564735,-0.025603833116240402,-0.023586771291847795,-0.02173529198098044,-0.019803163808805462,-0.02449029457951533,-0.02510156562641091,-0.02533898030757938,-0.02509610520983495,-0.02677169781044572,-0.02458099641050833,-0.026606553435246646,-0.023597866652153097,-0.025367300823581268,-0.024588575898824343,-0.02368733977253355,-0.022641614705075027,-0.024485007056488754,-0.026021245949644736,-0.016875553082769494,-0.031431255850617706,-0.026535144974553657,-0.03228045716404236,-0.024918598964493575,-0.025820257815088073,-0.021259437739764193,-0.021563174804978588,-0.027138114808161584,-0.024842395247972344,-0.02492531359078523,-0.025477191310149524,-0.024995828912409233,-0.02505405236340392,-0.02556999298754241,-0.01917178244988199,-0.023366738419236113,-0.02371183423389924,-0.02506974014935513,-0.02513399609295506,-0.028843778365959416,-0.02589348068249876,-0.02490472213077715,-0.02136439280475596,-0.025138369297611544,-0.02512701756246715,-0.029027875260557355,-0.0228339511837551,-0.02488430810719073,-0.02600391735384794,-0.02352368723792296,-0.024731928529862467,-0.02472527682786361,-0.027425507600748425,-0.024814071299142565,-0.02581369133334007,-0.02529682622134874,-0.024178155666168863,-0.026556317201495105,-0.027583523666468678,-0.026902912918566373,-0.024883856835042257,-0.024007002729217432,-0.018981989606378577
stdev_negative_affect,-0.015779426981967583,-0.015150110660494754,-0.015416250073243133,-0.015254927805793067,-0.020054433189180154,-0.023688239721988514,-0.015927408569719678,-0.015324882826008496,-0.016740212842267864,-0.015728941660727296,-0.015084106279682546,-0.014499446977719117,-0.015648400970450213,-0.011744074793088434,-0.019820822741656353,-0.016030520956627856,-0.011678734717231637,-0.012843393126202834,-0.016550257856630734,-0.015581433646547965,-0.015387854420183887,-0.015301038842378378,-0.01642550665157275,-0.017017118610470217,-0.01593046608428992,-0.018020399261913102,-0.015880604140838375,-0.015461107782102301,-0.01652223433042996,-0.01665994568496392,-0.01296910155325628,-0.0164370717591769,-0.01098943706287502,-0.014075838204971904,-0.015981516099124037,-0.015929575472016608,-0.017399484902819257,-0.016876420759242148,-0.016749855134824364,-0.01576665912041671,-0.014535546340917489,-0.01680459807169667,-0.015710360244881934,-0.016587173472968876,-0.01609833501189261,-0.02096423859012732,-0.014793516498620663,-0.01569264585279329,-0.018733859629816135,-0.016293451851856905,-0.016223481761497176,-0.01568691830005047,-0.01574198649299529,-0.015888254337780756,-0.014075603419463184,-0.01777384913276057,-0.015074107772111971,-0.015499042550585275,-0.014858561171940008,-0.01762299336108339,-0.015040428268844365,-0.016139091474837785,-0.015796367956955805,-0.015584210367167972,-0.020214140787414767,-0.015969376899320313,-0.01580727408114388,-0.01560787121834634,-0.012603661180149318,-0.01588879981988643,-0.01611049794506938,-0.015643296639113416,-0.015733896953066477,-0.015825729252138897,-0.01479484647942517,-0.01659924180012715,-0.014557093792283708,-0.014147744202597677,-0.016420618560503072,-0.012138150748267428,-0.012377702712453559,-0.015438009677244542,-0.014822532707291034,-0.015860962872989146,-0.01606074332995179,-0.01508716350599883,-0.015467727756874165,-0.01713883135032528,-0.015065086144853433,-0.017375146774544995,-0.016040040397818506,-0.019362795152395924,-0.018934955203783126,-0.011700358135193788,-0.014244038968090601,-0.01572446973735952,-0.01542744858822033,-0.015706229474874503,-0.01636966940638565,-0.01619414190256628,-0.015253936131151545,-0.014401469528358527,-0.016993777989515166,-0.015574211516027715,-0.014570948669684596,-0.012011922065028144,-0.015774525329542894,-0.01496467128423419,-0.009794896019269332,-0.015035986944562112,-0.015872677234527535,-0.013347638373442496,-0.015987543028754728,-0.015409727001115349,-0.016742876525565293,-0.012195209437010173,-0.0166765443588687,-0.014618314371837093,-0.015158594712600004,-0.015690979670133262,-0.015688626427207253,-0.01568782164536596,-0.01681653205994337,-0.02030060784120307,-0.015931501611020762,-0.016453512757463443,-0.01580163510249806,-0.015593668343946133,-0.016555679956349118,-0.014848352029846796,-0.015161534478876852,-0.012929468251287518,-0.01565643779273719,-0.015888048375476922,-0.009383709552034075,-0.014428135716714748,-0.01562775510602134,-0.017338043932864644,-0.014148937892986966,-0.01572651294977766,-0.014314591472022608,-0.01412098195962737,-0.015591757697329553,-0.013780664709585975,-0.015798678587779648,-0.013426178182967801,-0.020805506640771774,-0.017076534130750956,-0.017047406287396195,-0.016082301774445085,-0.016784546113595932,-0.02008277226064914
min_negative_affect,0.0,0.0,0.0,0.0,0.0,0.0,0.0,0.0,0.0,0.0,0.0,0.0,0.0,0.0,0.0,0.0,0.0,0.0,0.0,0.0,0.0,0.0,0.0,0.0,0.0,0.0,0.0,0.0,0.0,0.0,0.0,0.0,0.0,0.0,0.0,0.0,0.0,0.0,0.0,0.0,0.0,0.0,0.0,0.0,0.0,0.0,0.0,0.0,0.0,0.0,0.0,0.0,0.0,0.0,0.0,0.0,0.0,0.0,0.0,0.0,0.0,0.0,0.0,0.0,0.0,0.0,0.0,0.0,0.0,0.0,0.0,0.0,0.0,0.0,0.0,0.0,0.0,0.0,0.0,0.0,0.0,0.0,0.0,0.0,0.0,0.0,0.0,0.0,0.0,0.0,0.0,0.0,0.0,0.0,0.0,0.0,0.0,0.0,0.0,0.0,0.0,0.0,0.0,0.0,0.0,0.0,0.0,0.0,0.0,0.0,0.0,0.0,0.0,0.0,0.0,0.0,0.0,0.0,0.0,0.0,0.0,0.0,0.0,0.0,0.0,0.0,0.0,0.0,0.0,0.0,0.0,0.0,0.0,0.0,0.0,0.0,0.0,0.0,0.0,0.0,0.0,0.0,0.0,0.0,0.0,0.0,0.0,0.0,0.0,0.0,0.0,0.0
max_negative_affect,0.0016575425241881717,0.002634536164347459,0.0018992431023057647,0.0021083382774149083,-0.0014627742764310187,-0.007649945631414048,0.0009578377054201559,0.0017189268272856766,0.0009283019304698655,0.003786141024384128,0.001325448761322772,0.004257182996252568,0.0023057043210791568,0.0002573763901783134,-0.0026419051106196766,0.0013861212075892693,0.006871675633852494,0.0030724610546653992,-0.0017518445182809813,0.0012663064960124811,0.002034653238387205,0.00021436518010446715,0.0016413762531473954,2.3893660777880854e-07,0.0012699062947703968,-0.0035119121118123812,-0.0011276835694442634,0.002001357770995622,0.001339269125755313,0.003672026135187672,0.009544336917284561,0.0014009572101865968,0.0041865992302041605,0.0020894053679135164,0.002117971736696072,0.001181626700198687,-0.004057686723099994,-8.172126332169939e-05,-0.00047799069079219533,0.0015035755961014027,0.003042841539234767,0.0009197227803391279,0.00165533906584245,0.0046717242846498926,0.001263851175357232,-0.006169734905704596,0.001720769918840728,0.0019756981105926216,-0.0023572386262734005,-0.0016532547478373544,0.002831879927414134,0.001879947993980044,0.0018689522108150843,0.0009176713874017844,0.0023972972402425546,-0.0016917521442061274,0.0009193324830548757,0.0015717807222976853,0.0015340690450420628,-0.0010184015332345905,0.0035866358128850678,0.0003304438119156594,0.0017894727541549228,0.0018982601381216293,-0.011305289595619536,0.001426467233056122,0.001651769973239292,0.0013782219065670114,0.004282107403914871,0.0014220182207913337,0.001505677834135355,0.0010494733149841642,0.001076997013010797,0.0018443811719329982,0.002857735185063765,-3.5327446471217563e-05,0.0012924651902964084,0.006604943075976902,-0.00028305528070709553,0.005293370207497577,0.011629113675828032,0.002278149395084871,0.001322580743380864,0.0016607693222823947,0.0004526387064370148,-0.0009569920553063674,0.0018130169042560786,0.0029273789305423598,0.0010092685044965303,0.0012276981889879825,0.0015066460284652097,-0.003581091217849162,-0.005258703454823944,0.005350264173981914,0.003926135819849999,0.0018981580793980424,0.0017578559113086215,0.0019392278033541765,0.002097103063842089,0.0014511741800393788,0.0038774038941028367,0.002763640664370525,-0.0005412165846670428,0.0019342904421172733,0.002936569546410462,0.005492304032714106,0.0014120136446486627,0.0038571841597737216,0.00534167401551968,0.006836726377908352,0.0018290314698869055,0.008322404319065802,0.00135622917008941,0.0029872710004398857,-0.0032347367272021303,0.0047585172652328,0.0019176024413843917,0.003210527214285351,0.003157220685795853,0.0018619078434535807,0.0018594981907951204,0.0020513694074801095,-0.0013146604508809147,-0.00876824249351054,0.0006112991456932448,-0.0009782532494372782,0.0017963497066223015,0.0024060788609579047,0.002704443180244256,0.0026782128097130493,0.0026011433920914567,0.0036789476128079018,0.0020905892352441457,0.0017170130219400469,0.012322755021627822,0.002117081174081232,0.001906289008713688,-0.00017906205564864608,0.0030215682933207155,0.0017335494890915477,0.003702577768690478,0.0067412798741326024,0.0017942728687170423,0.006913240511703077,0.0020429641811335244,0.004973861884566897,-0.0062586616817757665,0.002285710558382569,2.9617217581084238e-05,0.0013138674624166673,-0.0010468691679433907,-0.011088720661325553
average_quantifier,-0.006432676624889208,-0.0048553034229030945,-0.005728838460389043,-0.0073119936970494105,-0.005024804468851866,-0.007316073208816701,-0.008244325840664507,-0.008440054607847006,-0.007499903466967333,-0.007825757214362843,-0.004331480786097068,-0.007203768408212189,-0.005947127485353285,-0.01283989570775474,-0.006422868930369526,-0.006042623440275324,-0.0018121416778512037,0.003986974567054576,-0.010419676648032958,-0.006489532152595123,-0.0062428422402172785,-0.006011727392571746,-0.007751113135985106,-0.00527986658839745,-0.006048368870975018,-0.006976747865767017,-0.0051304273670950366,-0.006035572660138013,-0.008213276151289474,-0.001621139505899316,0.0031315875894802805,-0.0066953069394948845,-0.007251305886540648,-0.008118934158925529,-0.006043466461592895,-0.006179926785758721,-0.008110487689536403,-0.0025671636180253678,-0.005286815522811869,-0.007702199871878382,-0.00527365359861014,-0.006426872796559463,-0.006271196381889133,-0.013381328496745063,-0.006337306325211563,-0.0053451747502247845,-0.006323712152074584,-0.006281375147759467,-0.009293650233237747,-0.008910966524979528,-0.005368615057142185,-0.006056001006838282,-0.0066272033664982015,-0.0104184204838881,-0.0029874800861764746,-0.006932771626024417,0.0029423368999024445,-0.006728391262541756,-0.00774449664685312,-0.002437203729197061,-0.0042735813356250575,-0.006996268488861292,-0.006074331237759974,-0.006153786743787425,-0.014065930800128315,-0.005072865284714741,-0.0056826856379622575,-0.004675750448676141,-0.0013844021626602358,-0.005893472365385911,-0.006508510271432656,-0.006443366513075777,-0.006097138746802488,-0.006932001495596625,-0.004613008619817498,-0.00738514349719064,-0.007196063489958611,-0.0068362210013704645,-0.006047530645578999,-0.0024373709878704707,-0.013360517396145306,-0.006403439147363649,-0.01446830889647414,-0.006993045152045539,-0.008266378309632005,-0.01058417185078688,-0.006295567993689787,-0.006032049325264492,-0.005831381299857942,-0.0044118602292086,-0.008674100468995267,-0.011356946593481094,-0.009782602753896013,-0.004370360542735898,-0.00662771340341024,-0.0063483742069748925,-0.012184703483975514,-0.006007838925564309,-0.005571058724586245,-0.0022134640801787075,-0.006504564243308867,-0.006702702051123319,-0.005881620100977238,-0.006655455221168361,-0.008297809922827701,-0.0017246187900163135,-0.006683984887971863,-0.004596106700275512,-0.00011721875728719529,-0.00274929786639869,-0.014331550259215519,-0.004722570335251386,-0.005980798632982941,-0.005489701195473163,-0.004967152432390539,-0.0024489546061771065,-0.0073858285594113615,-0.005010476280415725,0.000346945103803448,-0.004367933109693783,-0.005958451419343846,-0.006102392567768395,-0.012437247663370801,-0.007570217529422638,-0.00893595684500184,-0.00814128402226783,-0.005385127491765123,-0.0064544331925608725,-0.006535014374556567,-0.005572021045994352,-0.006664912018768931,-0.008773138076452228,-0.006291515980359083,-0.0039414333845097845,-0.0071897366772194805,-0.006871247412076554,-0.006297742953702093,-0.005851399999665831,-0.0051528079428690265,-0.006786781827786876,-0.005143083001546816,-0.0026886950698650127,-0.004624347069032397,0.0013050444323393084,-0.006072744426651691,-0.00933615144890744,0.002316855213953521,-0.006546367977712906,-0.004309112468905451,-0.007575451857356506,-0.010457540844364226,-0.008677149242255724
stdev_quantifier,-0.03155010460881627,-0.030323442909160784,-0.031067022097729532,-0.03120100533645427,-0.02913070600931755,-0.02596275220521163,-0.037333315113119755,-0.03396020935694317,-0.03285473272720995,-0.03472461262100369,-0.02260900272786049,-0.031775090169970904,-0.030972659098868954,-0.03641374832398757,-0.031301998599947214,-0.03183224010832139,-0.028073441878040672,-0.017068777672478056,-0.03929662030511693,-0.029158623920141447,-0.03203234839059789,-0.032538729721879274,-0.02835234210359119,-0.03269517016745845,-0.031745797203251776,-0.03243664946619726,-0.03076607410384063,-0.031209629153584835,-0.03450739675070484,-0.028440883579888727,-0.017412722054273255,-0.02911292056829226,-0.031376024420199385,-0.031094632101565448,-0.031781970763102525,-0.03129852466196318,-0.02731122474615616,-0.035091713260951854,-0.024624327560071865,-0.029867300011918424,-0.03281364661352802,-0.030262520566574184,-0.03130342768248856,-0.030774291549815324,-0.03184498122911064,-0.036298237569892214,-0.0320036147848155,-0.03034417745435218,-0.03000529764697365,-0.03103528813394161,-0.030270010010779932,-0.031523680012288315,-0.03207299171020363,-0.032549250400877236,-0.027654121459598537,-0.033387127076926724,-0.028681778696714982,-0.03323558924286941,-0.0313483129156037,-0.03149914738611622,-0.02947110606179789,-0.034665231781324496,-0.031330289999153424,-0.03148732681762759,-0.024830873816560427,-0.030808731449406712,-0.031153835520414973,-0.028668735249392088,-0.02470394676488722,-0.03155681458230609,-0.03158871635121573,-0.03227914125008541,-0.03100272853920416,-0.031488690491597256,-0.02996091551176361,-0.031865144652775707,-0.039095648300445825,-0.030974101055192063,-0.031089494581410096,-0.02314574775440209,-0.03343339987157226,-0.03173270542237543,-0.030008836409637706,-0.03182438498583971,-0.03194441316026433,-0.03441049498839238,-0.031193403997944194,-0.029834304561740757,-0.030751972487461914,-0.02963897147979952,-0.0315452109787108,-0.03674490814474703,-0.03043625309193268,-0.02839906021117346,-0.03195280503901847,-0.03159106121058458,-0.028990477230849705,-0.03154607499789726,-0.031354829471923085,-0.028102366578961313,-0.030130885040144165,-0.03162591676334112,-0.03301721009175239,-0.03125015215386776,-0.030682709269016385,-0.033540974161925606,-0.032776804016064504,-0.0316028453004734,-0.01565371307988686,-0.026349436343584123,-0.031097509440612865,-0.03071157077920915,-0.030911012176708934,-0.030391208206297732,-0.032172817958213806,-0.021818986872584906,-0.03361648625632649,-0.03090530497266226,-0.02537660328268927,-0.028096782086877554,-0.03102408198459235,-0.031580966101010084,-0.034462794811078765,-0.033762485541028106,-0.031048068739709788,-0.030558841743606895,-0.0316000540184142,-0.030768520338014527,-0.03182460736967987,-0.03310603154276118,-0.031186236091179168,-0.034653981068070265,-0.03155477334569095,-0.03263474131671862,-0.024056526387741722,-0.03140231102718017,-0.0316084249949705,-0.031611693330514015,-0.03285223925439416,-0.032257357408668995,-0.030430883402390613,-0.030597234528775295,-0.03088411004118913,-0.023525717700582278,-0.031518996587143765,-0.030295953799800393,-0.024754158339789667,-0.03339474131110417,-0.029179139195785235,-0.03288404271610615,-0.03196162665429121,-0.0317690138874993
min_quantifier,0.0,0.0,0.0,0.0,0.0,0.0,0.0,0.0,0.0,0.0,0.0,0.0,0.0,0.0,0.0,0.0,0.0,0.0,0.0,0.0,0.0,0.0,0.0,0.0,0.0,0.0,0.0,0.0,0.0,0.0,0.0,0.0,0.0,0.0,0.0,0.0,0.0,0.0,0.0,0.0,0.0,0.0,0.0,0.0,0.0,0.0,0.0,0.0,0.0,0.0,0.0,0.0,0.0,0.0,0.0,0.0,0.0,0.0,0.0,0.0,0.0,0.0,0.0,0.0,0.0,0.0,0.0,0.0,0.0,0.0,0.0,0.0,0.0,0.0,0.0,0.0,0.0,0.0,0.0,0.0,0.0,0.0,0.0,0.0,0.0,0.0,0.0,0.0,0.0,0.0,0.0,0.0,0.0,0.0,0.0,0.0,0.0,0.0,0.0,0.0,0.0,0.0,0.0,0.0,0.0,0.0,0.0,0.0,0.0,0.0,0.0,0.0,0.0,0.0,0.0,0.0,0.0,0.0,0.0,0.0,0.0,0.0,0.0,0.0,0.0,0.0,0.0,0.0,0.0,0.0,0.0,0.0,0.0,0.0,0.0,0.0,0.0,0.0,0.0,0.0,0.0,0.0,0.0,0.0,0.0,0.0,0.0,0.0,0.0,0.0,0.0,0.0
max_quantifier,-0.025757984800640583,-0.026025076039446562,-0.025154447049347013,-0.024708561783004457,-0.022329470440111552,-0.009950338718502625,-0.031589456760405775,-0.023106745188518827,-0.02500377347974493,-0.031113480898101693,-0.01916178930714792,-0.030298002968089214,-0.025726802681159247,-0.03059328540414928,-0.025880054009401725,-0.027702209381434466,-0.028125395059528498,-0.012984426164360132,-0.030563529082526904,-0.024362755917191548,-0.026948761428781276,-0.024298939452361654,-0.022308699274299036,-0.027259344403405186,-0.02641638466206244,-0.023876975856784225,-0.0272895866961214,-0.025601390492782716,-0.02883006070276555,-0.026971656283166365,-0.021730492387430224,-0.02183629641938499,-0.027862577798599384,-0.024532350465986532,-0.025467893817340326,-0.02334718399784667,-0.012760701955791142,-0.030347100990174583,-0.006865344951631567,-0.02547743550132908,-0.027224090776616063,-0.02166773846526783,-0.025779186216761393,-0.030054550719990445,-0.025865237753105754,-0.02201653419500761,-0.02511784820233626,-0.02494400257261168,-0.019692326813281022,-0.02162620551285774,-0.025882755145919152,-0.026003334591417494,-0.026123378911765235,-0.025608559692676273,-0.024693739758124125,-0.02503839878230914,-0.02282166941370675,-0.027199325557578164,-0.024845352820139253,-0.031443764607619044,-0.024597901700570947,-0.031507189164775996,-0.025895229148597487,-0.026053059024392526,-0.008853176269752254,-0.024404579568871217,-0.026873968972230926,-0.022771068732895472,-0.021124555842741293,-0.026582422254871833,-0.0260031560524967,-0.026031492011547374,-0.025407429994680077,-0.025257784579116215,-0.026353037395418312,-0.024579203226536617,-0.03298997917494265,-0.027642477729769206,-0.024526264433805595,-0.020239120148240544,-0.02830588659425283,-0.027314560873119873,-0.032230469186822486,-0.0260139004706147,-0.02472318437385105,-0.029577266704912807,-0.02521799219309622,-0.02931025135581921,-0.024422932714109506,-0.022670551394885278,-0.023878731305050378,-0.03783648977670297,-0.015708708173895178,-0.023187821718146887,-0.02449018612430732,-0.02601895981093299,-0.0230939933781557,-0.02609851477297356,-0.02658989947256405,-0.01962547402356062,-0.024325207376836633,-0.025121906496576134,-0.030653586282742947,-0.024263140441135575,-0.024221107948697286,-0.0375456795170666,-0.02691651810139317,-0.025152051246664253,-0.02106387445685207,-0.023786984619988343,-0.016451281951318744,-0.02520190369073937,-0.025406889923213632,-0.026162766878183252,-0.03219324232261309,-0.023069686552463206,-0.028213103229513318,-0.02548926985569565,-0.0251767386921805,-0.02302796305555921,-0.02500415240878567,-0.026057660492590323,-0.02994468953633578,-0.027244465343773113,-0.022695759894408994,-0.023150566752370944,-0.026434881161170473,-0.024776493370947353,-0.022405344556642004,-0.03262455524613085,-0.024843248830235976,-0.02606037188908235,-0.026048902099472818,-0.024903060165901752,-0.014980701861441889,-0.026407458766299782,-0.026186838266169646,-0.023443496517236786,-0.028824781409558412,-0.027089919296379467,-0.026150941645181506,-0.02976900411068348,-0.026138700975171316,-0.027770766917926064,-0.024544744671641198,-0.03035088230133927,-0.02192072944601557,-0.023890703567145375,-0.024741318279633998,-0.025657890924308965,-0.023526438058445523,-0.02927965118284538
average_positive_affect,-0.03336823794272549,-0.03430596556817872,-0.03381963539403586,-0.03364677534487073,-0.033154581611543985,-0.03194637168186006,-0.03224944339987859,-0.031823989789875176,-0.03372695177272337,-0.030279324423137872,-0.03746014837469951,-0.03841820722382669,-0.03292505403713854,-0.031434526931221826,-0.03378275829961962,-0.03352426807140589,-0.03351250644082848,-0.03149399929738665,-0.03544216816308929,-0.035900846279145956,-0.03376502004532059,-0.0320399728858901,-0.03580882823882245,-0.034575985043480306,-0.03360468090711071,-0.03208255188656696,-0.031145947944938832,-0.03418664495344005,-0.033337614111189726,-0.03388928997624667,-0.026292811717482007,-0.03317918665336771,-0.03481308082788904,-0.029836635620356575,-0.03386012014915547,-0.038382959867555064,-0.03214528137362664,-0.03513054310277053,-0.026213768945939457,-0.036352860104826204,-0.03308385981302586,-0.039529841833420815,-0.03369542591765731,-0.04618146410119338,-0.03226565741454681,-0.03397433338369718,-0.03405645900959822,-0.034507546991666325,-0.027454480205271033,-0.03510022300876792,-0.034600713915605756,-0.03361061772016936,-0.03319322868155405,-0.03131424734055646,-0.032115744043329175,-0.03658509714889253,-0.03942838657448819,-0.035409026288933346,-0.03313282721602517,-0.031481612757637,-0.03327467457505104,-0.03288201395609305,-0.03348316969421449,-0.03364791682323491,-0.03701752081456064,-0.03112730169178409,-0.033692640776074166,-0.03406302541926929,-0.03230117567159016,-0.03387281045609816,-0.03228904285718469,-0.03342817686720696,-0.03605096095565265,-0.03272774779613001,-0.034355772171932863,-0.033073221300142994,-0.028505993908484625,-0.0353133600952672,-0.03499621742628771,-0.04030590333697721,-0.029891024210320333,-0.03384133269666779,-0.03312070455613163,-0.03354281160468159,-0.03217110922192086,-0.0379891814197235,-0.033901753619810085,-0.03307421478754645,-0.03470556320265629,-0.032768313959826705,-0.03262998032158199,-0.0424026605113575,-0.03218011985995505,-0.03578700696791537,-0.033058380802820045,-0.03351323808368157,-0.03460094676757407,-0.03359072778968861,-0.03289416918643834,-0.03510434608531768,-0.034947640271328705,-0.03355404245155719,-0.03432680270798187,-0.034196864087048987,-0.0360047822947247,-0.03834927386489083,-0.0324283650398129,-0.03270637080318098,-0.03632180399105446,-0.035608848385105044,-0.021694608955233903,-0.0313991738288433,-0.03358086262078523,-0.03421920036914167,-0.038725963014524356,-0.034508475949037505,-0.03210427760211341,-0.033236229760281816,-0.031482408092815176,-0.02709832768373045,-0.03341168718855666,-0.03368184689803533,-0.031534537920941,-0.03533304481354689,-0.03669869468239541,-0.03326635236608501,-0.03305798620537644,-0.03367544603071959,-0.03591848786673848,-0.03276872925177521,-0.03313654791371255,-0.03682088139556752,-0.033670999997114884,-0.03175698199163183,-0.02799452167963422,-0.03589389582401651,-0.03365251609482352,-0.03241313148068302,-0.033366925177007886,-0.03439659827288133,-0.03256439177697567,-0.032846019417499636,-0.03473877518546186,-0.033546051013791135,-0.03368163738613178,-0.033492288058802056,-0.027164421312734385,-0.033270619849156344,-0.03515863658391755,-0.03237141946813647,-0.03289649938931154,-0.03646606564350267
stdev_positive_affect,-0.052945323697608127,-0.05168219934749767,-0.052375198847824996,-0.05326179913362365,-0.05417412677729275,-0.05070757376252575,-0.05636856195075428,-0.05130633109494169,-0.051786898575953144,-0.047740312445458,-0.05806725420333779,-0.04966093832899353,-0.05215801824373062,-0.06143214374431915,-0.051455943898259186,-0.05307486984089474,-0.052324682527146775,-0.04186941463417189,-0.0539356432586072,-0.0503346324951542,-0.05243409917961138,-0.05468838257830655,-0.053343353655758693,-0.05235870303170076,-0.0531134069207532,-0.047378367739929865,-0.056564209014845344,-0.05376289295900924,-0.05291973958826353,-0.05133848069571589,-0.04604658225920194,-0.051502832581463084,-0.05359556534974318,-0.05996389605010424,-0.053316945350575115,-0.05464345639907929,-0.04796680483143212,-0.04478353886324654,-0.03773586974373057,-0.054315622374540684,-0.0496004417273785,-0.04552849703539767,-0.05279531026318893,-0.04509664331804597,-0.051116458659264244,-0.05507932465383044,-0.05468739778969577,-0.05214552352641011,-0.05420665680196708,-0.05524602143352622,-0.051919539593213104,-0.05243852789495308,-0.05270720793635429,-0.0574812380487231,-0.04953309243046453,-0.04995509659758668,-0.048756221125862156,-0.052073190283330864,-0.05312109147301356,-0.04989685017757489,-0.05190403738871749,-0.04982756284615935,-0.05243041960402876,-0.05242106658569238,-0.049291805272434416,-0.05230663657893733,-0.05425812839697683,-0.05164821114094317,-0.04555345976667226,-0.052869136385974,-0.052101632443630336,-0.05206215005088627,-0.05415808961250716,-0.050286794853101106,-0.05415162149444513,-0.051874345405890386,-0.04585531068835887,-0.052333718364770423,-0.05347170432296413,-0.051032845215831776,-0.047145492738788715,-0.05356998181304991,-0.05233519087739323,-0.05287410880364933,-0.05338595750248887,-0.05929735363710924,-0.05347732144850075,-0.04842209404236037,-0.05163867076439011,-0.052016463007537435,-0.05629698730808759,-0.05876931998576443,-0.049757198776380636,-0.05655746135650561,-0.05461720613605695,-0.05204206773740179,-0.05234074539256664,-0.05224751582808912,-0.05130070486290651,-0.05197741353662884,-0.0524083348360998,-0.052951311150980514,-0.0541559866711705,-0.05268722118394157,-0.051747911052171656,-0.06321693554687835,-0.05346915774261141,-0.049278171196406435,-0.05339983756655846,-0.049191667636071516,-0.04792333613004526,-0.05437113104452617,-0.05250958294058905,-0.05156597886580795,-0.0571625903299523,-0.05563185078504122,-0.050134373333881474,-0.05135961942231914,-0.04755959892727229,-0.06404449030120024,-0.05282968774579745,-0.05254695556080332,-0.04932825037279135,-0.05252136578184935,-0.055566404910673446,-0.051669441596693295,-0.05194429831803071,-0.053008970743581824,-0.04965129490973545,-0.04777634522888375,-0.05214618862801057,-0.05033924242679852,-0.05246888748761429,-0.0489525903215682,-0.05801881914412306,-0.05209694002170547,-0.05237768316701749,-0.0535779782759947,-0.05030050705864059,-0.054495183854054656,-0.05135405941362167,-0.0491597448565763,-0.05146585055718163,-0.0417841939920718,-0.051796628895625085,-0.05404461971361771,-0.053476062169260916,-0.04943613027312756,-0.05045652871210406,-0.0525037471523269,-0.05395620012199846,-0.04026539046745162
min_positive_affect,-0.002196412439201727,-0.003157603822122399,-0.002425686160609178,-0.002804828353356533,-0.002880986730900937,-0.016351410513955462,0.00016025542537849262,-0.0006434542858981792,-0.0036262572682652485,-0.0025326383256589692,0.005827785418773183,-0.001426688089549133,-0.001757202985315922,0.008960284426541239,-0.0028157794425358543,-0.0025677737476856367,-0.005756444399136888,-0.019748802628761813,-0.007320726280922114,-0.001710674619215443,-0.0017387991472681275,0.0017518855259594287,-0.0003797622963145064,-0.0010757099384952487,-0.0017055044087500599,-0.004914692200238638,0.0013903457993148655,-0.002865935105859654,-0.0015109341693903579,-0.005302394777552125,0.00492615300660914,-0.0035553776067710654,-0.009428151087671716,0.0032352473424892597,-0.003030659952543593,-0.008020134365393627,-0.0023882354806084092,0.0016380618671955676,-0.0053743029048360265,-0.0035270724975777134,-0.0018217625636943267,-0.0021650857845322323,-0.0017334982362680555,-0.016200317274445333,-0.005157652926698461,0.004752484413001717,-0.00012350917700552997,-0.0032334110818461872,-0.009848211270355624,0.001532500716876673,-0.004088396651266182,-0.0020796161905382877,-0.0023620558485717307,0.005821837400568915,-0.004633827204493643,-0.009856144636538262,0.013226377218500535,-0.0010324335823573057,-0.0014018001166470097,-0.0002544542319333214,-0.001806184849991739,-0.0019853075245717996,-0.002173422660813775,-0.001260476350262947,-0.00452994927336563,-0.0038675981273754607,6.225040656019677e-05,-0.0011490103038167485,-0.010728062377104679,-0.0018097043556849512,-0.0025193713143365965,-0.0010184082181800918,-0.0014017750422436167,-0.003366935492085374,-0.0014700122529906143,-0.0019465944283856458,0.004248407982647605,-0.004661887553428987,-0.00419865620092494,0.012711169246578866,-0.007183762836529045,-0.002450624092328488,0.003971528086338185,-0.0022265090426417155,0.0006215960744655677,0.004644404545718756,-0.002481782209092702,-0.005644360790997826,-0.0032453639194407738,-0.0028227779744970484,0.0031382004333621195,0.0017100473234562038,-0.006370304842139591,-0.0011818327610028795,-0.0013972814513819138,-0.002220721995324802,0.0046517108413070656,-0.0020181092006504755,-0.0025405711327670033,-0.005938259611883052,-0.020804003245175423,-0.0021205971997909304,0.0019059047472841963,-0.002765766206139879,-0.006795964601051801,0.008108722107455535,-0.001516522297488386,-0.0024536831260106315,0.0013279233725441738,-0.007404494137107531,-0.004667130486651433,0.0018646975033458678,-0.002420140237383429,-0.0034139864396717026,-0.0010465378432868294,0.003255501275882213,-0.002462216839133422,-0.0017259383454598831,-0.0026003659331759557,0.031065226739065255,-0.0015447967678554708,-0.0023949131255265634,0.00013827574720508273,-0.0037944487991882084,-0.00466118684283407,-0.0036125978326747416,-0.0014649343561932188,-0.0021518477543149505,-0.00804754748018505,-0.0037695283142936916,-0.0017848499558418855,-0.0018126533489852782,-0.001710222783403866,-0.007955538363627323,0.0027229243620955617,-0.006319127052098422,-0.0019975754588790876,-0.00026182969535356454,-0.0006636277762507477,-3.1284087231085115e-05,-0.00577723577534855,-0.002252062979219249,0.00021614091091616333,-0.00802646369886369,-0.008399478115198741,-0.0023391614170784635,-0.0052906755452362874,-0.004321409016573593,-0.00034897266406284976,-0.0011789301956376635,0.0006365112928669726,-0.0012351585021654525
max_positive_affect,-0.04404246726533531,-0.043917556579288475,-0.0440560638118012,-0.042857871227779176,-0.04237794810068378,-0.04334200241931313,-0.04438179087493015,-0.03950049951253089,-0.04248541228313063,-0.037620799935564914,-0.04512416147976971,-0.041677168868107684,-0.044291571074870154,-0.051595410777615494,-0.04268115333119504,-0.04318254429359561,-0.0446336912851652,-0.051563015801721276,-0.0419584035730595,-0.04183442689533531,-0.043354898732625054,-0.04246116734955238,-0.04427864838955703,-0.042901641950879366,-0.044186358911662865,-0.03666962144891458,-0.04714745829348296,-0.046204080332703804,-0.04166315317705314,-0.04298525214832841,-0.026700211365641296,-0.040874118304474266,-0.048745990928315594,-0.049523803623425525,-0.04429410209456093,-0.042060644295811266,-0.047404899016697824,-0.04208603298755894,-0.027320436218621295,-0.048457271698536954,-0.03913218091347057,-0.04232983972302008,-0.042977386049690314,-0.04768710438302951,-0.04302545303747056,-0.040268024373997936,-0.04351480606134414,-0.04286755943673476,-0.049368130684967704,-0.04934593372885725,-0.042080393279968376,-0.04343878937279379,-0.04302115388160165,-0.04896462857201647,-0.04124046921330312,-0.04963538887855535,-0.03508052485563147,-0.044375890785992106,-0.04366109782306418,-0.044492286067608064,-0.043124434304335504,-0.041992860187632874,-0.0432887342944923,-0.0433230902577062,-0.03549308663011844,-0.04304771797018006,-0.04624678860478722,-0.04158214506208994,-0.04449857957003222,-0.04370404768835476,-0.04258804952688513,-0.040598476322387334,-0.043700286995803694,-0.041865811527344955,-0.04538810709642009,-0.042919949906313704,-0.038067068044959074,-0.04320205812123313,-0.04394240983713154,-0.03751313845513128,-0.043004894257973485,-0.04322988598840692,-0.04474565812003699,-0.04369979528029329,-0.04304503684369592,-0.05114462021509922,-0.044010542849803255,-0.047458139163377155,-0.04180472007987452,-0.041410602894168334,-0.047463778312210145,-0.04470488223243933,-0.0395375256614241,-0.045958625337444325,-0.04521996496854131,-0.04306566424012192,-0.04077280346987002,-0.04327319542188893,-0.043896792083846815,-0.04266426476427238,-0.04478317216324869,-0.04339591703536194,-0.045374824697409874,-0.04460010387530328,-0.04665309599906507,-0.05339714954712685,-0.043420412584955596,-0.04472614410414483,-0.04366101005982398,-0.041860067139358324,-0.04308376524038072,-0.041919744564586976,-0.043731293789565626,-0.0437743144816614,-0.045906885545569466,-0.04560632231534937,-0.04085736222494109,-0.042768311016568916,-0.04385805270733914,-0.04478403758672511,-0.04399000329759446,-0.043727220342230935,-0.03916587539788108,-0.038686271524460775,-0.04650272466906358,-0.04237519564993491,-0.04355849430993015,-0.043773625690704365,-0.04262773459127596,-0.03881078341392293,-0.04320284426253823,-0.0400117229169681,-0.043760945192175695,-0.04448620000604747,-0.047140339390240434,-0.04193798136022027,-0.043405352066777654,-0.04509603851591887,-0.04110083303681003,-0.043674767141435845,-0.044747093926311446,-0.043248287910389246,-0.041827006429038464,-0.039560703901360544,-0.04351861774784163,-0.046311264330842525,-0.0512108813217322,-0.04093581984901949,-0.03870453362879088,-0.04342692873029679,-0.04355217873953852,-0.033949142315237484
average_insight,-0.027678356050440063,-0.02761620285919708,-0.027632082015334028,-0.027810227821977073,-0.026407268033000458,-0.027372808751603465,-0.027521462693187372,-0.028740677620909306,-0.02883476759972686,-0.02874748258346191,-0.024897478522651804,-0.029881118379433032,-0.02797358047482646,-0.021191147732506545,-0.025735525725365905,-0.027606947778647303,-0.03269423962958623,-0.024971499395126967,-0.028909059972462757,-0.028706907835764156,-0.027403467059138865,-0.027216736384436616,-0.028627494800317045,-0.027620069088980223,-0.02731148114022308,-0.028728770910605286,-0.02518722011550404,-0.026951121460763696,-0.03021521928242939,-0.02916888661015721,-0.02625015940436111,-0.02706374602814044,-0.02257618816315494,-0.0325801445917069,-0.027210830769245405,-0.0353061419649721,-0.020319327199531854,-0.02493206653486277,-0.023281335887055266,-0.026862679074527156,-0.028767645810834384,-0.01878069707549906,-0.027215765832624125,-0.03413428994710478,-0.026259772078345494,-0.022445600107097285,-0.02861430845940665,-0.02802935284527011,-0.026544956117141687,-0.028010961128717086,-0.02781854074481836,-0.02754787014005569,-0.02777833084376718,-0.027016465808539936,-0.031211945968926832,-0.02554189883615123,-0.024225149778664228,-0.026567178921730383,-0.025016514876085853,-0.02552874911403343,-0.02652379539465428,-0.03160127264852774,-0.02750117678871363,-0.027583367554194473,-0.02918862099052348,-0.027287169476071887,-0.027182994557083583,-0.028585075955647302,-0.027495725085175907,-0.027435300293598107,-0.028722708971365144,-0.028313103373360682,-0.028060393157609106,-0.02720306754948858,-0.028913370208368993,-0.026561796020343528,-0.025905274238173025,-0.027342313210505075,-0.028552885365027085,-0.023654329164307576,-0.023305259886460712,-0.02710150422108077,-0.0245127546712821,-0.02733404811749312,-0.02740096159340412,-0.020774652139105475,-0.02729041217035858,-0.02424435649494537,-0.02890077015922675,-0.027120568276326328,-0.02635757799038796,-0.023718757014804675,-0.02911174175561953,-0.02811606292445373,-0.026660706453176503,-0.027619680717914975,-0.027051946810506926,-0.027599808930323037,-0.027273193290312164,-0.026430701209259458,-0.03198256523292993,-0.0274236824466736,-0.03226108401167191,-0.027947948912070406,-0.030532452148280508,-0.026608948288158945,-0.02889537495223378,-0.020933822166334014,-0.019995151625464065,-0.02808528012772337,-0.029374442876956734,-0.02371938204618073,-0.028024386751078854,-0.02743326256762533,-0.026037008003090875,-0.02264382891494727,-0.0275227061788955,-0.027495317178942397,-0.030691551183649097,-0.03048730386802988,-0.027833466947178358,-0.027540747572047098,-0.028536112453840898,-0.026056857069894877,-0.02729584016941504,-0.02716670973037251,-0.0274456341034133,-0.027639810884164853,-0.02941735110071779,-0.028591098121020404,-0.027608272390889737,-0.031626117336443674,-0.028259716647451916,-0.03015129290350838,-0.0341313122885404,-0.02918397072956263,-0.027483638432339818,-0.028240107048749477,-0.028955483080132544,-0.027776205036138764,-0.026211760983851296,-0.027627085639567138,-0.027376930177333475,-0.03129177384535972,-0.02707593886281916,-0.023835843437292118,-0.023180271457459076,-0.028309195798107416,-0.031518641769304495,-0.026091169880969337,-0.02721091336877193,-0.02745341909739191
stdev_insight,-0.01923855073867202,-0.020014043059580523,-0.019547247714858253,-0.020153153212663533,-0.02155528624911255,-0.025848066784699524,-0.02195017404227178,-0.016979327454791866,-0.021897643331014537,-0.01877997681327615,-0.01987561635374395,-0.02245311461040403,-0.02014330531105498,-0.019533030978123665,-0.01993845797312363,-0.019618999043358683,-0.02535961060010878,-0.014660907314293418,-0.02242746668633301,-0.018525867881760263,-0.02008480576882367,-0.020271977722848486,-0.01682507622556719,-0.02014907267488579,-0.01946492136301852,-0.01573244739539291,-0.020007445207974803,-0.019074811926133493,-0.023507561556692508,-0.018747018210504944,-0.024595780201457224,-0.019175502999566635,-0.015018252686577478,-0.023780491567171276,-0.019206656729800542,-0.018079628155415334,-0.015053500568354077,-0.019522882927085185,-0.014810199307308279,-0.016770590138721557,-0.02098761266000934,-0.02102786677043996,-0.01903531905015205,-0.019886279321960465,-0.01902469747202362,-0.021277018266955813,-0.020780293528200135,-0.018835566421959965,-0.01733395076239548,-0.019403977191898687,-0.020867977559376617,-0.01960868932336199,-0.019163445711273278,-0.01983542796665099,-0.02035377856917351,-0.01640818453338204,-0.018645444972127764,-0.01773091942998327,-0.017558111655905692,-0.016033927641609318,-0.01802104820923657,-0.020518148825236074,-0.019693344645438843,-0.019768684487903837,-0.020007011611602045,-0.0181471974616913,-0.01999534440592627,-0.01994132854050533,-0.019372692586126075,-0.01967263815975006,-0.021509915703163074,-0.02043785716382098,-0.019837177907701592,-0.01955427885190561,-0.02030415403627823,-0.018663515854978767,-0.015955539866815853,-0.020295901976981667,-0.01852462903469495,-0.024660364440785856,-0.020703497476655987,-0.01984438857688158,-0.02091074485964633,-0.02013275740387102,-0.0182632650599489,-0.017683644755509147,-0.02006406000915005,-0.02344217403775537,-0.019125091336110386,-0.01844340834313083,-0.018653479341216056,-0.024417137012268858,-0.019285936269404974,-0.018771168114734553,-0.019162668862773617,-0.01951490871753915,-0.020028540429957373,-0.019559128661930915,-0.018253592451946306,-0.018096448421072032,-0.017402649011434707,-0.019778761066105453,-0.024691966811440258,-0.020403190148170686,-0.021394219264323,-0.019537134429866647,-0.021107723437863032,-0.0197275952314458,-0.015816903215827682,-0.021433517247186604,-0.020695775230418427,-0.019495706940085976,-0.01994445584372552,-0.018826143096611646,-0.020831421485362274,-0.017984541952152967,-0.020985507288765075,-0.018225297865884844,-0.019540055491915433,-0.02227976473843997,-0.019108272585502364,-0.019535560871322154,-0.01735803907028377,-0.01744655015328888,-0.017840320289366704,-0.019408330115901193,-0.019325655626307912,-0.019862637762104347,-0.018128717846613192,-0.01998276123166772,-0.020249319053754156,-0.02626738189146794,-0.019984218573830002,-0.018644686003695732,-0.024575404186755842,-0.014347234896766842,-0.019523501127033667,-0.019167620313218274,-0.01760072837602139,-0.02001415582589198,-0.01695793113605664,-0.020409737328838988,-0.019991989195753276,-0.019566134947639258,-0.020667054250378195,-0.01932301305406421,-0.014295644423869741,-0.0159107397060657,-0.02169541264262257,-0.020829518947439063,-0.018169072614355866,-0.023149877617312593
min_insight,0.0,0.0,0.0,0.0,0.0,0.0,0.0,0.0,0.0,0.0,0.0,0.0,0.0,0.0,0.0,0.0,0.0,0.0,0.0,0.0,0.0,0.0,0.0,0.0,0.0,0.0,0.0,0.0,0.0,0.0,0.0,0.0,0.0,0.0,0.0,0.0,0.0,0.0,0.0,0.0,0.0,0.0,0.0,0.0,0.0,0.0,0.0,0.0,0.0,0.0,0.0,0.0,0.0,0.0,0.0,0.0,0.0,0.0,0.0,0.0,0.0,0.0,0.0,0.0,0.0,0.0,0.0,0.0,0.0,0.0,0.0,0.0,0.0,0.0,0.0,0.0,0.0,0.0,0.0,0.0,0.0,0.0,0.0,0.0,0.0,0.0,0.0,0.0,0.0,0.0,0.0,0.0,0.0,0.0,0.0,0.0,0.0,0.0,0.0,0.0,0.0,0.0,0.0,0.0,0.0,0.0,0.0,0.0,0.0,0.0,0.0,0.0,0.0,0.0,0.0,0.0,0.0,0.0,0.0,0.0,0.0,0.0,0.0,0.0,0.0,0.0,0.0,0.0,0.0,0.0,0.0,0.0,0.0,0.0,0.0,0.0,0.0,0.0,0.0,0.0,0.0,0.0,0.0,0.0,0.0,0.0,0.0,0.0,0.0,0.0,0.0,0.0
max_insight,0.011925403181700364,0.011013543843170187,0.01127976657502848,0.01100339567582765,0.006812206688900417,-0.012766677898643691,0.008648440371466379,0.013531790964519085,0.006551058530458703,0.013991788709447457,0.012466084085986429,0.009073729695478205,0.01093477378636716,0.011432931507131622,0.009354160095230615,0.011751877709857327,0.005805289028016095,0.01445695144726443,0.006988059675271371,0.012496481751089042,0.01104633604650699,0.011300080269819067,0.01519732707504974,0.00875548035925789,0.011394512285627163,0.018804271044473422,0.01102285387642385,0.011870773992723335,0.007255635967356365,0.014795699401891842,-0.0012935318378404642,0.011052453578852227,0.021647055117271538,0.01068366401074132,0.011327009013626897,0.012211365763507037,0.016571964299786444,0.005288251177601483,0.009557554255746871,0.015098035699334433,0.009880931026947239,0.0041725158255971895,0.012139615406460663,0.013698464508803208,0.011054444308901193,0.006004409220563368,0.009077382887164968,0.012440648538032027,0.011637531465640484,0.009398342765623534,0.009109939401899803,0.011429670662670685,0.011841598198177414,0.008532531901286562,0.011834923131728348,0.012239487171593268,0.01733100625984389,0.01075517404840498,0.013471864126304633,0.014797766612286722,0.013489253967058107,0.011960941805747471,0.011162346004233499,0.011442840263681114,0.007195228325363824,0.012838213401246835,0.010520970364410097,0.013688153781671292,0.008933175913030424,0.01123980192058567,0.009632748327607826,0.010247450596732662,0.01150712541002083,0.012905076049583117,0.010776713192204905,0.012857389190801878,0.025637929882792967,0.011707343818519983,0.012688934068166645,-0.00018040821656008926,0.0017460639631844202,0.010742232741051252,0.008812301404014442,0.009945632803841496,0.012701690921525018,0.008216008635375603,0.01015037182376962,-0.0021316499244061343,0.011565827879803162,0.009307857784422405,0.012297681281935355,0.00011798221100001172,0.010200764404695334,0.010296614966062677,0.01038457911066263,0.011514828448056506,0.008333662403726377,0.01159719474340306,0.01286013242449388,0.009686816244434446,0.01643073386844788,0.010512752190784624,0.006948759209561589,0.010059761860443703,0.008928677610057452,0.017609304721384285,0.009891715821532657,0.009467779778628699,0.010369293233896841,0.006924124713536449,0.010595581419235986,0.012551517259891821,0.01139644132975988,0.012926625715167367,0.010499337358529572,0.010238701703602651,0.009820930760805313,0.014929358090089287,0.013209124790796098,0.01084497950168959,0.01214663294453576,0.011493513244845967,0.016848699043847382,0.008142109938179945,0.00992608795231062,0.010679704044001072,0.011922288658001982,0.010360797775942024,0.006520812796251364,0.012564568124092033,0.010435449762374531,0.004196704440366857,0.011499229960176625,0.014047368647391666,0.013872191506588118,0.018866819757553156,0.011515159619409451,0.011633324590511446,0.017827511315866303,0.010410683266118957,0.014131626833440353,0.01134207695930877,0.01154169522196899,0.011089016538871274,0.008873554609424045,0.013632075776114666,0.013042710876334379,0.015423380943149392,0.00982190255631974,0.008545407525902618,0.013425131230829758,0.0008202876785325316
average_humans,0.0032966185231918643,0.0028298164855812304,0.0034701359307300773,0.0028762487604982786,0.0014548425637506412,0.012377932421144667,0.00246129262471023,0.0056061082521649055,0.004173455264941471,0.0054597811242238295,0.001106922334319603,0.0029365566255857463,0.003794001380974091,0.007870717134004456,0.004087142336211363,0.0031262244873055314,0.004114018485899793,0.012710083109116126,0.006618555474972736,0.0017132586399200272,0.003189356487130472,0.0028141392853467274,0.002128711042535588,0.002083401794258902,0.0031453194579107707,0.0063719563753535016,0.003640854614210643,0.0028351169933514206,0.005078748628474978,0.005669044640868887,-0.0013368076943488846,0.004048054812155432,0.0013578395924968081,0.005775296173670605,0.0035697658531699487,0.004197784578915559,0.0008556161561450223,0.001536392710745682,0.003232126316099832,0.003485710949054529,0.0028423179435904927,0.001455661561996226,0.003175288424179464,0.002446015066426494,0.0019364050508375915,0.002386875748802697,0.004818627454798365,0.0029635630624918977,0.003118370297606393,0.0018301162455638415,0.0013256393305915055,0.0032816115446823654,0.003100966915909902,0.004719877620833533,-0.001032401093153874,0.0032793543356850873,0.0029654251634300115,0.0024507741008666685,0.003185534435677498,0.004505164600781427,0.0031588581083401793,0.0026522188109360818,0.003321554910515251,0.0033834932043219773,0.01046718930277166,0.004200665685804005,0.002786231540390781,0.0036369885820770487,0.005971337339142456,0.0032491645695600334,0.0043219874647895395,0.0040098589668396065,0.003903764383398685,0.0015180201071623798,0.0025032033888673696,0.0029839576115179532,0.004630710637658325,0.004315882297153436,0.002590613524696743,0.003574184458902476,-0.0003055526667793511,0.0035498314779726647,0.004981776234065691,0.0036094747507707976,0.00322589327656736,0.0036056103935104104,0.0036151104576695476,-0.0028733309366187863,0.00438211970084906,0.004970839722969939,0.005335501447104166,0.006810647951587059,0.005156886558249443,0.0006514657571040604,0.0016443510155571585,0.0033120944088099995,0.00423710265613635,0.003226159008942261,0.004233463185158872,0.002957392634536994,0.005755606124071002,0.0032054821027520507,0.0030992834545862796,0.003745289826415192,0.002660628068032935,0.0013158984591039435,0.004283951359200323,0.002747536929676631,-0.0011422522614610697,0.0021089027537358335,0.0036016685481081983,0.003976572632858642,0.0054354709343538594,0.0025853285766316084,0.003433689581576407,0.0012048570226754034,0.0034896673670346424,0.0031916729760132993,0.002558531417173127,0.0048140947722021335,0.0034674857630513072,0.0034014595600784653,0.005660300193135365,0.004879924067905628,0.0016695233357012715,0.004857241838497771,0.002811954107418989,0.0035649725686464524,0.005272215733323173,0.004582821118582443,0.0024852915029345765,0.006021927010716587,0.0028095094506854768,0.0034401954935464954,0.003406538772041976,0.000977081281603693,0.0032414108149460153,0.004921114366331506,0.004455984222072013,0.002739577999160997,0.0025305900067175736,0.004167734255913923,0.002547656125882687,-0.0010472868425549613,0.004403022856534239,0.0005439349501649409,0.0034090109430926392,0.005189285071814452,0.0019565935260696145,0.0034037711176957072,0.003826492866476735,0.0020849427035959643
stdev_humans,0.013092267465242672,0.012573044889689968,0.012450101209787214,0.012297729344142964,0.007953873320789694,0.015249790664590502,0.011347391988293161,0.014752411698845119,0.01471316361125161,0.014297241943057756,0.009466671076545715,0.013964826229168083,0.013449767457271574,0.012234059798185122,0.014128263150032513,0.01297891609381075,0.009465811426335463,0.00759423290290355,0.01657035589023351,0.011576876234994878,0.013060254434540038,0.012287295051228077,0.012238556912416413,0.013527315765609102,0.01301734335316009,0.012490600052439758,0.011032501484760635,0.012735200538437899,0.014328966689556327,0.012912463732547182,0.012237294526962079,0.014072935430382577,0.014004185298906732,0.013668205932985074,0.013038667397932743,0.012292897384321577,0.017041030375606038,0.017587936721693086,0.00933087938867494,0.014091704285583775,0.01174490492049488,0.012300351066271285,0.013490713511917276,0.01376607481408236,0.012851418916150617,0.010100077063588436,0.012253872753903097,0.012780569239755723,0.011504814244305158,0.013489365816442713,0.013490660548830153,0.012959351103104606,0.013465626343709914,0.013885977294182773,0.009527923941972612,0.01572845701173037,0.004582079858122036,0.013662920961446662,0.012829424906140585,0.01348338055566622,0.012436565323392074,0.01249986774627508,0.013280386281598477,0.01302385847097249,0.013034458222769673,0.012286299526034702,0.01133143997277104,0.012791504875197562,0.013941327232573507,0.01285263045228849,0.013150338770163271,0.01279348756523597,0.012305859398027986,0.01305380495728577,0.011848911667703703,0.012812253123259119,0.015461189010891163,0.014147950442931169,0.0125145837089608,0.012485255481383671,0.013134618561622,0.013183576794799584,0.015082395031916421,0.013679420837660536,0.013526656628351822,0.018863606455514367,0.013461896061624578,0.01098495781466335,0.01236275951157514,0.009740148808588095,0.014558559532690248,0.015597767222012088,0.014824440972789935,0.009584801290322298,0.013475591916462394,0.013187987026082615,0.018759440179795105,0.01292877814110397,0.013878969009380546,0.013212131950596976,0.012699096694043685,0.012730068603165211,0.012473613275237567,0.012893641265744334,0.012837127105904766,0.013350431551348973,0.013068051237745508,0.013921450922914991,0.010206647843594829,0.011717935328413124,0.010961469087252023,0.013138484835203353,0.012888620423156166,0.01262563719013246,0.011301547628402304,0.011906268991462379,0.013212432153776541,0.012781113127124922,0.011491491168419812,0.013135463296630992,0.01290117627855999,0.013046291258463726,0.014211824919421986,0.01525032650106865,0.012377254037707338,0.012754793521769362,0.013000071761325175,0.012764807574581783,0.01488143719037174,0.013724049215838951,0.013563363048493005,0.01488227170645483,0.012693082103562459,0.013326539056222875,0.0071611828518963125,0.012785329858625774,0.013026522973024009,0.013175752769513313,0.012345120964116359,0.011615090181538426,0.012842378599007808,0.012051444484348327,0.012290758447743723,0.011432576458263056,0.01397051857577735,0.012777782828622403,0.00267923606822054,0.01154471803938566,0.014908399845876085,0.013810652878503978,0.012898691823302569,0.018720319506459575
min_humans,0.0,0.0,0.0,0.0,0.0,0.0,0.0,0.0,0.0,0.0,0.0,0.0,0.0,0.0,0.0,0.0,0.0,0.0,0.0,0.0,0.0,0.0,0.0,0.0,0.0,0.0,0.0,0.0,0.0,0.0,0.0,0.0,0.0,0.0,0.0,0.0,0.0,0.0,0.0,0.0,0.0,0.0,0.0,0.0,0.0,0.0,0.0,0.0,0.0,0.0,0.0,0.0,0.0,0.0,0.0,0.0,0.0,0.0,0.0,0.0,0.0,0.0,0.0,0.0,0.0,0.0,0.0,0.0,0.0,0.0,0.0,0.0,0.0,0.0,0.0,0.0,0.0,0.0,0.0,0.0,0.0,0.0,0.0,0.0,0.0,0.0,0.0,0.0,0.0,0.0,0.0,0.0,0.0,0.0,0.0,0.0,0.0,0.0,0.0,0.0,0.0,0.0,0.0,0.0,0.0,0.0,0.0,0.0,0.0,0.0,0.0,0.0,0.0,0.0,0.0,0.0,0.0,0.0,0.0,0.0,0.0,0.0,0.0,0.0,0.0,0.0,0.0,0.0,0.0,0.0,0.0,0.0,0.0,0.0,0.0,0.0,0.0,0.0,0.0,0.0,0.0,0.0,0.0,0.0,0.0,0.0,0.0,0.0,0.0,0.0,0.0,0.0
max_humans,0.01238037408225289,0.011908829948451782,0.011287228737826066,0.011277234428201142,0.007690934953662449,0.011601169161767962,0.009909466456555143,0.013216717641930583,0.014695507370933693,0.01107669605503251,0.009644833769789885,0.013234512032468572,0.012624232997652288,0.010182050859544474,0.013338870915388918,0.012067087898020312,0.008173633306027696,-0.0007529500952409528,0.013154482281262824,0.010292757442259869,0.01231386303350967,0.011691658827771761,0.011962198741587564,0.01479498119347547,0.012483300697423254,0.008288436034060254,0.00909223600629291,0.01177998453058671,0.01380775981226961,0.012258506974081516,0.013389653835198558,0.01251297279379056,0.015147342239252383,0.012960304998980213,0.012253169594929083,0.010639595073104118,0.019988048987973184,0.019647201875140345,0.00560782551555908,0.013581977585107631,0.009383797508657338,0.012132339486118094,0.012909610506063707,0.01369627333798172,0.013008029057989524,0.008875028455451427,0.010424744389641458,0.011882087790859633,0.011684791640407692,0.014364275073629335,0.01512987182713609,0.012169707186727349,0.012991021689742742,0.012293476989109483,0.009902897987855706,0.015513865627560276,0.0007976681270370645,0.014129862656518803,0.012212206447688858,0.012297317823388582,0.013085571626007274,0.011747750061420821,0.012603503682447613,0.012188639927155909,0.007171431813300325,0.010562854252950914,0.01088003115012544,0.012228803656792606,0.014054653213094327,0.012467659953069987,0.011593790934548626,0.01087495600111715,0.010874127754408552,0.013227523475443944,0.01101042137668634,0.012019003861902057,0.0180438036513214,0.013485001417005732,0.012005932540952759,0.012735713692552553,0.014487221173071833,0.012565864506768326,0.015614524837278796,0.013096983046686304,0.013752724539836048,0.019467664124695406,0.012889920107574102,0.013859224699456331,0.009266036076492028,0.006193215010182048,0.013700686818559345,0.016208609721012398,0.015455088309216332,0.008083569029572534,0.013910008147802487,0.012403035394760948,0.02049405832802643,0.012112447999417169,0.01286465450559563,0.013017158318127867,0.010151228609952977,0.011872728358382394,0.012644817044946586,0.01186314413131443,0.012260799583249627,0.014268396544731008,0.012126120211864894,0.014003770491821981,0.011838982509371293,0.01050488225883798,0.008692027570834277,0.01173959133701959,0.011208072690530802,0.012204012532575945,0.01263141627737307,0.012565629507535217,0.012778262006324384,0.011953841483093376,0.010524448520648925,0.012213747883129868,0.011818253691018688,0.012180203199124464,0.013130864228067916,0.014848378430959291,0.011712246943549783,0.010198226633595053,0.012415621355713344,0.01166717304441949,0.012640911182893944,0.012181720080244438,0.013245955363556397,0.014917101542710469,0.011872659276778165,0.012259721881387211,0.004322475833254659,0.011983724227001835,0.01227411524417187,0.01146903511077828,0.010688288170433035,0.011127111141062452,0.012212109751042952,0.010390207079838022,0.011679283394998817,0.01241050062987091,0.013237399304843954,0.013343748360210616,-0.004021790558186659,0.009532112847065646,0.016242497102640224,0.013607287108821801,0.012414378483674701,0.023376726185285978
average_present_tense,-0.03960697279695726,-0.03913399646971637,-0.03963725351427379,-0.03891513181230712,-0.03526117729676636,-0.029065525940393157,-0.03758824049224093,-0.04282891006355549,-0.039896845509249795,-0.04008423874560507,-0.03945703633623699,-0.0389757606486702,-0.040023727042936816,-0.03533658928599857,-0.037562783403845,-0.0398675359220342,-0.048957686844884135,-0.03913034934022027,-0.03824569002780732,-0.0371153022377623,-0.039297871878145735,-0.03794524038646915,-0.04039806420355052,-0.03949096605607988,-0.03972062123482056,-0.038968535607647584,-0.04079705205376126,-0.03978422892422685,-0.04124192700936208,-0.04195755849507948,-0.03363457032888587,-0.039221257638146774,-0.04094872584270163,-0.03824784559520257,-0.039433908741574916,-0.03889365178101653,-0.036748587875121266,-0.03404804016447936,-0.04276262591638366,-0.03675776098424646,-0.039136171574090856,-0.03704006420443073,-0.039786510345571985,-0.03259200977029559,-0.037254721052168066,-0.03975036019043579,-0.03977445566746841,-0.03897397546010015,-0.03864672035759443,-0.03627638958505743,-0.03868550573166234,-0.039683049146690914,-0.039950467103143976,-0.036453681189979256,-0.041053216777517366,-0.0395711209736575,-0.036603128102846126,-0.04038436263631594,-0.035917135413678566,-0.04094141464559203,-0.04030038429961351,-0.04068193757438527,-0.039691297722407246,-0.0396982841751074,-0.0373086719573723,-0.040457522560136426,-0.0398153462732673,-0.03977287770766504,-0.04161236004153851,-0.03998657975823908,-0.03933559518712109,-0.040203890749445255,-0.04061127988549954,-0.04031138745608174,-0.03933186783020619,-0.03935542381826005,-0.036420257508344864,-0.04040265062661711,-0.040280642723478595,-0.042983486136622825,-0.037340756406072845,-0.04021895952006941,-0.037480057020840785,-0.03976702929730699,-0.040160016756966774,-0.03886734902773749,-0.039864276818866465,-0.036377915282375134,-0.03736871052588014,-0.04534132158658095,-0.04111189068077011,-0.04550616123993101,-0.042695531279616866,-0.04021630054156096,-0.04073269194754977,-0.039554196482437604,-0.04241769549302801,-0.039586063312819414,-0.0401316777195038,-0.038775519214320486,-0.040720590869066965,-0.04033382914366768,-0.03505361827862954,-0.04009795934825807,-0.04016120217683688,-0.03316657015446557,-0.04018431035510609,-0.042184003223610794,-0.03994836454692384,-0.04201545731524353,-0.028287987425649655,-0.03999800313483667,-0.03947605822664569,-0.03900822965436602,-0.040357688918480364,-0.03940257808882171,-0.039294304707761685,-0.0407303985789267,-0.039722909724334815,-0.040242840962660544,-0.039595956979036055,-0.039503888389445754,-0.038761473195271984,-0.04175944840556944,-0.03914158754370709,-0.038979579949252816,-0.03938406008870628,-0.04083694086831403,-0.03798508003266842,-0.037616586967953,-0.04009892321475362,-0.03541404159957711,-0.03934763702302303,-0.03761551160853948,-0.037099613736782285,-0.033563507603944276,-0.039645614565299865,-0.03921243629612237,-0.04033085965290771,-0.03912763324949774,-0.039692901934641533,-0.04374192798574977,-0.03982675677211481,-0.03126190509519047,-0.03969779824212378,-0.034211061889743995,-0.03848673705651468,-0.03665318572671547,-0.033182254836708946,-0.040590825749465244,-0.04044502676788781,-0.03275399465745659
stdev_present_tense,-0.02298919549262706,-0.0232514256191078,-0.022807962944029224,-0.02220719184005586,-0.019930014605178643,-0.009190163285408942,-0.02475212703614285,-0.022351122238729502,-0.0229538689243185,-0.022730932183728167,-0.024773681818927678,-0.027879812683559747,-0.022726080559307946,-0.025098989359041098,-0.0200499798106717,-0.02304263112065528,-0.027775383639634253,-0.013181643754265669,-0.02678835664760401,-0.021643997237437804,-0.023090067865700496,-0.01979830151076624,-0.024072411547572694,-0.02204045183365774,-0.023008027561541005,-0.023207881319951155,-0.02301951265818196,-0.02270154637256692,-0.025362161443450743,-0.0242728080252679,-0.020894967209130227,-0.02266359353337776,-0.027479622130285153,-0.020415362074078795,-0.022778077469178214,-0.024918426301363775,-0.02694264064227937,-0.019469600709258638,-0.02462959421876773,-0.026563619777180778,-0.023805519057411496,-0.021300025579995947,-0.022908308592138105,-0.024461100849719183,-0.025278525498398586,-0.01979986402577445,-0.022233928604717415,-0.022893042071331794,-0.01986957580131396,-0.022513367772166268,-0.022202707684883173,-0.023167510171246887,-0.02290005119597112,-0.022119367216752044,-0.02513824858094406,-0.013352036960862831,-0.028799587747494686,-0.02308891015088573,-0.02350940027940008,-0.025886952203678593,-0.020866836041714534,-0.021042151752077076,-0.023142845559966027,-0.02324250255440545,-0.01825096696394582,-0.023119521443127747,-0.01977129668436347,-0.02094729519642145,-0.023925027597818446,-0.023701341876669633,-0.020557328180098415,-0.022394687379049587,-0.023617126936811405,-0.024573402548540964,-0.022936628503090604,-0.023042925494961376,-0.026499608227543783,-0.023316010479429772,-0.02365902708671502,-0.02626598147882788,-0.019179014931878426,-0.023535233885896158,-0.02903493349858522,-0.02349345310478415,-0.02377877633209658,-0.022119827182823466,-0.022773881519269693,-0.016857515318848732,-0.02228590853874198,-0.023694521941133334,-0.027393421322999104,-0.018299256366229845,-0.022995223746127936,-0.020140071415178033,-0.022160558478510867,-0.02321035653286717,-0.02781151978281356,-0.02322595157837313,-0.021847174136421593,-0.02153163178265121,-0.023585390458437196,-0.023451167225768805,-0.02119013914476843,-0.02405128318418174,-0.02265404388584527,-0.03135731052748112,-0.02269968173393521,-0.023670311103670873,-0.03913613587155419,-0.023276354477601402,-0.012818365024549073,-0.024019303365243102,-0.02285428304235249,-0.02358514721873202,-0.02440932758535473,-0.03087357372468486,-0.024099132178412343,-0.023757715076883356,-0.02103420192782781,-0.024817281002394595,-0.022814434204166602,-0.022908916131920885,-0.02151380599237985,-0.02518323916688048,-0.020951368424276345,-0.022545379827319523,-0.02359683162302291,-0.022740925100464045,-0.02018652109495704,-0.01877266837220386,-0.023245693568267868,-0.023036387887955846,-0.023767358933224632,-0.025751524981528495,-0.014241440416617183,-0.021152433162209522,-0.02316313838466627,-0.02093817974137053,-0.025463562692823308,-0.0226476795631674,-0.023116393660707158,-0.020990069675155633,-0.02436200699871454,-0.022019831867741986,-0.022120492880360124,-0.02071120393502606,-0.022994645591744245,-0.02135152446857711,-0.019813128676365834,-0.021682170486866412,-0.02517005407125597,-0.02134318709777963
min_present_tense,0.045042512229665696,0.04557245556083871,0.044772804266960335,0.04504955337603822,0.048753456464561466,0.03959761435165222,0.05123509533949745,0.04725346803059909,0.044061425612385414,0.044272149026652156,0.04650944608175261,0.04696961313563088,0.04460073051582712,0.0447572966547158,0.045998231376469696,0.04552600626938148,0.049343528815969595,0.041985822142493086,0.04325842970661834,0.04672625801793087,0.04546993438510762,0.04659794436733992,0.04189819160394012,0.04439171116560163,0.04523453110582881,0.040418898758704316,0.04181014608975869,0.04590049550226741,0.043567102745518935,0.0409023698254463,0.04444232458494975,0.04282504618034024,0.037238606458962265,0.048994428492954795,0.044468915611293444,2.89245788697797e-30,0.04930930685303174,0.04704682428441381,0.030264968574979043,0.04582725717939831,0.043017505135144456,0.05304197365328267,0.04599846881846011,0.030038451994898605,0.04516507336806285,0.053645089547565195,0.04534249703016506,0.04413350021060536,0.050088697548357326,0.046765982169670234,0.042730735742047526,0.04506645720773689,0.044670945326652764,0.05022809296116498,0.043371245169427,0.042122245761684225,0.03574598452958634,0.04571228182015379,0.043624429080509654,0.04952564157390472,0.04519556776940536,0.04852609957535631,0.0448892800706235,0.04587592079319352,0.0475024141641348,0.04436071302351534,0.04658337284808291,0.04397472608916018,0.04734165660934099,0.0449922932472776,0.04525972777059617,0.04553269618919419,0.04404594666529067,0.04468734371540015,0.04419190812738888,0.04610903982784915,0.04683454104302228,0.04556870793668226,0.04154104778296933,0.04146099986527421,0.05127948399187436,0.04292863340967309,0.055063961897943915,0.045201197455947556,0.043941027871069245,0.051118288624478314,0.04543670468432239,0.04231581581681583,0.043240282006141696,0.048992294175051215,0.04543645987920052,0.056033945500123666,0.03755871228661644,0.04567440188052805,0.04222959847719099,0.045156005733054026,0.04814402805040934,0.04499458248423689,0.04604930565568381,0.04268523849877085,0.04174156813965749,0.04387616104802555,0.04717362393268068,0.04347547346245769,0.04473447326547151,0.04001188739466071,0.044767951033368655,0.04514319245468966,0.046345798799176566,0.05038950584511538,0.044799827504525144,0.0476155617210165,0.04476600435073336,0.045021560559887555,0.042815693006904965,0.04637512300899022,0.04720690984101757,0.04564768439635022,0.04582815867375979,0.050766329546467565,0.04416393900635065,0.04494045010431634,0.04106466645823478,0.03578836680346586,0.04222680012694959,0.044679586074988134,0.045167330791707865,0.044940470406430115,0.04095617517720029,0.044939075878189114,0.04486690369949157,0.04856833532443609,0.045463569718231,0.04839842039056491,0.040651238735374004,0.03238516240753923,0.04496551328610583,0.04591988977361899,0.04159127877659402,0.044730116377765756,0.04412776455956115,0.04461419464157828,0.044363939886797404,0.04595893217822183,0.04893031144266419,0.04667255644793321,0.04147543922573409,0.04311981303740002,0.04786112476863078,0.04583777016264859,0.04264714989862284,0.04017301832133815
max_present_tense,-0.028778705748416615,-0.028890121951063757,-0.02917151420408827,-0.027567130957052488,-0.027908176883797722,-0.003360313980950262,-0.02752010100638668,-0.028255379290873614,-0.027606214326223785,-0.028265907991324196,-0.03179867950707342,-0.030030567990668975,-0.028244384194174306,-0.027755580753983867,-0.026674804318806367,-0.02833350199980522,-0.031706954948839114,-0.015466070757369776,-0.03138121521678103,-0.03312897621264328,-0.02794784962796993,-0.026743890450057147,-0.03001845866344207,-0.027164309789369685,-0.02886225466755392,-0.029691034968647473,-0.027030296123323905,-0.026890831622189422,-0.03206663743424237,-0.029500343775221673,-0.02239305348074002,-0.02737948300059663,-0.029671943013744477,-0.028857889027506793,-0.028216072224160997,-0.030810649391320687,-0.038339710008665845,-0.031107393589935126,-0.04124504393767982,-0.02906526293916927,-0.028082336156961592,-0.02733502149278981,-0.028387673750503682,-0.01993231348020494,-0.03152850382530603,-0.030778091721793403,-0.028653165427038656,-0.028224914938170295,-0.02731626860302514,-0.032547679891315406,-0.029606723210258187,-0.028747338033472413,-0.028359345528646992,-0.02614143476590819,-0.03322667528557882,-0.022206197275020635,-0.037052253415615265,-0.02564834125650128,-0.029107338144247603,-0.03125181414637235,-0.027591014905946412,-0.02672696883853552,-0.028990554809320165,-0.028658657240679748,-0.029285232165972053,-0.029557279508841315,-0.02575111872785783,-0.02644525879879394,-0.02740822615086553,-0.029023133526450532,-0.0270331595646939,-0.02678927147914985,-0.02843502847540533,-0.028192720022761714,-0.02783175782703803,-0.02972164960292395,-0.034401542316291986,-0.028421235597865427,-0.029534410680938462,-0.023858880419755382,-0.028941416039685114,-0.028032392974085437,-0.03213115922228725,-0.029626699271262717,-0.030825840757247328,-0.020519823906181758,-0.027829686999197596,-0.02060220497078425,-0.026691864973692823,-0.0280149835660546,-0.03329299440651383,-0.01896238996764251,-0.031742858719772345,-0.026948210786508473,-0.027854920364349504,-0.02856240131314613,-0.03681691774215687,-0.028819985077846305,-0.02668459842876658,-0.028718414891348576,-0.03106462173681899,-0.028872779607714873,-0.025459714255290592,-0.03025449065088697,-0.03025411796593909,-0.02655132973867399,-0.028845136794119857,-0.028675731269034388,-0.03686764049934434,-0.025896424157848152,-0.023860617120543413,-0.025309510110093043,-0.028665176445737347,-0.03076790938516273,-0.028685647939377425,-0.033604843210094396,-0.02905498982499575,-0.028504214200459305,-0.025912588415107893,-0.03325593799046975,-0.02842703498440003,-0.0285715547501771,-0.028574228661467135,-0.029864743857854096,-0.025934258659452328,-0.0301178435366013,-0.029101591141022704,-0.028840011848938155,-0.028157062617871605,-0.022602139215931585,-0.028586265351647846,-0.03115723441833168,-0.02884543474925565,-0.032345237711632516,-0.03199421680811507,-0.022668880561141417,-0.028806213394187707,-0.026037078100423966,-0.029637811203095235,-0.0275801594230412,-0.028515747488927164,-0.02459057871397896,-0.029933035543559063,-0.02859609439521943,-0.028939757128862556,-0.022035667610331537,-0.02951881204997974,-0.02964827908836536,-0.026984007792583885,-0.027635333810950305,-0.03311028788838839,-0.02131479494917646
average_future_tense,-0.005070799557146498,-0.005886682721377214,-0.005269089804740574,-0.005669880076683312,-0.007951822036245669,-0.0017147894379723454,-0.004132313802088634,-0.0033508437116171906,-0.006118738507473905,-0.0034167112203744663,-0.008560998006574538,-0.003525279239809523,-0.00463951431499819,-0.003338221450091332,-0.00451526377868745,-0.005361968151704031,-0.009021684372458358,0.0023944475329289693,-0.002319937435496357,-0.008165848293180684,-0.004557302458822501,-0.0050683388808582305,-0.006793746325960559,-0.006390218072781614,-0.005577580790145069,-0.00381171263192614,-0.00685131049351112,-0.003952348081820674,-0.008757838153667574,-0.008197153460759655,-0.009169605451052044,-0.003632688788941442,-0.0012511437019903458,-0.009228143638507626,-0.004996660370306549,-0.003503176948603608,0.0007054022099344526,-0.00045214311867307604,-0.006901183330822104,-0.005705043157009549,-0.0028838751274410327,-0.002520686265647198,-0.005155996142073714,-0.004170661817925844,-0.005731796136678407,-0.004904316068216446,-0.00532744525575961,-0.0051673340835042365,-0.008575923233106363,-0.006715655206422078,-0.005357672617966637,-0.005074703475456138,-0.005628959327034906,-0.0008282578833390467,-0.007969319073342689,-0.004231500700005792,-0.005813573297322568,-0.004917196292828811,-0.005405421119981806,-0.005965042788469195,-0.006466459715818384,-0.003468573752017994,-0.00504021633327023,-0.005129099278394731,-0.004980244128033147,-0.004885889937964105,-0.006787438867639093,-0.0047262180968529015,-0.009634884616351553,-0.005661517055214967,-0.005254906714013235,-0.00483767200904108,-0.00556677848460862,-0.005139582970473128,-0.0050185825167565964,-0.005148509455158697,-0.005532375840231722,-0.0029908940728876673,-0.005337096534620628,-0.012650234449103492,0.0010467271191841494,-0.0051557518939839165,-0.01373914586484065,-0.005779537111770095,-0.006125621540826435,-0.006394419789389765,-0.0050320945788905145,-0.007428706735529785,-0.004852787705127325,-0.00850427880032015,-0.005035811193876436,-0.00790081204529109,-0.005364321415792631,-0.006291652061243512,-0.00482605973745656,-0.0048932732929661245,-0.008001080577039531,-0.00507574174715217,-0.003519677422872294,-0.002816995407846884,-0.0053098808845509285,-0.006120348381698759,-0.012428141310550679,-0.005581266456004129,-0.004766596028333573,-0.009492806111872906,-0.00674191270886023,-0.0023999099698469575,-0.011250370729561514,-0.005314784206909343,-0.003170853991660623,-0.0020351124989332475,-0.005937671517925075,-0.005728390854672052,-0.01022902713309834,-0.009210384001104,-0.003767067636882924,-0.004552512447995324,-0.006055267032389018,-0.007256526162854436,-0.004986759480436415,-0.0049326138365289,-0.006459407533255905,-0.010113319954942026,-0.00635134461397665,-0.005456642899824293,-0.005149136456636698,-0.005084226532022313,-0.003171154089061764,-0.005334526213253348,-0.0033480989123468047,-0.004085872472879723,-0.0050512821133431845,-0.0024984054489775726,-0.00630942975778224,-0.0017848381482558923,-0.0050766536312844765,-0.00241485975476656,-0.004787154883195355,-0.008254568689197283,-0.004600658229009964,-0.0010872555675234966,-0.004999652031996865,-0.006979169829751769,-0.005262247319998231,-0.0016801476645886097,-0.008076026660103666,-0.006247956056721978,-0.0005941670235741266,-0.004352276122355822,-0.005628225243115324,-0.005894284013898146
stdev_future_tense,-0.014517254260710315,-0.015163573349843681,-0.014897415895196903,-0.015011473765982629,-0.019456583873602343,-0.014280825932191833,-0.015382260811005577,-0.015240110102946382,-0.01654626854051901,-0.01593441526069655,-0.015467911122280669,-0.013565931413638696,-0.01403729148409133,0.0042005433835243765,-0.014467653563285172,-0.014942967198570654,-0.01705042956845436,-0.011816218426182183,-0.01333693487034375,-0.016062532444787465,-0.014915100890076114,-0.01575734185712674,-0.015138426224091735,-0.016829881328071703,-0.014877522252699213,-0.01679686348597625,-0.011594250924488788,-0.013926333253144359,-0.016545543682445544,-0.014606320187656348,-0.012778021875729833,-0.014068012874359978,-0.011910695233621073,-0.01591943757156443,-0.01492570405228192,-0.014062517068196608,-0.01185574507928587,-0.016818824333610486,-0.019020131936936115,-0.016119465454109683,-0.015239955238630226,-0.014649066603959489,-0.014742897371780427,-0.008424403081638492,-0.014008497244312464,-0.014978259862658536,-0.015824472744022797,-0.014933011199344301,-0.015450050774356044,-0.011954300703409665,-0.015767229123071658,-0.01474879719423686,-0.015332409228211198,-0.013778550280249591,-0.016874725268223124,-0.01856720766682244,-0.012820440026830901,-0.013870411285047544,-0.014329010675771688,-0.01896515005280748,-0.015152895656289307,-0.013760146512121409,-0.01455412347492873,-0.014702464547425752,-0.013588792174878114,-0.01453902981603606,-0.01543823118954973,-0.014744963558354595,-0.020124383110452743,-0.014638784908934884,-0.014753721091224817,-0.015998817140587512,-0.015491335902585432,-0.014390106948685547,-0.014032159816133788,-0.014029540937711492,-0.01811789007712547,-0.013535527318643874,-0.012941151748564896,-0.02117206424565079,-0.0122312611460106,-0.014326819799204787,-0.011718461288800709,-0.015552714103738083,-0.014430037629896319,-0.018547499653931633,-0.014576787997272668,-0.013062076951830835,-0.014902560040583126,-0.014425936761103347,-0.01309374296012365,-0.00795446642888559,-0.01244464542034248,-0.01417203347166979,-0.014390138649903884,-0.014918111211247882,-0.019316704361477893,-0.01476275604533539,-0.01414188962250651,-0.011220804800543667,-0.012182898003091913,-0.01551870866086398,-0.018645523825957754,-0.015620267118744317,-0.01727841751951507,-0.011825016128916743,-0.016226973678451842,-0.01578145491390564,-0.0146534994818809,-0.01523190225872489,-0.022452587777883684,-0.014394190083427523,-0.01535600632569347,-0.014785226993157943,-0.017181553634527696,-0.014194615488397403,-0.012782926795839193,-0.014020501056182848,-0.01356783993441995,-0.015672215759353555,-0.015007650200970606,-0.014750079224335869,-0.013999748339310551,-0.015474935108014811,-0.01393053575264314,-0.015139317362884572,-0.014653651071641995,-0.014744900664165467,-0.015005907370038908,-0.015112560517311538,-0.013993697603058242,-0.01617645539341375,-0.014386884265976119,-0.015027095981487652,-0.019064144028483016,-0.01283081886309884,-0.014675450231993147,-0.015141332714021735,-0.014486793186900798,-0.015402463741832486,-0.015244360819888926,-0.017114381762184917,-0.015003460109072636,-0.02248801179988905,-0.015444016371864964,-0.011910541413336986,-0.013513882210218826,-0.014924166806188917,-0.019603567000381055,-0.014593941814223613,-0.013981828681977854,-0.015414186319034037
min_future_tense,0.0,0.0,0.0,0.0,0.0,0.0,0.0,0.0,0.0,0.0,0.0,0.0,0.0,0.0,0.0,0.0,0.0,0.0,0.0,0.0,0.0,0.0,0.0,0.0,0.0,0.0,0.0,0.0,0.0,0.0,0.0,0.0,0.0,0.0,0.0,0.0,0.0,0.0,0.0,0.0,0.0,0.0,0.0,0.0,0.0,0.0,0.0,0.0,0.0,0.0,0.0,0.0,0.0,0.0,0.0,0.0,0.0,0.0,0.0,0.0,0.0,0.0,0.0,0.0,0.0,0.0,0.0,0.0,0.0,0.0,0.0,0.0,0.0,0.0,0.0,0.0,0.0,0.0,0.0,0.0,0.0,0.0,0.0,0.0,0.0,0.0,0.0,0.0,0.0,0.0,0.0,0.0,0.0,0.0,0.0,0.0,0.0,0.0,0.0,0.0,0.0,0.0,0.0,0.0,0.0,0.0,0.0,0.0,0.0,0.0,0.0,0.0,0.0,0.0,0.0,0.0,0.0,0.0,0.0,0.0,0.0,0.0,0.0,0.0,0.0,0.0,0.0,0.0,0.0,0.0,0.0,0.0,0.0,0.0,0.0,0.0,0.0,0.0,0.0,0.0,0.0,0.0,0.0,0.0,0.0,0.0,0.0,0.0,0.0,0.0,0.0,0.0
max_future_tense,-0.010581906426451584,-0.010944746826163275,-0.011034133793185165,-0.011178493517297078,-0.016704803743483196,-0.011590675394527426,-0.012710454375155816,-0.012378923871007575,-0.012224535281748335,-0.015793261478400253,-0.008304646494141848,-0.012169743426581846,-0.009933154327226964,0.019972840868235954,-0.011304516673310241,-0.011341340296697682,-0.01377025136493637,-0.011557175868378379,-0.009966632182618534,-0.012334345598821007,-0.011550658725268788,-0.012361378527722053,-0.010786586980391616,-0.013587492704811244,-0.010776020031097226,-0.016523889112690735,-0.0011934683645687776,-0.010687426614701147,-0.010337480685610287,-0.00986685707202772,-0.004916772570906135,-0.011369312055680453,-0.008102513569773262,-0.010405884709791091,-0.010727901262959083,-0.011601983487821224,-0.01010001772579018,-0.017526972437620206,-0.021513194852645905,-0.012651790170552978,-0.0140401961561036,-0.01259177219645019,-0.010926978813187608,-0.00756438333207898,-0.009969822729007823,-0.010037950464936357,-0.012103939919750985,-0.011367572924377144,-0.009421335038127497,-0.004170511927814029,-0.01254084132349502,-0.011008850844885988,-0.011554974102653388,-0.011930784161522288,-0.013668928275248526,-0.016087149055380615,-0.006897738333060045,-0.010121492404142535,-0.010569290584539946,-0.0184419286700402,-0.011004119814521304,-0.011997829405224071,-0.010784536285041255,-0.010867058184229228,-0.011105884420386528,-0.010415427707978153,-0.0113557082944463,-0.011822138951938201,-0.017708991682395227,-0.010349165074249243,-0.010695562613053593,-0.013106828094468621,-0.012395584268189118,-0.010654023417836996,-0.010718333329920508,-0.00949739973238077,-0.014805502950037616,-0.011960005227417955,-0.008073285345599888,-0.012352447043392816,-0.013928246485881902,-0.009965773407485445,-0.004721026180879759,-0.011773053856479178,-0.009162466714405824,-0.013104358770853364,-0.01062773365983629,-0.005828616551265771,-0.012032274325098541,-0.006355766588270601,-0.007896145387605968,0.00151543102602689,-0.009808550509228877,-0.008838331419045716,-0.01030068539095589,-0.01141521823879708,-0.019189785230011656,-0.01104895834230421,-0.011457904414744851,-0.006786893359864085,-0.007690765623613021,-0.011325192404875044,-0.01572614790335907,-0.011560626299292165,-0.015331176494157179,-0.0048630539474592074,-0.012214841495430215,-0.012541161462018422,-0.007797296820201173,-0.011445728159028327,-0.02449295273606169,-0.012621688189742117,-0.011470868875425495,-0.011340241686517687,-0.008839196001869432,-0.008042363465473008,-0.009442829615869425,-0.010045799498261971,-0.009383959270588028,-0.01158133722969297,-0.011900376834080694,-0.011149148289753646,-0.010301576175599458,-0.008137010482117592,-0.007994049524731275,-0.011871375636053949,-0.010934665977806172,-0.010597652128961476,-0.01372157202854573,-0.012566650582903106,-0.01092758630115364,-0.015499438288291478,-0.010718879228535712,-0.012917000003988321,-0.01691123808916222,-0.01219027056035326,-0.010941797062315316,-0.013865325564870096,-0.011068682385041016,-0.00985264677080886,-0.01264026183881498,-0.01968365360348692,-0.01178782573018157,-0.022371053339965915,-0.011639805119629962,-0.007560631927790475,-0.008223762712836653,-0.010753228129713285,-0.022968727830797467,-0.01049282632238917,-0.009234382623095491,-0.015589438565918552
average_past_tense,-0.017973438223650696,-0.017183560895789343,-0.01775424071125408,-0.017835162158903493,-0.021669695952637593,-0.01703297696306633,-0.018545686465341958,-0.019001021001675625,-0.01917448181193497,-0.019681348656070973,-0.013995983628827306,-0.020958550768403243,-0.01668161996019063,-0.012602740229644019,-0.015590373227790095,-0.01750180984210091,-0.021818319239009516,-0.018367952790541764,-0.019122273448920278,-0.015902022546048104,-0.018175061006832752,-0.017710591234625976,-0.01575324861700809,-0.017848710906670815,-0.01775818037977997,-0.020268495182898336,-0.018573925552256336,-0.017937386574640203,-0.01610754936888878,-0.017822046151439272,-0.010909436137984124,-0.018980752290360045,-0.012533610769672986,-0.022783463222331966,-0.018011298078071447,-0.019663084576855387,-0.0189200523180844,-0.023829075381551004,-0.018181432329923353,-0.017692724574278416,-0.019502535412399193,-0.029352545069865187,-0.017478934136777535,-0.02134858135192258,-0.019553502083212604,-0.026654023036967348,-0.01688948347144529,-0.01746135254734521,-0.021259822980772648,-0.017431139836248905,-0.015509269597685222,-0.017943938257957343,-0.01780337772172389,-0.014906989461254794,-0.02198290524133133,-0.017583153216125674,-0.027112346563699895,-0.01583191541688734,-0.017929869237920976,-0.01774439208638701,-0.018422801936431938,-0.015854980334284847,-0.01761694970154587,-0.01780486230554864,-0.016235701637265013,-0.01691402096448151,-0.02031402050669906,-0.01939826017462155,-0.020031967162380895,-0.017450192271234604,-0.01839517908699563,-0.018384846488652712,-0.017204910317611184,-0.01794810256568497,-0.019287710765065542,-0.01715875993034609,-0.025902208156780328,-0.018940508763446155,-0.018179823831202598,-0.013990703883999672,-0.015675832081343915,-0.01878546064721895,-0.014202975610094152,-0.01830068214653978,-0.018649729043381434,-0.01190575121756918,-0.017849049872110112,-0.01709261279700297,-0.017869549926345173,-0.017372358042074078,-0.018439476336278626,-0.01101136974097948,-0.018270654494403092,-0.011184187337929417,-0.01775347408260152,-0.018040418838899428,-0.01666180231420213,-0.01795106075145647,-0.016987248401809416,-0.01940962204781913,-0.016829483840941132,-0.015448474656890664,-0.018561022448960726,-0.018266106159921965,-0.017246855794278933,-0.020882614969190354,-0.018273090068269788,-0.018299598766250223,-0.014132823685672185,-0.018740047426699408,-0.02035928846382417,-0.01766188337086623,-0.01859980612064524,-0.016959322557662394,-0.013905010964571684,-0.015000936079359074,-0.01904371986345581,-0.017882374027763662,-0.01685774137575218,-0.014693800161376573,-0.01829042801556,-0.01798751409010603,-0.016425500013797913,-0.01847116123019194,-0.014880838344657008,-0.018640217957055515,-0.018547637274850606,-0.01796394141752833,-0.019547271179784317,-0.017630032522959117,-0.017969373496467225,-0.017960848949783753,-0.018159106771887434,-0.01874969023492847,-0.018351673372040654,-0.013848045561409504,-0.018010963195287936,-0.017617509958677394,-0.020420411465932726,-0.016913137670653933,-0.016401870410954644,-0.01976345422536548,-0.017809542101053746,-0.018448924738808485,-0.017128874345571154,-0.022302353523900142,-0.012466747821940223,-0.024324387060687045,-0.018188881554056756,-0.018345551392466193,-0.017467351215231054,-0.017649784989634244
stdev_past_tense,-0.025802464115348978,-0.025505392577288483,-0.025972152636391237,-0.02657003076959655,-0.027636292331619565,-0.013635453229101901,-0.026336644603481753,-0.02607904701344458,-0.0255315237188973,-0.026545784567423625,-0.02390679744845816,-0.027239654899936266,-0.024957872727447337,-0.0324396375522931,-0.02435582167847242,-0.02579266582327177,-0.03132350788224114,-0.01828030583118908,-0.022776434568789975,-0.025841615944386276,-0.025989075356546203,-0.02645260084255941,-0.024606542130392407,-0.02603297702484957,-0.025944561180257845,-0.02584730061727747,-0.02513878961896568,-0.02618457947243173,-0.02569754927208641,-0.027622182060253207,-0.023687115325119364,-0.02636116833733926,-0.022151556359935376,-0.028121943312534318,-0.02582034699831806,-0.02690043438812626,-0.02721647712217769,-0.02519649704891764,-0.030185595990503813,-0.02556862287593887,-0.026081373299892435,-0.025891063242092227,-0.02602637424236697,-0.02550971114375418,-0.02836382874599762,-0.038928302753442404,-0.024926447262990065,-0.026172222647884456,-0.025313984384315234,-0.027380327840799246,-0.024886354788330255,-0.025959502979878025,-0.025697508460809145,-0.02716518326607465,-0.02746860070074307,-0.025816111119714453,-0.03399445502412261,-0.026269472423925848,-0.024416564336400493,-0.02348071628429812,-0.025470388704741623,-0.024491898074512023,-0.02589856686270453,-0.0259658517103757,-0.02036105779344964,-0.0246649009219901,-0.02720089269338525,-0.025192956029647585,-0.023249869456584873,-0.025854815916856996,-0.02581540927488863,-0.025299115843092627,-0.02669393148933255,-0.028170734618184267,-0.026261678580543006,-0.026161767583371773,-0.030638415656018467,-0.02695193846994448,-0.024241741190964814,-0.013717404700692595,-0.0263717343604196,-0.026144461802108727,-0.0243722346821649,-0.025764096861332166,-0.024951965092132867,-0.018737567337893394,-0.026529893362002992,-0.026814183283432755,-0.026654021815745495,-0.024115085207385787,-0.0265805110995675,-0.023222212320757826,-0.023434819191223928,-0.026789959650749654,-0.028662557480341792,-0.0259659788933128,-0.030032134382084692,-0.02590261546143085,-0.024279159149077113,-0.027298352937219432,-0.023803351635689418,-0.02611999044899989,-0.02817295100685609,-0.025318134771137715,-0.025681505559089914,-0.02851918135297963,-0.025288346876517154,-0.02259411739561863,-0.02619648234414236,-0.026995194991677726,-0.027017314000313604,-0.030718560184152262,-0.02607030029287138,-0.026091964502787196,-0.024132362428312296,-0.02538714766948617,-0.02528073931308618,-0.027089719721884026,-0.02469971300393462,-0.023122881716987356,-0.026303426622983885,-0.02598693925001068,-0.023880503190807534,-0.026425920003755786,-0.026133530370048765,-0.02562577673517321,-0.026089765334164763,-0.025796980063804098,-0.02667217037794214,-0.027807192731792843,-0.02627885801165796,-0.027531967738918188,-0.026319186421592346,-0.026557061632925122,-0.028928406206839924,-0.026186402005280433,-0.026007061645355923,-0.02597030023243601,-0.02711784700316788,-0.025436223611437377,-0.025476056813976064,-0.026230557879989156,-0.026086190286638354,-0.027378122840274695,-0.02475104465722018,-0.02339015650372152,-0.028483544596905358,-0.030785951337212063,-0.024263814114790366,-0.02515801610015216,-0.023201879046053496,-0.020767834040678983
min_past_tense,0.0,0.0,0.0,0.0,0.0,0.0,0.0,0.0,0.0,0.0,0.0,0.0,0.0,0.0,0.0,0.0,0.0,0.0,0.0,0.0,0.0,0.0,0.0,0.0,0.0,0.0,0.0,0.0,0.0,0.0,0.0,0.0,0.0,0.0,0.0,0.0,0.0,0.0,0.0,0.0,0.0,0.0,0.0,0.0,0.0,0.0,0.0,0.0,0.0,0.0,0.0,0.0,0.0,0.0,0.0,0.0,0.0,0.0,0.0,0.0,0.0,0.0,0.0,0.0,0.0,0.0,0.0,0.0,0.0,0.0,0.0,0.0,0.0,0.0,0.0,0.0,0.0,0.0,0.0,0.0,0.0,0.0,0.0,0.0,0.0,0.0,0.0,0.0,0.0,0.0,0.0,0.0,0.0,0.0,0.0,0.0,0.0,0.0,0.0,0.0,0.0,0.0,0.0,0.0,0.0,0.0,0.0,0.0,0.0,0.0,0.0,0.0,0.0,0.0,0.0,0.0,0.0,0.0,0.0,0.0,0.0,0.0,0.0,0.0,0.0,0.0,0.0,0.0,0.0,0.0,0.0,0.0,0.0,0.0,0.0,0.0,0.0,0.0,0.0,0.0,0.0,0.0,0.0,0.0,0.0,0.0,0.0,0.0,0.0,0.0,0.0,0.0
max_past_tense,-0.010495611505670615,-0.011009253267746093,-0.011020196431584344,-0.011468080654722731,-0.01299917375886123,-0.0009207058550254731,-0.009861274951182816,-0.00790799802018359,-0.008743149238077856,-0.009112367931519141,-0.00973673539645557,-0.014174473872418127,-0.010728405638741959,-0.022170279900564614,-0.01128034122472141,-0.01121463643814008,-0.012838292997059584,-0.006587265219327529,-0.0043835429076280385,-0.012823846216267655,-0.010818634305645912,-0.01163049918030911,-0.011493654426888301,-0.008539894783642305,-0.010830927588009544,-0.005314256644542771,-0.008813923302508322,-0.011870221984220755,-0.009224251241440187,-0.013752906515432812,-0.012634834699991744,-0.010550091385202062,-0.013050235162467099,-0.01052524294390906,-0.010870594683429378,-0.012004511923167649,-0.019231345503483575,-0.0035397689550837625,-0.0109379422469005,-0.009590819442493336,-0.008984772832735084,-0.008238615808988412,-0.010972734066126888,-0.015349471004905253,-0.012168474675243028,-0.0157969847368239,-0.009984725480816706,-0.011526125427988622,-0.0063924170252618075,-0.008702527680835376,-0.012301505820788884,-0.010812774546490524,-0.010248531584062748,-0.01272144244571468,-0.010496860649870723,-0.010629936018720854,-0.018215628098877806,-0.01233203217827242,-0.009596057875713614,-0.009473765486648873,-0.012036777803071181,-0.009920271686206314,-0.010788197187875496,-0.01083852938310559,-0.004943898425034612,-0.009737288776554345,-0.011437308518703889,-0.010774777595557365,-0.008585533875512766,-0.011372900355722316,-0.009471967117715821,-0.00876956932139249,-0.013669251423201202,-0.013735973419812303,-0.011211789471909471,-0.010681846455188545,-0.017124260671247036,-0.0120278632950186,-0.008743615259265916,0.005436832900490982,-0.014031461850918293,-0.010405015691469116,-0.013070664210209191,-0.010023571564255372,-0.011262496697601935,-0.005673718782571956,-0.012201131357803364,-0.01389772993787329,-0.013867129029164423,-0.008463526221454543,-0.009916307973012066,-0.0169617242860906,-0.0061255989080311836,-0.01349623522389599,-0.01408107719483127,-0.010593470918246523,-0.013905313797521239,-0.010634132814264959,-0.010361870637892989,-0.011253600472525287,-0.008929880750216352,-0.010406290118927616,-0.012251751496814,-0.009503644003541147,-0.011852314378308287,-0.012484356337680717,-0.009459761053799781,-0.005833288732447878,-0.009628527494252859,-0.012193111711580417,-0.015084949164241471,-0.016367216414455685,-0.01082012881306603,-0.01316295337447862,-0.012540104101241761,-0.010302677323726271,-0.009996391448341328,-0.013169598603502518,-0.010361514113700655,-0.009662628428710247,-0.010816528782725992,-0.010425558239927666,-0.010769934426227434,-0.00967812245315509,-0.012009814133852124,-0.010267451286594675,-0.010771345895993633,-0.010345633833967501,-0.007750222270136917,-0.009529465039850965,-0.011110168352475528,-0.009740333776296604,-0.010785281836339963,-0.00866576468834213,-0.017607465953515023,-0.016621833897989755,-0.010777422968596366,-0.009522543324104292,-0.009797706766457932,-0.010334653383507817,-0.013081070484879925,-0.010870120397071024,-0.012247520080320637,-0.01573085625680387,-0.00965001505274963,-0.012329105031234501,-0.020426619199183666,-0.010797116279541354,-0.013656937888730732,-0.00850245915310395,-0.011580829867176961,-0.01181167619505468
average_relative,-0.02248488336343414,-0.023298589464829874,-0.022494671925784762,-0.02209929991778,-0.021326942387220264,-0.021200016741348228,-0.02034544091586565,-0.02258924628938357,-0.025013872481292533,-0.021799733653091843,-0.026790203279114067,-0.02186730070681979,-0.022952981454373227,-0.030578586352611847,-0.021818891375044062,-0.022918531829204173,-0.025450466313349438,-0.026468402203172637,-0.02153049988917493,-0.02245070602142504,-0.022830477337361172,-0.020562202806221827,-0.01824619133545894,-0.022249127889172444,-0.022324726479602115,-0.021346527870615785,-0.02242314592962172,-0.021417913135517188,-0.022226020760147788,-0.02356306607044515,-0.023096682040380078,-0.022076989427117787,-0.019617229957433393,-0.01539096196763056,-0.022709422412552617,-0.021351829213407968,-0.02081077119131545,-0.02153145333985683,-0.013801579639933073,-0.024151838798123583,-0.02206405449133593,-0.024035782035817615,-0.022886660617191232,-0.010891445582995679,-0.019714850128533953,-0.02224471699352549,-0.023139174612637207,-0.02241032042484698,-0.023501658062880577,-0.021845590357000542,-0.021529993897612912,-0.02238550537604355,-0.022960364704047068,-0.024078033931058992,-0.020262232402944152,-0.0217928748665558,-0.023365712731834697,-0.020331351532339156,-0.020193347074086383,-0.02148902220662976,-0.02101622345226383,-0.019416446232323397,-0.022558626219814765,-0.02253439840007764,-0.027580741323878576,-0.022801151358436474,-0.020299092679744647,-0.02076278131102948,-0.016417624685460763,-0.022315806226981816,-0.022654582428113714,-0.022252605816956716,-0.021202982132674672,-0.021968411579167707,-0.021331704351210134,-0.021385467268371344,-0.0206749262376052,-0.02171660121431377,-0.020899400930239793,-0.03282955750639101,-0.0191194061310028,-0.021764238628660813,-0.025950802899690862,-0.022307700956150277,-0.021709763198262393,-0.027446799301044794,-0.022889901286064187,-0.022718946104221135,-0.021821628002335794,-0.0243224576160616,-0.024776038050846685,-0.01588596311826402,-0.011522595238229964,-0.02611805096411044,-0.021941061164747012,-0.022459293149741842,-0.020014474465418198,-0.02234962540122249,-0.02123393289041599,-0.023713334799483902,-0.022764581037849323,-0.023104985330549003,-0.014702176229509312,-0.022380513193454004,-0.021107468413048495,-0.021269429451457263,-0.021131567515269373,-0.02616633536950449,-0.023566477504813853,-0.028643042815648702,-0.017455583978335253,-0.026664816142054102,-0.021781362653535506,-0.02248082948929894,-0.018682194081171014,-0.023988645427343497,-0.022934506453356335,-0.022850855789760392,-0.021183185277341126,-0.02214192247607049,-0.02212399877985657,-0.022454490773339386,-0.023768556155418386,-0.021628205715818957,-0.02076774573357046,-0.02306901290741158,-0.02261422510829013,-0.021720709802591796,-0.021738043719045513,-0.023004954275326596,-0.02307873392200613,-0.02420284324707184,-0.02205414954248524,-0.020846711181164115,-0.025130572421652203,-0.019898689839828662,-0.022166993214197114,-0.02307109556390715,-0.02112665707631102,-0.02151086725785627,-0.020559625241057575,-0.026012661926727708,-0.02192571345306176,-0.019842666755867516,-0.021713094420391137,-0.02157194017242528,-0.017469011829974505,-0.025166695307441728,-0.018460387708964174,-0.022866408831111726,-0.022140895821216665,-0.01877462936892354
stdev_relative,0.003697745519403252,0.0026117602540534496,0.004883552400897322,0.004308571128381476,0.0054423322303264465,0.016650928543990584,0.009099063734062107,0.002986613432468581,0.0058200710830105876,0.004289793451943191,0.008043997806383672,0.0037397125984327054,0.004652102213416595,0.00474443559476756,0.005433235185005866,0.0033397877910101223,0.004374354604118641,-0.003503363651003996,0.009629900782688591,0.0021760901255621704,0.0043203619043077485,0.004521699299840823,0.00256544604546681,0.002874863471973986,0.004330434062161749,0.004817410235640196,0.009449257545848293,0.00478519021007888,0.005934375715407586,0.0016474483700538237,0.0023422324884856544,0.005343164156056797,0.00013205768947768814,0.00745434082701088,0.004867178050275187,0.005045946227670087,0.005459392817358764,0.0075951475356806075,0.0004888261233394892,0.006113074408863536,0.0018585009239146383,0.005860766721418442,0.003985820491256252,-0.0038862267220005423,0.004005067424118325,0.0008828745773090049,0.003931327065658088,0.003937328558525084,0.005586144955981559,0.0016349419911299568,0.004010236867692404,0.0042463214693215096,0.004515163546138103,0.0029393620633030096,0.002782771808718665,0.005251069143494713,0.0022237242910303073,0.0029475665099371468,0.005040341535331901,0.007544239883393873,0.0038930338164786943,0.004767246529912665,0.004382329264940525,0.004406263507107933,0.004081068307279424,0.0038586697401193915,0.004319640520556348,0.002602571799612867,0.003478921283089839,0.004642805836011406,0.006214787909443395,0.004906290175281804,0.003969500481314732,0.0032212271856639496,0.005018751994638138,0.0035891607860507532,0.00029004757988869423,0.0012376777791470867,0.0035667027948764543,0.004481945921037282,0.012058340810944299,0.004407554593498404,0.0029340708726802098,0.004670432719014968,0.002614200132444594,0.0005854351359500798,0.0035010187232830878,0.0025285602880389738,0.006414610982872028,0.0042634585730566416,0.0048966634322469005,0.00240304248564472,0.004127844039968208,0.0017719747783119383,0.002577516708884897,0.004283258250549642,0.00551070497844993,0.004360246361891536,0.004841547902260698,0.003884961512899604,0.0016986005742182508,0.004056993343586113,0.0038545150851675494,0.004618948414273835,0.0030421340006396916,-0.004919290058861998,0.005151433656076787,0.002681177347681467,0.0026604762162003096,0.0014987603775884206,0.010518433518976286,0.004611360327045795,0.004378923164042314,0.003535796368084154,0.0062086586770665475,0.0006589500067595497,0.0033839475656820134,0.005231436130005679,0.0011449707814264326,0.004829522555654414,0.004139111802667905,0.004035515167633001,0.002569781955465013,0.002878827141449408,0.0035364626908754512,0.004890143278915189,0.0036182192322446183,0.00439728850819656,0.009393511509384389,0.0048677417222744435,0.005086341063195242,0.004024222206425392,0.003928455836601959,0.0025307482016189015,0.010474802241819889,0.002171769955278971,0.004354596226306788,0.001793523836028918,0.005267300103686132,0.0032642708946522825,0.0044823390081008135,0.0049611184277480805,0.003037145751022159,0.0004234941850028359,0.0035715484926129443,0.00295850346064324,0.003100708004858649,0.0040001373636175605,0.004350622460392015,0.005853583406676681,0.0027049267997486873,-0.017395826536696322
min_relative,0.0,0.0,0.0,0.0,0.0,0.0,0.0,0.0,0.0,0.0,0.0,0.0,0.0,0.0,0.0,0.0,0.0,0.0,0.0,0.0,0.0,0.0,0.0,0.0,0.0,0.0,0.0,0.0,0.0,0.0,0.0,0.0,0.0,0.0,0.0,0.0,0.0,0.0,0.0,0.0,0.0,0.0,0.0,0.0,0.0,0.0,0.0,0.0,0.0,0.0,0.0,0.0,0.0,0.0,0.0,0.0,0.0,0.0,0.0,0.0,0.0,0.0,0.0,0.0,0.0,0.0,0.0,0.0,0.0,0.0,0.0,0.0,0.0,0.0,0.0,0.0,0.0,0.0,0.0,0.0,0.0,0.0,0.0,0.0,0.0,0.0,0.0,0.0,0.0,0.0,0.0,0.0,0.0,0.0,0.0,0.0,0.0,0.0,0.0,0.0,0.0,0.0,0.0,0.0,0.0,0.0,0.0,0.0,0.0,0.0,0.0,0.0,0.0,0.0,0.0,0.0,0.0,0.0,0.0,0.0,0.0,0.0,0.0,0.0,0.0,0.0,0.0,0.0,0.0,0.0,0.0,0.0,0.0,0.0,0.0,0.0,0.0,0.0,0.0,0.0,0.0,0.0,0.0,0.0,0.0,0.0,0.0,0.0,0.0,0.0,0.0,0.0
max_relative,-0.012965077041482469,-0.012967973059226472,-0.01194761965477497,-0.012691662247560687,-0.01342881120690774,0.009146269759526315,-0.01349955098232513,-0.013834568406821145,-0.010779176896771159,-0.013642618561017034,-0.007552694777961569,-0.012096714189098454,-0.011839545934910718,-0.0031828383749566286,-0.011895561949064201,-0.013385761463264478,-0.012291129563799894,-0.013515441070646395,-0.005957660770341371,-0.016058611526552677,-0.012275166792863008,-0.01351482638971424,-0.014040896606507071,-0.01380811899297097,-0.012449191246221201,-0.011672623116443195,0.0007533318946133308,-0.01097122932086679,-0.009735597323767178,-0.013582091547306697,-0.01711643425456598,-0.012426869423183044,-0.007552724179012857,-0.013433476251153827,-0.011130434439573601,-0.012484343470946464,-0.007186509402891672,-0.014645501176248375,-0.01785231384189724,-0.007871134655930957,-0.01593664530412492,-0.012083697627133724,-0.012771846667340762,-0.013778266365948845,-0.012631190416800726,-0.019542846190510173,-0.013368990452466506,-0.012330360472947721,-0.010145485101686134,-0.014581347210146998,-0.013670412375101935,-0.012525813742444804,-0.012464750377154311,-0.013621980803400803,-0.014731182033613607,-0.010608768488560405,-0.013326408529886674,-0.01329362159152185,-0.012621905210077292,-0.010906636921120198,-0.012033873179929377,-0.013912840992543814,-0.012548062669255691,-0.012314756458603984,-0.011748258858702336,-0.012111571156012302,-0.014022297248279948,-0.015562859574315531,-0.010661311255036936,-0.01197891211975359,-0.01173343106898557,-0.013183590400366596,-0.014216571297766399,-0.01480911643666203,-0.012454819032518508,-0.013045013415285946,-0.017958522839974934,-0.016711875272063158,-0.01306795744358092,-0.014678581415442829,-0.011342081853282268,-0.013101167127066535,-0.012781072134299284,-0.012475449119066784,-0.013552808425764305,-0.008774517787512648,-0.012865543527317468,-0.01181485469654825,-0.009127081148462425,-0.00852538269873293,-0.009294506823718178,-0.017300279765041254,-0.01628201925436061,-0.01217346660521633,-0.014369747522458086,-0.012373623102333982,-0.015059530840227604,-0.012418568759716177,-0.012452653910464156,-0.013764560197504924,-0.012362715770098343,-0.011969341109282383,-0.013626094756543652,-0.01210353147755227,-0.012823322937813852,-0.01891657872682847,-0.01148273849173069,-0.011247453126612558,-0.008975021316291458,-0.011683920574331923,-0.012572748714181348,-0.010420417089019023,-0.012721858850971164,-0.012785918313905839,-0.010075514912021556,-0.013200587854946724,-0.013928433060757292,-0.010650046425264723,-0.013426960058033836,-0.013781316164391724,-0.0127309976132218,-0.012753599166635765,-0.012894496619483997,-0.016459993938116355,-0.015134104066740955,-0.014031157777420061,-0.012827436333662574,-0.013108349392933982,-0.006084575017249995,-0.011332794172294595,-0.011610810022900639,-0.013272058915693025,-0.012146643364265068,-0.011612344173634763,-0.011806513964560575,-0.013145903485171473,-0.01249502245448627,-0.014829689971183738,-0.012068493670595995,-0.013375206325673301,-0.012498795376957451,-0.013799224179666975,-0.01393601229224635,-0.012775586048440278,-0.013142500381479731,-0.010058091359909635,-0.008791363547008865,-0.01615384143111557,-0.011080807157054853,-0.011392443567832311,-0.01375306100413265,-0.03203653529101889
average_sexual,-0.0028234247298061883,-0.003372518553792749,-0.0029113732418656647,-0.0025273463027382795,-0.003177036053080344,-0.003764225334598248,-0.004079736335059026,-0.002922006152685044,-0.0019972367669470956,-0.0028437767739052933,0.000589576916608674,-0.0028595506648397932,-0.003173649495770684,-0.004649690966805376,0.001674897904507749,-0.002543410984588877,-0.00438118792632761,-0.0069966599309609035,-0.0024248150427087847,-0.002842058032891532,-0.0028505922562135485,-0.002014532686574413,-0.0025171484018771543,-0.0018062402955038078,-0.0026061022256476966,0.0003925354208676856,-0.0029171167272782385,-0.0032881676072969964,-0.001365976823469072,-0.003836690498392993,-0.004319104456954139,-0.0022837610711124983,-0.004199138489382279,-0.0020960778831252023,-0.0023172482838362853,-0.0023507199979105565,-0.006726469413298933,-0.001267864394008329,-0.0012365783649353167,-0.0030607697181507295,-0.0029177992616573863,-0.004840080250299786,-0.0026654257933273083,-0.00263239283364824,-0.002787469502874295,-0.002311553532852533,-0.002474256852042599,-0.002031611994691292,-0.0026460976718752447,-0.0026417170388697495,-0.002342754509659568,-0.0027125214172870815,-0.0027839976305646585,-0.003230915682803954,-0.0036052396318339173,-0.0033618013829725627,0.0010330017530576002,-0.0024015247538163014,-0.00200326867128405,-0.0025416022163841506,-0.0024407903374256638,-0.004100525577002213,-0.0027080780823508822,-0.002593636730794543,-0.003494076761596989,-0.0033178236258998815,-0.00440389207116992,-0.0038512770934531248,-0.0010833612826955455,-0.0025786920344130623,-0.0031091537471891924,-0.002699295009195809,-0.002287105913067399,-0.002989888244136673,-0.0034705471184112904,-0.0021858446844765797,-0.003946854712922573,-0.00322118017891991,-0.0020648018728256024,-0.005356058096961109,-0.007965328101034484,-0.00307270959496194,-0.0042330246931363705,-0.003153025306861959,-0.003383652486167227,-0.003401872396107195,-0.0024560621658286617,-0.0015831151422080313,-0.0030928802129850533,-0.0061128185248215325,-0.0026154489848265556,-0.00934976975350442,-0.0018774112779830886,-0.0030777503820585174,-0.0029190333912037653,-0.0027355674169985897,-1.9798785224367857e-05,-0.002770149946511497,-0.005594900089530054,-0.0004372420174868462,-0.003484273788239679,-0.002586151197658321,-0.0005496053664349109,-0.0018322253068537627,-0.0034552156240614277,-0.0007075497036881364,-0.002991884138488934,-0.0029487113845173916,-0.005852614550264867,-0.0038243540578108814,-0.0003627863753684294,-0.0019495422776796868,-0.002794072865081313,-0.002796345678044463,-0.0036726556552938976,-0.004889752167705122,-0.0025770970105477315,-0.0038566251115254623,-0.004677888239037123,-0.004093173210629361,-0.0027769764728384294,-0.002790920475965939,-0.0018485864481547218,-0.0049931520824297426,-0.004511699335505402,-0.0037638268374000526,-0.0029122488474965045,-0.002927444078891124,-0.001599937113748594,-0.0010471580325250342,-0.0021490329497132043,0.0016515177264524034,-0.002414011045980038,-0.002994667059135871,-0.0074204339923761,-0.0035124204290600406,-0.002725284823948776,-0.001262725088566897,0.0003781171312113741,-0.0032269898811531795,-0.0035425670408889814,-0.0033309077622790118,-0.0020676619504258944,-0.006002278367525161,-0.003292145064707158,0.0006808218649222361,-0.015684653568891337,-0.00321302276614761,-0.0015460619154227355,-0.002388682980540185,-0.0037220956087347427,0.0015552367904959406
stdev_sexual,-0.007903525306858734,-0.0083047748596733,-0.007849259244954967,-0.007922193685712453,-0.009336699194067863,-0.008587051103105037,-0.008644406155546437,-0.007880754676676493,-0.006857407294159135,-0.006671841155501403,-0.007579158720961506,-0.00636442470283337,-0.007859991872528671,-0.011081306322864084,-0.003891490661813165,-0.00790339511990859,-0.008261560198602299,-0.008125430606288724,-0.008883119549413798,-0.007610357564166067,-0.007836926015160192,-0.007667987763736171,-0.007380477935966726,-0.0077017745385010985,-0.007828141735084265,-0.00964157125138292,-0.008680355772818353,-0.0075674688303849266,-0.007202809437104133,-0.0078244561735131,-0.008696056334383633,-0.00756020441971054,-0.00798207808457618,-0.007625166138391322,-0.007135319986329616,-0.008634819300517805,-0.008808228129054194,-0.005698605148485588,-0.007362160773063934,-0.007834005617789975,-0.0080297826802859,-0.010034872820725415,-0.007759387829177304,-0.0047491837139574,-0.009023923753439477,-0.007104907863942938,-0.007830502327145206,-0.0076943897670309945,-0.009285741628928097,-0.007084227687939437,-0.007508228586581511,-0.007694465990593806,-0.00787808277483101,-0.008207343577407163,-0.009034776358278752,-0.008215448388391527,-0.006742470202746586,-0.0071178957466754835,-0.007301115605679151,-0.007024783867869776,-0.0075559490313051175,-0.008820770079145022,-0.007687501628432768,-0.00762504858758466,-0.009143483000315969,-0.008133462287725128,-0.008767236800261218,-0.008948421188631822,-0.006565318515946718,-0.007652913063068548,-0.008120764535112499,-0.007809502402451808,-0.007379171461893054,-0.007736336193753769,-0.008420289009958955,-0.006947951263520586,-0.006316469063493963,-0.008175719262790997,-0.007869114593154149,-0.010862662632325657,-0.011286224753288932,-0.008295181381493651,-0.00852595436726175,-0.00801248181547735,-0.008250524817611442,-0.006230798791980136,-0.007547636515687707,-0.006306707399674187,-0.007411357803883154,-0.007218157668334525,-0.00841861031394154,-0.005779954796986829,-0.007069253419313078,-0.0073679861449862044,-0.007832873965076835,-0.007719864061677525,-0.007365355027990993,-0.007739211930582548,-0.007302653515202321,-0.0068269603754631,-0.008023668244094981,-0.008316255868115411,-0.0052563307869816864,-0.0073594913270931765,-0.008112716952935976,-0.006316277383217475,-0.008312078263463541,-0.007931432881134315,-0.009991960020096202,-0.008159936182560187,-0.003967401288456462,-0.00774952890837498,-0.007721265261427494,-0.007682674859453056,-0.007991348776396344,-0.008487554197362246,-0.006569080899838639,-0.00837726553278004,-0.008365615523524233,-0.00839892312305376,-0.0077539939055741155,-0.007846557837296764,-0.00900607929741694,-0.009691499084243185,-0.009969113188513692,-0.009775177288792795,-0.007892271169291618,-0.008041612022495315,-0.0074517967270261555,-0.006825921994270278,-0.007280504018765025,-0.005421916664034176,-0.0071444753611046,-0.00726629690276918,-0.012821093630087644,-0.00915951996544855,-0.007715875331626691,-0.005432080044345356,-0.002873856447772042,-0.007942542004779986,-0.007337153807005944,-0.006989911219050847,-0.0072438797463391085,-0.009196980462343737,-0.008113956473817366,-0.0027595338727945135,-0.015772958065179598,-0.008274501198483171,-0.0040087500021250815,-0.007962184241238568,-0.009086437798619458,-0.005548328523313955
min_sexual,0.0,0.0,0.0,0.0,0.0,0.0,0.0,0.0,0.0,0.0,0.0,0.0,0.0,0.0,0.0,0.0,0.0,0.0,0.0,0.0,0.0,0.0,0.0,0.0,0.0,0.0,0.0,0.0,0.0,0.0,0.0,0.0,0.0,0.0,0.0,0.0,0.0,0.0,0.0,0.0,0.0,0.0,0.0,0.0,0.0,0.0,0.0,0.0,0.0,0.0,0.0,0.0,0.0,0.0,0.0,0.0,0.0,0.0,0.0,0.0,0.0,0.0,0.0,0.0,0.0,0.0,0.0,0.0,0.0,0.0,0.0,0.0,0.0,0.0,0.0,0.0,0.0,0.0,0.0,0.0,0.0,0.0,0.0,0.0,0.0,0.0,0.0,0.0,0.0,0.0,0.0,0.0,0.0,0.0,0.0,0.0,0.0,0.0,0.0,0.0,0.0,0.0,0.0,0.0,0.0,0.0,0.0,0.0,0.0,0.0,0.0,0.0,0.0,0.0,0.0,0.0,0.0,0.0,0.0,0.0,0.0,0.0,0.0,0.0,0.0,0.0,0.0,0.0,0.0,0.0,0.0,0.0,0.0,0.0,0.0,0.0,0.0,0.0,0.0,0.0,0.0,0.0,0.0,0.0,0.0,0.0,0.0,0.0,0.0,0.0,0.0,0.0
max_sexual,-0.010020719354652749,-0.010166028264755121,-0.00987387452821837,-0.010283711632002538,-0.01188415361132867,-0.010185573406967359,-0.009972472903545535,-0.009822967441155201,-0.008924599517909037,-0.008228726871122258,-0.011747769595329863,-0.007208024358694863,-0.009644135664054424,-0.013614641882366796,-0.007209502314091553,-0.010292796222559231,-0.009511679938351805,-0.008199180278390925,-0.011295056220743185,-0.009265654035817798,-0.00992213426104953,-0.01016793846961548,-0.009055159063380665,-0.010471076622366005,-0.01000642713141195,-0.016792631365767453,-0.011120694079327316,-0.009085505186429362,-0.00966848538726893,-0.009213769397392362,-0.010546334029512366,-0.009935746113629365,-0.0097707402732863,-0.01023345405800865,-0.008925414022635603,-0.01165246507903078,-0.009333438080193959,-0.007599077532424931,-0.010729190811752262,-0.010026322629837527,-0.010232907414783218,-0.011880655765298311,-0.00988029888399842,-0.004955741248020446,-0.011769841491752434,-0.008461703734422458,-0.010028112488720691,-0.01021370130171382,-0.012582464632039284,-0.008498804459327693,-0.009707932885745927,-0.009735472019613797,-0.009986118947495484,-0.010035338579711658,-0.011311816096374019,-0.010399944897721685,-0.009820501933720466,-0.00924550043686278,-0.00976770298449773,-0.009527695291158964,-0.009647974204501239,-0.010578274629864255,-0.009767716953101725,-0.00968529556901078,-0.01310140005408976,-0.009990647801629005,-0.010183374754098043,-0.011279367323806948,-0.00931233471702746,-0.009691225048021414,-0.0102605022564549,-0.009851763772389829,-0.009354093486821473,-0.009568756499360172,-0.010357244422253312,-0.008964656257745757,-0.00654529448256963,-0.010327895427963923,-0.01038163946446587,-0.012082639741265166,-0.01178124077766751,-0.010533109220010613,-0.009926616260687752,-0.009901629831760055,-0.010031305000365667,-0.006829632773115841,-0.009679008230599567,-0.00828021759175479,-0.008969377191669958,-0.0054646975999529356,-0.010492295917054927,-0.0025177238786855717,-0.00944368709156599,-0.008554934003008951,-0.0097357423305168,-0.009784838982602722,-0.010971166331146176,-0.009762490927403517,-0.0076371467083805634,-0.009778439155606116,-0.009516342807838224,-0.010693665327656574,-0.007412890134093752,-0.009753109671047434,-0.009827399344706287,-0.00808754857701468,-0.01049212862391214,-0.009922473689403771,-0.010840363110284183,-0.009631652185338952,-0.0059820789600976395,-0.010276623891771346,-0.009774158011574656,-0.00965157158542663,-0.009352846491211802,-0.009196990645867221,-0.008028505392126052,-0.0099255327537235,-0.009452932042321855,-0.009549060911047172,-0.009820678917987683,-0.009968735158619658,-0.012412045266333117,-0.011469312044547323,-0.011789605405406304,-0.012776258720364253,-0.009928804542985059,-0.010095246123914749,-0.010259012973790858,-0.009482166754038023,-0.009505741992015662,-0.009199369443059227,-0.009058727670341545,-0.008979113892691615,-0.015212000807168374,-0.011725776836847241,-0.009766817575419142,-0.00730163475445814,-0.004031459546887595,-0.009631935765582933,-0.008809230328439381,-0.008174433340757872,-0.009410354611729664,-0.011015514036411298,-0.010046024879660467,-0.0042770626758146775,-0.0113710988024457,-0.009908649009376082,-0.0049873212032617445,-0.010323301628312773,-0.011262457694941885,-0.009298607464804664
average_inhibition,0.015696523029200125,0.015379557185218279,0.015292531755449791,0.015401678138648345,0.015581262676359803,0.008821228813009976,0.015342907049445829,0.014302651901352678,0.015756279544193584,0.014122750714835219,0.01764268619839275,0.01625602240299344,0.01592569387928666,0.015800781556996886,0.014980412938950768,0.015189778997641044,0.013225532673993713,0.0003391732675645052,0.016465339608286125,0.013670166610918823,0.015358333367387188,0.014503653672358289,0.01987418367239499,0.015433937338955001,0.01588029260595104,0.014018990587863489,0.014740295610084456,0.0148683543270056,0.016588494647857343,0.014960426070339356,0.012488709985609591,0.014855095383799422,0.016433297090120903,0.013224252797913075,0.015278999370580849,0.011406145589412076,0.008736897117270406,0.024607078706607825,0.013434832532673142,0.014782818372792026,0.015125584633185724,0.016949174811601263,0.015911339252035778,0.023560934550988993,0.01219525411441958,0.019637710863405745,0.01591089269869941,0.0156150080749173,0.009376757362523674,0.017358336563983296,0.017016552699080298,0.015579081984280698,0.014351534743943559,0.01783721011865838,0.015171915788293511,0.012643256096709434,0.018330123595871252,0.018092949755628522,0.016241213469640258,0.014797196391158477,0.015623511745401865,0.01716117841920354,0.015501833747543301,0.0158058255359167,0.012722659277924063,0.01493511813547354,0.014350378651892086,0.015753700184616477,0.008966914302492895,0.015302245891090634,0.014934437384765058,0.015406753068341227,0.016014072392296297,0.01531720615744082,0.015577324464749772,0.015702865900575215,0.012570703303203971,0.019753864909590704,0.015471451888110917,0.015717163423295655,0.01388387944463411,0.015162484169323559,0.017570540800117784,0.015112168966328832,0.01666132021177275,0.0173487376865132,0.015639283425376745,0.01632483951340276,0.015423565991322377,0.014835998321204299,0.016980421259839923,0.013432995262912268,0.016395861475841225,0.01393295055063951,0.017451164327199023,0.01568903380170595,0.015396126777368836,0.015591745948780059,0.012568677485490128,0.015101005208936657,0.014799512132849961,0.01581810300940004,0.015518011618051905,0.01567899466507018,0.015648551180388943,0.013847693687364198,0.015169380717585413,0.015095256925131141,0.01643223472122091,0.012572118098950794,0.0078194628868678,0.015459693958665432,0.015451846480552997,0.015055739867463289,0.013704519801051262,0.01697138387053725,0.015273740040776633,0.015868437879636887,0.015378858584094178,0.0164118867384265,0.01583547197073022,0.015546185216878327,0.014549046277655745,0.018577404430041033,0.01739854259886675,0.013059055972614366,0.01591396306281025,0.01621512870419785,0.015704298857195067,0.014532595424586516,0.0149310842788783,0.02037532548610762,0.015301416458053515,0.016533494150155953,0.010304721757552007,0.012246999957380628,0.015675353584854466,0.015399760493159081,0.014220458108413037,0.01564025222011672,0.014367242238217066,0.0128426334595101,0.01568428964423959,0.014378802547787613,0.01517951499108686,0.01397122996684185,0.014370941164153207,0.017484708827819283,0.010038553302415485,0.01659090867922365,0.0154650307657983,0.02122568285933585
stdev_inhibition,0.015628497988443884,0.015168763811274695,0.015454655730859756,0.01553875719322655,0.018173808937415756,0.010224976154211663,0.015192936057094666,0.01635690073077479,0.015590491264565229,0.014891074327166354,0.01719718162388989,0.015411696158924265,0.015857042804988012,0.011534002997711786,0.015292100767101857,0.015686210325884114,0.01276876754797707,0.0007392320817574752,0.017064006042660146,0.013653511841431796,0.015132080222050159,0.014754254923246893,0.017610916423483607,0.013956137530590381,0.015678062011792487,0.015765255587284248,0.01148796891374377,0.015250128727040173,0.017971131689684533,0.01598754100767924,0.014623313958776432,0.014939970528626879,0.017551733157909,0.015193021600277978,0.01598488045310434,0.016489915352221034,0.012676366574298797,0.02180469935601606,0.007808474208951727,0.016229223821513553,0.014977640840317878,0.013425302271331811,0.015370261630787984,0.016205005296493477,0.015758360038847417,0.015695883475377554,0.016870070110810795,0.015162517094704037,0.009855254269064771,0.01565334010057415,0.014886457302469087,0.015531458704004283,0.014899157513429323,0.01551194668572508,0.015581692493659663,0.013302852027909654,0.010274400589616251,0.015075865939218624,0.017514305255823513,0.012974253967752716,0.014456155608047572,0.016563142715985326,0.015494611262847565,0.015649592131183984,0.015787486743230505,0.015441122541394132,0.014583660717058446,0.015418892998021978,0.009515516985674606,0.015744116137247077,0.014913664570945954,0.014931690298395927,0.015133639235383536,0.015100766337771201,0.016014094957490295,0.016211787233970522,0.013995839335914795,0.01608200996255457,0.014603224459318324,0.012883299923848505,0.013825602745175074,0.014973665785104475,0.014187342354976654,0.015487858063807682,0.015701816126343734,0.017534202327060752,0.015511145997492912,0.00999725224854442,0.0163228810971785,0.011547876329861956,0.01415761132039486,0.010883119983603314,0.011830751586200599,0.013594514914912405,0.016399213770564178,0.01572182761825904,0.011073881931874766,0.015552869313231864,0.014954336416553991,0.013983566189852272,0.016673570156895766,0.015104698656347119,0.012983245045958092,0.01552536599326219,0.015411608515995844,0.011221635297319822,0.016306059995464795,0.015623393079280502,0.018540451644056412,0.014163769080475137,0.010725953882034227,0.01637290430034671,0.015616428892850899,0.015438827145331149,0.014447478637961662,0.019044618511444525,0.015353073696393806,0.01586924212937031,0.015167151143081068,0.01654667157659725,0.015636311871563377,0.015594948138267221,0.015215839632687883,0.011737397712537418,0.013138265731029254,0.014681569123420196,0.015824610112682488,0.015439607283328122,0.01714616824382141,0.01685590905560919,0.014997922483401805,0.020601644328135854,0.014959398266131501,0.016945231434123707,0.0271849531723114,0.01513272482492526,0.015529851141339292,0.016459855713572738,0.0165054105096112,0.01521855533758314,0.015618255942351705,0.017608886424490256,0.015558602831285896,0.019720132205490692,0.015488244985490729,0.014490252586998029,0.01255206734094608,0.015228022425249382,0.018622116169641392,0.01568935250716274,0.014582400313333604,0.007931128108410103
min_inhibition,0.0,0.0,0.0,0.0,0.0,0.0,0.0,0.0,0.0,0.0,0.0,0.0,0.0,0.0,0.0,0.0,0.0,0.0,0.0,0.0,0.0,0.0,0.0,0.0,0.0,0.0,0.0,0.0,0.0,0.0,0.0,0.0,0.0,0.0,0.0,0.0,0.0,0.0,0.0,0.0,0.0,0.0,0.0,0.0,0.0,0.0,0.0,0.0,0.0,0.0,0.0,0.0,0.0,0.0,0.0,0.0,0.0,0.0,0.0,0.0,0.0,0.0,0.0,0.0,0.0,0.0,0.0,0.0,0.0,0.0,0.0,0.0,0.0,0.0,0.0,0.0,0.0,0.0,0.0,0.0,0.0,0.0,0.0,0.0,0.0,0.0,0.0,0.0,0.0,0.0,0.0,0.0,0.0,0.0,0.0,0.0,0.0,0.0,0.0,0.0,0.0,0.0,0.0,0.0,0.0,0.0,0.0,0.0,0.0,0.0,0.0,0.0,0.0,0.0,0.0,0.0,0.0,0.0,0.0,0.0,0.0,0.0,0.0,0.0,0.0,0.0,0.0,0.0,0.0,0.0,0.0,0.0,0.0,0.0,0.0,0.0,0.0,0.0,0.0,0.0,0.0,0.0,0.0,0.0,0.0,0.0,0.0,0.0,0.0,0.0,0.0,0.0
max_inhibition,-0.003236543409600723,-0.0036816628656646394,-0.003149968180893619,-0.00298619791754301,0.0026019168187239143,-0.004402063598659113,-0.0018504411213968557,-0.0006973924257794514,-0.0033380640517767166,-0.0032506999418739704,-0.0002252396354441369,-0.005373499967332596,-0.0033634678580346175,-0.004540654475672028,-0.003976251462854914,-0.0024327587675150204,-0.0027014653512296323,-0.013991882461556155,-0.0015328065287838165,-0.005013622622083609,-0.0036471370557909187,-0.0030515826314256624,-0.004040925973797092,-0.005433065912299872,-0.0031444028120192202,0.0004238600678847619,-0.004534560700764249,-0.0036389996882634223,0.0007541288832360014,-0.0017084884627122932,-0.00022868939769147417,-0.003851289462396462,-0.0020706483365791895,0.0006134968668515955,-0.002187499275644083,-0.0019033700684536158,-0.002412246355768522,-0.004823564070294339,-0.01409344042917654,-0.0010101768619463665,-0.004910835610572536,-0.007242308240762864,-0.003741253229720694,-0.013780547993658396,-0.002051983526664601,-0.0028519863629875193,-0.0015520667655242182,-0.003680575552588279,-0.00312975680809275,-0.005581321128667365,-0.0049967758308390765,-0.003321360745728818,-0.003177610221483825,-0.005825616111380612,-0.002742705998380005,-0.005066909529957617,-0.010874475224044798,-0.0064858726622468305,-0.001175486470148892,-0.006012760005964825,-0.00441017269666091,-0.0026486428721957805,-0.0033847684942540403,-0.003195805828595792,0.0016562484757324525,-0.0027480262070785286,-0.0032649261350283405,-0.0034228125745484096,-0.006190167565183143,-0.002265179996425417,-0.0034791214676598535,-0.00414141900061623,-0.0037254978937634013,-0.0032822944598142195,-0.0026561671223049588,-0.002463932064791924,-0.0031092445060978413,-0.0036262949243660338,-0.004303110099872873,-0.006643835047064402,-0.004510989393590712,-0.0032591402244421495,-0.00488494298000236,-0.00284259227852917,-0.004125481683937799,-0.003118747988873488,-0.0030984020646597082,-0.015027592631752427,-0.002652415338241322,-0.008426527587867154,-0.005190919746111564,-0.00687330126249143,-0.009641681645700402,-0.00516965851916161,-0.004098937003018537,-0.0031900859924034637,-0.00823870322401089,-0.003346702929341871,-0.0035082131642272738,-0.0044578579656720865,-0.0003615016202399707,-0.00380648347385433,-0.007426785933215989,-0.0033557452319475413,-0.0035787657619751924,-0.006537273958817664,-0.00158254963951876,-0.0029806643987624268,-0.001063563418821356,-0.002692202505556046,-0.0037355870887995253,-0.00034977065877358354,-0.0028956231759348916,-0.0029893672802381033,-0.0011949249704400373,-0.0006802877278487829,-0.003594710022104656,-0.002857050290002952,-0.004593777773683652,-0.0015671928264806706,-0.003627227692300658,-0.0031723966136447818,-0.0014238692539714007,-0.009155790342236847,-0.008197223160081799,-0.00077134498290269,-0.003425500091409163,-0.0035446779123113406,-0.0012957388297948208,-0.00012022407809965038,-0.0037311417550721544,0.00045738068484155875,-0.003938021817538745,-0.0028133723141986026,0.019818412771007737,-0.0033426799257721025,-0.0034394957686011696,-0.0023965095669087402,0.00031347344602900007,-0.003657357381417349,-0.0034611176085830933,0.00134785211243367,-0.0035498972065487085,0.0008353617430453646,-0.002931876516269076,-0.0033644045624170553,-0.005256251545251767,-0.005413865226218471,0.001960968439117864,-0.003857799187771682,-0.004117302237986842,-0.018768484248268387
average_sadness,0.027008731997097298,0.026721393871389162,0.02708444875362196,0.02719464877876946,0.0302847695686889,0.0322281308344175,0.027681498884055855,0.025195131447837693,0.02733598306220968,0.025230161260167826,0.02996211601354116,0.023844077909466584,0.026952840857534594,0.028284513155974134,0.028819868742591098,0.027186153052974216,0.03609160874339607,0.028216290476704493,0.02553109206347066,0.024265360447181448,0.026871044863704754,0.03024323138435581,0.02605307860815493,0.027225880382086697,0.027037338651065973,0.02812471993166664,0.028726266895202468,0.027138576251417683,0.02276280314036164,0.027557937352204923,0.020299491766560082,0.026485171268486124,0.028025495393683934,0.027310311456800948,0.02645154056869456,0.028071969275197842,0.027114254488097938,0.026787738854518725,0.03190128683769584,0.027834319560489457,0.026919520738249013,0.02467125124707869,0.026886807580747636,0.019407078545330636,0.02634833865556084,0.030636301516493613,0.026928893951900096,0.026802020593587952,0.028893419508907597,0.027196903643312002,0.026189831660730946,0.026968083206782904,0.02734995516766378,0.029165038679819077,0.02779931891743105,0.02833324520849203,0.025442812365155273,0.029956558847608106,0.0264795943504141,0.027065612646962074,0.0246893084574425,0.026774911125047023,0.02712579281110439,0.026999885393243214,0.03223150957345539,0.027280197950264887,0.0278714497616791,0.024564969774400536,0.014580347089432715,0.02713687239741666,0.027436150358151785,0.02746588451617158,0.02792783654251837,0.026214092690874928,0.026198661960386126,0.02768578997460232,0.022590804377531384,0.02640704845816283,0.02756034368165489,0.02784073555363309,0.024144619755021492,0.02742634647147064,0.028963921992415747,0.026960319425395562,0.026323065702053092,0.026297235594473063,0.027011643846702328,0.027592191573244138,0.027326137246706496,0.027814092111753258,0.027470046911959405,0.030846200578604478,0.03057969672481168,0.026977854859775788,0.027540319646216786,0.027017748708005634,0.02540794964504984,0.026969560160117877,0.0269626547159315,0.025287843628634225,0.02484971041260914,0.028498761280601782,0.029492127707303816,0.025976071568731433,0.027497937858258,0.02555496236542483,0.02684076596542104,0.026580638685872397,0.0312946540380484,0.02152740858055688,0.02775656470799871,0.026885238734220974,0.02710224834476961,0.025774041645719406,0.02761962216774488,0.03017649162387822,0.02634781686728667,0.026260617115556634,0.02560710021970658,0.02575915363381034,0.027256484219688036,0.026996686926043467,0.024035048037906938,0.03058765802262808,0.027308595189823197,0.02716576458341285,0.02713142164116155,0.026571266149102254,0.023361047067127567,0.0260664001318041,0.02629353506518514,0.024801598287390956,0.02704895265134608,0.02854600100873027,0.024693709989407453,0.030333434428213544,0.027025637645624937,0.02882858856843177,0.0261074684000615,0.027074093034475315,0.026746227763541627,0.026638028285648124,0.026116016563530714,0.023185415540907056,0.027058922121673698,0.02605411465904567,0.035854420981632794,0.028698127501142253,0.025765723564921954,0.027438137071387522,0.026088742806793526,0.029353429411306635
stdev_sadness,0.02044093330648861,0.02028555533217688,0.020404280099370294,0.020467583178309254,0.02189879510435054,0.02161451561203887,0.019789005983637024,0.01843878915219538,0.021784610014707217,0.021563935935650713,0.021944265443842773,0.018912042032120456,0.021026360024496177,0.021916872909696333,0.02396303950692497,0.020517370927791694,0.02611348980728833,0.026120814675196655,0.01770567659271624,0.018093122084788044,0.02034542414213331,0.019315761385983243,0.022629796873920534,0.02006889594241765,0.020133376821966444,0.021409706062990946,0.0198227702420317,0.021101091982986327,0.018350703916004473,0.02152044123298553,0.01632941187028086,0.020373429907248847,0.024351593389603177,0.017054147658880577,0.02009389301574844,0.022206345223393136,0.02173627387505808,0.021537629584567473,0.01344683155736508,0.021697432316752245,0.019926551999595532,0.018942239797919827,0.020221031479367393,0.02275487915951066,0.019791720122206178,0.01640907527128521,0.019886824133087296,0.020700361927980686,0.020230276882575095,0.022368258841740086,0.02109624447041742,0.02053204568105685,0.020045238605863918,0.02202168566180072,0.02054365795629362,0.02050814729119411,0.02002925617350786,0.019948522399024008,0.01913454275151005,0.020610850509926726,0.021458013791121288,0.020152567773585636,0.02071192189803012,0.02044510723033016,0.018854275912890985,0.020510242675899314,0.02051658292844275,0.022577193175470765,0.017018568649929428,0.020591385847024458,0.020512168866665632,0.019267839277698467,0.01999112949136857,0.01956526635493037,0.019865546152631426,0.02026420872955737,0.022161300059224034,0.022231053458093397,0.019661988999407107,0.024054671685665528,0.019325020902682274,0.020949097705184203,0.02259126844451255,0.02050756544960857,0.020455636165005984,0.01989489656802447,0.0203075581793754,0.021423265134655138,0.020182545706453184,0.020413724919646735,0.02117903092904981,0.01668251949225025,0.021814942664449555,0.017620951092526163,0.02031330637449814,0.02070910383344659,0.018979409264537322,0.020560497133738555,0.021245022289417815,0.019963241051388275,0.021000960688283055,0.021210132030408595,0.022065307456465386,0.02026855406090236,0.02044901804343628,0.015908185640769457,0.020471982421608994,0.022075118194569518,0.025424117590124255,0.02022290515865679,0.018798246237705443,0.017821328599854237,0.020813056161338935,0.020416597411365797,0.020793591224997184,0.02373945934191097,0.020916817724356246,0.02009570119937745,0.021242963054861022,0.018693841197012492,0.02074697074797751,0.020559373060584238,0.019530981489924052,0.021070623642055836,0.018048213273828433,0.01930063316936506,0.02066250719850759,0.02041579290769582,0.021145968483970004,0.02088816367214613,0.020116211915964192,0.020087856971491593,0.02022920502121283,0.021720829581797906,0.017802493041287424,0.02075141448836269,0.020518022233694852,0.021479754750038677,0.019529117566965397,0.020086150536235452,0.019877772060796283,0.02078136175667921,0.02053000189650444,0.020673625113120854,0.020633157013911725,0.01956331597717463,0.021802327500108284,0.020447330037963122,0.020624113607112173,0.020627903218875684,0.019923688000876055,0.021040101388821845
min_sadness,0.0,0.0,0.0,0.0,0.0,0.0,0.0,0.0,0.0,0.0,0.0,0.0,0.0,0.0,0.0,0.0,0.0,0.0,0.0,0.0,0.0,0.0,0.0,0.0,0.0,0.0,0.0,0.0,0.0,0.0,0.0,0.0,0.0,0.0,0.0,0.0,0.0,0.0,0.0,0.0,0.0,0.0,0.0,0.0,0.0,0.0,0.0,0.0,0.0,0.0,0.0,0.0,0.0,0.0,0.0,0.0,0.0,0.0,0.0,0.0,0.0,0.0,0.0,0.0,0.0,0.0,0.0,0.0,0.0,0.0,0.0,0.0,0.0,0.0,0.0,0.0,0.0,0.0,0.0,0.0,0.0,0.0,0.0,0.0,0.0,0.0,0.0,0.0,0.0,0.0,0.0,0.0,0.0,0.0,0.0,0.0,0.0,0.0,0.0,0.0,0.0,0.0,0.0,0.0,0.0,0.0,0.0,0.0,0.0,0.0,0.0,0.0,0.0,0.0,0.0,0.0,0.0,0.0,0.0,0.0,0.0,0.0,0.0,0.0,0.0,0.0,0.0,0.0,0.0,0.0,0.0,0.0,0.0,0.0,0.0,0.0,0.0,0.0,0.0,0.0,0.0,0.0,0.0,0.0,0.0,0.0,0.0,0.0,0.0,0.0,0.0,0.0
max_sadness,0.012095210258765358,0.011981098209636193,0.011945647502839288,0.011968449180093653,0.012769494618177234,0.009117145769020753,0.011325885563277873,0.010720332940519613,0.014142758423927896,0.015738863804513642,0.01287026160054228,0.011622530549272021,0.012951616896604644,0.014487725212882122,0.016134936587685274,0.012058613885824396,0.01591325323972332,0.020194241285288614,0.009338202416700954,0.010063030418863417,0.011925634135671596,0.00838848779451546,0.01590648364196893,0.011241491046446946,0.011456741629086262,0.013200158951645422,0.009089898877045267,0.01301937162743761,0.012401153347963502,0.013381801248038724,0.009455991046230303,0.012244199606178187,0.016918912700935006,0.0064907662072227305,0.0119217117981,0.013702661860338774,0.014370137809166173,0.013022208166795432,-0.003437476549266359,0.013276947980219974,0.011288785878543726,0.011108733808456341,0.0117609811085644,0.019316930732235896,0.011418511395925743,0.004765614647323051,0.011343204451246031,0.012640159516265652,0.011314475082771659,0.015793178003008224,0.014717472207474932,0.012232471376161276,0.011217436795675462,0.01227248397448025,0.012013556922766611,0.011306085298319848,0.013073315374412649,0.007956559973930678,0.010231353091433717,0.012181120173860829,0.01536941848760381,0.011765587886176293,0.01239767003683492,0.012060512983784506,0.004635351594803118,0.011865921619603828,0.011602873904874668,0.016678587382174787,0.014632178876569616,0.012127173751044525,0.011877740120791385,0.009443581130876486,0.010426898518967446,0.011291819680734994,0.011571064406594805,0.011308179308872257,0.020646275512566585,0.016003246679847448,0.010160415980321852,0.01692341863085324,0.01366084915035187,0.012538880434282695,0.014009617296923023,0.012235544230677345,0.012476629344831089,0.01137762871875922,0.011693009472829731,0.012395094695697651,0.010322079070919539,0.011376707532043522,0.013181804786362467,0.0027885478962391573,0.011550786089087835,0.008204613400463768,0.01136815758630038,0.012456575682276884,0.010901027664879723,0.012292173801139186,0.01325478612445269,0.013164838630883066,0.014814236365701209,0.012131774001339305,0.011814236503171972,0.012719794908227161,0.011688835363650472,0.0055296959917846816,0.012318734674648378,0.014999868193281033,0.01618329281473562,0.015389558021257577,0.010483035818417958,0.008624557047962628,0.012602108711334737,0.01301981302892156,0.012544300925363627,0.014436913305608284,0.013667356335560328,0.01211936184270845,0.014155254836380393,0.010565832534739163,0.012289172333179957,0.012295195164198863,0.012850875613822085,0.009437845135106027,0.0074930202231759425,0.010966986384951577,0.012283548256206771,0.01239096380237172,0.01711527711625381,0.013633946814124033,0.012094247595743603,0.012585006365950419,0.011770603944185444,0.013277213246912466,0.010503910503269761,0.00971731201702479,0.012149011417545484,0.012212047757946282,0.011489955318115658,0.011382303916086972,0.010935939551657812,0.013702260401153903,0.012795376784751015,0.014667360058936244,0.012529241147534976,0.011311069617012955,0.006448790891321634,0.011881431442362395,0.013807421400218753,0.012169206067783302,0.01197194640108988,0.010053037205540745
average_social,-0.008043990848063341,-0.008277919602815792,-0.008272074337345697,-0.007944157647170002,-0.006031585993529842,-0.0032898669038192523,-0.0038096182823765343,-0.00606968137232443,-0.006778052352190409,-0.009546580266807731,-0.01025878342746301,-0.010114743340437451,-0.007978974226536402,-0.009378188210793066,-0.00815196424147676,-0.007986684787636762,-0.013560832926096139,-0.0076540188881181965,-0.00650775888288042,-0.007913545776436437,-0.008368263057047229,-0.005946586174050936,-0.007129388819977227,-0.008264753764002118,-0.008386035302627243,-0.007428407656127385,-0.006714520873289831,-0.008119105195976972,-0.006272226118870932,-0.006800853841344672,-0.005547558444978589,-0.009078967983730889,-0.011939178501211428,-0.00016730749907563824,-0.008000544854662565,-0.00792114127683979,-0.011643587185794013,-0.011135229918319703,-0.01428566950171245,-0.00847673585720223,-0.007342338185257266,-0.0060188245374179035,-0.008224448660442606,-0.01745153547238673,-0.006441168604272414,-0.009756484227652374,-0.007068306130096097,-0.008484586004439371,0.0015634695624861753,-0.009153418753316519,-0.009593524507726565,-0.00809724349521463,-0.007159627501432454,-0.011094240828385409,-0.008766682563850596,-0.005567642245821828,-0.005691684399620884,-0.00845987338931482,-0.0061600640515429485,-0.009544395770778352,-0.00662473434633384,-0.009830176550385965,-0.008404839775127133,-0.008240746888017621,-0.0075588060737389615,-0.007786895713404261,-0.007648801286403675,-0.00856716548744186,-0.006944553422987965,-0.008179863821799457,-0.00822777971393988,-0.007086858392510503,-0.009500726828714839,-0.008408575350514914,-0.007016136180048915,-0.00647162000318706,-0.007457826981251843,-0.008438855784617571,-0.0064624950974723,-0.003597725963911832,-0.015199864263986087,-0.00799176049081461,-0.01112953230589549,-0.007791405339563169,-0.006662580572685865,-0.01104088431947816,-0.007785838274197066,-0.00840877844949873,-0.008836140903065559,-0.011308537642698135,-0.008809224063707814,-0.007762912038444594,-0.0056332961925965605,-0.012397095848309624,-0.009289277315132557,-0.008233914583735206,-0.007638915516970347,-0.008206473124745192,-0.009614578678298734,-0.0069191744159023405,-0.005545001398329535,-0.009415867186385932,-0.0075799682566393654,-0.007260956286448029,-0.01040226958429413,-0.0033418960715744725,-0.007947740936016013,-0.005624367320091611,-0.01021075112150743,-0.01423867575308193,-0.003116616384213288,-0.013370458832762073,-0.007409244326542287,-0.008732617747197151,-0.006968611391251785,-0.007723488609543807,-0.008148290081643595,-0.009232815574771024,-0.01091859291501842,-0.007659698789974748,-0.00832849620879184,-0.00816336316439149,-0.008021588666710818,-0.009404663450643126,-0.009979784985052188,-0.008894948911185372,-0.008559678697887029,-0.008305157080905559,-0.010544812196822536,-0.00973856664696501,-0.008946912312399349,-0.0024724637745325738,-0.008742584513188038,-0.006249711645326931,-0.004004840644991718,-0.006990350448069881,-0.00820150232148345,-0.008857921176573805,-0.007583605364548659,-0.009238334510838504,-0.008737775780525519,-0.007997536318030591,-0.008472074725033196,-0.009918800784478089,-0.007679682249703369,-0.007416775285323873,-0.01391628335720279,-0.004581862429264235,-0.010295343993351365,-0.00788253287594724,-0.006711447774570299,-0.01220571066224477
stdev_social,-0.03360301108121614,-0.033822692629268715,-0.03390283282228268,-0.033404425048355314,-0.03136181529316701,-0.03184082242105324,-0.023028761721899056,-0.03366734986736479,-0.033585075354010806,-0.03146077323357805,-0.027051415602231392,-0.0377019525679217,-0.03415517821744436,-0.03443920854007433,-0.03395501732520123,-0.0337708724468319,-0.029476809337235652,-0.010261931502972553,-0.028954794246786014,-0.031673389320333534,-0.03390744056804569,-0.03434093394229033,-0.034123328639012775,-0.03591783647741475,-0.034647467000706214,-0.03208781712034138,-0.03199042747605246,-0.03462861404550901,-0.03478516839423554,-0.0397176569078684,-0.02990762826056699,-0.03323462684261693,-0.039943016858831004,-0.03906365984485967,-0.03235409537948094,-0.029878090847654505,-0.028019632435510658,-0.041670017898522954,-0.04120933722314433,-0.030046727400190466,-0.03321806836053948,-0.025108041149986642,-0.03356564444560206,-0.042940743158081114,-0.032396380415400966,-0.031910018746891824,-0.0337941178167685,-0.03359627282067688,-0.020622858972228982,-0.0332781780289879,-0.03234950455044441,-0.03399025071613623,-0.03328761364825899,-0.037552251066933495,-0.028703095096503456,-0.02233521663557679,-0.0323040687712319,-0.034738840161972484,-0.034162246725393086,-0.03482812391099422,-0.03391540586394749,-0.03703575619218363,-0.03426551612766349,-0.034219795403044026,-0.015095000226572917,-0.03438075789415498,-0.035280607128014195,-0.034411508099934845,-0.03342942384441265,-0.034640293820679825,-0.03213205686058866,-0.03335224954821076,-0.03551370387274514,-0.03297896573254345,-0.03410919350752378,-0.0336309079339208,-0.03201673554626684,-0.032937690543772435,-0.03507057390524145,-0.02241347762387824,-0.03495903723514328,-0.033653004912965204,-0.038820907289885874,-0.034552909679051634,-0.03340145254425484,-0.035104738794826604,-0.03459879011794412,-0.03458941598016165,-0.033028890572109025,-0.027590897835494604,-0.03520491173875817,-0.03955219280691967,-0.0353512961048572,-0.032170643592385154,-0.032582629324339085,-0.03373788619939729,-0.03601919753525695,-0.03392988271981339,-0.034932100733438824,-0.03440124504313013,-0.03322552905424493,-0.033858359815985804,-0.04299995991466614,-0.03223025097792779,-0.031117801217190766,-0.0360014544681993,-0.034590813264818346,-0.02601148335964489,-0.03700010642610197,-0.035335116942999165,-0.010772944643121243,-0.03577712537323001,-0.032840285456826386,-0.033929315069070015,-0.03512856627943273,-0.03557846647440291,-0.03222630348878809,-0.032784460202551914,-0.03899296754627809,-0.03638805399275599,-0.03386936025934566,-0.033999127667862235,-0.03490637627541717,-0.03585118968189956,-0.03621051274172898,-0.03434771855870136,-0.0347805146712982,-0.035329542035940645,-0.030369892421542238,-0.03582611899142381,-0.034747085082172786,-0.03239840245340718,-0.034161487805279285,-0.03190803951588246,-0.02716745173580756,-0.03680358066236499,-0.03432301839290198,-0.03383048170540247,-0.0328874386040339,-0.03630471458471002,-0.036333037441868034,-0.03188920110990473,-0.035831324711292994,-0.03875193330317519,-0.03253131459689901,-0.03185819593228964,-0.029535330984399907,-0.02474807205740049,-0.03188754485294869,-0.03586117654506677,-0.032679463442434296,-0.041741327820281664
min_social,0.0,0.0,0.0,0.0,0.0,0.0,0.0,0.0,0.0,0.0,0.0,0.0,0.0,0.0,0.0,0.0,0.0,0.0,0.0,0.0,0.0,0.0,0.0,0.0,0.0,0.0,0.0,0.0,0.0,0.0,0.0,0.0,0.0,0.0,0.0,0.0,0.0,0.0,0.0,0.0,0.0,0.0,0.0,0.0,0.0,0.0,0.0,0.0,0.0,0.0,0.0,0.0,0.0,0.0,0.0,0.0,0.0,0.0,0.0,0.0,0.0,0.0,0.0,0.0,0.0,0.0,0.0,0.0,0.0,0.0,0.0,0.0,0.0,0.0,0.0,0.0,0.0,0.0,0.0,0.0,0.0,0.0,0.0,0.0,0.0,0.0,0.0,0.0,0.0,0.0,0.0,0.0,0.0,0.0,0.0,0.0,0.0,0.0,0.0,0.0,0.0,0.0,0.0,0.0,0.0,0.0,0.0,0.0,0.0,0.0,0.0,0.0,0.0,0.0,0.0,0.0,0.0,0.0,0.0,0.0,0.0,0.0,0.0,0.0,0.0,0.0,0.0,0.0,0.0,0.0,0.0,0.0,0.0,0.0,0.0,0.0,0.0,0.0,0.0,0.0,0.0,0.0,0.0,0.0,0.0,0.0,0.0,0.0,0.0,0.0,0.0,0.0
max_social,-0.023702508933115887,-0.023258133341700522,-0.023918872073552953,-0.023931893765264646,-0.024876299036133087,-0.0321874864737714,-0.01623699672835232,-0.029157514033134636,-0.02404514440502042,-0.02142172896783903,-0.019382354418027735,-0.024798233336003676,-0.02417907077063473,-0.025091963214150942,-0.023123064934195123,-0.022694561045463767,-0.015465310594665781,0.006706838058329253,-0.018565815915094857,-0.02001431864619599,-0.02398646177323284,-0.025505857690873646,-0.024560997710125952,-0.024660366145734657,-0.02437740539032939,-0.02447751683109644,-0.022530632209166596,-0.023896469326905558,-0.02552963695794345,-0.02881644530936381,-0.026268698764612262,-0.024740841020884898,-0.02417405270088333,-0.033021137120194194,-0.021963959846633043,-0.0226759008016413,-0.013467535217839563,-0.026623504455145747,-0.03708533341569519,-0.020489829054875713,-0.020999790036473398,-0.02236626951185796,-0.0229983487708855,-0.02247853589535613,-0.023391897508716272,-0.021576887605863404,-0.023260727827648972,-0.023430956091466858,-0.015707397488708134,-0.020607331249762034,-0.021789707092012764,-0.0238378971262111,-0.024248520947593073,-0.026264067282467933,-0.017414970030319096,-0.013089835779346526,-0.02007444038157564,-0.021725010779252395,-0.02522920130346119,-0.02451118837684452,-0.025938691009056963,-0.02279696838566276,-0.023939600942959688,-0.023948307345382242,-0.00498354828872042,-0.025089856677116905,-0.02573405910960343,-0.024667300526533757,-0.024345042229683082,-0.024773791050827228,-0.023385410441978564,-0.024640771931575843,-0.025989155369464313,-0.02245025348522698,-0.023398481112155117,-0.022713836629658576,-0.0186841150312699,-0.021540207288401,-0.02545020853721771,-0.02168238175293996,-0.033675370398847104,-0.024178014662679735,-0.02602154557336203,-0.024822204241527743,-0.025395032879735935,-0.01956957034999391,-0.024477120006768993,-0.019386817237469378,-0.02022579358808156,-0.017201237346458065,-0.026661839562350395,-0.024883075281557317,-0.026589381070587226,-0.01754115036491517,-0.023678606098669022,-0.023407341355057523,-0.03438942610177808,-0.023732631970422864,-0.023973908309349996,-0.02770522273222336,-0.023814027844077483,-0.024267669743636276,-0.028175001276864897,-0.02364300043044367,-0.01767952162889405,-0.029152126647725866,-0.024048750650613782,-0.018093844310730398,-0.015502443225842143,-0.02513929417452905,-0.01305117732264393,-0.028865754151021147,-0.023521081462653522,-0.02265604322048096,-0.025650012700713064,-0.019943912728160484,-0.02193782489651506,-0.02255177711521686,-0.02414602401537102,-0.026295356663395542,-0.023648977464293314,-0.02369234515347976,-0.02918091483566484,-0.02885889175176521,-0.02628927624677732,-0.025299313391035333,-0.02407165744056944,-0.026603937480293136,-0.020254449725830466,-0.025024860148733882,-0.024471174029060915,-0.02083257744352996,-0.02370661253341637,-0.022030515052812453,-0.027794647149278675,-0.0275253459404556,-0.024108498860162683,-0.02326179347222893,-0.022817239546913184,-0.025682304755009752,-0.025527921414230235,-0.018262886131259655,-0.024435361052443736,-0.02303796612605008,-0.022571331422091126,-0.022671725920335895,-0.015164080308116652,-0.01831821473275424,-0.014691360331373535,-0.02737632216174974,-0.025823600336274136,-0.02546863028776173
average_indefinite_pronoun,-0.01668134593804554,-0.017419535591092966,-0.017025356329769183,-0.017306078603105332,-0.020194755979495847,-0.01670981624649631,-0.015439771148773321,-0.016043660317307282,-0.015975127848686606,-0.01703528479315996,-0.020547109698432903,-0.015047357698802395,-0.015747309689461295,-0.014167209601879975,-0.017565154065618663,-0.016463703076207724,-0.01314079531460793,-0.005240381114229583,-0.015257042929082573,-0.017687860499607817,-0.016603226055032224,-0.01937288174058217,-0.01705560324595241,-0.015365850519036545,-0.016726539507774366,-0.015722837487978335,-0.01551922853193469,-0.01649514601543047,-0.017784115412239808,-0.01847490748009523,-0.019681575273825337,-0.01566901581343596,-0.016295675710541718,-0.023191443648619522,-0.01703210744166346,-0.01439705483430246,-0.017926483002281158,-0.012731922096634688,-0.018149716763577316,-0.014995115833505834,-0.01728818839050641,-0.016900347456967724,-0.01649398281551747,-0.012603318530567,-0.014236888177491743,-0.022841155901152647,-0.017385479444379688,-0.01657843882284563,-0.015075804914756609,-0.014854801249229891,-0.01582839840763194,-0.016665490464071668,-0.017357798833270047,-0.013243404831157667,-0.016110771435483083,-0.013509186913661403,-0.01349591034065428,-0.016842884719913957,-0.017763384431417138,-0.015324949621830822,-0.01644431039850723,-0.017671396642020706,-0.016449524544773463,-0.016788644589947298,-0.01447029699160702,-0.017009050703326162,-0.017611111663745897,-0.015522196812332228,-0.021995706997213555,-0.016973102035090084,-0.017480267912179652,-0.016214789646926294,-0.015951870138540297,-0.017568589107322896,-0.01607283003350446,-0.017716862248545847,-0.01976150799039683,-0.01828927934492779,-0.018820472956589812,-0.008568457603748435,-0.00549272433321811,-0.016707829334704466,-0.017083978343874446,-0.016648582946909046,-0.017111959604650392,-0.019992841625633237,-0.017680693206835428,-0.008226116986321365,-0.017288096732380957,-0.01534752053812279,-0.014040456874753067,-0.013631521161674636,-0.017236805669729367,-0.01820066708911991,-0.017345761876191673,-0.016606307189186355,-0.009291813080564926,-0.01649524714268363,-0.0185882056808372,-0.012152925174340195,-0.016419894445743943,-0.01605168775538952,-0.01560966123023112,-0.018573660810215293,-0.017401337563637473,-0.015893875672878945,-0.018234398639994227,-0.014902317736488029,-0.013771736747008937,-0.022080851807721933,-0.014625243131611614,-0.018623069066682832,-0.016329247512578218,-0.017529292102218125,-0.016222039834093045,-0.014896210323948663,-0.01601985119295285,-0.016219653406235796,-0.01638418978895521,-0.01754819685470655,-0.016736323678298616,-0.016601935168632734,-0.019182869879761977,-0.017590427709850563,-0.017586858983095324,-0.016809447280112404,-0.01662115405395325,-0.01608794212976256,-0.013060233840193263,-0.018015678765503328,-0.01705015652590985,-0.008968214454289258,-0.016749878427623033,-0.015795257430191806,-0.02836666409573588,-0.024759029164129292,-0.016556869017956423,-0.017509435248874355,-0.016502911667167785,-0.01703281561942531,-0.017982664462168577,-0.013640569957343432,-0.017395201200546787,-0.015572056057548439,-0.01674572890806359,-0.018394158929678592,-0.021141685026808545,-0.013801153423342826,-0.01829497271734118,-0.01567035610543125,-0.017182030887206965,-0.03175016308299813
stdev_indefinite_pronoun,0.014701443905196905,0.01283369475636834,0.015204861715788514,0.015348430045170171,0.01304214171108058,-0.00488610036918383,0.01537648438544904,0.0148358438337252,0.013056889648906007,0.012319091391572112,0.013017746855547584,0.01672814133868367,0.014966508112449586,0.02010394839116105,0.01328167631015572,0.01395240042772194,0.023498768721878335,-0.016836624551968358,0.01230241774305281,0.014324566915344356,0.013992168994595825,0.01518514040599845,0.01623734648508489,0.012446589012854534,0.01416427005857876,0.014388565345977032,0.01690227877079722,0.014292893632244515,0.014571379661549462,0.02091805079128564,0.023833824901250012,0.01416020368129443,0.011873974710272872,0.014038232763916868,0.014142557155640842,0.01743847739300826,0.017883508289078143,0.01653802728321754,0.01472960176146284,0.010745516160702137,0.014528718613308336,0.007383992859843428,0.014175376384515947,0.010518151872757822,0.0158256278406088,0.020096718585142757,0.015123092900838643,0.013555740481817652,0.006552744180731353,0.019950818018814372,0.017234311387280633,0.014402403286245815,0.01305628594813654,0.016310176611378867,0.014735358353018469,0.01656493684940716,0.023040724596247827,0.011623088106606312,0.013385158575918418,0.012571776833118494,0.014990679746771476,0.016879313817906166,0.014831141272015125,0.014183605705041806,0.022818787648328658,0.014130701544599925,0.017244778070819252,0.016065987066177474,0.007498454745687672,0.013988837775391304,0.013204230744890012,0.014146284460282984,0.012329469276651874,0.012885187553192552,0.013703422526292202,0.01673024745881484,0.025136979582400066,0.013600061523399813,0.011774530280495318,0.010303656172511184,0.02050074099552474,0.014965478704043234,0.018927683194519648,0.015228392630459926,0.014551976552934602,0.013457119655647595,0.013802516555541045,0.018290700734654976,0.015385207394395238,0.01878901032746155,0.013320233358249462,0.026950435598285714,0.012142944071012633,0.02259150421058696,0.014477112594843808,0.014080731589804068,0.01343932147914724,0.01448043954428144,0.014188452165724766,0.013763102783310138,0.018504314305020256,0.014628849078939963,0.017177441472552946,0.013420813394043992,0.013414900396311744,0.013328563779991066,0.015917375338076915,0.0070573662812495885,0.011935691831695149,0.013634197560719563,0.007968737680265096,0.0168849856025818,0.013783865497797067,0.013798338501088945,0.01303927993376239,0.016389016917195832,0.017149993116035003,0.013285653531033264,0.01324751913008406,0.020144428636250135,0.014360659558783838,0.01466651145741193,0.017680996603569924,0.013864035748990658,0.016244807618416193,0.013928339857362054,0.014714367743585728,0.014756165244440279,0.012706481332405633,0.016620442562035403,0.01290306771669908,0.015101691904776178,0.014503412487752967,0.013833783375550409,0.013621463401611422,0.009073754746732443,0.014402655601724507,0.01262947272654899,0.01562270093053307,0.01609220532890337,0.013316544223266561,0.011922351481255488,0.014756613846794752,0.009353237958300214,0.015419785049720256,0.013297953819913359,0.006893959614909819,0.01624487132085415,0.016966001516647053,0.014520087941033974,0.014490153442018448,0.0015965866761444934
min_indefinite_pronoun,0.0,0.0,0.0,0.0,0.0,0.0,0.0,0.0,0.0,0.0,0.0,0.0,0.0,0.0,0.0,0.0,0.0,0.0,0.0,0.0,0.0,0.0,0.0,0.0,0.0,0.0,0.0,0.0,0.0,0.0,0.0,0.0,0.0,0.0,0.0,0.0,0.0,0.0,0.0,0.0,0.0,0.0,0.0,0.0,0.0,0.0,0.0,0.0,0.0,0.0,0.0,0.0,0.0,0.0,0.0,0.0,0.0,0.0,0.0,0.0,0.0,0.0,0.0,0.0,0.0,0.0,0.0,0.0,0.0,0.0,0.0,0.0,0.0,0.0,0.0,0.0,0.0,0.0,0.0,0.0,0.0,0.0,0.0,0.0,0.0,0.0,0.0,0.0,0.0,0.0,0.0,0.0,0.0,0.0,0.0,0.0,0.0,0.0,0.0,0.0,0.0,0.0,0.0,0.0,0.0,0.0,0.0,0.0,0.0,0.0,0.0,0.0,0.0,0.0,0.0,0.0,0.0,0.0,0.0,0.0,0.0,0.0,0.0,0.0,0.0,0.0,0.0,0.0,0.0,0.0,0.0,0.0,0.0,0.0,0.0,0.0,0.0,0.0,0.0,0.0,0.0,0.0,0.0,0.0,0.0,0.0,0.0,0.0,0.0,0.0,0.0,0.0
max_indefinite_pronoun,0.02292035985578013,0.022540450286211655,0.023341708371573646,0.024331160518433217,0.018182212144468243,-0.005196933339338686,0.015417576492547068,0.023437019739348103,0.023186136615105685,0.016320714121176444,0.031497591922417245,0.025071842573713705,0.022584561440638893,0.03194917368506454,0.023181085953743106,0.02159718085734344,0.025354984725136996,-0.005787259595625121,0.017935369664834774,0.023438866651372903,0.02243290157041605,0.02374827664893586,0.02353082326886704,0.022688311406282684,0.022228003412215785,0.02322594089480158,0.029177626228826907,0.02401978781832452,0.025484621813315126,0.027992393748902417,0.04348581455703705,0.022284689561852405,0.029742604006492254,0.02070300482747625,0.021981053569358748,0.021658920886080724,0.03159285272388914,0.025315967031982124,0.026740341277052434,0.021793165753914476,0.025134404308406987,0.02124751532175168,0.022490368295239184,0.021594497787058593,0.02441013988659816,0.02214896920294855,0.023017827421769443,0.021870643677618734,0.013111212054085379,0.02893288537252374,0.022091351254937348,0.0226711766966856,0.022138269255289496,0.023640043395038536,0.023215648806080187,0.021986052823673267,0.025167462195719602,0.021037090505594137,0.020834516192045734,0.01794609920699006,0.022868946520338777,0.02220896367762243,0.022795369570860632,0.022721997451707318,0.03279673423619564,0.022695014965034805,0.024061675222078478,0.023411512721657295,0.01964435683395672,0.021505159496487625,0.02386324347265088,0.022950029919906745,0.01802157154671285,0.02342390844535187,0.02269676838224758,0.024190474358255342,0.028728102687534476,0.022142112735798955,0.0207905005093883,0.010019013832658647,0.022457921820145048,0.02281369518160675,0.028969627193113977,0.022530115158157133,0.021726325858527115,0.023294164836120825,0.021868902587764548,0.026135334089970194,0.02287904642009869,0.025016893810276258,0.020887656140281693,0.02811076944697062,0.017947651085413532,0.03184357092344345,0.021580946050462787,0.022645594749481603,0.020856687435069306,0.022762736528930693,0.02211204733669369,0.02058413647298457,0.023869403465844912,0.02299564549617592,0.026054774074202,0.023576676589877766,0.019370135487048138,0.026443980370495567,0.02319145585135675,0.014012150917553883,0.02716685144113451,0.027746378793463727,0.007311921749850986,0.026316903133016274,0.02146394122148725,0.02193941840198175,0.01419583422267452,0.02659743147824994,0.02429686959383485,0.021437478716789447,0.02415894780412213,0.02672703294548709,0.022410337614747807,0.02302358701283882,0.02788875800430351,0.018051042223901095,0.020766939344756898,0.02188780740205598,0.023859671785625147,0.0227964998981073,0.02161722409566589,0.026772703720775032,0.02201014419006161,0.023502823489918074,0.02261357692148684,0.022458652501463314,0.028255532993677616,0.018279903866722014,0.022658082936356936,0.020006180942789813,0.020222986576251094,0.02498004213718666,0.020284310166213595,0.0166555917581593,0.022362998738560395,0.025926606056693655,0.022601821307114193,0.02585111550411307,-0.004191594629361411,0.020872661448701802,0.02258422400413976,0.022470691495427454,0.022270421980167158,0.007593299053397595
average_religion,-0.026553867269303488,-0.027460092309055543,-0.026644619626161894,-0.026365758370993406,-0.026888088925349378,-0.015102397232360606,-0.026169024823026132,-0.02807407180142149,-0.025256420634131513,-0.025558914930667705,-0.02833465819015308,-0.024374747975981197,-0.027003616320018287,-0.027266370725295717,-0.018858953780224934,-0.026589261676696542,-0.02832877215903472,-0.02797643734260942,-0.02724223102641088,-0.025704270930293656,-0.026301022261785333,-0.025950790105383866,-0.02814224766718958,-0.02555190879498862,-0.026605456673541777,-0.02628688319020228,-0.027213766760086536,-0.02604669816183802,-0.025103074389405497,-0.02877698854401332,-0.027009887170261048,-0.026316290058692515,-0.026584632877602245,-0.022899336144411708,-0.02656883209231695,-0.02775491498342648,-0.018634090308664045,-0.024695371161260003,-0.025302295944834626,-0.027317251785799707,-0.023672990337867166,-0.02862788056830558,-0.02690035129179013,-0.02652228550238754,-0.025876114163041006,-0.026025113694663333,-0.02649764465380207,-0.02699254040611841,-0.024064458178574208,-0.026476972062494823,-0.026910292805830092,-0.026548384309801575,-0.026715150842001344,-0.02729527131851399,-0.025892447154976097,-0.025772584638544187,-0.028705498063908395,-0.026041968880073665,-0.025990264983427887,-0.02608111623616836,-0.028145293176148226,-0.027131314625633007,-0.026068951294383125,-0.026543243789432697,-0.02511420334837773,-0.027118454020554243,-0.027698259396601695,-0.02775077967378598,-0.022148796641694127,-0.026642544565466723,-0.02629823733742198,-0.026057796761499972,-0.027358814388651197,-0.02748810358017991,-0.026656000672251715,-0.02548362461500869,-0.023549001538778286,-0.02693975052003287,-0.0269408550563073,-0.02580846947600788,-0.02499586736136137,-0.027192983415243257,-0.0239905390404656,-0.024959418655680465,-0.026801135054434228,-0.02173380312552702,-0.02611853573449971,-0.022227704998621672,-0.024983763145355754,-0.028306774215456684,-0.02762181261557981,-0.029092610499059285,-0.026253344672642752,-0.029585347604505874,-0.02659170644338185,-0.026405597655131417,-0.025432698307669893,-0.026591597922782532,-0.0252821055149453,-0.025588198011911662,-0.02832753569963805,-0.027446044353757436,-0.024332623629310338,-0.02629353988205815,-0.02670477429573464,-0.02841639299831626,-0.026313747763182585,-0.024785889585681002,-0.025828197594437774,-0.02629061449150177,-0.027540359019111282,-0.029755441188108342,-0.026486226619887324,-0.026561146531061668,-0.02826549320887296,-0.023990091027836762,-0.025963762340131917,-0.026024337685491845,-0.0271807034262299,-0.02732955406086285,-0.026888758272112748,-0.026723870358155252,-0.024960880168100254,-0.027590010867234734,-0.030031158653339392,-0.025005649040686865,-0.02639042833027773,-0.027180660995265685,-0.025911765834167072,-0.02593383657855159,-0.02636771001767652,-0.021117677711995016,-0.02623530089938361,-0.027765718355682773,-0.02559655416157493,-0.028116564200457942,-0.026583284586135313,-0.026922191453387596,-0.027525487126830245,-0.026797024078126428,-0.027511485201868923,-0.02616149066755307,-0.0264485228228217,-0.025445173913169073,-0.026835167764766125,-0.02141097237707635,-0.020172502817509687,-0.028423392774977345,-0.02203151265437728,-0.026323000132373656,-0.026173731195509604,-0.02427906396816685
stdev_religion,-0.014833567686989839,-0.0155793227762327,-0.015108854832831652,-0.014971240261539143,-0.016492063435388338,-0.009668120863561815,-0.014552953670884152,-0.0160295097202371,-0.014473371563606948,-0.01403446994798271,-0.015607271996504425,-0.014043645175090467,-0.015275199304002814,-0.015804957984152258,-0.009131026264739326,-0.0150855682969445,-0.016269439497946726,-0.014605316329864575,-0.016353597487588648,-0.015023852184481875,-0.01500002840868846,-0.01484046480347647,-0.016230023816415678,-0.01412946043415458,-0.015040247413744334,-0.01441771762353189,-0.015127335279191245,-0.01479538264629823,-0.013966605667618093,-0.016337273156943548,-0.014253887512348521,-0.01480799120697308,-0.013720912343810189,-0.012736004107571863,-0.015011750215576946,-0.01557287286611362,-0.01530162101900982,-0.015501594232873204,-0.013717404816285042,-0.01566727716871765,-0.01337890814382926,-0.01727416355172702,-0.01530026129051983,-0.014963276390640476,-0.014880939848232006,-0.01531983088905279,-0.015013889499071478,-0.01522426670138638,-0.01402468755170724,-0.01434606334239959,-0.014658313646296356,-0.015050252268800328,-0.015159734873923728,-0.015604510562562231,-0.014793130097189265,-0.013737168901451957,-0.01640357025456472,-0.014331729709365033,-0.014465112511460085,-0.015241601541592306,-0.01621104771152693,-0.015548879470426423,-0.014745200949676065,-0.015037344450534194,-0.014788573943202047,-0.01546624882061675,-0.016001003312363562,-0.01593329780446789,-0.013201551245761807,-0.015299594890952742,-0.014552760200283399,-0.01479580924973213,-0.0157902094198962,-0.01595396867660112,-0.01520540829111217,-0.014562245344227065,-0.012545941989634532,-0.01499753259026513,-0.015299397229834876,-0.01432144041480186,-0.014020206636254891,-0.01541408138914006,-0.014645004242770456,-0.014423764713175554,-0.01395288776326968,-0.011856636794443562,-0.014847396955701246,-0.012098741492563085,-0.014432352434890296,-0.01577738812703435,-0.015917429264694995,-0.01825671206807924,-0.014778480404741454,-0.01729433100392062,-0.014995465122398851,-0.014979684738858363,-0.015323042981645104,-0.015066312635746423,-0.01418323262112863,-0.014046836271768209,-0.016906892467077755,-0.015632539763117157,-0.013634794759771366,-0.014950209167461585,-0.015577192084556053,-0.01508485880236674,-0.014997162139902692,-0.013721354530508812,-0.01564935750498443,-0.015007564620516434,-0.016317245665097978,-0.0169157132305149,-0.014885366005944554,-0.015185509598485317,-0.016290575171605794,-0.014168158479892267,-0.014845483632065826,-0.013747050795719931,-0.015148061842489718,-0.01564300261436532,-0.015136558044882724,-0.014955361972901317,-0.013495516452624035,-0.016746684385718063,-0.017741324707059625,-0.014504982165563271,-0.014859144637681647,-0.015345819412173209,-0.014411669732763546,-0.014578960334250804,-0.015148056554277808,-0.011721979473739891,-0.014529017997073748,-0.015418571307499233,-0.015319781583061307,-0.01624576142748746,-0.015087110200725881,-0.01546351866173815,-0.016372263437948203,-0.015041261089492799,-0.015984960169192892,-0.014602729681101222,-0.014946454419180247,-0.01296657067884607,-0.015186947167692214,-0.010846378051593771,-0.011200012726375093,-0.01660472759052239,-0.01212273095183554,-0.014812677549950493,-0.014257529509620245,-0.014350319486686872
min_religion,0.0,0.0,0.0,0.0,0.0,0.0,0.0,0.0,0.0,0.0,0.0,0.0,0.0,0.0,0.0,0.0,0.0,0.0,0.0,0.0,0.0,0.0,0.0,0.0,0.0,0.0,0.0,0.0,0.0,0.0,0.0,0.0,0.0,0.0,0.0,0.0,0.0,0.0,0.0,0.0,0.0,0.0,0.0,0.0,0.0,0.0,0.0,0.0,0.0,0.0,0.0,0.0,0.0,0.0,0.0,0.0,0.0,0.0,0.0,0.0,0.0,0.0,0.0,0.0,0.0,0.0,0.0,0.0,0.0,0.0,0.0,0.0,0.0,0.0,0.0,0.0,0.0,0.0,0.0,0.0,0.0,0.0,0.0,0.0,0.0,0.0,0.0,0.0,0.0,0.0,0.0,0.0,0.0,0.0,0.0,0.0,0.0,0.0,0.0,0.0,0.0,0.0,0.0,0.0,0.0,0.0,0.0,0.0,0.0,0.0,0.0,0.0,0.0,0.0,0.0,0.0,0.0,0.0,0.0,0.0,0.0,0.0,0.0,0.0,0.0,0.0,0.0,0.0,0.0,0.0,0.0,0.0,0.0,0.0,0.0,0.0,0.0,0.0,0.0,0.0,0.0,0.0,0.0,0.0,0.0,0.0,0.0,0.0,0.0,0.0,0.0,0.0
max_religion,-0.001897112068752668,-0.0026710893084418534,-0.0024815914561880613,-0.002488206625572787,-0.004524501553732673,-0.0025578117194952395,-0.0013468696438625107,-0.0027030283300444836,-0.002458549669136268,-0.0010398388711699135,-0.002024626907533699,-0.0027267000286584795,-0.0024323803097020535,-0.0036104298815254603,0.0020640284450860417,-0.002459492354354909,-0.002718230655319403,-0.0008094920442566064,-0.00435505097266874,-0.0032014382618112264,-0.0025578858255289796,-0.002618068499252213,-0.0031074116220304203,-0.0014843402642231154,-0.0022820851718846694,-0.0010649645576580177,-0.001977489737757741,-0.0025408769888758953,-0.001652581643015275,-0.0028312001643107125,-0.00011057894430728781,-0.00218611935689566,8.383602308276433e-05,-0.0010035228808089498,-0.0022645299002600006,-0.0021326281517655317,-0.012256687694654392,-0.004405404622324755,-0.0010158377649145322,-0.002903709081629691,-0.002249933096716287,-0.005136057370925799,-0.002567480213065328,-0.00374332936879876,-0.00279661328656974,-0.0037883451356525944,-0.00223539893497513,-0.002318467422475274,-0.002412918532844116,-0.00018989684489799635,-0.001177927529092823,-0.002400797149597049,-0.0024029370007264284,-0.0025524399003230645,-0.002443319663826534,-0.0002645803767428656,-0.0032118283321552112,-0.0016296815893240054,-0.0017463663225544155,-0.003310230226698632,-0.0031641565835095874,-0.002577010272032515,-0.0022426542628438658,-0.0024080937166287633,-0.0030674664791010857,-0.002649419742164816,-0.003085610892008493,-0.0029986748490008035,-0.002852557344231014,-0.0028440253802653973,-0.0015555577829835339,-0.002418099380948162,-0.0032738271256706397,-0.0034172910120515146,-0.0025680089135393033,-0.0023719269735996296,-0.0005666452631796666,-0.0018849173777143683,-0.00260387222272581,-0.0014831156364037796,-0.001029129259515981,-0.002480948362680308,-0.0038023765596262426,-0.002378300764041925,-0.00012560945059420393,-0.00035901309035777425,-0.002449655465447052,-0.00037188467450166574,-0.0027556381281657587,-0.0022491636676658976,-0.0030086336151436696,-0.006999350107976589,-0.0018803165982994455,-0.003792172322817879,-0.002479457121485309,-0.0023910224079254075,-0.003724068249768002,-0.0023846098721259663,-0.0019212375643140739,-0.0011453666339578499,-0.004031293017037095,-0.002708681135554161,-0.0016457092555016454,-0.0024361161181790745,-0.0033428428750196717,-0.0013150534054711758,-0.0023621658363320672,-0.00147097282101857,-0.003677661258151165,-0.0026104825644312777,-0.00420694271341497,-0.0032384073347875002,-0.002116182797349083,-0.0027599678737858834,-0.003093373876265573,-0.0026972615707992007,-0.0025358601017033237,-0.0010995121399221914,-0.0021364211189386743,-0.002756153962866185,-0.0022374803602167297,-0.0018703382149479631,-0.0007058451850279392,-0.004636708643305447,-0.004449024606435306,-0.0027803323626391,-0.002186928995147593,-0.0023205351618063134,-0.0015010601941931115,-0.0017307996996297845,-0.0027714234342429197,-0.0006938995377874877,-0.0017034378167946366,-0.0019623502260719293,-0.004068622407434398,-0.002951065514080118,-0.0024415639202409224,-0.0026300828401370335,-0.0041110510514029966,-0.0020813164655916067,-0.0033772608490920735,-0.0018457015808501058,-0.002277310918997735,0.0009978446502353503,-0.002297952983555526,0.000956539816086047,-0.0005700083614753135,-0.003862344148681816,-0.0008721095994412963,-0.0020273677458697162,-0.0013383390195509152,-0.0039164580002602496
average_work,0.046102896584420086,0.04841245201142354,0.046621240376950965,0.04600577268208642,0.0446467256075044,0.04987103755450656,0.04127973804142741,0.04744762258840341,0.04678334460454021,0.0436314353783305,0.04898316644391558,0.041480024427844646,0.04673829695578964,0.0430907476198705,0.044450051566378976,0.04520432200033396,0.0462670059513738,0.04795105121223127,0.04148056419991168,0.04275927318736889,0.045697370285517284,0.04534012485313788,0.04551652433765824,0.047393334623238144,0.04631446254501236,0.04385609562936089,0.04456760781898385,0.04584423466498997,0.04549075126628094,0.04746854863976432,0.03399849524698511,0.044471809567467914,0.04563977424326751,0.04549240142266459,0.04524579201998929,0.045245636680156145,0.037420810334295326,0.04341616739474169,0.04134728923975271,0.044806495448754785,0.043039169217132626,0.050627836253231466,0.045483242951476384,0.041212120835108355,0.04639031736227799,0.050264623420335136,0.04736554938028198,0.045839101874263044,0.046750247584964655,0.04721374022723152,0.04395931732972459,0.04596167957185697,0.04608176661349177,0.04695161188681232,0.04329859641979448,0.044902906013472986,0.040433638633860916,0.046492156231462384,0.0437830113915626,0.03879059657994259,0.04706487788805803,0.04819806690027852,0.04603554526327194,0.04581278455529373,0.04211246124593564,0.0462817690312927,0.04638404853066281,0.04559231940786864,0.046569125451986056,0.046134361846000047,0.046348076997906745,0.04447541504179938,0.04611867540235504,0.04424560784881788,0.0460722332626991,0.04570595021431956,0.03704197430702096,0.04447051496957739,0.04627725407669712,0.0515184982039167,0.04249783181163935,0.0453699530640508,0.04443782927094034,0.04585727382625701,0.04664665876166637,0.03558418832468185,0.04575617452624828,0.04252767933841767,0.04472775768427777,0.04953286723277615,0.047238862950547814,0.04693121310197115,0.04956568310029965,0.04622394525139158,0.0451008429710608,0.04596175280757757,0.0434728866042353,0.045993824978083755,0.04449048333938256,0.04471018734570645,0.04661805032699103,0.04713704232735267,0.048783034954978946,0.04636671158049311,0.04596457009441494,0.030432634861524158,0.04647169604203687,0.05486860793937383,0.044933223997981615,0.044731937591700285,0.04288233672966957,0.04821694391743248,0.046042234943385336,0.04592174002023832,0.04865813514418727,0.04622760884270408,0.04461293879798833,0.04642220034738204,0.04826811610167335,0.04553461408383304,0.04589228785154297,0.045771038563385935,0.04758843896124795,0.0462302456381834,0.04348515444221744,0.047315474901670644,0.04594351090682916,0.04590703601448519,0.048507819607216326,0.04721561387851982,0.04587843174899246,0.04993940794712379,0.04646047121835355,0.04959884958648244,0.05085510162914585,0.04522367757814388,0.04592263803969202,0.047215608835620246,0.04152132765363952,0.04646470670960585,0.04542762424804421,0.04400841507939887,0.04497290428996526,0.04370525762874705,0.04752295389564251,0.04021237560706682,0.049129843704897536,0.04940234882710589,0.03911598024597846,0.04681026336397182,0.04685047155864505,0.043363084499119756
stdev_work,0.01898463579677795,0.02041351652664929,0.019160413443357525,0.01926201454020519,0.01716798638634483,0.016933155371212923,0.021607585244907582,0.02046335793582236,0.01769409526344027,0.017633970367501507,0.016820432223785747,0.01901715446894208,0.018874489309213306,0.016130401108185165,0.01852782581991097,0.018437548425956237,0.017726622872966405,0.024498084909718252,0.022435973350020625,0.018154571205241853,0.018834732357934886,0.019861882346647097,0.0177325326615297,0.01991310700447306,0.018722101230552814,0.01934242676443858,0.017048919149200367,0.019227285256336105,0.01820999634385122,0.01529923600613843,0.008540397328010318,0.01981405327847058,0.01522161951345179,0.018395610512938223,0.018843634242679513,0.019337738643344184,0.017765976916278733,0.012604898763313464,0.014631623313660067,0.019302722309021827,0.017661725681926848,0.022086717185923112,0.018527924361895303,0.018517930036201575,0.019814717981239613,0.024269672242189556,0.0190491603614979,0.019288335920245047,0.020375393941859204,0.01724430077718108,0.01698123469457494,0.018951741462776967,0.019621362261573506,0.018654428539668793,0.016660948443300516,0.017979929846987378,0.019568535000653867,0.020474120816706826,0.018676893075905462,0.015130961210423639,0.020256527065257553,0.020859760383832412,0.018816277334024124,0.018930393705102785,0.015208538945918872,0.017992847385725996,0.018776568130868296,0.018332153815114674,0.020116448133723666,0.019115711842551526,0.01809724997416008,0.01815172271120611,0.020298605985926567,0.018582850080625796,0.020194299166304254,0.01967083674896698,0.015213030546752212,0.01785997202638862,0.01879043664314297,0.025114580080627127,0.013500811888660452,0.01845561727675002,0.01912001214701466,0.018642819087549105,0.018816097487225243,0.0159291245943841,0.01902335365838009,0.01644519197660922,0.01871828532088629,0.018269602882248954,0.017082198608581695,0.017991982275375695,0.017652633389035784,0.017994738542717135,0.01940883122384913,0.018866901028641043,0.018401474048945664,0.018900480262108,0.01773005506910183,0.019763580097910155,0.01651448953035582,0.0188374406261397,0.0186078705160331,0.019157899596984013,0.018446322484205982,0.018859356121865595,0.01798570951008817,0.02640105908257765,0.011830499796917564,0.01631508699926265,0.024783392208086424,0.019615683288408958,0.0191774645431844,0.019450476893838334,0.021171952810590706,0.01508087326677968,0.018273286259794963,0.019605001878685014,0.019595463937271334,0.016203537071935187,0.018620028476338046,0.0187453762153785,0.021648186778529584,0.01932529813951332,0.016137330371619834,0.01992309815570211,0.01852405107692868,0.018456273042357363,0.019963105000591647,0.02082781040846999,0.018992238692539982,0.019531252911671536,0.01933625154416472,0.02115614323442506,0.017111187153248185,0.021787058071326127,0.01890435523940839,0.018540054649343524,0.02011225533339144,0.019380456120779297,0.018107029172776234,0.020428021690642537,0.019012877731385273,0.01628127999578088,0.018534770694887258,0.01925854684729828,0.024100519940910364,0.021732408000320426,0.016391861834119757,0.017671358359554544,0.019027036504555186,0.017905592562404413
min_work,0.0,0.0,0.0,0.0,0.0,0.0,0.0,0.0,0.0,0.0,0.0,0.0,0.0,0.0,0.0,0.0,0.0,0.0,0.0,0.0,0.0,0.0,0.0,0.0,0.0,0.0,0.0,0.0,0.0,0.0,0.0,0.0,0.0,0.0,0.0,0.0,0.0,0.0,0.0,0.0,0.0,0.0,0.0,0.0,0.0,0.0,0.0,0.0,0.0,0.0,0.0,0.0,0.0,0.0,0.0,0.0,0.0,0.0,0.0,0.0,0.0,0.0,0.0,0.0,0.0,0.0,0.0,0.0,0.0,0.0,0.0,0.0,0.0,0.0,0.0,0.0,0.0,0.0,0.0,0.0,0.0,0.0,0.0,0.0,0.0,0.0,0.0,0.0,0.0,0.0,0.0,0.0,0.0,0.0,0.0,0.0,0.0,0.0,0.0,0.0,0.0,0.0,0.0,0.0,0.0,0.0,0.0,0.0,0.0,0.0,0.0,0.0,0.0,0.0,0.0,0.0,0.0,0.0,0.0,0.0,0.0,0.0,0.0,0.0,0.0,0.0,0.0,0.0,0.0,0.0,0.0,0.0,0.0,0.0,0.0,0.0,0.0,0.0,0.0,0.0,0.0,0.0,0.0,0.0,0.0,0.0,0.0,0.0,0.0,0.0,0.0,0.0
max_work,0.008937752298404097,0.009110842577180124,0.00921621747320419,0.009164883113665274,0.008200620949420239,0.00525263677895536,0.015528479763532787,0.009638526275559833,0.005987743958197796,0.008498326725432208,0.003167009859233974,0.011061866368731098,0.008085074630587618,0.0047150312683637945,0.009470120076303417,0.008666617982796849,0.009994233033854626,0.01799960201126407,0.01739881732284406,0.010316570466701452,0.008747432906606633,0.010675425854042207,0.006631631953573372,0.009121531954248873,0.008167449731867726,0.013190954039862021,0.006343915736111826,0.00900863284017147,0.00754597947853931,0.0031184150130902227,0.002339702624729951,0.011372040461756858,0.003761976562773335,0.008065956517360997,0.009539016104677944,0.010215983682214227,0.015396485819899993,0.0013314033678665377,0.006967649987650492,0.009012860866789131,0.008679478691376658,0.00871622581227061,0.008747804719467615,0.007306312182678562,0.008781032007593309,0.01531530942317886,0.008770616963082428,0.009505286747198128,0.011949891051353568,0.006149466617821491,0.00810605395341403,0.008917990024118194,0.00966922335423362,0.006932949292104435,0.008203348270410627,0.008850403512354076,0.014060296656578743,0.010850939969484608,0.00991060548611452,0.009661786090393303,0.009708733202665753,0.010802291510211622,0.008786670120520302,0.008888602216244046,0.008564467281166076,0.007485214640034876,0.008181374769409236,0.008659874128050707,0.009104325397662129,0.008843603548675211,0.00814597508045552,0.008736976983607907,0.010976543391054229,0.010371803179170826,0.010433103736314061,0.010514136751711731,0.008291731385644038,0.0089860884361301,0.007995067202744996,0.010090189150006798,0.0031006792971951316,0.008817154858904781,0.008104709473560155,0.00866434826213566,0.007429286726831796,0.01033457876044418,0.009408898716399123,0.007067154856092894,0.009184531771512412,0.005169981458386923,0.004094263242888616,0.0067124198130160025,0.0060389913647234846,0.007823822263221536,0.010019614581989855,0.00881906837099794,0.006333191427721777,0.008783956111624757,0.008451309930673598,0.010928639296353734,0.005454946348242423,0.007808183546419999,0.0062723225418985715,0.008949926423078427,0.00931972360981858,0.007351761837616953,0.0075035993405275295,0.012719998480166788,-0.0012291281615043094,0.006224478820484616,0.018648937040901183,0.008375571573425417,0.009234021659681659,0.009728007941253683,0.009409233730750293,0.0026184827261497047,0.009058377890658185,0.009165903685057188,0.00765912336366216,0.005094118005357112,0.008479676371172414,0.009091130583169089,0.010265806327063028,0.00812602794238974,0.006586916225597372,0.009508313353673848,0.008133513300602014,0.008492916267359794,0.0087012368297977,0.009553883251722056,0.009055400860127738,0.0076815486279199485,0.009448403967022012,0.010336568729444637,0.0017180997439968544,0.012878396852873283,0.008873320774353658,0.00760251059311624,0.014314917464850675,0.00891603626255991,0.007873737818148069,0.013942444396237593,0.009700750502847348,0.007411294505052384,0.007991305110485465,0.01224729181506486,0.012845319700767563,0.010944330329356114,0.011514362130221684,0.0068044125093066465,0.008282909806108171,0.007770636149692621
average_money,0.032433696573746236,0.03288890231852254,0.03244674660890543,0.03247808631810467,0.03361715483211611,0.034501544993183884,0.03555309799831303,0.034188080240389565,0.03353642583935974,0.03284052663315969,0.01636048314279028,0.03349947415043168,0.03264282326606219,0.02819593091223128,0.03170720413930528,0.03268452338570578,0.030849065481339227,0.04546301545748839,0.0356452589007319,0.034284252380599005,0.032738730152647555,0.03304695014985242,0.032462157308529666,0.032440419584438045,0.03237871598817542,0.03581154907074752,0.029733166397207317,0.033365549907152015,0.032274767030407964,0.029479440737998155,0.025069420844761388,0.032351728475439,0.03485335513732192,0.03225368771492347,0.03238422925255048,0.030880717326758705,0.034297267808742024,0.030884238214449286,0.03634490768097539,0.03242088519806842,0.034154675754029265,0.035950892524999126,0.03275082240622553,0.03196020284649235,0.03391865547108107,0.03760958395492872,0.032886710903778565,0.03281964147066793,0.03486661152794703,0.03143420419496154,0.034107151499948654,0.03275967018763074,0.03316439699385757,0.029855348366241485,0.03355151921756109,0.03284007499939389,0.0358284196135993,0.03370045684667716,0.032907890278122465,0.03398727631891192,0.0323145094403165,0.03223557188431857,0.03262547318128223,0.032794456313017174,0.02711378491695744,0.031726967006139216,0.03279340236372057,0.03224473079871119,0.03286634175730469,0.03265876590841652,0.03167648282386201,0.033184711842825135,0.03352324023291955,0.03193603945426666,0.03300039698080619,0.03265849008926224,0.035708091522845015,0.03478445539484107,0.03242723019438024,0.03324204155066786,0.02662415405649475,0.03270106186619108,0.0300233029634049,0.03272874267407748,0.030863704937815414,0.03394882851202986,0.03275868986166302,0.03382544635371067,0.0321578121946819,0.033326430757574285,0.03283807683460489,0.026830777302058136,0.03989116008730778,0.033854344180318206,0.03329993531132345,0.03284131827323304,0.03462658079717775,0.03273701445551741,0.03272769157976153,0.034136706635774026,0.031045411172376455,0.03253212996582796,0.02636924590537106,0.0358087584527516,0.03530385870605987,0.030393261119067642,0.032014432279675,0.03485031591050983,0.02661761079791789,0.031877784773387596,0.042833671440961556,0.029267613088333932,0.03347172486137456,0.03293565280323595,0.035230438970343336,0.02967273331752055,0.03318392499430618,0.03302562737304378,0.032735739249092496,0.03022554676405136,0.03289888971514467,0.03284723915978708,0.028844821849263895,0.03076196697171032,0.03324409372447046,0.03334168992916241,0.03252582222281024,0.03335376421119687,0.0338177630206567,0.03180013669095306,0.03255301725693388,0.03511099621127485,0.032685154299156506,0.03532353582323952,0.02435300925521641,0.034879285507070604,0.03268841963770286,0.03227205912501583,0.03463569544524407,0.03192399800808554,0.03269737213874663,0.03264091330647086,0.032831439036668554,0.03505865632302231,0.0315472769782586,0.03231578171226913,0.030690400010128717,0.03904546565401619,0.031263300253694115,0.031624443282698735,0.03065647237526436,0.03411285271986516
stdev_money,0.03982492735486015,0.040049503173262474,0.0395348488360744,0.03994089335371777,0.04009044743936889,0.04493836774013352,0.04194153392331987,0.03912272204632959,0.04051252786802931,0.03912516806937701,0.03227590660056717,0.04102468028608605,0.03988397109774888,0.03871821816832669,0.039840939701141755,0.039484552176144855,0.03807317557704899,0.0453344598608148,0.04098878004254913,0.04083278750909761,0.04022871787323028,0.03984933504881015,0.03986591996572249,0.038744547705400714,0.03982257224702915,0.03976859334651254,0.03855088013926763,0.040625371143518677,0.04101802290116387,0.03617668641678334,0.03436846922688118,0.039261376528418324,0.046281247858620186,0.03880181453904137,0.03959125807609968,0.03860263378661164,0.03933771289555786,0.03681148747632672,0.0375866069601216,0.04019334362657501,0.03953355399678485,0.04115882233054124,0.03982982482525083,0.03987897979466008,0.0399504211506634,0.037471496700060704,0.04090294573553231,0.04064175768824804,0.04054361862515189,0.03944717317942582,0.04051720756048529,0.039915173072852375,0.04030125749837473,0.03926928092351395,0.04004262933675635,0.03921307173178036,0.03797773762251177,0.03991084312063213,0.03960182090216673,0.04026074493548593,0.04019428841228298,0.038875618922242824,0.039886704602910134,0.03997713670192185,0.03822017142859206,0.039306687535221395,0.03940295242962322,0.04065343316476876,0.03940180185125159,0.039956284637848685,0.03944187571909306,0.0402158685397523,0.039646914325712455,0.03912656683461126,0.04000834133161992,0.039696209530926604,0.03815367830847422,0.04089365995363526,0.0396632054023732,0.043951339378042284,0.03533644982937653,0.03981426700679748,0.04013161967920023,0.03991111846970312,0.04048629321211693,0.043072942105053275,0.039615288999674356,0.038594536038336076,0.03931442251467514,0.03928310736704475,0.04100803963314381,0.03262241340522661,0.043432572090874186,0.04172743189868678,0.04002219030941272,0.04005780155064211,0.0391944278316217,0.03992931647250737,0.03959973470178619,0.0398416536802368,0.040169814422387234,0.03993999413115065,0.03432499279252446,0.04181787183714852,0.042104308753718706,0.03671069449433632,0.039508222591684024,0.04119801340458685,0.03712802210316747,0.04058875755552237,0.04638884585334589,0.038960621971366,0.04034715891075169,0.04012175331129635,0.040052798277458945,0.03950197175606819,0.0398866354707991,0.0398857375838568,0.039353057513426465,0.039395513377196385,0.039941449846431665,0.03981789397482982,0.040205808912733974,0.0373693042723757,0.040345769267356266,0.04031577078939015,0.039659703151578005,0.040372662849543564,0.040273537970623566,0.03918650223244713,0.03981963179997897,0.041682558223217724,0.03961581420851713,0.04017758787525359,0.03730257574271868,0.041774232062778964,0.0398669045128353,0.03940130984981963,0.03983986607571814,0.03914571006787081,0.039703089492623835,0.03649080950780918,0.0397674458599732,0.04264519411792056,0.0394642229134671,0.04119068374140206,0.03790664466452956,0.040934496934950645,0.03957484796148089,0.03911519376173205,0.040618314932354294,0.03399742812029132
min_money,0.0,0.0,0.0,0.0,0.0,0.0,0.0,0.0,0.0,0.0,0.0,0.0,0.0,0.0,0.0,0.0,0.0,0.0,0.0,0.0,0.0,0.0,0.0,0.0,0.0,0.0,0.0,0.0,0.0,0.0,0.0,0.0,0.0,0.0,0.0,0.0,0.0,0.0,0.0,0.0,0.0,0.0,0.0,0.0,0.0,0.0,0.0,0.0,0.0,0.0,0.0,0.0,0.0,0.0,0.0,0.0,0.0,0.0,0.0,0.0,0.0,0.0,0.0,0.0,0.0,0.0,0.0,0.0,0.0,0.0,0.0,0.0,0.0,0.0,0.0,0.0,0.0,0.0,0.0,0.0,0.0,0.0,0.0,0.0,0.0,0.0,0.0,0.0,0.0,0.0,0.0,0.0,0.0,0.0,0.0,0.0,0.0,0.0,0.0,0.0,0.0,0.0,0.0,0.0,0.0,0.0,0.0,0.0,0.0,0.0,0.0,0.0,0.0,0.0,0.0,0.0,0.0,0.0,0.0,0.0,0.0,0.0,0.0,0.0,0.0,0.0,0.0,0.0,0.0,0.0,0.0,0.0,0.0,0.0,0.0,0.0,0.0,0.0,0.0,0.0,0.0,0.0,0.0,0.0,0.0,0.0,0.0,0.0,0.0,0.0,0.0,0.0
max_money,0.046014761288628,0.04596689734971145,0.04541001425326545,0.04615123032244033,0.045032989404129684,0.05221793684598279,0.04654925544203903,0.043689041393257536,0.04641605420347477,0.04548929462884374,0.04502552131755387,0.047501405193029846,0.04591895364524757,0.04778792296981656,0.046872674614227866,0.04624607657712171,0.04313295306783864,0.04446540954909119,0.04548442661471883,0.0465173837223421,0.04640208100494936,0.04564782882404979,0.0459686802445641,0.04418639378030484,0.04607188350440296,0.042164108560635676,0.045429117017918526,0.04674963673803475,0.04758505521087998,0.04218132111413939,0.042200523210504416,0.045196730132225055,0.05334169302376013,0.04447186357575667,0.04574082319350847,0.044312274141832315,0.04484230237294039,0.04368577133988324,0.03894777265707828,0.04640783865437009,0.044195996493640075,0.04551184243823482,0.04578936698890333,0.047515074298917014,0.045305323282105896,0.03788648398675398,0.04725438594660378,0.04678582284838308,0.04505957926285969,0.04630825522313143,0.045252449643486736,0.045874296199453775,0.04615961321473965,0.047794805210860145,0.045321467471193345,0.04436147198847172,0.039723943492970176,0.045072589520451414,0.04538311102193235,0.04494532275446472,0.04663559570289763,0.04460235212031191,0.04595092786427972,0.045957150953545814,0.047433303561611184,0.045634500553307006,0.045375855093291693,0.04739982190414688,0.044975921012568316,0.045904713926260755,0.04604876170632678,0.046156354306488824,0.04464614633222666,0.045228812327128665,0.04587123362177809,0.045601741809128155,0.04042725567360813,0.045602198538013505,0.045977616803444275,0.051262451319520626,0.04301266720374678,0.04554978836622082,0.04884016173143017,0.04586684578449346,0.048679629539200235,0.049570866444865636,0.04556303451518885,0.04110578130407383,0.04548604853475825,0.043829273238768424,0.047933964821427644,0.03873904437630006,0.04538581963870479,0.04719642352503494,0.04588081614859391,0.04605714037465904,0.04280470826037641,0.045892712522321154,0.04543225195901455,0.04431713632850125,0.04659593166478539,0.04604157209441606,0.042294475696423965,0.04653551208132106,0.04722492996728759,0.042811858208915955,0.045611801337226546,0.045867401227397596,0.04546381109705921,0.047489986650652544,0.048161583214433173,0.047041055559459435,0.04598951719242987,0.04607155092202467,0.04165034777433947,0.04745912681344136,0.0454463663426266,0.045800792531982784,0.044840223190996585,0.046927497662407947,0.04582557045756327,0.04559973775569434,0.04987112815182053,0.042935551714007286,0.04658034199114712,0.04672877544252382,0.04568141218300833,0.046080627996825316,0.04514429714439183,0.045362198186500426,0.04589650462163188,0.04698859598257572,0.045413972032800426,0.0444423488592143,0.04860372608425314,0.047492558251042,0.0458611049325781,0.0453528622559684,0.04405733491256102,0.04527667249688213,0.04547466574368633,0.03935726204263498,0.04540162619005293,0.047567335503152064,0.04636782994990903,0.049011268502254485,0.044878661711193604,0.04377000968707421,0.04726873636406416,0.045420637385445106,0.049066970765933485,0.03592538646201584
average_causation,-0.0018339925384152946,-0.0019382091126729437,-0.002143256388150123,-0.0018399547315806827,-0.006352558786623785,-0.008938092143526777,-0.005631340859785266,-0.002413262802352781,-0.0007641293788769113,0.0010603766481733362,-0.0009568058001070932,-0.005532961004531069,-0.00113154261904529,0.004128246181081981,-0.0020930253132126903,-0.0017761099472462516,0.0001724420281066369,-0.0097209074946545,-0.006050202859350694,-0.0016906242825955736,-0.0020905147562645145,-0.003246037345094068,-0.0012683633023850699,-0.001975918631680725,-0.001834869981051493,-0.0012088645214603753,0.0013851046673115305,-0.0021069349702630517,-0.0013460097083358921,0.0004974900395132188,-0.0014742120655986228,-0.0010292890449305828,-0.00230333376208669,0.0006241902710883429,-0.0020917491163647793,0.0005009744887725306,-0.00871816728750633,0.0007316298922903294,0.008250281517448346,-0.0033265248369877404,-0.0005905997514034748,-0.004176636769782343,-0.0015998106562125879,-0.003625450130754035,-0.0005507852990307947,0.0012868734455686107,-0.002680074593428037,-0.0023223321119693052,-0.003929985426864853,0.0016610011564132388,-0.002195173308464648,-0.0017775150352361477,-0.0017953203528010934,-0.0003113627029534445,0.0013159319931033385,-0.0035001108230615953,0.002830957456911854,-0.0011247077178288753,-0.0032032218344451406,-0.002867061823536455,-0.0024033457557995387,-0.00459387440022721,-0.0014283756508488496,-0.00210050389506318,-0.002806135576043787,-0.0006651242766730452,-0.0010571348763943576,-0.0018294407254031732,-0.004485284146005523,-0.002045841229500543,-0.00047104868746351836,-0.00200410789678529,-0.002424715370290747,-0.004185095101022881,-0.0016552164059437761,-0.0015807553894738417,0.00021779360341648082,0.00021851749991828873,-0.001657071021871525,-0.004643806770821875,0.0037419060360464537,-0.0006411967870200742,-0.0024986915131201375,-0.0019911818077860202,-0.0023032102273593882,-0.012722684025460045,-0.0018312846394357013,0.0012196946879315905,-0.002687841686855187,5.3237223649742205e-05,7.982449561885069e-05,-0.004664531845484132,0.005028340082697527,-0.0014289917540069516,-0.000717689338200881,-0.001764693837538675,0.0010912635350464224,-0.0017526603405917177,-0.0013947244299884788,-0.0023706864833530836,0.0013853184019966373,0.0003314966499914293,0.0014500259522225271,-0.001394800745299296,-0.0023254173008567976,-0.00034989683925068515,-0.002239764612053566,-0.002708576175185752,-0.0004157775729467586,-0.004831161487879595,-0.002950536988624519,0.0003484820378907988,-0.0019007491764821693,-0.0020635585730168493,-0.003061170008971534,-0.0009220225991452072,-0.0022070341725317355,-0.0019242146023956824,-0.0022403001521405647,-0.001715129331795573,-0.001284580884739435,-0.0017816910106081482,-0.0029015796510054905,-0.000234829332012413,-0.0005461254453951112,-0.001060784918500545,-0.001120587328181693,-0.0007332603570837648,-0.003104601997024779,-0.0020692625451967667,-0.002280893426358014,-0.004912479546232933,-0.0013869053096541573,-0.004704837476956169,0.00567832634716145,-0.002892878778756533,-0.001668162246989558,0.0011328762532477783,-0.003033321388551339,-0.001273250218247625,-0.001488681026877145,-0.0038938640849751037,-0.003024776256775467,-0.0020545937542783624,-0.002355148526543744,-0.0027514088511644413,0.0045925160789291215,0.005395625521592378,-0.010275198593918837,-0.0015263778663218638,-0.002480812855360264,-0.007360394109190137
stdev_causation,0.0007457030891159858,0.0009606508776408493,0.0014927893821261862,-0.0001029020882325031,-0.000528007856078077,0.004182443939294667,0.0019427707979820137,0.0012796248275689544,0.00026437194999131067,0.00095382074809304,-0.0007714503308170681,0.0016964551621495225,0.0008794474398056765,-0.006356331813471595,0.0008214586611726832,0.0003203722266457987,-8.635822700484713e-05,-0.012082032742574828,0.005804041943531173,0.0018856333314695786,0.0005732368776491352,0.0006946103903261898,0.0007722330108041152,-0.0002087048168732189,0.00016480622900051298,0.0017977237021477126,-0.000547839565505151,0.001523299641818493,0.002074789127733404,0.00011491697877185486,0.0046793431105848805,0.0011894267114195348,0.004007486413618731,0.003927183918187381,0.0005884559522177264,0.0005760853854065197,-0.001470914292226913,0.0008644030453277933,0.00027853762986207106,0.0015085651856176774,-0.00043223073117485203,0.001929366450704996,0.0007244042972882302,0.0009342777849522289,0.0026729881388015443,0.006679670819174213,0.0010567392426684696,0.0003662050703852615,-0.0022274862991446785,-5.273660394313276e-05,-9.721691568689156e-05,0.0006786299912628115,0.0001661024071652091,-0.0006793333027951889,0.0027141070988515766,0.0027469159860248303,0.0019529010656268442,-0.0004219508276399539,0.0008955551336279136,0.0030243522493197394,0.0005958754150154066,-0.002829793558965975,0.0006348744849308009,0.0006796789292635858,-0.0077978449481318005,0.00048518097122034545,0.00035562120795934113,0.0009070406795982783,-0.002334651877171773,0.0006457840712276244,0.0006650291788911009,0.0003658651847989469,-0.00011689730225230427,0.0008843964938265586,0.0004947204253013468,0.0024300326647584553,0.006253706445059976,-0.00011589101923550546,0.0012678934283810173,-0.0011169220893320446,-0.0020496635584428373,0.0005679130249466868,-0.003210916652373455,0.0001792488117250031,0.001202789812036531,0.001671461726772669,0.0006875481111061829,0.0013239710894489276,-0.00036083863178666686,0.001185704899260974,-0.0004967078137214573,-0.0002219247760454346,0.0034616449455341265,0.0005975117713884724,-0.0013354621894226676,0.0005341633656596491,-0.001684651595839786,0.0006610823171673968,0.0013184061633661724,-0.0005829320577456602,0.0007640938990655204,0.00014592231398090696,0.00037649366175317514,0.002217358167080935,0.0021834227840878406,0.0007094131266233185,0.0009195444352576437,0.002156992923800404,0.0032068526805301804,6.804330472019032e-05,0.0015944604286204367,0.0003024724062230602,0.00021948426962601145,0.0013760365853558755,0.005144710974914313,0.0029460464796150568,0.0013021965316865718,0.001214751250728438,-0.00018788917613596703,-0.0023977855494371897,0.000514498179627048,0.000728300991412259,0.00011323306850204856,0.0018638901711445707,-0.0021106195971688432,-0.0009561316486445676,0.0015162119004325618,0.000616832197748253,-0.001105775727095585,-0.0002681723107457422,0.00020825513503636844,-0.0041410444912201826,0.0007338189584038778,0.006162562318953808,0.00014837294805036122,-0.000545998177788231,0.0007487263401080996,0.000900078393194649,-0.0002802160803915335,0.0009258948667934773,0.0010276711081103132,0.0014398754667353277,0.0011095898575674765,0.019696836694890276,0.0007019991790902617,0.0015175876417957597,-0.003753694669214873,7.707598551913789e-05,-0.0007298012758790336,0.0011636341927186676,0.0005668410725895544,0.0027137911971485077
min_causation,0.0,0.0,0.0,0.0,0.0,0.0,0.0,0.0,0.0,0.0,0.0,0.0,0.0,0.0,0.0,0.0,0.0,0.0,0.0,0.0,0.0,0.0,0.0,0.0,0.0,0.0,0.0,0.0,0.0,0.0,0.0,0.0,0.0,0.0,0.0,0.0,0.0,0.0,0.0,0.0,0.0,0.0,0.0,0.0,0.0,0.0,0.0,0.0,0.0,0.0,0.0,0.0,0.0,0.0,0.0,0.0,0.0,0.0,0.0,0.0,0.0,0.0,0.0,0.0,0.0,0.0,0.0,0.0,0.0,0.0,0.0,0.0,0.0,0.0,0.0,0.0,0.0,0.0,0.0,0.0,0.0,0.0,0.0,0.0,0.0,0.0,0.0,0.0,0.0,0.0,0.0,0.0,0.0,0.0,0.0,0.0,0.0,0.0,0.0,0.0,0.0,0.0,0.0,0.0,0.0,0.0,0.0,0.0,0.0,0.0,0.0,0.0,0.0,0.0,0.0,0.0,0.0,0.0,0.0,0.0,0.0,0.0,0.0,0.0,0.0,0.0,0.0,0.0,0.0,0.0,0.0,0.0,0.0,0.0,0.0,0.0,0.0,0.0,0.0,0.0,0.0,0.0,0.0,0.0,0.0,0.0,0.0,0.0,0.0,0.0,0.0,0.0
max_causation,0.011373773877164303,0.0115917640548312,0.012339578174235054,0.01009533126037393,0.012036453759485366,0.025723968475681785,0.014561844854166898,0.012324320180017913,0.009870368185506517,0.008231561420001258,0.009638107639687594,0.013320535835741658,0.011172890278789555,-0.0047736453684052195,0.01122963796173055,0.011324758939156819,0.009546584840640322,-0.0011810756284673443,0.018483328634375688,0.01203632800201089,0.011417046186541994,0.012020559611239115,0.011296387563913879,0.010570512903812997,0.010758125100939292,0.012456645839291482,0.006988426206671207,0.012361244327155962,0.012851486248967849,0.009255690832934586,0.015020596037556122,0.011138029125245509,0.01565283262241134,0.015152741525670844,0.011531923474243581,0.009753122953330095,0.010917804341649656,0.009565111974709096,-0.0019846323499992,0.014063452372293124,0.007912006962030975,0.013467536444665338,0.011158469153726296,0.01083844752350838,0.01234377331636731,0.0166461693079334,0.012520486162475322,0.011068033707428954,0.009293326798790282,0.004278690614332607,0.010202593464181803,0.01118603377709379,0.010556666459954577,0.008706218349555116,0.011584281963426469,0.015543364599101977,0.008798786443961898,0.009474937717524189,0.012415889682172953,0.014709499381653248,0.01201172974130707,0.009182192534422415,0.010916428582091686,0.011361876055999132,0.0010134389702916614,0.010406404573485652,0.010754320955549172,0.012114680943555424,0.009274434009793216,0.01182102347790414,0.010163680296106627,0.01118154320683577,0.010970893320551539,0.013673550444419112,0.010637911413163777,0.01296742842659026,0.011284877123145264,0.008196462889354026,0.011874309740167267,0.009465387791551053,0.004081126911304293,0.01070100466379538,0.007530470938287556,0.010678909806800679,0.012080848177467463,0.01986543502175346,0.011261953329146483,0.012907532627689407,0.00984363554488079,0.009986435703320706,0.00867648540964491,0.014310567190582976,0.009343864983315395,0.010631347232121204,0.007564158328466766,0.011051534076694125,0.0052898991076224915,0.01116729888616469,0.011626748923503728,0.010120965713223667,0.009568217525385156,0.009687511920309377,0.009909146304481746,0.012568699086187012,0.01291389331757475,0.011214912504468343,0.012103731056955933,0.013974239252115633,0.014185485111470175,0.01251278762913803,0.010249009091995647,0.00998614031097059,0.010797161977321612,0.01241954257915354,0.021667622046185952,0.012927626458347427,0.012265682535198698,0.011647814624868535,0.010526226952313401,0.007537464216911736,0.010774516756540647,0.011415040450812729,0.012039157095914198,0.011275826758092671,0.006824679640770371,0.008669980846330569,0.011816603172459715,0.010504365775956304,0.010306073731448838,0.010957961205646318,0.010738835690296787,0.008861706686452316,0.011491322001623096,0.018277456986628988,0.004132863417152587,0.00894518386221203,0.011219337179130925,0.011481701944872014,0.009568851165079655,0.011346858111727323,0.011091242118741199,0.013522214032013306,0.012390830500524634,0.03396360927040244,0.011790367607305594,0.012892982853281717,0.0014082626571432222,0.006346193329679679,0.013084965716709442,0.01222448952807003,0.011268625399787839,0.014089807612064135
average_anger,-0.008125616331797664,-0.008026219696288011,-0.00878488178184924,-0.007663661084989434,-0.009424934780469098,-0.009624802893315377,-0.005938525515649093,-0.009026755806568513,-0.007074946570204693,-0.00814857155943693,-0.004542944260377138,-0.007390196692274606,-0.007996317740486855,0.0006236418487843218,-0.0036042576085681816,-0.007747758550290711,-0.005740847973394398,-0.007985695148807705,-0.005081889949434299,-0.008934914445169535,-0.006952851330593292,-0.008355279904505037,-0.0078135933967308,-0.00647575342908404,-0.007826563695694528,-0.005394477828163088,-0.0034794551925398463,-0.007811910365057446,-0.007100771970299218,-0.011848878341311472,-0.011430445533005726,-0.008639798462212623,-0.0008256967817614255,-0.007356080881212066,-0.008060108399561538,-0.01214114196131861,-0.008858749093488608,-0.010217984471404493,-0.010526315310291521,-0.007308248731221956,-0.010118362983852831,-0.007101747634178767,-0.00804942194319818,-0.006806685687206193,-0.006343473502093444,-0.008182103553814313,-0.008809246138355398,-0.007752500811215439,-0.007797581514742656,-0.0073497374369806395,-0.00809648553932058,-0.007971485360089174,-0.007997274940992304,-0.004143977302335964,-0.006631178143299931,-0.007548646124208833,-0.0065195429236464715,-0.008523607382139208,-0.00970735588084701,-0.005997109056158228,-0.005823373059063294,-0.007451424632505033,-0.008046487423091277,-0.007820956115481772,-0.0027237132216294396,-0.009106114305706766,-0.006742192562092367,-0.005651933059734339,-0.005053267767578031,-0.00790400260258325,-0.00793249116626222,-0.00784854105241268,-0.008497928712507763,-0.008016438757515402,-0.007502100024136432,-0.008240667889613003,-0.007144342390282811,-0.008729481000777523,-0.008278494761802112,-0.0016464502831798917,-0.009710788284995796,-0.00730535722595883,-0.005776072305671589,-0.008357478613937793,-0.008923702658502501,-0.0007930443836924039,-0.007824810793492338,-0.00389179254478732,-0.008241740505897351,-0.008697444839256514,-0.007975300924617035,-0.009069318302716144,-0.00876567011255446,-0.006389475775981196,-0.007774239693751446,-0.007920394360126693,-0.005163230016341197,-0.008087778751983635,-0.008409921217582174,-0.006494651247341575,-0.010121519448277319,-0.008645875725048949,-0.007258080896469541,-0.008224678038148706,-0.008195702891936706,-0.009287834149151125,-0.0083463416603661,-0.008088229893732821,-0.008234694117670882,-0.009278127563244542,-0.00637488279081377,-0.011551745828216498,-0.008045022498452152,-0.008420759889576341,-0.006749500927254732,-0.008055831825577522,-0.00832848295954251,-0.00809532313881063,-0.00892678989920647,-0.008216004590990002,-0.008169968717913059,-0.008078592169695788,-0.005700472412895197,-0.004806980875614084,-0.00933008303882205,-0.00887348160570485,-0.007834479502410915,-0.008267713200623444,-0.010542269228275674,-0.005089593465049672,-0.008241712678672977,-0.016959609748765828,-0.008363551298451777,-0.00876421719167708,0.0009258232383102492,-0.007849890468868664,-0.008001567162336987,-0.010292979302924457,-0.00841518160617495,-0.008006144433560524,-0.00895217283047823,-0.010035531819705444,-0.007815651096389646,-0.0038193859721153012,-0.008514546725649903,-0.007118141239586928,-0.010788167406744391,-0.01144766654515094,-0.010049931536941253,-0.007860616501131379,-0.008535063587257002,-0.006733262112040484
stdev_anger,-0.011803001552660782,-0.011593261155313023,-0.012428848471887605,-0.011664973285811628,-0.01061352600269745,-0.014912000430076391,-0.008672623940996068,-0.011041108885516382,-0.010695191637194472,-0.014742952582602763,-0.011479435455069508,-0.011383393812737525,-0.011447382730855318,-0.0065629637038160694,-0.012495848057058149,-0.011922384790121551,-0.009505173931422268,-0.009762047490836841,-0.007582574193570526,-0.013166006794139488,-0.011226617559590344,-0.012480824480643214,-0.010081194100928139,-0.009746494863416806,-0.012144977009944796,-0.01112729530896503,-0.007699317175684414,-0.011935160177321092,-0.011762407432169369,-0.01394869334995407,-0.013372337734394953,-0.012705351716765014,-0.009689700466888954,-0.009844267618525308,-0.011420423727661142,-0.013878967902340382,-0.009154043416987568,-0.011089564608651346,-0.014078714650789427,-0.01020562890052244,-0.01130130062944687,-0.011346204982302543,-0.01182025348572422,-0.012673514474267794,-0.01193756421391932,-0.012364149548444545,-0.012381439799785721,-0.0119386055766353,-0.011756080996482877,-0.01278795946290909,-0.013047927593890394,-0.01173646654431454,-0.011742758552307735,-0.006931926959014956,-0.011128707295003232,-0.01333654451470456,-0.010050637127760557,-0.012200807794820683,-0.012597344916000956,-0.012571632128972662,-0.012130212681902227,-0.01019874213673501,-0.011947509279231227,-0.011653776515275306,-0.006350403167878856,-0.012259531048096945,-0.010018801475722275,-0.010958575806970119,-0.011362396993649052,-0.011744164960342526,-0.012442663350946945,-0.012321772956264496,-0.012694039242152847,-0.011993807950597965,-0.0108766126639326,-0.012478241993421157,-0.012224072467149263,-0.013357985355835624,-0.0120487783020072,-0.005486235825786844,-0.013150601908154463,-0.010886948337202634,-0.009968354036318001,-0.011761529337738351,-0.012239250709061756,-0.005904064746617315,-0.011639419107041506,-0.009230199619950166,-0.01153328643779037,-0.01054530213331374,-0.012630965464559758,-0.013171656044022501,-0.01356146500514185,-0.009574441320412842,-0.012594915033572114,-0.011658384208611096,-0.01287837324039164,-0.011797099170187099,-0.011779030795552127,-0.009405216457987017,-0.012197926468382587,-0.012460006057137945,-0.015570775805055209,-0.011381288541994296,-0.011548779571610972,-0.008558045697753055,-0.012918331926143242,-0.011115947815633057,-0.008571253955886237,-0.014237124778399094,-0.008238027768375941,-0.015163620956562492,-0.011982635073917565,-0.011677233521815857,-0.010187951869755657,-0.010258135507015143,-0.01246049926747014,-0.011633719015183997,-0.011970566733180149,-0.01037663167966848,-0.01175736689432922,-0.011796937670292341,-0.0133473459305312,-0.006909287671005482,-0.012546649372477407,-0.013626088079360455,-0.011543182963170178,-0.011849570609279662,-0.01404969315979136,-0.012256520801757837,-0.011911088091362819,-0.020984468148644082,-0.012253222498594937,-0.01136081563904603,-0.00024761004940892367,-0.01184550746192843,-0.01176653682927615,-0.013120609867504913,-0.009582011559976861,-0.012040512877762881,-0.011803444160760596,-0.012612059867235766,-0.011780990253656714,-0.008607155328864198,-0.012254255869793458,-0.007851420037435348,-0.014344743625281731,-0.01298184037808612,-0.012843679489115238,-0.012178159343638358,-0.012200981121249482,-0.010681750123879553
min_anger,0.0,0.0,0.0,0.0,0.0,0.0,0.0,0.0,0.0,0.0,0.0,0.0,0.0,0.0,0.0,0.0,0.0,0.0,0.0,0.0,0.0,0.0,0.0,0.0,0.0,0.0,0.0,0.0,0.0,0.0,0.0,0.0,0.0,0.0,0.0,0.0,0.0,0.0,0.0,0.0,0.0,0.0,0.0,0.0,0.0,0.0,0.0,0.0,0.0,0.0,0.0,0.0,0.0,0.0,0.0,0.0,0.0,0.0,0.0,0.0,0.0,0.0,0.0,0.0,0.0,0.0,0.0,0.0,0.0,0.0,0.0,0.0,0.0,0.0,0.0,0.0,0.0,0.0,0.0,0.0,0.0,0.0,0.0,0.0,0.0,0.0,0.0,0.0,0.0,0.0,0.0,0.0,0.0,0.0,0.0,0.0,0.0,0.0,0.0,0.0,0.0,0.0,0.0,0.0,0.0,0.0,0.0,0.0,0.0,0.0,0.0,0.0,0.0,0.0,0.0,0.0,0.0,0.0,0.0,0.0,0.0,0.0,0.0,0.0,0.0,0.0,0.0,0.0,0.0,0.0,0.0,0.0,0.0,0.0,0.0,0.0,0.0,0.0,0.0,0.0,0.0,0.0,0.0,0.0,0.0,0.0,0.0,0.0,0.0,0.0,0.0,0.0
max_anger,-0.0035074139420317643,-0.0031386750039962812,-0.0038732134142089123,-0.0037734933561906544,-0.0012156707715168785,-0.006893573885015051,-0.0005194532060630221,-0.00195810262364475,-0.0020934864647459347,-0.009565052899609794,-0.006494113328805043,-0.0030951211828410263,-0.0030099705451080375,-0.004712297457381854,-0.008744303260122951,-0.004085335707886963,-0.002037922499854957,-0.0014334482671973757,-0.0005152506697115485,-0.0057201889861025115,-0.0036472042662929922,-0.0044426873149821765,-0.0012209910645876315,-0.0006687195912282486,-0.004162377965652227,-0.004540353859751536,-0.0011277589096611185,-0.004096962874113808,-0.003918486482426341,-0.00341227912823976,-0.0025097673583223297,-0.004688189464041969,-0.005530313725032425,-0.0016554575739382675,-0.0027785881647003075,-0.0033807163396843403,0.0012275902613341806,-0.0011535320175305123,-0.003000986311565897,-0.002473152166618451,-0.0008559058045860771,-0.004309792692837136,-0.003416436916742467,-0.006244735012298953,-0.005032324505208678,-0.002207572863393816,-0.003762974991677418,-0.003913916162350182,-0.00422236866387013,-0.007801526069798944,-0.006393199586960462,-0.003478001652969546,-0.003433788058501093,0.0008507535775442773,-0.0040989856979576356,-0.005818232809751961,-0.0024846080781643146,-0.0030861854828564354,-0.003579304281558537,-0.006518460229857857,-0.006432110448413681,-0.0014868654983786374,-0.0037256563266405973,-0.0034578591527134276,-2.409596609466956e-05,-0.0033935729550664817,-0.0025815465870627236,-0.004446266503307494,-0.0060305508427751925,-0.0034955588366147247,-0.004468359168420874,-0.00440400558308118,-0.004442401325278317,-0.0032189245020086982,-0.0028410795761536507,-0.004564341845834298,-0.0071064974136109335,-0.005443461759874937,-0.0034808099003846554,0.0019724059957131265,-0.007237093810363042,-0.0025515361920351743,-0.0034971593240978836,-0.0032675010342817796,-0.0035459044832068867,0.0005988817996001039,-0.0034410050217783244,-0.0030054543371817333,-0.0025371655287414682,-0.0004278707126142058,-0.0047530456021122516,-0.004324367966688806,-0.005122920011535038,-0.000412780101001195,-0.004890520107549883,-0.0034313993939777444,-0.007549343949330751,-0.003471899086522616,-0.0033417829513729697,-0.00041321947691794723,-0.0019994618104703845,-0.003867735456848164,-0.009789029750313554,-0.0026783160816931835,-0.0032402749251415567,0.002212272315025859,-0.00477562444116059,-0.002655469570184551,0.0034862964638407955,-0.0062392483703638014,-0.0017783924754785838,-0.006618569295205537,-0.0038474637156025466,-0.003017796658892879,-0.001286882143459591,7.462179746191462e-05,-0.004157848574219861,-0.0034408175031155914,-0.002681942441976188,-0.0007503063732561596,-0.003298694919225017,-0.0034299830006194795,-0.008747318696950307,0.0025272660088104474,-0.0033940231824707585,-0.006747807728407204,-0.0031961441881805767,-0.0034658178426319793,-0.004406633268904857,-0.007266093117634671,-0.003567783018826853,-0.009148444174803726,-0.003622777718378451,-0.0020514968757315098,0.0044642793866398,-0.004833935607560954,-0.0034909339592464096,-0.0036386043163067552,-9.611083536376422e-05,-0.0038030941566556155,-0.002999977274044387,-0.002496157598589864,-0.00350693505335869,-0.0015739371222470069,-0.00397795433737743,-0.004637292900553558,-0.006009755786372091,-0.0036135890728557496,-0.0066821421938360066,-0.004009080706025564,-0.004023583692196225,-0.005413813433938848
average_first_person_singular,-0.015687458677447946,-0.01550638219539702,-0.016507345128341882,-0.01646454829335742,-0.017742090164994766,-0.02271706077007234,-0.009828556892343786,-0.019370371739967963,-0.016085301684193122,-0.01347310088168588,-0.01574965965129598,-0.01936320314239602,-0.014586680909761184,-0.01768824888450297,-0.016216723293546495,-0.015107062280647435,-0.012456327620978314,-0.008341771552739366,-0.020531807663897995,-0.017943590362458614,-0.015785852706457604,-0.01712212122612151,-0.015759965228719336,-0.016474493620024573,-0.015243768076407448,-0.019245552557913957,-0.017974336429615646,-0.016064049781236874,-0.01623358899098298,-0.014196705187148906,-0.02014242187124248,-0.01684281356408006,-0.017585145424005418,-0.013460801605704335,-0.015653792569500943,-0.0166737869579549,-0.019806637125842026,-0.0034864651426241215,-0.0199761772065352,-0.01454729835652957,-0.014742216869820347,-0.026022885876206703,-0.015064980085582911,-0.011955263486353288,-0.015239804363446059,-0.018021738907877692,-0.016318513103330948,-0.016120598493664925,-0.01408578280275767,-0.016791662287246517,-0.014079926241822591,-0.015440733314103157,-0.015567200576326446,-0.01635256555908517,-0.014582208480894936,-0.015167999349417,-0.019744757125795723,-0.015806300923148827,-0.015235524630084096,-0.018513132025838812,-0.015915026347796086,-0.010730818269339427,-0.015205575189992122,-0.015480935035401345,-0.02621725821101824,-0.014835671346226426,-0.014131582954043896,-0.01584648561677744,-0.017615103235182013,-0.015344869271272342,-0.016289834029692897,-0.017638337516065288,-0.016072328389371466,-0.015128304826760187,-0.016069799116064445,-0.016222513034787077,-0.016252160016087674,-0.013850704560568946,-0.014922005260487986,-0.02509047091973722,-0.018183933688893553,-0.015425137861837303,-0.015145543128468119,-0.015079353404092031,-0.016518486353362585,-0.019982107824002983,-0.01594557963230027,-0.014943106192183267,-0.01449577897896602,-0.019793991268835593,-0.015664792850626084,-0.013106243259479566,-0.016761297443328146,-0.014344087772830163,-0.016493291703170765,-0.015107625712686286,-0.018796498911325676,-0.015338160374872638,-0.014578103844774393,-0.015904139747011672,-0.015605629724214918,-0.015097281562953936,-0.01460054685814171,-0.015733909303620126,-0.014706296471562083,-0.015530209970403688,-0.015904115966172146,-0.014863983312587805,-0.001658649130896171,-0.018894469197018943,-0.0061057442040039715,-0.016588502816802117,-0.015490140499651877,-0.014547624368782337,-0.015389386677179701,-0.005130711538241197,-0.014926854670670325,-0.01573758626405868,-0.008975082172011949,-0.016167538639768952,-0.015248509341254438,-0.015337252359616214,-0.014384425809113043,-0.01923882019741168,-0.014095415034860389,-0.015014704158483308,-0.015641182568171427,-0.015785014624203564,-0.014048806889384922,-0.012633748188718059,-0.015256444148846504,-0.01236905376073664,-0.015277793695880788,-0.015328055876913424,-0.011292298354726686,-0.014397188826708856,-0.015409230654726996,-0.015602911913959294,-0.014602941917191872,-0.01572613194544295,-0.015022678708743588,-0.015538798217819607,-0.01595239637341122,-0.01135129533156864,-0.015576845203711847,-0.01645258575879667,-0.01866826867746081,-0.013983218536223476,-0.01234281332692316,-0.015112798261395948,-0.016789190435008226,-0.01897475673965461
stdev_first_person_singular,-0.009035358737077327,-0.011048713390956559,-0.010672440019050152,-0.010179733162390287,-0.013464981996785487,-0.02692897795775047,-0.008832954705739682,-0.009410733026826086,-0.010579598538211984,-0.00632533317685999,-0.008627128529622307,-0.012701801248761703,-0.01007552410954731,-0.01919518083292067,-0.009255159368025147,-0.010117543280740467,-0.008006319193403444,-0.002286370933337417,-0.004531078885067969,-0.011458047908685955,-0.009199746641968085,-0.010446281875545227,-0.009538950988871905,-0.009587045334877019,-0.009754343818547685,-0.006936121047271037,-0.010143710421696565,-0.008952394336922827,-0.010243896419898167,-0.011495773039079971,-0.016772650728421094,-0.008586076887150056,-0.010759770778145931,-0.009290965577767664,-0.009217606369849628,-0.010968732076695709,-0.00759169148495549,-0.003526321814976861,-0.011191987586754108,-0.007665218445417421,-0.01046214765257593,-0.01777681852778699,-0.009250680497796957,-0.006612684689954894,-0.009949260834992176,-0.008151893960044608,-0.011193229789186878,-0.009440758010394689,-0.007775071045510338,-0.004960642680910458,-0.00883101622303162,-0.009518237397835794,-0.010138188496074445,-0.00844342335314034,-0.011113198933000714,-0.010949920619167872,-0.005419187468136223,-0.00895244764813059,-0.009328069784956814,-0.0076858559554312655,-0.00893227423260047,-0.009154524308144014,-0.009372219702389373,-0.009586335325431263,-0.009290312022615453,-0.008466065841899057,-0.009772477459258267,-0.010428146485445435,-0.016322810040735655,-0.009721293743116902,-0.01007227743896546,-0.010330641636249402,-0.01082919727251534,-0.008277609741635158,-0.010567870385608248,-0.008795929971959724,-0.0030656606176929944,-0.011200180046024168,-0.009383544048991483,-0.0029486750195545633,-0.013574911319267823,-0.009554357308674169,-0.011439266039207412,-0.009451760825350876,-0.008106042096632559,-0.014031423358966445,-0.010052824978162815,-0.0060105144805921735,-0.010147085146487584,-0.009947765731084177,-0.00907319979522364,-0.017487437237878697,-0.008096495118687604,-0.01322997507723372,-0.010101207417594547,-0.009243452776861638,-0.008628136491058206,-0.00942983153062317,-0.008703637465882314,-0.007879292054595668,-0.013194329621855481,-0.009468655609701136,-0.004846229175041877,-0.008839542109191906,-0.009415675280630973,-0.011780799548855353,-0.00955983097240518,-0.0076807912393969556,-0.0077763486731088904,-0.015410673822155933,-0.007890963849283,-0.008223570577378382,-0.009266250575339384,-0.009980634964781753,-0.009694863126215345,-0.005866290777344567,-0.010817110727711004,-0.009511381893455228,-0.01315879430628333,-0.010460907859709106,-0.009649790211044805,-0.009294623065007663,-0.011441142598732289,-0.007510742469060856,-0.007858552765929457,-0.009383303932730404,-0.00947554109159205,-0.009552270881347222,-0.010101847906142068,-0.012260080743448684,-0.009207987659157507,-0.007831434325248238,-0.00894983686928624,-0.005143400608440554,-0.005538910225372879,-0.012958050414484326,-0.009515407835873887,-0.00966156088650277,-0.007232476339288704,-0.009141388645087754,-0.010933020427293346,-0.014873823577758198,-0.009246747490737216,-0.01072271219607691,-0.010135253112827695,-0.0034409441771602964,-0.01479419260667169,-0.007827156134769192,-0.007222565169707929,-0.008879800021657554,-0.007658688829663137,-0.006775775544615178
min_first_person_singular,0.0,0.0,0.0,0.0,0.0,0.0,0.0,0.0,0.0,0.0,0.0,0.0,0.0,0.0,0.0,0.0,0.0,0.0,0.0,0.0,0.0,0.0,0.0,0.0,0.0,0.0,0.0,0.0,0.0,0.0,0.0,0.0,0.0,0.0,0.0,0.0,0.0,0.0,0.0,0.0,0.0,0.0,0.0,0.0,0.0,0.0,0.0,0.0,0.0,0.0,0.0,0.0,0.0,0.0,0.0,0.0,0.0,0.0,0.0,0.0,0.0,0.0,0.0,0.0,0.0,0.0,0.0,0.0,0.0,0.0,0.0,0.0,0.0,0.0,0.0,0.0,0.0,0.0,0.0,0.0,0.0,0.0,0.0,0.0,0.0,0.0,0.0,0.0,0.0,0.0,0.0,0.0,0.0,0.0,0.0,0.0,0.0,0.0,0.0,0.0,0.0,0.0,0.0,0.0,0.0,0.0,0.0,0.0,0.0,0.0,0.0,0.0,0.0,0.0,0.0,0.0,0.0,0.0,0.0,0.0,0.0,0.0,0.0,0.0,0.0,0.0,0.0,0.0,0.0,0.0,0.0,0.0,0.0,0.0,0.0,0.0,0.0,0.0,0.0,0.0,0.0,0.0,0.0,0.0,0.0,0.0,0.0,0.0,0.0,0.0,0.0,0.0
max_first_person_singular,0.045917760603369495,0.04414415707243677,0.044915493790208746,0.04532918894652263,0.04381176133138824,0.011294780936737612,0.040726101026172766,0.04745833307008437,0.04335599607338114,0.042876809800251256,0.0476235321796229,0.04196746101898674,0.04412013926621987,0.028117158755328678,0.04407703853011517,0.04395421490416701,0.043108961120998913,0.038101114319341864,0.05482436907991071,0.04534643723229885,0.04547575391471472,0.0444271551075985,0.04562939092415315,0.045029188005504185,0.04457220354915889,0.054969420168020824,0.04442121030989156,0.045779140934947525,0.045556467222169675,0.04202797627655504,0.05022573524826576,0.04609333449391709,0.04509424919693221,0.04744258465519753,0.0452280345872343,0.04130688878695896,0.05207639571342711,0.04512041014286388,0.040450877082522256,0.047151041249662004,0.04403555596185904,0.044490408922718105,0.045195313035096364,0.041033655931355134,0.04760176928715841,0.0497965543788691,0.04387151206123363,0.04611831726858153,0.047917137938650156,0.04930622035326035,0.04241995588846165,0.04511679086392305,0.044140254182450975,0.04399628325116546,0.04363264842348502,0.04266858180505913,0.05349134912580927,0.04496416187227861,0.045812316569840354,0.04397125063387092,0.04518517800325492,0.044736100462045264,0.04512587187289917,0.045195803021319175,0.051630092757962494,0.04531661419627324,0.04443434122230188,0.04528120247271396,0.04024453424453521,0.0451816852765494,0.04575290612441542,0.04419972834828377,0.042510621058935175,0.048716202310442935,0.043076919467890176,0.04736999545083076,0.05377606300528883,0.041758400022336356,0.044986878459237045,0.05428129337761223,0.03321806173298618,0.04574240977276843,0.042655636283396,0.04519401396622755,0.0461386901191672,0.043882230005133936,0.04486385783987246,0.05359956673715944,0.0429658388570703,0.04230648053483713,0.04159442795485307,0.03564720487527609,0.044436486612907396,0.041324429260014214,0.043471225239640116,0.04537717214845489,0.042765402386738094,0.04516457973873399,0.043985861405108614,0.04580154075170024,0.04074716166431411,0.04488709167258824,0.05006165532549326,0.04707858389085336,0.04560248092895276,0.038087591449792166,0.04648698920434462,0.047958309319857055,0.03993831233593449,0.043403904772942786,0.0402200508321816,0.04538390082573841,0.045144997614762976,0.04546225655643395,0.04653390752714472,0.04289027627095417,0.04523960683730878,0.04458302307890004,0.04066608731610584,0.04335631778614746,0.04465519247580777,0.04557795651925288,0.04327676046321484,0.04925964281938639,0.044384525929958576,0.043263343710376684,0.04543601841397597,0.0452600211141579,0.04039872523793976,0.04296022151386296,0.045219034930577565,0.047333976922829805,0.04552152585486896,0.050065673744658645,0.042697595480469926,0.03471012746863448,0.045107468596249436,0.04411599542037581,0.04711681913054608,0.044991347194535,0.041661652142210376,0.03628834845245222,0.046243806416664576,0.043089068492652996,0.04406245719126294,0.0489903548104036,0.0163679073397714,0.04499463102284741,0.039028005569625615,0.04560389843570055,0.04666292726103365,0.05295349551515783
average_feel,-0.022739372231818947,-0.022195071586563205,-0.022193252365704887,-0.022018377873034765,-0.03248735910556566,-0.025158681416023683,-0.025556823774177485,-0.022873414786879,-0.02227899773001784,-0.018760183123253837,-0.023446059537872453,-0.01974357290859196,-0.02234935416368946,-0.021044833472919015,-0.015995887493954024,-0.022414539503838073,-0.023839592986361336,-0.018465025362133385,-0.02234243204610986,-0.020802259573545458,-0.02244955696364205,-0.02445192045772509,-0.023838316146137944,-0.021322840541942147,-0.022031537945041244,-0.024914097604643845,-0.021306741051904207,-0.022338536452858916,-0.024544506923288342,-0.02139917509251038,-0.030698363997372934,-0.021000887971118404,-0.024677458464122653,-0.020943630295224967,-0.022498146207368824,-0.022335275464388207,-0.026575958298455906,-0.013590651521617744,-0.02235647173719551,-0.023543757608658282,-0.021809902710524364,-0.023016110157286912,-0.021926318394572146,-0.011204836960765387,-0.023281120227225977,-0.02372527368955229,-0.023791810693584353,-0.022123370027131658,-0.025827423688241414,-0.02124652943884179,-0.025355085756692555,-0.022203226025438217,-0.022290475306099542,-0.022372928937655707,-0.02030205355580059,-0.020958267479850544,-0.02334262457930294,-0.020980185482256046,-0.02237182315360773,-0.025314776213803777,-0.023192228989244265,-0.02369635055895579,-0.021912432055061187,-0.022297420396729196,-0.021410934744149134,-0.023612304304314876,-0.02213608010436504,-0.022520324034781,-0.023141293136428646,-0.022999975564486665,-0.021678200958160157,-0.020836074846134825,-0.02196482401358492,-0.021493296392302182,-0.01743674392243871,-0.022929750155717903,-0.02661295816042515,-0.02046037748370969,-0.021977780331644346,-0.029731298665210668,-0.019016180892511697,-0.022109691817164268,-0.023090202648112686,-0.022861106602739767,-0.02315999230986524,-0.02830363471797391,-0.02330784014370641,-0.02003342053166024,-0.02171497355233097,-0.023759602869926764,-0.02182093852458339,-0.02138755216099544,-0.020597427011705745,-0.024913293334848055,-0.02146328035511956,-0.0221930705009932,-0.016400477763478385,-0.022039848740933336,-0.020502150124208657,-0.023364680988314627,-0.022700030365575358,-0.023636453190662925,-0.01544370888778601,-0.022647637256226854,-0.022144899170117187,-0.023158937376747055,-0.023363915249262547,-0.024551926889711764,-0.02547923829999449,-0.023198084759070314,-0.021111549530161998,-0.024101544643715958,-0.022466364621445547,-0.02280012375066638,-0.025417163643569485,-0.0228936936654997,-0.02084138090544829,-0.022715546240849184,-0.02020884527620265,-0.023053364201770836,-0.021530504770843045,-0.022270124689238724,-0.021459037119298925,-0.02700752310276215,-0.02128946682948165,-0.021639347211604886,-0.022452441041333083,-0.022713675486305887,-0.019024342639486866,-0.019670230725287778,-0.022032440155012295,-0.01832240103394968,-0.0226827396938735,-0.02293479283343354,-0.01958708421975071,-0.021645442915757547,-0.022065892987195232,-0.02257189921693448,-0.02336099646117909,-0.021613549391471268,-0.02160541573715153,-0.021693892730404556,-0.02345660745908917,-0.020687428582042377,-0.02248600301829781,-0.019362428783335224,-0.012944943342675541,-0.017091475189146072,-0.022603960939209744,-0.02361910674815925,-0.023904577095069435,-0.019101989619531076
stdev_feel,-0.030741418004141388,-0.030873432675326207,-0.03050845897693285,-0.030116046409431316,-0.03406012533723912,-0.0393520581887335,-0.03175526637079916,-0.030157888949502113,-0.03329473954310354,-0.031533622798857124,-0.028729259299984034,-0.030562225680509786,-0.03103371203392885,-0.02837906516975037,-0.028399474159371225,-0.030717395974781174,-0.03128518985955125,-0.02733228933011199,-0.0280124578365469,-0.030659398533049404,-0.031225400391471855,-0.031714497693553376,-0.031742868636947794,-0.03125563484171952,-0.031004614482180042,-0.03039290383595309,-0.03215802723951121,-0.03148757148219938,-0.03446612895950678,-0.03313621788678038,-0.034430622178105386,-0.030106563977092493,-0.033053207746722796,-0.03308700036640987,-0.03126377105182454,-0.03158704920249929,-0.027182163329515036,-0.02184887233580203,-0.026807910074505035,-0.03152847785373509,-0.03016629312152501,-0.02676395320845059,-0.03045598380739752,-0.0219307294877212,-0.028777350486155973,-0.02775439872962046,-0.030982632277386173,-0.029845389506834595,-0.03224728394267934,-0.029261062997283198,-0.02952559890628878,-0.030742301562023414,-0.031057189020698317,-0.03307226126775842,-0.032138076375164616,-0.03217521989161926,-0.023305880849095097,-0.028503514062639516,-0.029972022746796577,-0.033088446397669675,-0.030849069545964468,-0.03448246267819095,-0.030656434807627957,-0.030738286515504996,-0.029544801024274536,-0.031464831838029964,-0.031514250285053384,-0.030255758555393676,-0.034308312359976244,-0.030667439459572145,-0.030662645083153334,-0.031336810736735554,-0.029609895128502726,-0.030548419404499424,-0.03074932417173204,-0.03110839249598399,-0.029656682020177287,-0.028246364875583893,-0.030423764421518805,-0.025313176738228728,-0.02872513242819677,-0.030775637405053846,-0.032365449071525054,-0.03171789287357364,-0.029964331556670002,-0.03789847142662603,-0.0311657951689122,-0.03163994101118629,-0.03200074481523061,-0.03259003627212511,-0.030464746739929896,-0.03189579960178184,-0.03066258113815697,-0.030388203382986135,-0.02869337317177695,-0.0308834997783881,-0.031258770686853087,-0.03068076544902784,-0.030899739339394047,-0.029782404629140134,-0.03233048450873226,-0.031082136095596003,-0.029937920870833197,-0.030416476754834033,-0.02971102206459985,-0.029121511820242592,-0.032371874690771796,-0.031528997782289146,-0.034311292101997425,-0.032565527761092096,-0.025873887250885484,-0.030837899034253886,-0.030892094199220052,-0.030445030970406923,-0.031082753859421615,-0.033494571530168604,-0.028270369923111587,-0.03060317700738785,-0.031128529107927932,-0.031954510650024304,-0.030828825587316845,-0.030774331903743082,-0.032464333832841336,-0.03325230559998696,-0.02560403823002315,-0.03161710468062108,-0.031074101275187713,-0.0302152476488705,-0.03067354554733996,-0.03342716695297671,-0.031167007702244245,-0.030330491539244876,-0.030503164252006033,-0.02946169503361628,-0.0364547597616278,-0.03234333061255177,-0.030695341898488784,-0.03144137475538378,-0.031268441765665594,-0.03080899511232659,-0.03120876177175214,-0.031462662395301,-0.030790862362649635,-0.034640758173437695,-0.0301266154170561,-0.03138101549039056,-0.03131690530321747,-0.02417266291352052,-0.03178385856069294,-0.03131236615105376,-0.02976102160196239,-0.022648225779623644
min_feel,0.0,0.0,0.0,0.0,0.0,0.0,0.0,0.0,0.0,0.0,0.0,0.0,0.0,0.0,0.0,0.0,0.0,0.0,0.0,0.0,0.0,0.0,0.0,0.0,0.0,0.0,0.0,0.0,0.0,0.0,0.0,0.0,0.0,0.0,0.0,0.0,0.0,0.0,0.0,0.0,0.0,0.0,0.0,0.0,0.0,0.0,0.0,0.0,0.0,0.0,0.0,0.0,0.0,0.0,0.0,0.0,0.0,0.0,0.0,0.0,0.0,0.0,0.0,0.0,0.0,0.0,0.0,0.0,0.0,0.0,0.0,0.0,0.0,0.0,0.0,0.0,0.0,0.0,0.0,0.0,0.0,0.0,0.0,0.0,0.0,0.0,0.0,0.0,0.0,0.0,0.0,0.0,0.0,0.0,0.0,0.0,0.0,0.0,0.0,0.0,0.0,0.0,0.0,0.0,0.0,0.0,0.0,0.0,0.0,0.0,0.0,0.0,0.0,0.0,0.0,0.0,0.0,0.0,0.0,0.0,0.0,0.0,0.0,0.0,0.0,0.0,0.0,0.0,0.0,0.0,0.0,0.0,0.0,0.0,0.0,0.0,0.0,0.0,0.0,0.0,0.0,0.0,0.0,0.0,0.0,0.0,0.0,0.0,0.0,0.0,0.0,0.0
max_feel,-0.027983791158777672,-0.028093626677679208,-0.027695852782725437,-0.027341453252019553,-0.029465752642550556,-0.04086155886018469,-0.0289630744872134,-0.027523760971241873,-0.03213240823101805,-0.03211631823912435,-0.026058950654498706,-0.02741286174628438,-0.028331142096223193,-0.023777696616792084,-0.028922818044999403,-0.027474632184713643,-0.027665120723695875,-0.025210242848680342,-0.025863989533848903,-0.029298831986529387,-0.028794915721929097,-0.028492847587458604,-0.02807227211626765,-0.029756625084462918,-0.02871693082036353,-0.02570917313108104,-0.03232890810794,-0.028557862018541005,-0.030767897461393922,-0.031052777924664113,-0.028414653148303565,-0.02828445320850402,-0.02932159084333311,-0.03250703094464337,-0.02867532627665163,-0.027909556174307702,-0.019204400877818977,-0.02607106495152334,-0.023467539079568726,-0.02876364518466345,-0.02625414482132568,-0.026343099679616268,-0.027853545702064938,-0.01902300461287556,-0.024367603225218873,-0.024428720760459464,-0.027949115842078955,-0.026454826711119456,-0.029342628493531323,-0.02841568886274857,-0.023932395324831393,-0.02808629132319861,-0.028446573157260496,-0.03192772638312791,-0.031481284087024046,-0.032479579222083096,-0.01668084256218407,-0.024621053815159423,-0.02711118935450773,-0.029388048599669675,-0.02811661783784217,-0.03203234307489271,-0.02810949725837145,-0.02803624854033472,-0.03017738630407827,-0.028619401407740618,-0.02963258075976669,-0.027833105879032087,-0.0328459601731209,-0.026724003568875145,-0.028915327111682827,-0.03042882248286234,-0.02616997775026592,-0.026903456903912916,-0.029968729204450963,-0.028314068926132446,-0.022760825774297853,-0.02521819535069391,-0.027378929952298164,-0.017489007506475175,-0.02951470116301432,-0.028212154928041307,-0.02970081966821657,-0.029428638523933494,-0.026862984918628326,-0.034957216444375536,-0.027847873414037112,-0.029422536314922088,-0.02995290736139935,-0.02948809315031279,-0.027964193126846733,-0.02948887180572078,-0.028951898484729392,-0.02560349248809765,-0.025197829974319262,-0.028391945952768633,-0.03233732217788455,-0.028127072655786275,-0.02941952536701621,-0.025674773163833133,-0.0295289616900333,-0.028008615785735106,-0.029602009645836612,-0.027750447725493156,-0.026608938883827978,-0.022733757082568567,-0.029780303628406658,-0.028809458293177763,-0.031721214790335024,-0.030853541962335085,-0.025062691372177162,-0.028495207036491933,-0.02820690273328524,-0.026823873092329927,-0.024336866975055896,-0.03142637183718379,-0.02581179542076996,-0.027213383664555713,-0.028342545063297614,-0.029078571017385153,-0.028703911692968088,-0.02828263747973401,-0.03302044416996576,-0.028288632358156488,-0.020527368791764013,-0.02986336992180764,-0.028508280039019382,-0.027123342964150914,-0.031691266796715495,-0.03512265049474948,-0.02870396833983451,-0.030405115941706102,-0.02736307098337014,-0.026202329410188074,-0.042013468648909424,-0.030043023032313716,-0.02809790727537091,-0.03024023970521765,-0.027410233447054854,-0.02829357756972468,-0.028618324904426444,-0.0286285959206004,-0.027129051801931627,-0.03339454494778274,-0.02720896345884845,-0.03198074173452779,-0.033657591030687994,-0.022691504013508963,-0.030530049563557114,-0.028850278623052675,-0.0258639405322246,-0.018979330169961724
average_tentativeness,-0.021490984269487128,-0.02189502084435173,-0.020674742066761762,-0.021108986596710046,-0.0193021562154947,-0.0130683003535709,-0.018186496849953514,-0.024086232652529065,-0.021783900722860287,-0.019328599319777463,-0.023890739578548925,-0.02089434733220149,-0.021115786311199525,-0.01939082467068134,-0.021607077773866265,-0.021950434241574734,-0.006403357758208545,-0.013171290018649697,-0.01872637832257386,-0.023823288468674694,-0.020964218094395387,-0.021473189264905032,-0.020545495791225513,-0.02152659597305798,-0.021581411265454136,-0.020691450438603622,-0.02312114515719722,-0.021218385931578085,-0.020226158816822062,-0.02403302814022231,-0.029405913988372893,-0.022463318745256394,-0.018179494294976596,-0.017910951424178936,-0.022296959794988126,-0.021317592448780474,-0.023825265800812633,-0.028944487825288988,-0.022019829070546573,-0.017399718701130898,-0.021671388087989046,-0.025535403016194728,-0.021490610400880614,-0.02319680527894421,-0.02583722836997198,-0.026178234982846556,-0.021369548176318105,-0.02104327667030148,-0.011027547809035438,-0.02344268703881602,-0.019681638530808336,-0.021513098757251027,-0.020833781987684687,-0.019015998458798672,-0.018888330716528758,-0.024003905425270814,-0.03161728750039277,-0.017779900080784776,-0.02131884134053898,-0.016228329372798625,-0.022043777660862265,-0.019766273269174284,-0.02147881415696962,-0.02161297712760269,-0.023159264201067106,-0.02236912332237748,-0.01996240915009443,-0.021044820820542227,-0.01965702978349862,-0.021394432236319864,-0.02166181608943463,-0.022034337034274248,-0.022237770918574082,-0.020631378995031237,-0.02083343589078284,-0.02059111083970892,-0.0229050493596773,-0.019446728655361484,-0.02287733937008996,-0.019562587421099353,-0.023704804869751253,-0.021460400646084257,-0.013877647987608994,-0.021157752638800188,-0.022268473887852344,-0.0223055937777125,-0.022271258593684208,-0.02185586929592942,-0.0210309844216469,-0.027079516948748168,-0.023278949680459744,-0.014444681178384926,-0.021343315973668862,-0.020453111831392895,-0.023293507288541477,-0.021481784302570153,-0.02316468929092721,-0.0213719988550273,-0.019835677200475237,-0.021943206928948973,-0.019796930653789062,-0.02252977899834891,-0.017033636333966092,-0.022526249842039395,-0.01913400498125177,-0.019224143449786547,-0.022095556792964915,-0.02155920926179998,-0.01714190868415621,-0.024372982283248884,-0.014867410927925952,-0.022284855996533258,-0.0213136773342921,-0.02149676647141025,-0.020524268164064656,-0.02138109417772304,-0.01994222876827477,-0.021754509966304438,-0.020099524571623954,-0.022573945244355208,-0.021330935884768427,-0.021460115809679138,-0.026018574433713047,-0.02226456674646292,-0.024834320706734136,-0.022340815015081304,-0.02146730586380528,-0.02288000479438832,-0.019547425911797173,-0.022574506508591136,-0.02104896510908323,-0.01583878914412637,-0.0211253077054089,-0.02075829128243429,-0.023391105326873326,-0.017707271666801232,-0.021482444156249485,-0.017742487939231506,-0.02061699004024919,-0.021400098611908606,-0.021074010788698305,-0.021834565547547313,-0.022308468145266703,-0.014339698733850792,-0.023127741132705604,-0.01860955419970202,-0.02325464310659044,-0.024196002274362603,-0.017789044294213758,-0.023065888583198555,-0.023621437887681947,-0.014592388587734154
stdev_tentativeness,-0.000619510168390877,-0.0004899570860880682,-0.0005694712733837828,-0.00010646008799631082,0.0015534523642028852,0.0016623395206451013,-0.0015058415022805183,-0.0035699502056686233,-0.00027125400411407135,0.000692339458655095,-0.008603771509884494,0.003058959668159087,0.00021476347402020132,3.204170962976902e-05,0.0009192077719068371,-0.000647047861630912,-0.002162275298081955,0.014532194719843409,-2.2948767520394528e-05,-0.0018456107500320687,-0.0005307406428583699,-0.0012779003187820886,0.00209372177410336,-0.0001718252267307466,-0.0007849218969468328,-0.0017280710632522449,-0.005001406981047242,5.642359390013035e-05,-0.0012037967849944783,-0.00467300943160107,-0.006041932076271281,0.0007034004501487515,-0.0037077610902302776,-0.006467416908123238,-0.0005087950288086398,-0.000881097605804286,0.008787824181005915,0.00032146868807035383,0.008485272100647836,0.0003099822144555821,0.0005423620344052662,0.006309011558808298,-0.000692700974617393,0.0013806132555682516,0.001273076572092178,-0.004192435184936959,3.204059205964404e-05,-0.0002515717224394979,-0.002304805710534614,2.2825963421997317e-05,-0.0003445661020005271,-0.000485868618735205,-0.00028978702750292844,-2.531606610752836e-05,-0.002422906747451924,-0.002038491796430792,-0.0013618008038704457,0.001639755989716895,0.0020163478551976106,0.0007654444525731106,0.0008805400539051269,-0.0011545279161415713,-0.0006788000544251001,-0.000688851333573515,-0.009049185215143807,-0.0018360927873384437,0.0023983863454173655,0.0008486147199825789,-0.002095707170237736,-0.00044934192840002333,-0.0024436065060535056,-0.0011180426320054667,-0.0010336347183155046,-0.0014014080022477695,0.00020615492057509364,-0.000483491886319333,0.0017764419993208068,0.0010389237899955705,-0.001293221286071785,0.003584409670299705,-0.006263986043884909,-0.0006270871071016159,0.003598580105070498,-0.00015123851053052556,-0.003719110107912352,-0.0016694854891381432,0.0004220594299503451,0.0035320049567076446,0.0008933452578521375,-0.001974123871971852,-0.0004413462432235754,0.00699451428751679,-0.0004422627466571169,-0.0023292909668560452,-0.0011848139215722212,-0.0004373616824482991,0.003752534234495437,-0.0006452778018053214,0.001078409923300749,0.0026048229797564146,-0.003543144985276258,-0.0015425517574279742,-0.0022784461344233092,-0.0009697589452847925,-0.0006997205110608959,0.0012407842362896163,-0.001525897183366107,-0.001533831486840059,0.0009054757174016305,-0.005278219389213247,-0.002260929481601514,-0.007387232065511148,-0.0006536497626418985,-0.00036931397345709577,0.00025944087180815225,0.0014638066772617898,0.0009732546599140572,-0.0006916172628458599,0.0006986089020438683,-0.004383153856240726,-0.0007905932579546212,-0.00010736424402867355,-0.0016887834016149593,-0.0019189647670759188,-0.0028955931862730266,0.0005045775753074744,-0.0005764349985886829,-0.0008875528521647786,0.004178425811294663,0.0007175961271362937,-8.97090925381502e-05,0.004373378783118774,-0.0006595131822452168,0.0011403960606183351,-0.01231754176367056,0.005662031312905262,-0.00047950623883551667,-0.0007159954456899568,-0.0032598564208462313,-0.0009979501553428237,0.0009945028235897897,0.0029705718121397807,0.0007957190181895023,0.005405827182366587,0.00020010481552267152,0.00420476006589878,-0.004965769286495813,-0.003482724359300962,0.008860659614973555,0.0021137355277087364,-0.0031408555232017195,0.013834492380519044
min_tentativeness,0.0,0.0,0.0,0.0,0.0,0.0,0.0,0.0,0.0,0.0,0.0,0.0,0.0,0.0,0.0,0.0,0.0,0.0,0.0,0.0,0.0,0.0,0.0,0.0,0.0,0.0,0.0,0.0,0.0,0.0,0.0,0.0,0.0,0.0,0.0,0.0,0.0,0.0,0.0,0.0,0.0,0.0,0.0,0.0,0.0,0.0,0.0,0.0,0.0,0.0,0.0,0.0,0.0,0.0,0.0,0.0,0.0,0.0,0.0,0.0,0.0,0.0,0.0,0.0,0.0,0.0,0.0,0.0,0.0,0.0,0.0,0.0,0.0,0.0,0.0,0.0,0.0,0.0,0.0,0.0,0.0,0.0,0.0,0.0,0.0,0.0,0.0,0.0,0.0,0.0,0.0,0.0,0.0,0.0,0.0,0.0,0.0,0.0,0.0,0.0,0.0,0.0,0.0,0.0,0.0,0.0,0.0,0.0,0.0,0.0,0.0,0.0,0.0,0.0,0.0,0.0,0.0,0.0,0.0,0.0,0.0,0.0,0.0,0.0,0.0,0.0,0.0,0.0,0.0,0.0,0.0,0.0,0.0,0.0,0.0,0.0,0.0,0.0,0.0,0.0,0.0,0.0,0.0,0.0,0.0,0.0,0.0,0.0,0.0,0.0,0.0,0.0
max_tentativeness,-0.02403614206651359,-0.023943070554685423,-0.02479193300685056,-0.024222088750611607,-0.023462138087695143,-0.02570666097796082,-0.025624388444589814,-0.026065458219505334,-0.025067623578638547,-0.021810882268942643,-0.03082892794794525,-0.02080594597093563,-0.024059209464964676,-0.020774277961936826,-0.02230301106349404,-0.024315098695174342,-0.027935663605579274,-0.007435584362814867,-0.020077992192239567,-0.025862398960685123,-0.024556070057513008,-0.02466445197813096,-0.02127268568486187,-0.024568869326049472,-0.024498675183423812,-0.022784230189345514,-0.02663422325122975,-0.023561095114798775,-0.023957922627481257,-0.028381966973946713,-0.029808507711179093,-0.02238068096319875,-0.026656661708491042,-0.032716081709863634,-0.02358625178332816,-0.024893581316096414,-0.004450098713809638,-0.024580637564557424,-0.008316675578031962,-0.026587162189673753,-0.02211055314358871,-0.016921068673566193,-0.024402749563292067,-0.02631156084051758,-0.021718899545443586,-0.01833234161943496,-0.02406545843228218,-0.024208368662309625,-0.030671210318323858,-0.017631985046026477,-0.025787308879168826,-0.024161827587031427,-0.024430779938816063,-0.02582366914489212,-0.026247268705000285,-0.022824807769720228,-0.018060981466384633,-0.025263217999321148,-0.021572109074120965,-0.02397158132139422,-0.024561673869352162,-0.02563697523670371,-0.024446612113072367,-0.0243427781329516,-0.0285596900774747,-0.024971488805805967,-0.022321323012790734,-0.02371222079300564,-0.028144778816840337,-0.02405465685218145,-0.025442584891101336,-0.024591873939500693,-0.024368744913107403,-0.02584166218294007,-0.02449228709714056,-0.02314685082044528,-0.0131144215784917,-0.025111580929787658,-0.024923365864939727,-0.017057184869512076,-0.030420736941411466,-0.025018039066397376,-0.021301233663542966,-0.023768381107340225,-0.02822329572784341,-0.023455145524379037,-0.023292960192392,-0.021727297592806272,-0.023082430463380266,-0.019181472850906652,-0.02272220460244035,-0.019694321793699985,-0.023162781292646088,-0.025428641315278652,-0.025232439946626363,-0.024229239500190528,-0.015889483599242873,-0.024293586693213694,-0.023257194541570523,-0.01781317992993553,-0.02763077630476067,-0.02491969431303174,-0.0282992967099917,-0.024398917323319905,-0.02520204059794026,-0.019030006123470455,-0.024583397982368305,-0.024225887911676756,-0.023403908529050638,-0.029568166358748118,-0.03273680380992841,-0.03302971775771867,-0.02421806803873343,-0.02496955659127746,-0.018579080187561263,-0.021884820718262185,-0.023278734101149706,-0.024488659854572044,-0.02370857092436115,-0.02836137928642348,-0.02476813052285933,-0.023256476857322333,-0.02584457208159726,-0.023332046381240753,-0.026366459971554103,-0.022931688145204968,-0.024163182755921997,-0.024108663195640173,-0.02159930633961766,-0.022175968518839396,-0.024183111305176353,-0.020071344509716482,-0.024206173588668937,-0.01995150003904053,-0.03894862684872084,-0.01884926142928863,-0.024174393744504856,-0.026518518034791386,-0.026008377448264536,-0.02408667870772286,-0.023129750326220104,-0.023257729908368566,-0.0225200144120037,-0.021199380822643644,-0.023693298868420913,-0.018276040255617163,-0.021578231603151386,-0.02526182912443259,-0.008283052379947236,-0.020252564690399318,-0.027846180602812035,-0.0039030408140446997
average_exclusive,-0.009771503909406346,-0.008781836053985822,-0.008108750045643168,-0.008158293384802008,-0.008702583332966977,-0.0009929871711115996,-0.010994765998129288,-0.0066550524564106565,-0.007991955728339863,-0.010998023571084667,-0.00841312734590052,-0.011145575598355157,-0.00904598050344548,-0.003397483874620775,-0.011333780382860915,-0.009400200321488155,-0.009859422849097186,-0.012037062478880364,-0.0074780237449309905,-0.00871146511796086,-0.009251586969253656,-0.00860604417492952,-0.010719267709429459,-0.010785026615893638,-0.009730768863614297,-0.007266371718787753,-0.009568662246851897,-0.008734763090496598,-0.009546672560441782,-0.007459809873453439,-0.004631902101679879,-0.009331315744272987,-0.006935119530763027,-0.0037907474987207757,-0.009420226994851592,-0.00951657003912575,-0.012237664163307464,-0.01871178789261089,-0.011069224815048741,-0.007927851709320597,-0.009014080633538868,-0.014152671154739222,-0.00894752972636869,-0.016415125370925723,-0.007191258520277068,-0.00643035412483621,-0.009545747882914374,-0.008583320806286281,-0.0046239417504657645,-0.00930702166548412,-0.010821396009094628,-0.009348257168768363,-0.007704158524792391,-0.012473210211003016,-0.007627188855231422,-0.011143470627362559,-0.010287701727728148,-0.009633167981771001,-0.009773581014064255,-0.013622163749299913,-0.009943981166777444,-0.007999532449273237,-0.009434215061492852,-0.009359668357056346,-0.006563574651245583,-0.009225944606305015,-0.009518803498271451,-0.011109405913556197,-0.011170992961003826,-0.009001009377414507,-0.008705430825917838,-0.009523306665722738,-0.00738732872122466,-0.009295072615597843,-0.008648686964188046,-0.009629820848443955,-0.007536202058757314,-0.008208377933307412,-0.00809921753082878,-0.021042130258052162,-0.013684706238334485,-0.008293052568111466,-0.012369598779774959,-0.009953722499637697,-0.010551546436221344,-0.008225500060244948,-0.009446741482985759,-0.011865399872867286,-0.007468532623806839,-0.005749915133442491,-0.008455390845257557,-0.003652524370767543,-0.0070292964508965,-0.006390899697297819,-0.009652724313828055,-0.009484988411499352,-0.009964907428597425,-0.009306030502530342,-0.011051150142695036,-0.01204941436808156,-0.0061442927958712526,-0.008628427316818,-0.007950924094417073,-0.008750135576829847,-0.00828955740561181,-0.015159026698204582,-0.008986974467499957,-0.011511127167997813,-0.019488486946317395,-0.009102339735769769,-0.006051720324353856,-0.004408456019430166,-0.009856524295436112,-0.008982314052326787,-0.00884161671244251,-0.017549268508754174,-0.01123585770390093,-0.008186532390907966,-0.009240273990229007,-0.007682861893218686,-0.009129080005262719,-0.009579681952773018,-0.011792213054542046,-0.007896181271034558,-0.006398641455148986,-0.008711071676635613,-0.00958173115525656,-0.009213434641348784,-0.012320679334813959,-0.010663562308594778,-0.008729658178542026,-0.015319558447681634,-0.009209995146660953,-0.010020036285452647,-0.0032188423568815985,-0.002526064119505559,-0.009564054436509217,-0.009908078674004646,-0.0087268171566602,-0.009799524691320921,-0.008790690340125154,-0.008988360345438321,-0.009860982085106577,-0.014027249888768016,-0.00897994513974731,-0.007120876726280804,-0.0004908227281328293,-0.008098971365255815,-0.011357906255098884,-0.010447397692207719,-0.009434647164089947,-0.006483131497078314
stdev_exclusive,-0.009780349608297928,-0.00972879473060434,-0.008726583581050235,-0.009711398609537122,-0.009671660800218983,-0.007425602746445534,-0.012297091533406964,-0.009492835615737851,-0.011110659936660347,-0.01072870856539691,-0.008586926556210902,-0.012643482854769524,-0.008933800409164876,-0.006968698362546869,-0.009495388385983294,-0.009569246689564083,-0.01264888828120892,-0.003100998352553015,-0.008873417670711817,-0.007819711826622174,-0.009874482677720427,-0.011896733849315657,-0.007124905062913666,-0.01087415527189331,-0.009955951278037582,-0.00927681199863392,-0.01045547226157849,-0.010233585590637886,-0.00956160951608884,-0.007945694810504661,-0.0027606730278390383,-0.008601998138114377,-0.010151588606099897,-0.008960955611623569,-0.009587707950888015,-0.008142657893529168,-0.012116200824834524,-0.005923277102087663,-0.01002735083218892,-0.01017628367048515,-0.009639890713435186,-0.012709820925656075,-0.00879792509674279,-0.013337584655639001,-0.00799653818917933,-0.01110519749219821,-0.009548818835630982,-0.008908614553708234,-0.00878083484051067,-0.009730730245538173,-0.0094978490055735,-0.009551899182559064,-0.009380304471596417,-0.013142393987739863,-0.0077498670418856865,-0.010516199517233841,-0.002863274239441482,-0.010255599225564453,-0.008047552222777175,-0.00941657991154143,-0.010158032792547855,-0.009888362663670386,-0.009358624963471167,-0.009613695348661296,-0.012805999210880818,-0.009479426356265287,-0.010073221266456836,-0.008230607047920814,-0.012911784171135253,-0.009632685018537531,-0.009007717884601005,-0.010843718906652037,-0.007659963456989779,-0.009043388319713644,-0.009676638108013794,-0.009970377507458468,-0.015117148268862216,-0.0075862458249319024,-0.010644989127774354,-0.02147035901231556,-0.013229293099672839,-0.008830929086121198,-0.014584244964779064,-0.010392555211573975,-0.010707820912416168,-0.011882136572929084,-0.009602610006347347,-0.008742291802615937,-0.009396689846187254,-0.00982745092719731,-0.008700944641719055,-0.005841599977966146,-0.005117092661459471,-0.008810747130932547,-0.009453989571742727,-0.009566146120459796,-0.008872441343189227,-0.009516133144204481,-0.008943720092463752,-0.006161502988131354,-0.006808738943153227,-0.009023224257770718,-0.011006312187391117,-0.008715423783248365,-0.010113357880054586,-0.022485229885506892,-0.010418208978645017,-0.011593722567486352,-0.020889267911851795,-0.005442858696584467,-0.011466102116912071,-0.009135095751389474,-0.010002492291032113,-0.008177766314456644,-0.006571895494187865,-0.01683040076381108,-0.010173319724414927,-0.008642595557765599,-0.009120471824911219,-0.009251146302325663,-0.009063707302889168,-0.00964082675331621,-0.011616289264678612,-0.012552836587563568,-0.007982558807950894,-0.010688150962543396,-0.009513616410515142,-0.009019732775087724,-0.008913758093524899,-0.011184263640087342,-0.009112081408270477,-0.010137145695567354,-0.009564591185376219,-0.012722597813316423,-0.006703544246901659,-0.006911237228511188,-0.009533110569693755,-0.009671020906030557,-0.010577154072062903,-0.010070809011508551,-0.008587451243998952,-0.007487974353021969,-0.008852584823643789,-0.014872950685925314,-0.01030439275725779,-0.01048388764814569,-0.012776255119165133,-0.007856833675968875,-0.012046143066277458,-0.006192452570503612,-0.009382953587508347,-0.006312982667327827
min_exclusive,0.0,0.0,0.0,0.0,0.0,0.0,0.0,0.0,0.0,0.0,0.0,0.0,0.0,0.0,0.0,0.0,0.0,0.0,0.0,0.0,0.0,0.0,0.0,0.0,0.0,0.0,0.0,0.0,0.0,0.0,0.0,0.0,0.0,0.0,0.0,0.0,0.0,0.0,0.0,0.0,0.0,0.0,0.0,0.0,0.0,0.0,0.0,0.0,0.0,0.0,0.0,0.0,0.0,0.0,0.0,0.0,0.0,0.0,0.0,0.0,0.0,0.0,0.0,0.0,0.0,0.0,0.0,0.0,0.0,0.0,0.0,0.0,0.0,0.0,0.0,0.0,0.0,0.0,0.0,0.0,0.0,0.0,0.0,0.0,0.0,0.0,0.0,0.0,0.0,0.0,0.0,0.0,0.0,0.0,0.0,0.0,0.0,0.0,0.0,0.0,0.0,0.0,0.0,0.0,0.0,0.0,0.0,0.0,0.0,0.0,0.0,0.0,0.0,0.0,0.0,0.0,0.0,0.0,0.0,0.0,0.0,0.0,0.0,0.0,0.0,0.0,0.0,0.0,0.0,0.0,0.0,0.0,0.0,0.0,0.0,0.0,0.0,0.0,0.0,0.0,0.0,0.0,0.0,0.0,0.0,0.0,0.0,0.0,0.0,0.0,0.0,0.0
max_exclusive,0.0009267474378981851,0.0016704066039918558,0.001546807387984071,0.00029215883623177723,7.641662267341559e-05,-0.0014422018214326113,-0.0007714885340800726,0.0014293811333154147,-0.0007867001457255857,-0.0012482968328446312,0.006156524903434892,-0.000303925969068624,0.0015113113338523516,0.0011700126991251343,0.0008500956979807048,0.0011230239158992322,-0.0009614233850765257,0.003098395272054298,0.002995651711700636,0.0008682866850622459,0.0011153581975525614,-0.001186602433101036,0.003958491965731361,0.0018277889760674095,0.0007004751553082826,0.00026591852457117163,0.0038505899383364725,0.0008741075582089364,0.005356435434702237,0.0010517282946333716,0.006868823293902475,0.00189326241738684,-0.0016418986643572803,-0.001038819897761738,0.0008903572377344897,-0.00021632005561789645,-0.0030574925361580817,0.005070125254891508,-0.004816250023017499,0.0005580445320344986,-0.0003615512981312366,0.0023444427979759964,0.001844801062677941,-0.005055289436941342,0.004168757107813862,0.0011056191739706213,0.0010094954900019756,0.001633766630538075,0.0020647108914120076,-0.002551973896891109,-0.0021200163063221644,0.0011527231726425786,0.0014086340260823053,-0.00229838719864401,0.0009975052757688618,-0.000189247948786277,0.007255426055612982,-0.001736153283816523,0.0021647804481980636,0.00024723069962997307,0.0008094934184419249,-0.0008272722451806332,0.0012057922266012905,0.0012047914023903504,-0.006849902309449757,0.0008852789862553445,0.0008575719777759571,0.0026530461888084125,-0.002433341700293721,0.001089443505452068,0.0012891877814524937,0.0006095578763315318,0.000981213370078119,0.0010243298306720598,0.0004975071227617516,0.0009679509402998748,-0.004096579041177158,0.0005616531660592831,-0.0003749176358037679,-0.0014259889730530578,-0.005119195689054274,0.0013815907643488258,-0.0037086985847823786,0.00034089342624175727,0.0008454997931919075,-0.001132832631793361,0.0004599927399182996,-0.0008167958657577974,-0.001960268127777994,0.0030253759919438034,0.0025003881355075497,-0.00016203270594992818,0.002996626767493144,0.0005248521800102143,0.0002855602493660476,0.0010739758746380196,0.0027778570749061107,0.0012807939067560944,0.0005004290400577073,0.005439825067006725,0.001173330448273939,0.0017231347040287375,-0.0016704440759549403,0.0018012812325004911,-0.000986260109166713,-0.005994198773345911,0.000613751134702311,0.0025239462287706474,-0.004074084035622193,0.007181685005203444,-0.006274714714972006,0.0013862749782796724,0.0007132849350086241,0.0018097264375543202,0.0085858314052033,-0.0015641785297200329,0.0016252767933265244,0.0024489588536563064,0.0004796370562731682,0.00015096170601614466,0.0010957413849193194,0.0008116795895293655,0.0007326426413104478,-0.0026171405982022,-0.0009553097131911291,-0.0008996182093825855,0.0012639597355755105,0.0009834075161088748,-0.000916787417025576,0.0004652424257586864,0.001469354828767245,0.003972867997321855,0.0008812677636851722,-0.0007660365575137239,0.0015164490484422394,-0.0009408885869572961,0.0012858481939830996,-0.0005056726749014077,-0.00015240073085435318,0.0018086546312842955,8.03030005015852e-05,0.004264026946731347,0.0014807501127423392,-0.003906774137706997,0.00029902654184480945,0.00023256228495025476,-0.009294303596004274,0.002890082757062604,-0.00487960966287925,0.006376016161898654,0.0013129650960191884,0.003179069052089256
average_verbs,-0.022790362585374434,-0.022023246558579762,-0.02298280902990856,-0.02256942456951633,-0.02214314057210982,-0.015412795824360677,-0.02296501055169624,-0.023443451835952298,-0.022465478285569287,-0.024117199273713887,-0.01984999936703519,-0.022594261974709155,-0.02357276669950721,-0.024783973325168705,-0.021915852774961445,-0.022837573603654134,-0.0317107122439039,-0.02242370754370749,-0.020962812752252022,-0.020685454347396014,-0.02249939077801007,-0.0216749074179777,-0.02339635063574186,-0.022320590818763593,-0.022886990123045813,-0.022376220363529,-0.023554932502550807,-0.02285668759578369,-0.021833568712088077,-0.02598367141275025,-0.015758942555081333,-0.02264195331139615,-0.01963399560598398,-0.02758085087119869,-0.022619875743841698,-0.022739871402633727,-0.020369387207357238,-0.017970794622680714,-0.02549924917357527,-0.021370474684324188,-0.021858259784832433,-0.0220383316571333,-0.02258796794827759,-0.022103509804453914,-0.020771112532481283,-0.02302295098596854,-0.021996012032585437,-0.022119803388649883,-0.02290492306252942,-0.021821289214602118,-0.022167309835265443,-0.02280918614129998,-0.023119383963787484,-0.021021592102751847,-0.02589758644089476,-0.022140410511299335,-0.024943578159738824,-0.023417495770267333,-0.020529349604395772,-0.023728495677031884,-0.02360879266026352,-0.02412958476849801,-0.022679583102605014,-0.022672874520591815,-0.020788906821747992,-0.02299719872942927,-0.02577960596685582,-0.024614893169061007,-0.02776362395302227,-0.02304638026232173,-0.02266887783803095,-0.022525804773082688,-0.02392405659313069,-0.022778938612641516,-0.023591640177092886,-0.02237485511526214,-0.02363246653281182,-0.024045280386441284,-0.02385395790227781,-0.01915073679662069,-0.023446221844235483,-0.023267129203461245,-0.02337506959733704,-0.022587293800021106,-0.023184523696274797,-0.014681778446638644,-0.02271287600776469,-0.02281390206366913,-0.021371283740272792,-0.026311038841044715,-0.022568148279686565,-0.0278700628017534,-0.02475157066933455,-0.020528189753017165,-0.02345286036963381,-0.022638725254131055,-0.0228745050692634,-0.022755871740108975,-0.02303641711519501,-0.02229061187463363,-0.02295416819817252,-0.02242999438420845,-0.024307089991126463,-0.022527988607018348,-0.022633693743915148,-0.020220930322323465,-0.023217184891686872,-0.021801747583983386,-0.020215465208861493,-0.023283636372711466,-0.01875877538762836,-0.02298633911605286,-0.0234080884604705,-0.02237399013581505,-0.02313162760255679,-0.0199788362200224,-0.02216346534216338,-0.024059557940886066,-0.022948254645373752,-0.022524843584036818,-0.02294422714351219,-0.02267470739650965,-0.021527883234850335,-0.023600709517489757,-0.022338803435274612,-0.02306370847902885,-0.02290437017042163,-0.023140892086613525,-0.021948439649203552,-0.021100201233495944,-0.021983708563708716,-0.01703456870866029,-0.02237209307626404,-0.021680806307130755,-0.026250264895266495,-0.021239193614223835,-0.02279775966092434,-0.021625563122048743,-0.02392195756375925,-0.022810540981332405,-0.022560628291766423,-0.024592333037831857,-0.02262717948523464,-0.01778407479922714,-0.022667906262064153,-0.022423685332148783,-0.023416382241702685,-0.025418931304703744,-0.017267773674196876,-0.02253267707993346,-0.02305431014457434,-0.02144555770161885
stdev_verbs,-0.0037541606798800475,-0.002512494909412794,-0.0037492134880456555,-0.00359455877693721,-0.003310360305047926,0.0010187417439774266,-0.010365049706179276,-0.0011147329886078815,-0.0037560640693408767,-0.003514116379433368,0.0020999021612084865,-0.010630916666392756,-0.0038340058058507816,-0.006879863898249702,-0.005038100942970544,-0.003973162167377083,-0.010494525413054135,0.012919776769106314,-0.007825895236621479,-0.0033088242203723854,-0.004249068576263506,-0.001985104176271558,-0.005500001855559126,-0.0013503237079976662,-0.003388731044758139,-0.003049538172775793,-0.0002309933529060955,-0.0039540638164613055,-0.002336146893047491,-0.00316378781735935,0.0013007453792357685,-0.005021789917193237,-6.214434839689822e-05,-0.010170400973853915,-0.004331912189761965,-0.007038742144058127,-0.004436747345307281,-0.0006029326359061407,-0.0002644117077022119,-0.006388089928179356,-0.002053939420074209,-0.00346216933417879,-0.0035145949019655814,-0.0007560573543907365,-0.0008315448248194333,-0.00035227336712913455,-0.002384683019713346,-0.0033328530660265716,0.0032142610889561163,-0.004168216156196445,-0.005087832502789234,-0.0037354016826969833,-0.0036230311578943977,-0.0067539065789413415,-0.005671655820547239,-0.0003029854183383713,-0.008478474045674662,-0.0020086896259438342,-0.003952224977778012,-0.006981157885607183,-0.0031631580850680595,-0.005346658684886863,-0.003650162016777418,-0.0034120241242015705,-0.0036713597958132893,-0.0015302767792203156,-0.0044015000974236464,-0.004291042228243669,-0.014304705094324712,-0.004006242104048097,-0.0018477308838866363,-0.0028104078972789413,-0.004508896693494873,-0.004493611506370093,-0.005230830554481963,-0.00492281079545015,-0.010733886282523088,-0.003618168292007593,-0.0012723179515764706,0.005541520861369565,-0.015483621318647785,-0.003285546862152185,-0.004655417990399889,-0.004115778956410564,-0.0030532580470613527,-0.002657873166817806,-0.003130657279507232,-0.004601286888443612,-0.0043436063714787,0.000825001931503538,-0.0023681273335519927,-0.004422562227765284,0.0007940774803409933,0.00019112772426890627,-0.0013170060650348446,-0.0037456238171007725,-0.004753316220938988,-0.0038219682662654353,-0.004381585896961037,-0.0046834074381463635,-0.0030600979207488083,-0.00212412486413816,-0.007806742271292771,-0.0029516882053560872,-0.0029437306875250476,-0.0017510357055768762,-0.0037452599383410914,-0.00016940350567079716,-0.002568827176642703,-0.006929305735304061,-0.014621400246603779,-0.0070989826841882705,-0.00397035876748901,-0.004291824813918266,-0.003993376641203739,0.00017809642328016524,-0.004591262087765932,-0.00368832699225438,-0.0012289958860688937,0.00025347605359303874,-0.004078155469830848,-0.003695568039229923,0.0017710652761201585,-0.0051096548066440015,-0.0035396633436155754,-0.003076462530431579,-0.003971328607220596,-0.0025526617453346147,-0.000862535815758526,-0.0012059841887552148,-0.003924499059636282,-0.0024507351489079093,-0.0033265384510130294,-0.006750345420714803,-0.007964607242472596,-0.010682125831999113,-0.003722029943405595,-0.0015784574785992801,-0.005719428656184156,-0.0029142927216560983,-0.005358252048283444,-0.004810645290440979,-0.004873944238974632,-0.009390896091553988,-0.0027868816652506408,-0.008032567517773832,-0.004874364784389998,-0.004919225730834035,-0.004968091212878403,-0.0020814617620723216,-0.002214566379359968,0.0038221665773700694
min_verbs,0.03816070248741217,0.03798147478482594,0.03811784501374557,0.038525260272240076,0.03640870600944422,0.036857625319779805,0.03770791836135755,0.03714378705357485,0.03821185551874883,0.037312367216890276,0.03185995195308275,0.037295741699524355,0.037758322081564426,0.03680707415110261,0.03917657923544074,0.03772879813696677,0.04170624106319599,0.04911392858219209,0.03399394327597471,0.039235617394625506,0.0380276395829316,0.03600699013344166,0.03622516222489349,0.037904230974026475,0.03792323814957384,0.037168998090504404,0.039156645716277264,0.039052035963821966,0.03380922710234096,0.03606524807048065,0.02640378986565943,0.037683918427479715,0.03514054128013795,0.03705722354029416,0.038489156793354996,0.02638539155319092,0.040332677291549546,0.04186050084760517,0.03338900132901614,0.0369391400197265,0.038489841653023195,0.03834683301030519,0.03824280864242025,0.03323718063415133,0.04056107366533101,0.04351557640923965,0.036438326474057044,0.03740694020927306,0.04169333203041454,0.0398975929471615,0.03667211969910105,0.03803016986508588,0.03732112233083174,0.03654832353619454,0.03992999940518395,0.03833780341151066,0.036093396450426904,0.03598929770764694,0.036758104691684855,0.037782118169195626,0.03969301098558421,0.03862778599493959,0.03822873337623294,0.03668768247115779,0.03180221484513704,0.03737711629530493,0.03914209215040397,0.03941820105735279,0.03606959183065339,0.037518979116405796,0.03847088552485505,0.03781052289748097,0.03775187984629076,0.037199391172144346,0.03879211715578359,0.03803981460562933,0.03845438195235049,0.03809701903717464,0.037920604991423024,0.02299058811682073,0.03995558333700221,0.03756783923261499,0.04207473165449578,0.038472602696279924,0.03689172366371637,0.03247770216414452,0.03765900493476998,0.038038633447223365,0.038246114848273505,0.03766275235305499,0.037497904450440656,0.03779786213338821,0.039013471240846094,0.03556327828360072,0.038833412890838775,0.03819333650706957,0.03680469858891231,0.03812243122588769,0.03924752210300555,0.04021260024740441,0.042610772427974085,0.037127898395169105,0.03866781633015531,0.0387139205452316,0.03873325447232721,0.03267177204131445,0.03770687009624756,0.04129719499391331,0.0432266230523117,0.034432417561447694,0.03232912281094118,0.03644631102602259,0.03819404466228319,0.03824758156475795,0.03681425551383925,0.04054458546628858,0.03769131973192984,0.03712912081680535,0.03817801405000419,0.03633816562463496,0.037989194290706206,0.03819067725429928,0.034514181869628645,0.03507820299868893,0.03456985973321541,0.03883483427218175,0.038370800519148644,0.0377571970802445,0.03760464918549739,0.037806188512872256,0.037548174450721214,0.041437305611939985,0.03800368908420842,0.04140207735978633,0.03195477904950081,0.03838957778383406,0.03808230681471039,0.03827886919247318,0.03953856346779948,0.037392103146750524,0.03865990546253653,0.038613991484962695,0.03715276150194053,0.032937702544113615,0.03256784346812113,0.03914294422229711,0.04717755778176093,0.03796796486575894,0.039188007097224704,0.037597520132618335,0.035734772407521806,0.04362112930700477
max_verbs,0.016115242406452436,0.017153745213802054,0.015595758316277459,0.01654665339800999,0.016595252495125844,0.017007125304642448,0.012068367984343166,0.01515181242663428,0.015880867831056817,0.018559943625467062,0.021307783073648154,0.008747566098190784,0.01627416013400201,0.011031563232505181,0.014872454831471774,0.01621998270504751,0.01308634302867189,0.03311848084905726,0.00395075971025427,0.010730911805403297,0.01570696276108621,0.015915367194616385,0.014958551559170082,0.019261951796559176,0.01650813686943386,0.01541955661869802,0.01964125567855965,0.01605950546854488,0.0144119412974793,0.0195087282588201,0.023415265532974613,0.015127510854723159,0.02218082935786197,0.01135409033205394,0.01615491868056935,0.01445803408047185,0.009805352592360875,0.01380969033085966,0.013055505940799796,0.016185645934379166,0.0176667136011951,0.014232016225451224,0.015955245488974035,0.024827055444511317,0.017860956716623605,0.010206989174929376,0.016398400922436853,0.01641857792767347,0.021587137123677456,0.01275975934068119,0.014703348946317503,0.016090162369195825,0.016203446701626704,0.013586900770886935,0.010924702356701937,0.01984500117394798,0.008902462045611965,0.020696143013390768,0.016611677281473954,0.01389863443038278,0.01573357968367145,0.015751121029201086,0.01597219195280201,0.016320112048697828,0.006442977948551249,0.017668041430001058,0.016033204907216433,0.016942423804115807,0.011367117410298071,0.016001847836457462,0.01709054375986419,0.016186805915609368,0.015647850382832985,0.015009764644811746,0.01541538120162256,0.013624791053299097,0.008326865437313542,0.019004341102876514,0.01677000944579602,0.024801184815451863,0.005845494659333837,0.017614123979436656,0.018499444700213606,0.015409913376185958,0.015810963227575896,0.017643129083457568,0.017113307188421974,0.016326576951337844,0.015318532063815631,0.01927047893690559,0.01528407442848443,0.01097862093621324,0.017299967387128055,0.020135558332465026,0.01874153718452544,0.01613435217532703,0.010695473644766675,0.015990334950492513,0.016866505868718983,0.01267675291027161,0.015390014811342216,0.017755850109745532,0.011284262045008629,0.01693520532826228,0.01615131751196118,0.02464930535195372,0.016298698554121215,0.019800516802623156,0.025643016828316517,0.014610577875272267,0.0033306554567897762,0.016398210159600284,0.0160759952276247,0.01520014152629501,0.019033328735927252,0.02361566085028626,0.015722490954163754,0.016678550716622692,0.01830486758608638,0.017232702020994896,0.015891100915088083,0.016393281602617726,0.017383764952703277,0.011896476253188655,0.01746067543314211,0.014961564591823193,0.01602900142057805,0.01688757826029743,0.01610709109924678,0.017189909669044386,0.015338329277344685,0.015164678801062792,0.016790890457598052,0.011670111320049229,0.011238680294298043,0.014680661939997236,0.0160459542098784,0.019450675159453493,0.013593226614437147,0.01793956171701919,0.01621433860520335,0.017570500406809852,0.01520713429956114,0.01366911478943469,0.0164340969656169,0.014750467371594743,0.016712126992868757,0.012225883938886966,0.014101809328459593,0.01723351091900819,0.01609321501777693,0.019562802922813476
average_friends,-0.003939195320111607,-0.003989746301410309,-0.004006932063154313,-0.0038328184362528966,-0.010337670888293671,-0.0033166250745157097,-0.005027249981067003,-0.004186918992948849,-0.003084018053315485,-0.0022505420868038205,-0.004445215505860679,-0.0023226598750159515,-0.005121286320294431,0.004928867608677452,-0.0033037611985155743,-0.003872123754632764,-0.0029298337097257224,-0.0011203952453228277,-0.0034971877194584864,-0.003491424365477471,-0.0036834108628142417,-0.005315275317150803,-0.004278299622187481,-0.0021730927043462946,-0.003770421064713288,-0.0006746979128001152,-0.0023655957708501284,-0.004103940019400051,-0.0029453277352345444,-0.005410443144173202,-0.005098588342072621,-0.004518609403648097,-0.001224806308805542,-0.005488678861623408,-0.003656328815255617,-0.0019678024368384554,-0.0033596759043128654,-0.008455139539495685,0.0014741626536220603,-0.004313645328527276,-0.0033524404197183694,-0.006530660341584109,-0.003873747249772958,-0.002148163188260388,-0.0020488552262426622,-0.004699594953022045,-0.0035404653640609216,-0.004356475607499986,-0.0070641330359860095,0.0008816609193589408,-0.004223961061893537,-0.003840041415127341,-0.003749377981428381,-0.005815074919451442,-0.003284520745853982,-0.006018494808225536,-0.0025691950722826883,-0.0033897907537656508,-0.005094943324828974,-0.0023167088752878064,-0.0043859347086940646,-0.0030501213705041025,-0.003773100896097413,-0.003826800921665645,0.0024726304021491334,-0.004421102650324606,-0.004152450462816239,-0.004375723635621383,-0.004724265201264174,-0.0037106666755059928,-0.0031580450568816816,-0.003923385283134358,-0.004176990287834994,-0.005230891643426607,-0.004115575389637142,-0.0041515466116560686,-0.0015010373143915338,-0.0024749067896830783,-0.005327594861135539,-0.008616842741409662,-0.00743730660792135,-0.0032299287190104276,-0.006117877117727495,-0.004154252321644892,-0.0043513829742542615,-0.01269336520813471,-0.004339498377363998,-0.0026585109089548656,-0.0036353266742878837,-0.0038275330079113393,-0.002912314574593046,-0.005787582447056103,-0.0007380993736185067,-0.0025796379848262233,-0.003612066586889605,-0.003701358698097186,-0.004199088854481493,-0.003774330077046348,-0.0037720845762521694,-0.006190669158612296,-0.0028896492184753257,-0.003406179722029525,0.0006243561144224918,-0.004628773519808133,-0.00435905580008214,-0.008067139442904388,-0.003557943833280161,-0.006894264773091222,0.0029645072171887027,-0.0034305677850318267,-0.010423315906747777,-0.0031782418296087446,-0.0036660606394895746,-0.0044157139426712275,-0.003668323158408423,0.0022981988453701536,-0.003097234473631586,-0.0037160206568480313,-0.004106719883424523,-0.004031624103747532,-0.0038384676789380047,-0.0037806936220194723,-0.0035240560949948586,-0.005755347611132777,-0.003701868302191099,-0.0035732050799118387,-0.003653442031135143,-0.0036852572771274954,-0.003224704113092919,-0.0028746430880000444,-0.004434339625044442,-0.0002745645411487054,-0.00372754785451607,-0.0011223992707603964,-0.006944718473232955,-0.004817086789243721,-0.003896800436418258,-0.004729913792221721,-0.0027325866085781934,-0.002352977472224141,-0.003783129867108676,-0.0047039350632149535,-0.004201739971443189,0.004050735325826081,-0.0041979786079914625,-0.010195953079601427,-0.0017164123204998563,-0.0026125207280141647,-0.005302344837236305,-0.0021630359508363027,-0.004432306252651232,-0.008896418459987898
stdev_friends,-0.016640394050940085,-0.017075492116158202,-0.016915771394758347,-0.016869190122647787,-0.02078961320808963,-0.012416436271697468,-0.016409385823551538,-0.016955450788820735,-0.015882397567875964,-0.018194615952469108,-0.016832755234073342,-0.015541756511387221,-0.016922814260814673,0.002537446327026467,-0.01748589863877865,-0.016850841526962663,-0.015860139665459662,-0.013210280846854251,-0.014772261591109698,-0.017155843335655653,-0.016484773843355317,-0.01795223281507625,-0.01654251822754451,-0.01572283960331225,-0.016727800391046835,-0.014356520968403341,-0.014973551617628214,-0.01687900261307347,-0.01674157054488086,-0.017690219251519194,-0.021604749939838533,-0.017901182541151674,-0.013617543566099559,-0.017711110574933367,-0.016581670883804207,-0.015412786237648503,-0.012492146622043822,-0.02060203271148124,-0.012620620867423393,-0.015849896729703303,-0.017629882662652106,-0.01989170420355779,-0.016621222414871524,-0.015654632843097673,-0.015681492536718255,-0.020966652710039932,-0.01644151202350811,-0.017533995142216707,-0.01884825231910099,-0.012734382070921303,-0.016178935692417552,-0.016716909241729853,-0.01669962661946233,-0.017587345567734183,-0.01773464296292193,-0.0199018590965622,-0.015051521831349477,-0.016535769749023613,-0.01755185330156709,-0.015164331138466141,-0.01689509427291644,-0.015955109820191698,-0.01666076184763389,-0.016681798460732658,-0.00902044887702533,-0.016738799313839495,-0.01681761526617987,-0.01729005251658504,-0.0172542397330659,-0.016414799060798336,-0.01640439272010231,-0.017391525813472357,-0.017109165635142552,-0.017167345541351343,-0.01740521281012286,-0.017307049566440948,-0.015034414213201959,-0.016212590638186343,-0.01826066973250909,-0.021551655291313164,-0.018848997134635004,-0.016837065401337486,-0.017053340195603353,-0.016848490361602277,-0.015294138404420989,-0.0237579833659656,-0.01711868650380661,-0.016059139171119563,-0.017193227603293944,-0.018839254214677907,-0.014778203634500069,-0.019126608261303003,-0.014868088166729757,-0.01682315422600391,-0.01681921216836151,-0.016571744961490952,-0.018575062703690727,-0.016687673998208356,-0.016875783562330722,-0.01738481483506149,-0.015442345266711947,-0.016291169121496217,-0.01440224487057288,-0.017303943735133616,-0.01766337989802406,-0.020391873126491454,-0.017279857497791637,-0.01968934461857617,-0.009877859866378829,-0.017793443157036074,-0.02092989922216592,-0.015232254463613079,-0.016494887765361538,-0.017054036521927034,-0.01662850401656303,-0.010803675493345249,-0.01611764249598801,-0.016395586438240614,-0.017320068832579544,-0.01562244612807408,-0.016858076078131095,-0.016759768086248038,-0.016581358599814102,-0.018912261057376905,-0.01620886401490506,-0.018083551511558767,-0.016585357977874353,-0.016769085043561015,-0.01698703195745701,-0.017835607804823062,-0.017137515198623783,-0.014763103334823797,-0.01686644734477603,-0.014672335327743612,-0.018520509601544718,-0.01519748859238474,-0.01679597932330014,-0.01705065591046733,-0.013255535009544663,-0.01565998609970508,-0.016916199078867725,-0.017956656721111658,-0.01708863356496617,-0.011051214255841532,-0.017065863667199643,-0.020516652425840307,-0.015022138721853751,-0.015428007729492772,-0.01784735309828067,-0.014110806861546676,-0.015612326150895913,-0.019238199759993274
min_friends,0.0,0.0,0.0,0.0,0.0,0.0,0.0,0.0,0.0,0.0,0.0,0.0,0.0,0.0,0.0,0.0,0.0,0.0,0.0,0.0,0.0,0.0,0.0,0.0,0.0,0.0,0.0,0.0,0.0,0.0,0.0,0.0,0.0,0.0,0.0,0.0,0.0,0.0,0.0,0.0,0.0,0.0,0.0,0.0,0.0,0.0,0.0,0.0,0.0,0.0,0.0,0.0,0.0,0.0,0.0,0.0,0.0,0.0,0.0,0.0,0.0,0.0,0.0,0.0,0.0,0.0,0.0,0.0,0.0,0.0,0.0,0.0,0.0,0.0,0.0,0.0,0.0,0.0,0.0,0.0,0.0,0.0,0.0,0.0,0.0,0.0,0.0,0.0,0.0,0.0,0.0,0.0,0.0,0.0,0.0,0.0,0.0,0.0,0.0,0.0,0.0,0.0,0.0,0.0,0.0,0.0,0.0,0.0,0.0,0.0,0.0,0.0,0.0,0.0,0.0,0.0,0.0,0.0,0.0,0.0,0.0,0.0,0.0,0.0,0.0,0.0,0.0,0.0,0.0,0.0,0.0,0.0,0.0,0.0,0.0,0.0,0.0,0.0,0.0,0.0,0.0,0.0,0.0,0.0,0.0,0.0,0.0,0.0,0.0,0.0,0.0,0.0
max_friends,-0.0207429942684602,-0.021359460454662367,-0.02109701903191246,-0.021167024414695382,-0.02270178054825933,-0.013447188177733474,-0.01919301854835802,-0.020847511047244145,-0.020194108433930505,-0.02613863657796932,-0.0207122460947362,-0.019963147340950893,-0.020452095205923324,0.000972951635668684,-0.022687943202846693,-0.02108874363394689,-0.020766817377880654,-0.017733963022682687,-0.01778962250530397,-0.021910455816030898,-0.020625330197688287,-0.021380497174995065,-0.02056438164122478,-0.020626093763540153,-0.020994915829922876,-0.019445048671914676,-0.02063108495545987,-0.020827652059655907,-0.021522551734077067,-0.021562096328165525,-0.028396003118167465,-0.022327701411234004,-0.018741180482904213,-0.02105774844638119,-0.02077644576608024,-0.020492030239259326,-0.013940337381179852,-0.023654666542508956,-0.018329438890136125,-0.018954012166764397,-0.02317871558142734,-0.023346973638118922,-0.020734339566021984,-0.020774608470131843,-0.020802762087084717,-0.026832781067131807,-0.020641554576415498,-0.021945969198022525,-0.02170346228204166,-0.02167193947944372,-0.019807626146961882,-0.02092947432286845,-0.02086984306909266,-0.021597623037536116,-0.023327843447261423,-0.024367601183405245,-0.02016411043237319,-0.021228013030363535,-0.021015176602645614,-0.019003478946847122,-0.02083726611573478,-0.02033114866276762,-0.020910385744077532,-0.02086832126202693,-0.013450223971137468,-0.020441138216291274,-0.020859388922498112,-0.021633064749523718,-0.020894417361424118,-0.020452694085435423,-0.021075060369311373,-0.02164063702842149,-0.021263475323192057,-0.020265742072879164,-0.0219205899737701,-0.02167715849468431,-0.021375977007842,-0.021603413045960917,-0.022022537899356896,-0.02622687003543759,-0.021687725785784723,-0.02227310128401774,-0.019794154507978067,-0.02093634956403056,-0.017691347092401225,-0.02577304106667346,-0.02125659612950917,-0.022508002576538677,-0.02182059394750562,-0.02523276681876563,-0.01871668383400578,-0.023031430668292174,-0.020781001436508226,-0.022182792809641236,-0.021777435080313455,-0.020807345169426276,-0.023366407015480158,-0.020922701621877475,-0.021281954155903282,-0.019464838314859227,-0.01973796018920764,-0.020541985786003872,-0.021099106018156864,-0.021178820154902748,-0.022430109667380717,-0.02337271970392705,-0.022155499581815494,-0.023619190546561742,-0.01573862379797343,-0.022692730243056854,-0.022583623707862495,-0.0190296005357866,-0.020670377950737076,-0.02079023462587888,-0.020691888532725584,-0.016405456072084285,-0.02066711565555287,-0.020497116504899757,-0.021748975241849933,-0.019174436348361124,-0.021193590254897775,-0.021163492075995907,-0.020505589573485552,-0.023475424632098996,-0.020234148870254987,-0.02205519279963138,-0.020877001609565873,-0.0212715708130298,-0.02213692616785265,-0.023559614333976093,-0.021151726312234533,-0.019952341876476404,-0.021252039386413096,-0.01970279088298022,-0.021580489384207605,-0.017134561415564263,-0.021003327570675943,-0.021034527835927214,-0.015977447832953816,-0.020447763899275204,-0.021252192405423326,-0.021684089347698318,-0.021230272347160732,-0.018216774585314725,-0.02136315955704634,-0.022325069101698403,-0.020316760122235454,-0.019819784259893926,-0.02157903601997361,-0.01799447934807822,-0.018200092397521773,-0.0215878426537435
average_article,0.014055656476437119,0.014685983886141785,0.014350289403468832,0.014284538296309037,0.016481439223507532,0.014354963082839145,0.011711063379755417,0.01575111165620422,0.015036124319445636,0.01247106348256534,0.01987956403541142,0.009256720995502909,0.013351294979084539,0.008860598208239534,0.014232169002486824,0.014291246816804905,0.015067412767267651,0.025355244776268493,0.012599248069964975,0.012932837671551768,0.014225375950105016,0.013773396236279158,0.011622321616545172,0.013906531782869918,0.01462922460988287,0.014183894292477829,0.015550314382387161,0.014602929074954828,0.014011125889146603,0.012474264070129571,0.02373767540701587,0.014102275505541533,0.01616140375774554,0.015230920330523036,0.014499591646675115,0.008749487918370259,0.00958079613244297,0.00897688529306835,0.013245361289237412,0.01365651097766336,0.015767062435445078,0.01749835302381946,0.013992147190085142,0.005436418307241432,0.01303049967907661,0.011063912663319141,0.014476896453082845,0.014520280044419947,0.016899138606821646,0.011438716562523356,0.01480144339652285,0.014170627563603594,0.014866813235829963,0.013649223714053726,0.015487663225354598,0.01737481279605938,0.011653230759285621,0.015752739104054055,0.015482371542592802,0.014186185789046799,0.014861509281423694,0.015373637296740668,0.014041907950668318,0.014314210024276105,0.022480079344765546,0.014568829380136475,0.012976788623609573,0.015087608867720285,0.010048856661774066,0.01426579207320637,0.01533066870341961,0.01459394424110723,0.01387711143842931,0.014085740478201082,0.013797451220084,0.01342979160379965,0.01214274692646234,0.014381864678908925,0.014780075585058977,0.019208255174075248,0.011603913994817007,0.014576202782220781,0.012017141706296218,0.01349653440469635,0.01387885532653375,0.01049692018034957,0.013501454828132602,0.01448951088736804,0.013976763576323183,0.017232615556435654,0.012001081064264677,0.02172992284388371,0.0176739098350858,0.016471170604649202,0.01377526247111592,0.014222866655441917,0.015547085414495251,0.014244028205286776,0.015676015596043428,0.013793843280022937,0.010451445742425573,0.01518390194080941,0.01605970900986848,0.012718302934642633,0.011951260725799377,0.01165656349987703,0.013926499015824371,0.017064212659855384,0.009613438316810208,0.01690536773837887,0.01108947410620354,0.013775729300074941,0.01438958792671511,0.013851588112198053,0.01646867984915957,0.010524128440945716,0.013642291944214483,0.013893963210318824,0.015937294433277162,0.011664650739738672,0.014388727690436537,0.014196601690005473,0.013995204190542832,0.015502753875074287,0.013704964251125759,0.015183946631715437,0.014147769248847922,0.014749989141551918,0.012864682705314757,0.012667675992449055,0.013676052028061443,0.012304219058347124,0.014168313354929305,0.013201571686644072,0.01239715694209536,0.008138142765337591,0.014090091420852532,0.015525422957586719,0.00927881308247868,0.014880333041136576,0.015650164743692983,0.012450560147297235,0.01392975078723594,0.016816380877040932,0.015430659158455923,0.010812903717178645,0.00479001224612313,0.012573085490483443,0.010547580696537528,0.014095166910715995,0.014913164362430316,0.00852695006116815
stdev_article,-0.01036644088439153,-0.010655215816097853,-0.010038588209929929,-0.009345587764204846,-0.003469563204418138,-0.0077783357058575945,-0.007829993206985941,-0.00858362329181607,-0.01072156186779934,-0.01047446814160937,-0.0017389020250990301,-0.0164675978260233,-0.010781517888105097,-0.010408447963168466,-0.009761839176704493,-0.009908993514998918,-0.01068391911762543,0.00035960057426082277,-0.008774980666865138,-0.010587941243884182,-0.010355879828010566,-0.010894999581842178,-0.012992764372614367,-0.011025940525948998,-0.009977959588001321,-0.009548500789373245,-0.00908424268718521,-0.010191906764838422,-0.00833091833141029,-0.011592808811949845,-0.0036044173454605434,-0.008461091123519324,-0.015831914930064077,-0.005969150859747965,-0.010216194553110038,-0.014801531429854122,-0.010949918798147051,-0.016173226321984386,-0.01187587746993809,-0.01136342361111067,-0.008613171100933549,-0.00798452746452268,-0.009679898539537563,-0.013835939573491017,-0.0104143950426431,-0.00919593218362176,-0.009066910076256457,-0.009731190761590054,-0.0026570827547508164,-0.013133467656448593,-0.010338435195847805,-0.010122560256238092,-0.009772556800435706,-0.012602655055035161,-0.011285162810998204,-0.00865381878608592,-0.009989160178196115,-0.012901873317611619,-0.00786725702501228,-0.012632510979775033,-0.007958357178551142,-0.012103622896499761,-0.010225406430556371,-0.009927267576884983,-0.0113601417087702,-0.00911137468509721,-0.011832955026110255,-0.007337187347505594,-0.011353538539622295,-0.009850708985576922,-0.009356054954174894,-0.009361933563812805,-0.0097747519864209,-0.011388593692596202,-0.010623718150975027,-0.011140988943668113,-0.015070078125586823,-0.010216012716516034,-0.009482036152660227,0.005619441702414301,-0.014569543937217044,-0.010592126327913712,-0.010037653445257404,-0.010494636166548514,-0.009706789369205875,-0.014041242350139656,-0.010291723904970407,-0.01776328932450875,-0.0104498335785563,-0.008910266415965469,-0.010405598074944565,-0.01642522783381787,-0.010987070756208151,-0.006974239218779283,-0.009925484502501122,-0.010223167995587057,-0.0018015535960288218,-0.010114345440086929,-0.01059742474741763,-0.007380192851464646,-0.01105051874971608,-0.0077614511164864385,-0.014205635420992102,-0.009549905553706379,-0.011188383912195132,-0.008374587103047886,-0.009607243188203302,-0.003941647489834913,-0.020979220855220183,-0.003958530748580187,-0.010408589750014824,-0.01042714458331057,-0.009445159406698099,-0.010284309837089318,-0.00662411406840969,-0.01704035552323529,-0.010888240182321006,-0.009813318399123031,-0.010243877845321846,-0.012904198333721197,-0.01020383583694141,-0.010262981609610367,-0.007669700624520262,-0.012381639522846027,-0.009370575097601756,-0.008950445458005985,-0.011484173945507655,-0.009422875409014542,-0.009669271987539866,-0.008701866066473102,-0.010442769370020108,-0.008427826362720544,-0.010782652170620077,-0.012084713056333043,-0.004778004880411735,-0.016978052360232483,-0.010295089001272946,-0.011842036686762425,-0.009332406458658168,-0.010139968945933202,-0.010822838255485807,-0.010839627973109896,-0.010483606884888107,-0.013360069982453607,-0.010011647251853991,-0.01334925638479605,-0.012198307394913427,-0.008645848552544903,-0.009461241061423356,-0.009961906279798257,-0.009236705778509886,-0.014696000020186804
min_article,0.0,0.0,0.0,0.0,0.0,0.0,0.0,0.0,0.0,0.0,0.0,0.0,0.0,0.0,0.0,0.0,0.0,0.0,0.0,0.0,0.0,0.0,0.0,0.0,0.0,0.0,0.0,0.0,0.0,0.0,0.0,0.0,0.0,0.0,0.0,0.0,0.0,0.0,0.0,0.0,0.0,0.0,0.0,0.0,0.0,0.0,0.0,0.0,0.0,0.0,0.0,0.0,0.0,0.0,0.0,0.0,0.0,0.0,0.0,0.0,0.0,0.0,0.0,0.0,0.0,0.0,0.0,0.0,0.0,0.0,0.0,0.0,0.0,0.0,0.0,0.0,0.0,0.0,0.0,0.0,0.0,0.0,0.0,0.0,0.0,0.0,0.0,0.0,0.0,0.0,0.0,0.0,0.0,0.0,0.0,0.0,0.0,0.0,0.0,0.0,0.0,0.0,0.0,0.0,0.0,0.0,0.0,0.0,0.0,0.0,0.0,0.0,0.0,0.0,0.0,0.0,0.0,0.0,0.0,0.0,0.0,0.0,0.0,0.0,0.0,0.0,0.0,0.0,0.0,0.0,0.0,0.0,0.0,0.0,0.0,0.0,0.0,0.0,0.0,0.0,0.0,0.0,0.0,0.0,0.0,0.0,0.0,0.0,0.0,0.0,0.0,0.0
max_article,-0.05103355041218592,-0.05188520030783472,-0.051068591410146,-0.050588288944422515,-0.04522026841778258,-0.06026853393989842,-0.046069091681721366,-0.05165735446827015,-0.05488131303442938,-0.050389963775657444,-0.045142062504809254,-0.054538295302776194,-0.051363256011632115,-0.047216675536173806,-0.050039056723243665,-0.0501970818018908,-0.049923885298110635,-0.03435701838452375,-0.049565897878422666,-0.049215677085516156,-0.05123669999239986,-0.05136754475946757,-0.05371409972699729,-0.05117263224496257,-0.05105067875597161,-0.04816149867609838,-0.045658523762997144,-0.05072817487752448,-0.05027008033400568,-0.052651867186644004,-0.05589267411870221,-0.04933839154922011,-0.0596349607255729,-0.044635337691164394,-0.052146992261295246,-0.056956378789936105,-0.04408221560970914,-0.053382797690236336,-0.04616109168405909,-0.05285103280577107,-0.04751820019007551,-0.052340469561665104,-0.05144547266842642,-0.051410880349959914,-0.04941747202935153,-0.04596974685159457,-0.05065277645573869,-0.05077590217486099,-0.043236009093837256,-0.049918726027659135,-0.051101444304634744,-0.050871540634820335,-0.05155177167034039,-0.051814697750933475,-0.052261115178850515,-0.05091097432918293,-0.04092977921747394,-0.05463455962079801,-0.04770802985281154,-0.0500449330628845,-0.048734467257594775,-0.05351342064289673,-0.050918717663550536,-0.0506826575170317,-0.05479777660779541,-0.05005938760350544,-0.05152237498314651,-0.04859879271779759,-0.052004946593037935,-0.05116724072434914,-0.0507474417522369,-0.05023392289605455,-0.050844114449230704,-0.05165191747680846,-0.05067937413489758,-0.0509858568052388,-0.048156332063489835,-0.049713425677745816,-0.0520394545322395,-0.03975780044529121,-0.05465566866837503,-0.05221383400169701,-0.046586691377221046,-0.05122824131129647,-0.05079015876135148,-0.0528863404239806,-0.05138810699438597,-0.053861694757273336,-0.05319129971288967,-0.05506650477447703,-0.049523829897570204,-0.06343158171077906,-0.05248044054743309,-0.04794117536957635,-0.051872198485645754,-0.051118856509299364,-0.03135524007941616,-0.050826024021500896,-0.051817457851683325,-0.04418051014861708,-0.053551657148222895,-0.04925396830594609,-0.05535809435456895,-0.05014513717736828,-0.048929577213386,-0.040954483660123005,-0.0515646928485208,-0.04421939495605594,-0.05494075254518542,-0.05016241711894822,-0.046405117731157894,-0.05450065626051273,-0.04966456457111809,-0.05088924227766232,-0.04634443479734565,-0.05402690088968118,-0.05108221483686411,-0.05086177272144708,-0.050850329824307684,-0.05207846443279672,-0.05105025949166498,-0.051054332055203606,-0.050263321934247596,-0.05730867233212248,-0.05260456950277309,-0.051524366347578655,-0.052109654804879516,-0.05097737768344888,-0.05236695328884995,-0.049671245700837974,-0.05110652478664918,-0.044166627267053525,-0.05136656191028285,-0.05142151659764059,-0.042487032981745325,-0.05861879536928117,-0.05094107573822639,-0.05196684227847734,-0.04421611312503684,-0.05108652419349409,-0.05277549943688489,-0.048661453248446826,-0.05041152042258236,-0.05490626452028367,-0.0518699586444868,-0.05224510192628295,-0.045001772234524444,-0.04937658320598583,-0.04921697520201254,-0.05038830425905411,-0.051076922912610234,-0.04718492822554479
average_argue,-0.011374255879542744,-0.012694226458542849,-0.011204412572078302,-0.011441131908393947,-0.01223748969430783,-0.012625276777236561,-0.009517130983701827,-0.011943727035434455,-0.008347127504399098,-0.00977860462614482,-0.014224978495527882,-0.016270734882079547,-0.010175403837928039,-0.012606564827931314,-0.011577591396857552,-0.011221131695443337,-0.02045232467377668,-0.013876903925150473,-0.010547472628276978,-0.012457451554683918,-0.011291402654996237,-0.010735411274702886,-0.012043107722896573,-0.011255372514039623,-0.011571371806677042,-0.009561777872348139,-0.010560242649939065,-0.011616161271502078,-0.011270309759026653,-0.01164476941740808,-0.008115799492325729,-0.012408682300873858,-0.007805452997422645,-0.0020572941188859856,-0.0120107669732882,-0.013965263166812007,-0.008514148311763427,-0.00786785254142669,-0.0166997416600784,-0.011176329544395864,-0.009473751366555452,-0.01111776219804688,-0.011524142461284491,-0.016620570587591903,-0.013783509491287128,-0.01831279665166917,-0.011800036869601314,-0.012242904197905389,-0.008725092204785085,-0.013072723555474865,-0.011304081020124708,-0.011357130461607273,-0.012121642755051065,-0.006474660483703692,-0.014393814248444159,-0.012088799032763775,-0.01677862663445939,-0.011114719275051727,-0.009230848311519584,-0.011489226835778094,-0.013812385741168564,-0.010613860056167018,-0.01126761681656788,-0.011229323714849884,-0.010927303000073222,-0.009672322802102808,-0.012320140599247523,-0.01358719365322053,-0.009760706519539305,-0.011470168426430338,-0.011577488431066995,-0.01136704819661424,-0.012630142803794854,-0.010415727180947784,-0.013159787796138165,-0.010838417055908878,-0.00777602628305267,-0.01399945485952514,-0.010248360170901104,-0.012467020565941705,-0.02194668807611036,-0.01063514914149774,-0.012253925242883022,-0.011010061516278341,-0.009357459650194126,-0.010076737142360619,-0.010667329527831261,-0.0159903175016963,-0.01147069895941323,-0.012986109349082835,-0.013295127574838368,-0.001321977779434852,-0.01317572647856301,-0.018278717868258583,-0.007466717331712957,-0.01114634003933163,-0.01637128245119334,-0.011491696256251314,-0.00998043862603018,-0.015195525489572141,-0.011099740486193457,-0.01229737057086451,-0.010839061151373987,-0.010446188027908976,-0.012253248550744243,-0.015001568774603763,-0.012069466095262799,-0.010066823514102569,-0.01783539511601168,-0.016223577659151552,-0.0037372417022783835,-0.009589391516691213,-0.01126912319758772,-0.011461899822183146,-0.010326788599586668,-0.017812714054841024,-0.012824846515116416,-0.011932579018050518,-0.012156483348892157,-0.008462441969383984,-0.011239669282225168,-0.011547451783059513,-0.009636098315823675,-0.007344478308012672,-0.010656718201345585,-0.012086855278497417,-0.011248383366827028,-0.010514492117269455,-0.013601016293755146,-0.01236205238695013,-0.01087057205481784,-0.011425053520848362,-0.011670023564818326,-0.009719286552094968,0.0011377205035334112,-0.020833763043287157,-0.011395280859151431,-0.007889654668244386,-0.010035222126195904,-0.01325248483596645,-0.012779751864738391,-0.01431289716703682,-0.01208282243819394,-0.007975909429966337,-0.010997362833383914,-0.010747795302695595,-0.02210112208120555,-0.012656343316084614,-0.010049570520789832,-0.011223556224323403,-0.009656788888383581,-0.016797207707437155
stdev_argue,-0.01413758545786796,-0.014450123208758367,-0.012893716191173708,-0.013855578617139964,-0.017014559967901,-0.01547254070789332,-0.013084412353592083,-0.0171032278970596,-0.013403564089423607,-0.013732384225160328,-0.017809789060046037,-0.01903410832983743,-0.014730826592886652,-0.014405504483278563,-0.010531072939425463,-0.012800800053072263,-0.02091572781781357,-0.016253763444458072,-0.014176735011318567,-0.012650774357864096,-0.014286478416698459,-0.013566438523850581,-0.01618603791246479,-0.013011251267640002,-0.013460754003300268,-0.011904041429080803,-0.008819983975234716,-0.015049479047110785,-0.013163474272429344,-0.014606687787472799,-0.00824440678622862,-0.01400142740321533,-0.0139696978717226,-0.012133315563178662,-0.013596632014477202,-0.008171288656735463,-0.019430033309272517,-0.018804059303608085,-0.009133952859175929,-0.015534202469620617,-0.015587432054612133,-0.012593481024658737,-0.014372361378079138,-0.02146152598754279,-0.013632689858776977,-0.005422240575611831,-0.014088744628216642,-0.013787412163321088,-0.016610455642334578,-0.012430989179963988,-0.014820089749844646,-0.013997194153531775,-0.014339351159490657,-0.014603232645790928,-0.015589160082206975,-0.010117239775670119,-0.011052612528208852,-0.014680974972535888,-0.013815208595840647,-0.01945277366844218,-0.0160588284105689,-0.013531588220512671,-0.013722350968463023,-0.014248338777662507,-0.018370318394961543,-0.013497717562983291,-0.014449427780177812,-0.016581961567881193,-0.01819033777767865,-0.014028154952581029,-0.015430827204567447,-0.014976625691012671,-0.013913667966553606,-0.014412213956548525,-0.013807606179265942,-0.012485496031401734,-0.01626630342585659,-0.0148046677703816,-0.01073392947094387,-0.0185845354027328,-0.027950803058023405,-0.013361421683984201,-0.023236344339434625,-0.014550838104133754,-0.014555232709065932,-0.021520838429616766,-0.014242423410681541,-0.0209470620322803,-0.013855883938691804,-0.013099192544927182,-0.014483318213356057,-0.0068865346833311,-0.013260681592939985,-0.01675532602260668,-0.010709514762500018,-0.014335890210004268,-0.01807167334180999,-0.01397649615292055,-0.013438707556328137,-0.015367951304754546,-0.01284726835198554,-0.014106298030665876,-0.011364922015771918,-0.013564035316386974,-0.014938239049988117,-0.01633570288069229,-0.012804169881538048,-0.012122161632809485,-0.007916282618959991,-0.012697042793920164,-0.006489615640004921,-0.012453566000361231,-0.014044247333329159,-0.013394301318479709,-0.009907379531586803,-0.006914648176416183,-0.014291154322152295,-0.013956757118590953,-0.013053732230619154,-0.014079752216496585,-0.013644542926734102,-0.014029872818770415,-0.011187436381837848,-0.012648652414935267,-0.01542362290604083,-0.015491576385567522,-0.013984952551718444,-0.013741375754458163,-0.01186747745116528,-0.012086349652338457,-0.01467757937173815,-0.016564241350846297,-0.014480591960225643,-0.012493422706766746,0.001960201603029628,-0.01622391341778965,-0.013993299988643328,-0.015120756968264905,-0.013251021711361007,-0.013691708804583348,-0.013664577315486814,-0.014977568378718359,-0.013602201606379906,-0.007618821321999113,-0.015164613726142116,-0.01801068909797162,-0.0068590140232890826,-0.017252993888216835,-0.012616476370040784,-0.014790296398201654,-0.014114066213213664,-0.008674516230921008
min_argue,0.0,0.0,0.0,0.0,0.0,0.0,0.0,0.0,0.0,0.0,0.0,0.0,0.0,0.0,0.0,0.0,0.0,0.0,0.0,0.0,0.0,0.0,0.0,0.0,0.0,0.0,0.0,0.0,0.0,0.0,0.0,0.0,0.0,0.0,0.0,0.0,0.0,0.0,0.0,0.0,0.0,0.0,0.0,0.0,0.0,0.0,0.0,0.0,0.0,0.0,0.0,0.0,0.0,0.0,0.0,0.0,0.0,0.0,0.0,0.0,0.0,0.0,0.0,0.0,0.0,0.0,0.0,0.0,0.0,0.0,0.0,0.0,0.0,0.0,0.0,0.0,0.0,0.0,0.0,0.0,0.0,0.0,0.0,0.0,0.0,0.0,0.0,0.0,0.0,0.0,0.0,0.0,0.0,0.0,0.0,0.0,0.0,0.0,0.0,0.0,0.0,0.0,0.0,0.0,0.0,0.0,0.0,0.0,0.0,0.0,0.0,0.0,0.0,0.0,0.0,0.0,0.0,0.0,0.0,0.0,0.0,0.0,0.0,0.0,0.0,0.0,0.0,0.0,0.0,0.0,0.0,0.0,0.0,0.0,0.0,0.0,0.0,0.0,0.0,0.0,0.0,0.0,0.0,0.0,0.0,0.0,0.0,0.0,0.0,0.0,0.0,0.0
max_argue,-0.0011867546248671493,-0.0008422144631436979,-0.0008083589709732067,-0.001373123795910293,-0.0049330774897724805,0.0025021812831443058,-0.0026933211637301113,-0.006319203585107347,-0.002438155729615296,8.391503359679586e-05,0.0005823236979001917,-0.0020608127660336206,-0.0018545613016059462,-0.0025114174011402826,0.004228518588346754,0.0021716125667922068,-0.0013977492102518613,-0.005691921152548421,-0.0037738237618740386,-0.0014481329507381943,-0.0011129750568814253,-0.002001677461896695,-0.001509338603552235,-0.0003560482565066331,-0.0010009987340750814,-0.0024815697297574726,0.0011389616457835802,-0.0009006214434062326,2.4727773338908965e-05,-0.0018896874465850685,0.009149765244826143,-0.0011915999622758647,-0.0007773543251758455,-0.0021275287316625327,-0.00035169185869576153,0.002404485751434114,-0.002524448951784799,-0.010606777892010283,-0.007237094922170506,-0.0015755059157928977,-0.004840003788492087,-0.003960648839131935,-0.0016687216112169362,0.0013671989226804494,-0.0014676068181164459,-0.0009256852344393454,-0.002322038602054169,-3.873142954956277e-05,-0.0030183487824793284,-0.0011706267118360841,0.0008457042170474174,-0.0014402206846414883,-0.0019674289133309666,0.0005203008906067702,-0.0032237884272067682,0.00512248175959118,-0.004811344179240083,0.00048612738697891705,-0.002551749400027531,-0.0022420269370054396,-0.003181108296587118,-0.0023487803547066546,-0.001266058144269798,-0.0015705104279164703,-0.006556303618325245,-0.0025423499772176325,-0.0012454664312122818,-0.002723368159058319,-0.0017015630062470477,-0.0014935375254031824,-0.002438710007720196,-0.001643840631803735,-0.0022035702923044603,-0.0036557011303929507,-0.0003667301496639089,3.752810627390829e-05,-0.010561631941623587,-0.003209326349378115,-0.0002597413713728222,0.003344839981441673,-0.007631017546981436,-0.0020826463482960383,-0.00567270210014751,-0.0023714031980164654,-0.0013572113266567959,-0.005287072695637395,-0.0013234162871941513,-0.0048390605191272265,-0.00429718175283985,-0.0020337712053989723,-0.002338821208731773,0.0008331228697804755,-0.006276084442525982,-0.005130398033741455,0.0021942857145207384,-0.001716647961148829,0.0008204597125034893,-0.0014382293078158345,-0.0011392463075224277,-0.0034351113421572377,-0.0032048798366411807,-0.0017648458107381235,0.005175539413135581,-0.002835862641469622,-0.0014840751296998633,-0.0003950725697353871,-0.0006238125311237158,-0.00019901791887951686,-0.0063334659274847105,0.0026823167608351905,0.0029654006645860598,0.003014040953002145,-0.0017911803784389294,-0.0017172727135722071,0.0007960298806338681,-0.0017227381368896677,-0.002387882759940528,-0.0009104694655258441,-0.0006593237187106915,-0.003879210850761587,-0.0012853639185840468,-0.0012145037328960967,0.0033312825309878974,-0.00038722732722719366,-0.0044793906669096245,-0.0046638351693348845,-0.0015777512126375695,-0.0017994407960225875,0.0010475929629945452,0.0018487467515255623,-0.0015833285619248488,-0.003992152947738373,-0.0017914793932641004,0.0010177408629331725,0.014358933387221294,-0.0007806639090220738,-0.001435027920219288,-0.003680295698001261,-0.0051062709011854765,0.00014096407761782226,-0.0008965125718364414,0.0014031312969680146,-0.0011761310928958962,0.010620261984720374,-0.002172120571644648,-0.000841490740582887,-0.0005218900304822249,-0.006899770255638905,0.004948036806784,-0.003693292175647442,-0.0008658166670596767,0.004499537203336556
average_auxiliary_verbs,0.04415701333764165,0.044059777833009184,0.04372359540567531,0.04317131899227291,0.04215636053485857,0.034857151071904346,0.045310537729831776,0.042230923552948524,0.044126122491600625,0.0442044466960625,0.04422024310733308,0.04418545376755956,0.04319779249233258,0.03847982184060543,0.044480753664453615,0.04440723745923916,0.03785835670335387,0.04070894484179538,0.04528576096447163,0.04542100484892418,0.044221868065463826,0.04593401609102204,0.04271221195129351,0.04339188675525451,0.0440225052003902,0.04458622377523706,0.04508396289505237,0.04301710814351847,0.044830650237788344,0.0425286340944039,0.034628319357313427,0.04404271789017691,0.037460274727184766,0.04351169349987738,0.04448477134431752,0.045127935706767874,0.04350555199879265,0.04570026355674771,0.039379656895875276,0.0431658609811858,0.04419064188349079,0.04043629272335732,0.044064304768698395,0.03047920302835563,0.043699762050996266,0.039758757035379934,0.04402403860366537,0.04367596073868052,0.043828471049920485,0.043427924641383876,0.0447809243270313,0.0441738015815247,0.04396344795408724,0.04136296729262947,0.042142345920006985,0.040499065705038036,0.050996079012443254,0.04382084286753823,0.0471452574461778,0.04515283958936332,0.042346185058306604,0.040887188834761626,0.04437328844866813,0.04426546302553282,0.043975783669027387,0.0438269798595288,0.044083849457459814,0.042577639690761185,0.03600356146785817,0.04429872177956959,0.04399712317711931,0.04435259919603084,0.043582923921211415,0.046004061401017635,0.044596054697023796,0.04523850195935372,0.04971698728350954,0.04258492143793741,0.04301184119137815,0.04512177832656922,0.041801825481636766,0.043751094434346514,0.04172186092260194,0.04431274004414592,0.044892656048286725,0.04502802388041692,0.04390440511089179,0.04073819246515434,0.04418479452205586,0.04013215354061668,0.04475708272874908,0.03551627968701852,0.04361146789104748,0.03843038796247915,0.042347909487956414,0.044134075931316186,0.04599833338344439,0.04424583773809321,0.04375121078846714,0.0463671415171157,0.039655004303049246,0.04261791307470721,0.04202447344142113,0.04419347247306972,0.04315530001192717,0.04662826746691208,0.043377152520339385,0.04398541493143684,0.04037454056181096,0.03879772649643283,0.046833454306414765,0.04249769816577806,0.04436136743957773,0.04456408514481659,0.04237214218255332,0.0431953833165766,0.044437013876993746,0.043908229721106265,0.04207829289403055,0.04344755673680176,0.04381694071599555,0.04414625155273765,0.046100836359407926,0.04303999186314454,0.04303562579036403,0.044370957919470044,0.043669278826922904,0.04385471725421659,0.039725977102210604,0.04339200629583019,0.04540992155346882,0.04775648078353187,0.044022576300485824,0.0415083156568023,0.04240127124273037,0.042322381759824966,0.04427732810762938,0.044063817593327226,0.0480467198195305,0.04440918114122244,0.042677628296265424,0.044448284056876286,0.044869296525347754,0.04090666831276045,0.044227091464242904,0.045090980649183314,0.0449444271445319,0.04556518107318773,0.04540071020528937,0.04504688689006252,0.04606478925596692,0.04129552040962301
stdev_auxiliary_verbs,0.04844702439394171,0.050402583271478923,0.048964929243761335,0.04697817244160853,0.047339406080339944,0.041972844865956725,0.044163790031876496,0.04794370909482126,0.04919893965990938,0.04929647153870817,0.04527329994742711,0.04790923955139183,0.04889628613123884,0.04534174301331258,0.04723208188428789,0.048414079972276924,0.05048645656785452,0.05354828989258237,0.04659907558709113,0.049763272652861165,0.048321521462984705,0.04838294260899105,0.04848146939385228,0.051165364024499074,0.04884356543100899,0.049446746992762435,0.04935017120071942,0.048710114792521485,0.04997624047252785,0.050874333021090054,0.04290871215053228,0.047021407002483986,0.04505961526146813,0.04666755212924095,0.049011291908689705,0.050221832632200314,0.0455703209714166,0.04700052709422747,0.05325320617748024,0.049557354294202785,0.04787530676467408,0.046650028081648635,0.04878734029892217,0.05641384642473317,0.054563265321462,0.04728683160248098,0.04903576892590741,0.048781233838056826,0.05690508171288761,0.0451718012699783,0.04598662388844646,0.04878420184028069,0.04821031253674352,0.045029122695986176,0.051695272425271194,0.04669255343420774,0.04595566420377482,0.05032283348863413,0.04935863746314635,0.045638690022149146,0.048511904120692353,0.04706908825719256,0.04898198013070446,0.048684045538518836,0.04322104115577331,0.05030046260760765,0.053582341133112964,0.04981008715401673,0.04739828029822642,0.04898553340624467,0.04785688908182179,0.048040721647249075,0.04756341772041095,0.048833598908234674,0.048908619064334226,0.049272900783968863,0.04401748495227319,0.048479360521987536,0.0519702207010829,0.04200829524841254,0.033543163115078545,0.04883737497390941,0.045602553418096964,0.048699628232386806,0.050019206998201865,0.04251097893787486,0.04887419899837036,0.04745843620036872,0.04897816049160905,0.04953948071322087,0.04584918988186469,0.04629654105723688,0.055674410724993004,0.04480582104694315,0.0497933859060532,0.04886235006617908,0.04475752027620372,0.04872147258018948,0.048634152680636776,0.04817513684508488,0.050031227032917985,0.047930871842521816,0.05383663066702178,0.049005444721182345,0.04996402043808439,0.046125067235627405,0.04781694963628444,0.04649281097317968,0.03905410190665269,0.045504321064820004,0.0449411536506092,0.04530947316812639,0.049173698010226044,0.050060578972465394,0.048443280980498285,0.04380079671718003,0.0488409536038881,0.049174347755230774,0.05229094299234359,0.047977892638283094,0.04857006100986045,0.04868791095282261,0.052971178836795,0.05021908507962748,0.045611300603875346,0.050349564802583555,0.048440423127296114,0.04875668977373056,0.051460279287802155,0.049772867246926145,0.04838306775232715,0.045911807838248817,0.04889043203200212,0.04740711917472402,0.038679162285716696,0.04556893817037804,0.04887576395217344,0.051121429194171286,0.05264855866315379,0.04894354264489847,0.04655113293243561,0.05305304519252923,0.048494883445968265,0.048007282265701806,0.048974237022095274,0.04584455074227911,0.05510467345320367,0.04772733736928289,0.04248352637594548,0.046914524237037736,0.05039659399269307,0.04770544991692702
min_auxiliary_verbs,0.0,0.0,0.0,0.0,0.0,0.0,0.0,0.0,0.0,0.0,0.0,0.0,0.0,0.0,0.0,0.0,0.0,0.0,0.0,0.0,0.0,0.0,0.0,0.0,0.0,0.0,0.0,0.0,0.0,0.0,0.0,0.0,0.0,0.0,0.0,0.0,0.0,0.0,0.0,0.0,0.0,0.0,0.0,0.0,0.0,0.0,0.0,0.0,0.0,0.0,0.0,0.0,0.0,0.0,0.0,0.0,0.0,0.0,0.0,0.0,0.0,0.0,0.0,0.0,0.0,0.0,0.0,0.0,0.0,0.0,0.0,0.0,0.0,0.0,0.0,0.0,0.0,0.0,0.0,0.0,0.0,0.0,0.0,0.0,0.0,0.0,0.0,0.0,0.0,0.0,0.0,0.0,0.0,0.0,0.0,0.0,0.0,0.0,0.0,0.0,0.0,0.0,0.0,0.0,0.0,0.0,0.0,0.0,0.0,0.0,0.0,0.0,0.0,0.0,0.0,0.0,0.0,0.0,0.0,0.0,0.0,0.0,0.0,0.0,0.0,0.0,0.0,0.0,0.0,0.0,0.0,0.0,0.0,0.0,0.0,0.0,0.0,0.0,0.0,0.0,0.0,0.0,0.0,0.0,0.0,0.0,0.0,0.0,0.0,0.0,0.0,0.0
max_auxiliary_verbs,0.0731723288610316,0.0743226871299623,0.07363390081587119,0.07274783244481291,0.07405781009847259,0.05757319847956633,0.06613296665635811,0.07061581645772486,0.07584427807296422,0.07384430943776146,0.07419626285389753,0.07242053073189436,0.07379194732761177,0.07742676321483312,0.07275379467677288,0.07387335947610789,0.0752913329030134,0.06715565123686103,0.06863134391409634,0.07272215241520416,0.07360461976559476,0.07306231915375623,0.07356272871760777,0.07436600297681445,0.07364216083857278,0.07183106795117601,0.07015667640684535,0.0735485170857566,0.07417343792673214,0.07718800565238784,0.06691700260176087,0.07080976504686866,0.07206960584138163,0.07190935100279633,0.07336954744128815,0.07367934880839733,0.07711824274014913,0.07413165044824764,0.07153025527378928,0.08009279702237722,0.07039437541850835,0.07291942184341794,0.07293756789963347,0.08660172771756215,0.08037938789080462,0.06408015899433625,0.07313055942777105,0.07260396032293304,0.07973737139137689,0.07136826090085191,0.07090182527849782,0.07341210496646262,0.07268342941717178,0.07119793956150319,0.07411616508243231,0.07045335168504668,0.06729886501639998,0.07490200906749923,0.07419500177862706,0.06804070798011123,0.0740810350092586,0.07122132981006166,0.07379546408757774,0.07333674238645696,0.07441669527634845,0.07402903201384388,0.07805666245482731,0.07552146954578304,0.07987163397934444,0.07372942611805486,0.07242424610608575,0.07090709072583055,0.0716160552016151,0.07363684632220867,0.07343813575499528,0.07340863408754607,0.07111243729185013,0.07357267824595207,0.07618810268697886,0.06038450597769464,0.066068066333174,0.07250891763781694,0.07979183827161662,0.07404030716823061,0.07423279726114096,0.06846107063165834,0.07413861441958844,0.07148460761535565,0.07425557093685085,0.06932953477476882,0.07074286886082022,0.06610999314398865,0.07589963094575723,0.07001634850227649,0.07438682462753189,0.0736171777599723,0.06933307987984072,0.07325995484079989,0.07368928523001363,0.07017690165343979,0.07349573632945217,0.07289767156686441,0.08020646375947554,0.07453185732880584,0.07434415084714831,0.07363574829390733,0.07195185847938196,0.07128273934153764,0.07533386557384955,0.0702556612347947,0.06490212028557772,0.07127156862574663,0.07353884312983308,0.07523896335956702,0.07230557240111536,0.07398813779906885,0.07351719632812415,0.0741792515491019,0.07375948202128915,0.07197792432306216,0.07288268292376676,0.07344344903787049,0.07407234773556425,0.07375387931456492,0.07093382202135959,0.0748943958200379,0.07330892930129554,0.07270612729489034,0.07235373389358836,0.07135264826508374,0.07291352476765026,0.07104921407436128,0.07311428324181249,0.06951470066790533,0.06667726961914679,0.0736925045491666,0.0734831561810921,0.07591166828403702,0.0759240375727854,0.07305785247138992,0.07136500360345206,0.07423336425351373,0.07345150814942714,0.06843716620980593,0.07367323265619145,0.07620915840574603,0.07079213193853723,0.07079193337524303,0.06983670389704313,0.07126563182291806,0.07498449388249642,0.07234651442675838
average_cognitive_mech,0.01196569299558631,0.013388402452454944,0.0128525804250416,0.012613736178741692,0.01156556124834498,0.014305940951624154,0.009163407885945453,0.011290922291711981,0.011829788010575996,0.011941331390828834,0.01682630442621332,0.009775144984904206,0.012495537470247009,0.011663555143398178,0.011798104341297477,0.012636760367094593,0.013404215624367196,0.01777903382206125,0.009213685548928856,0.009679960238035447,0.012648088012732752,0.011619858894739158,0.011438459034526505,0.012776306030283641,0.012318596863309411,0.0111144132948953,0.011644536716247147,0.01269184125175787,0.012109729733087745,0.014321661980952062,0.012192133531902575,0.010895860395215475,0.01702388426736229,0.006598680404904943,0.012357798966001135,0.011127040900976347,0.009043441535597038,0.011963453392563508,0.00835750100635174,0.012947713790739149,0.01396267496308189,0.010927651438583577,0.012619516209852726,0.01049448062822529,0.010002268335340408,0.013324260862760201,0.012438250844684088,0.012749888588490046,0.015298965651297911,0.011612857701246641,0.011137323966358803,0.012382720106842004,0.012090998638994453,0.01260334873589233,0.009989906831132513,0.011703249603533828,0.010179730043528396,0.012427069416067305,0.011309766267334216,0.008286073391783957,0.01284021251645819,0.011610372610715163,0.01237122860796612,0.012298985416868916,0.0009897132400369503,0.012866600622754649,0.011010581350674772,0.011337362846367261,0.011754590197341281,0.012341907571044966,0.012243238592037697,0.011663644028340666,0.01242870465302005,0.012386011608626995,0.011812929666784175,0.012252360050030296,0.009400050865023879,0.012332574754287857,0.013681971022757825,0.012183559220159259,0.0037062997823318596,0.012305048421097286,0.008778897061827039,0.01199216333316639,0.010165877568936922,0.009672581125829641,0.012214442315817635,0.009528244672958461,0.013784680930014774,0.013676840164901779,0.013633925355013544,0.007056470706220059,0.0094830735223209,0.015476346717118596,0.012146194916146817,0.012385625598909662,0.010031046076683764,0.01244646305401852,0.010970726252588624,0.011702501173049211,0.013703088210279248,0.013338328655944759,0.012418827262058663,0.01260515390735743,0.013132561783177767,0.010661275792268197,0.011875629290425967,0.013855603052362192,0.018334575777387375,0.0113104471965262,0.004331768126738051,0.01634406002535156,0.011784572350994744,0.012332105951607577,0.011098331866014142,0.014462642418077138,0.011096938171944917,0.012808498402636263,0.014653775439498935,0.011498915250304097,0.012735724661704386,0.01238124929370075,0.009280870990954416,0.012760799742724203,0.01251794062375087,0.011752658496321079,0.01240531118601149,0.012423803304525388,0.012411868058229372,0.013453277304380108,0.012579405993737565,0.013669330996190776,0.012040452166374147,0.012799698565678662,0.010660820546735578,0.012551460598715874,0.01233218388623179,0.011992375218958547,0.010646090546639819,0.01211668550954273,0.013142496917414091,0.012929852714401549,0.012060344334548194,0.016725881958263526,0.011902621577013418,0.011917100733110239,0.015293484121670921,0.012944508580473156,0.01063321743700427,0.011822129624581224,0.010063070505682748,0.008870829757450092
stdev_cognitive_mech,-0.015536089637892906,-0.01464743498067445,-0.015255049498444194,-0.015738721299648997,-0.013383111366179864,-0.019232195515982615,-0.016921782343754247,-0.015242232180742278,-0.017428248958098073,-0.013779743203639606,-0.00929966264879959,-0.01224107761307386,-0.016447538400104038,-0.025018141774519748,-0.01533622980668191,-0.015148439256985387,-0.02220627305423014,-0.021912458881864025,-0.018625862620010383,-0.014054878467242734,-0.01589126654815161,-0.016094646461516968,-0.013378726329274254,-0.01617584117602458,-0.015695006250722898,-0.01833445826299849,-0.019774896411999816,-0.016471777062243405,-0.017483512722966287,-0.014655116353104564,0.002700714141968241,-0.01597614891658819,-0.0220238707115449,-0.021535549226247994,-0.01591491683158812,-0.016924714768009868,-0.01147668896221185,-0.01248795266651972,-0.018661395128390733,-0.01826764320997068,-0.01566641240995602,-0.006896337419598778,-0.01608463515453931,-0.01468466845731553,-0.018856188108480467,-0.010845814803153869,-0.015683279083593443,-0.01570835718689234,-0.01835256349192876,-0.014944949609080814,-0.014912590982292178,-0.01569512919673592,-0.016198890183163586,-0.011668153226881323,-0.012421801129767825,-0.014727702475391846,-0.01654186629052186,-0.015084585868294925,-0.011600497488415868,-0.01604660637119352,-0.015954521360297187,-0.018851119985295463,-0.015827597124914324,-0.015346975402406204,-0.019336011602172416,-0.01746068479015284,-0.014132736873006348,-0.016803078190948163,-0.012920832408202293,-0.015794056791086083,-0.014342768269888624,-0.01543335995868812,-0.017138434864299276,-0.015453263285621181,-0.015429140452556087,-0.01573560966202318,-0.017485939372629388,-0.012392493047765124,-0.0156763300585257,-0.008594976652668493,-0.009481254895218809,-0.015649423591136927,-0.014088172260886087,-0.015461322342055515,-0.015272371121262531,-0.01954330602290722,-0.015679862315702696,-0.01767992050745373,-0.018271817626248937,-0.012017315130352063,-0.015055850947421474,-0.020424558310770516,-0.01655139623236752,-0.01280278175024873,-0.013361898958695056,-0.01596209497352371,-0.005326719617259747,-0.015694110543207247,-0.01653804432724637,-0.018243766977238843,-0.01597653877933443,-0.013998233345668618,-0.013639600337483628,-0.013706332915834661,-0.017787346631502096,-0.013239767163028549,-0.017562871290957332,-0.017427236411189026,-0.009390652591060797,-0.013448236709839325,-0.008749277204497797,-0.012629772264515735,-0.01609188717279158,-0.01536805415163128,-0.01770639977174747,-0.012156910348815225,-0.015415005027675366,-0.015603588522425556,-0.014768251632293729,-0.01469330379719626,-0.015519894549210923,-0.015567515362018822,-0.011266781927665304,-0.01989610407828819,-0.01658970190078385,-0.01562590683154495,-0.015527790968010479,-0.01525539338310894,-0.01636445252535873,-0.012483872750483254,-0.015857180686125506,-0.013356726096024184,-0.015490472975775011,-0.013790740441519221,-0.012785786447670922,-0.018922057953017685,-0.015598867812544529,-0.018582937548197002,-0.019659198649421474,-0.014957393263683966,-0.014928961936631579,-0.016179402312819204,-0.015794556442745973,-0.01577525600041625,-0.015532659595749345,-0.013237545823286633,-0.017840321959116317,-0.012783538859220313,-0.01710941047007102,-0.015415098099633179,-0.014873853051841602,-0.012981687971874266
min_cognitive_mech,0.03816070248741217,0.03798147478482594,0.03811784501374557,0.038525260272240076,0.03640870600944422,0.036857625319779805,0.03770791836135755,0.03714378705357485,0.03821185551874883,0.037312367216890276,0.03185995195308275,0.037295741699524355,0.037758322081564426,0.03680707415110261,0.03917657923544074,0.03772879813696677,0.04170624106319599,0.04911392858219209,0.03399394327597471,0.039235617394625506,0.0380276395829316,0.03600699013344166,0.03622516222489349,0.037904230974026475,0.03792323814957384,0.037168998090504404,0.039156645716277264,0.039052035963821966,0.03380922710234096,0.03606524807048065,0.02640378986565943,0.037683918427479715,0.03514054128013795,0.03705722354029416,0.038489156793354996,0.02638539155319092,0.040332677291549546,0.04186050084760517,0.03338900132901614,0.0369391400197265,0.038489841653023195,0.03834683301030519,0.03824280864242025,0.03323718063415133,0.04056107366533101,0.04351557640923965,0.036438326474057044,0.03740694020927306,0.04169333203041454,0.0398975929471615,0.03667211969910105,0.03803016986508588,0.03732112233083174,0.03654832353619454,0.03992999940518395,0.03833780341151066,0.036093396450426904,0.03598929770764694,0.036758104691684855,0.037782118169195626,0.03969301098558421,0.03862778599493959,0.03822873337623294,0.03668768247115779,0.03180221484513704,0.03737711629530493,0.03914209215040397,0.03941820105735279,0.03606959183065339,0.037518979116405796,0.03847088552485505,0.03781052289748097,0.03775187984629076,0.037199391172144346,0.03879211715578359,0.03803981460562933,0.03845438195235049,0.03809701903717464,0.037920604991423024,0.02299058811682073,0.03995558333700221,0.03756783923261499,0.04207473165449578,0.038472602696279924,0.03689172366371637,0.03247770216414452,0.03765900493476998,0.038038633447223365,0.038246114848273505,0.03766275235305499,0.037497904450440656,0.03779786213338821,0.039013471240846094,0.03556327828360072,0.038833412890838775,0.03819333650706957,0.03680469858891231,0.03812243122588769,0.03924752210300555,0.04021260024740441,0.042610772427974085,0.037127898395169105,0.03866781633015531,0.0387139205452316,0.03873325447232721,0.03267177204131445,0.03770687009624756,0.04129719499391331,0.0432266230523117,0.034432417561447694,0.03232912281094118,0.03644631102602259,0.03819404466228319,0.03824758156475795,0.03681425551383925,0.04054458546628858,0.03769131973192984,0.03712912081680535,0.03817801405000419,0.03633816562463496,0.037989194290706206,0.03819067725429928,0.034514181869628645,0.03507820299868893,0.03456985973321541,0.03883483427218175,0.038370800519148644,0.0377571970802445,0.03760464918549739,0.037806188512872256,0.037548174450721214,0.041437305611939985,0.03800368908420842,0.04140207735978633,0.03195477904950081,0.03838957778383406,0.03808230681471039,0.03827886919247318,0.03953856346779948,0.037392103146750524,0.03865990546253653,0.038613991484962695,0.03715276150194053,0.032937702544113615,0.03256784346812113,0.03914294422229711,0.04717755778176093,0.03796796486575894,0.039188007097224704,0.037597520132618335,0.035734772407521806,0.04362112930700477
max_cognitive_mech,-0.024995001051461678,-0.02448447521504349,-0.02508615430917946,-0.026022631591726988,-0.023999604712789634,-0.0264016867704846,-0.027951477100249523,-0.024924662557659842,-0.027415780778214296,-0.022049184954816406,-0.019274912173548285,-0.023052525333022128,-0.026030847799442872,-0.027813559874270387,-0.024869052951386236,-0.024823444785182183,-0.026774403787405237,-0.03701041604228865,-0.028442727147242094,-0.02472505878511862,-0.02571973489982285,-0.02489880525337727,-0.024561499158048818,-0.025647567079880453,-0.025028297574083137,-0.028432209382782368,-0.0292680326230055,-0.026027406168074703,-0.026751833843028316,-0.022388960208245115,-0.010908357899849036,-0.026079416074373217,-0.027768137590083026,-0.027030540838164287,-0.025563252879603475,-0.027956349001517923,-0.01767435071489168,-0.02532835142132784,-0.017594562640557233,-0.02754452088236324,-0.02665768166940484,-0.0178237164395885,-0.025777948861088276,-0.025929467035721313,-0.026918178075301755,-0.017013891631679098,-0.026138000987479898,-0.026382531647965855,-0.029512325601093306,-0.02046425074035995,-0.02392128849711951,-0.025408888154776384,-0.02562880772033667,-0.021728608514538714,-0.02223946470237924,-0.02378287569140486,-0.022812520608471894,-0.024217672942552712,-0.022445560831836298,-0.024671405278984964,-0.026193182816947193,-0.028365850464860634,-0.025551038339996973,-0.02511390419215321,-0.026969593794222084,-0.026545107443897195,-0.022947233514713186,-0.02615965012803246,-0.025191363340827555,-0.02543849534295138,-0.024577158999354115,-0.025751142216833008,-0.026509736475016168,-0.02602614476720186,-0.025426498450111384,-0.024729210847281406,-0.02397304429001727,-0.021934742817453425,-0.025669581657967535,-0.021702995498526,-0.018884318447164032,-0.025401483179538633,-0.021606428840745946,-0.02529610813574834,-0.02534969426634357,-0.031613725924345006,-0.025408193545142274,-0.02719140342054123,-0.03178207036177272,-0.017832968109475177,-0.023267110971073965,-0.02271281513180174,-0.021011612258437347,-0.023408062668826935,-0.022982572040203292,-0.025696526512868884,-0.014270030720884567,-0.025413340130609686,-0.02571224173915495,-0.028349922998205507,-0.02545988180811771,-0.024015774314561256,-0.020536310146520166,-0.024059316958012927,-0.027532922610680643,-0.023470758485669967,-0.026303766325055558,-0.02652648649043027,-0.01640578396539572,-0.024643109316046477,-0.02314095596911797,-0.021971629813090563,-0.02557467049877596,-0.025628539552541456,-0.021878753732013888,-0.01955773125017043,-0.02502097036244095,-0.02426760012821037,-0.025468547364989866,-0.023079124762581425,-0.025379408638495003,-0.025042849106021305,-0.02508106920782849,-0.027538316416065065,-0.026366525136724824,-0.025543670020621002,-0.02496246973217572,-0.025271685244019043,-0.028804051201306476,-0.0256695204121346,-0.026188220775289237,-0.024598141582054783,-0.025543849744867543,-0.021290308066747282,-0.021193562266103395,-0.027846326894338677,-0.025282262110697264,-0.02721162201051512,-0.030421872343002615,-0.023710552624651566,-0.02437472940532527,-0.028828160772099994,-0.02549523151318228,-0.024966070654098487,-0.024812101275445423,-0.023551497645317138,-0.023192891045174198,-0.02046831683249125,-0.025891020506698205,-0.02363666368907443,-0.02471197693793425,-0.026321424320085066
average_preposition,-0.001972484522671939,-0.001744217730120852,-0.001429776656329003,-0.0014604214416208817,-0.00023473612907736136,0.012358329425896559,-0.002533888163759444,-0.0028576561877022336,-0.0035521831573094424,-3.444318268452148e-05,-0.0022815824243745684,0.0021892271367864296,-0.0031123466463664692,-0.006957319402048441,-0.0014923343181683113,-0.001354684349785678,0.0045233549373326215,-0.00030364641180340027,-0.001109046618877649,-0.0004905568808235188,-0.002360856506501108,-0.0034178384622222968,-0.0021133858614635287,-0.0024600594139536874,-0.001985425749336147,-0.0013023821058772977,-0.004751042238723368,-0.002862812946477164,-0.004682983266827382,-0.0009259551879244568,-0.005445127042760975,-0.0026582321582431607,-0.002124643170409205,-0.002293205847203378,-0.0013684074526161241,-0.003747710878197574,-0.002321129335536955,0.0004539992096392956,-0.0019354683278422617,-0.003136779961893789,-0.0011983603316307822,-0.0026395924500842915,-0.0015385393327080965,0.0014126138095681658,-0.0014404129660265785,0.0035924340826621213,-0.001324347765706484,-0.0021780365186512053,-0.00408499076032981,-0.0012847824389299305,-0.0035463433537582176,-0.001960611852663118,-0.0021212458074597335,0.00156601918025013,0.0006618807243763168,-0.0006089298591132383,0.004173507277483805,-0.004884639674802152,-0.0020733548782044067,-0.001896756014980574,-0.0019924069817329098,-6.541104948903573e-05,-0.0018717786940333062,-0.00208140548907646,0.0023575457920495084,-0.0027188502183578896,-0.0030069491751362285,-0.0020317905462657222,-0.0037080692171616507,-0.0023108358618491236,-0.0022688930943232204,-0.0018164035194748814,-0.0008802175148642623,-0.0022284229426184354,-0.0018883650385700113,-0.00160079653519758,-0.005414312614883093,-0.002068234318548532,-0.002329334909051757,-0.0019550821710378466,-0.010411673049503843,-0.002314334319836833,-0.0033552385035226415,-0.0011098709299190617,-0.0030340063529216478,-0.0004152142686933624,-0.001968686123136586,-0.003979923999680123,0.0002880309979207468,0.0007282279720535151,0.0005993816574121282,-0.0018058968100177946,-0.0006718052787665772,-0.0015566366017133477,-0.00285508965085324,-0.0020477075814680544,0.0003697576040137679,-0.001919591550802363,-0.0023357783996885567,-0.002566125711843869,0.004925819282085705,-0.002210019666170609,-0.005478065190426254,-0.0010800760614266417,0.00036872137841782683,-0.006136418063598626,-0.0005528937921951242,-0.0022058363463816977,0.009431652935140322,-0.007361794777485231,0.0012507175764555982,-0.006789913039331086,-0.0019060938502232262,-0.00178968625381867,-0.0032082982335311454,0.006171011591180375,-0.0020588448004311946,-0.0028663965003382632,-0.0002186721789716262,0.0034494953523381724,-0.0015444767975826097,-0.0018482365979857005,-0.006011770592095846,-0.0016831475353244378,-0.002447589975327582,-0.0030884558479840397,-0.0018276565199755596,-0.0020855227650410737,-0.0016347373505312757,-0.0041885838396043765,-0.0023413703707181725,0.004117097934391914,-0.0020883974498805994,0.0002139931183135343,-0.008786408147763235,0.002722294489881925,-0.0019985550586030195,-0.002380021851804345,-0.0022211294751529184,-0.0023428908257366156,-9.811456957333625e-05,0.001542008704239122,-0.0010109923342159002,0.00046632669349764644,-0.0008982172932096022,-0.000899506215967271,0.008968918929688315,0.0015821140232211953,0.0026065272344228127,-0.0012690307384041147,-0.0025490292715883555,-0.0027522221953749596
stdev_preposition,-0.0005644605976805874,-0.00017030841570474676,0.0007678376228475721,0.0007179857405730863,-0.0032858222858030833,-0.01745314734165053,0.001858387167261861,-0.0014458065100842118,0.0008371143414118353,0.0009346659259402276,0.000612775686924194,0.0016364444344528477,-0.000653399983186094,0.01822871888651479,0.0024287081309148184,-0.0005701349591328278,-0.002964307873301833,-0.00950796308795521,0.0012189061098293067,0.0017926289205580717,-0.0009306834693117378,0.0002932265679937403,-0.004502054282938477,-0.0008722543674635464,-0.00037463785923752893,0.0016857425020983842,0.003101682443581312,-0.001031257251735398,-0.0005258351729826804,-0.0017343773309700704,-9.890984414144977e-05,-0.0002848884408554412,-0.0033147551038394483,0.007234228275699985,5.843883094815714e-05,-0.0031639012513926404,-0.006125235357111754,-0.00619713613979354,0.000685335857467528,0.0013904572366993523,-0.0023059791668097428,-0.002312580023972401,-0.00040006611402145995,-0.00908279981953471,0.0019278777492307215,0.004050524248268474,-0.0005900245358652304,-0.00016431771521346287,0.0065380014571432615,0.0032322368817385844,-0.0018523961302056597,-0.00041486601154694944,0.0006057402991287986,-0.00144412337817412,0.000731934923300038,-0.002273149801342477,0.006487376348039982,-0.0018276598878516218,0.0012860153757896925,-0.0003799112361774614,0.00020372282090902558,0.00015046369958851167,5.2431994124079416e-05,-0.0002867120315692526,0.006444780306759993,-0.0010237577743127018,-0.0003407343443836315,-0.0020634582949327542,-0.0014549074491017715,-0.00031422383951663435,0.001438152577001724,-0.0013496607593726463,-0.002034657059886649,0.00047220121097648867,-0.0006907475000938277,0.001768304087493784,0.002230714620938724,-0.0018786880695378983,-0.0008130944903953722,0.0028078700846467563,-0.007362509176575805,-0.0007788003893708637,0.004408582672264332,0.0013456259629368002,0.00029812871312662496,0.01119522749236762,-0.0003873706768062002,0.005757210962238944,0.002420104480755413,-0.0023262587704985342,-0.0004955633417309015,0.005818927870886623,-0.004161347631300152,0.0013665164507238618,-0.001558442364402046,-0.000665877352238403,0.004089808436365231,-0.0004600220191809208,-0.0009047658691370281,-0.0010490558805802304,0.0005151277290804104,-0.000217199631724241,-0.008370768246636207,-0.0007037194441742306,0.0003094513312022354,7.184854236330553e-05,0.00046779321158863917,-0.0041695531429156996,-0.009841489248240836,-0.003120861790491267,0.009102367627643812,-0.0019999166543948708,-0.0003705526758870925,2.8835490405339226e-05,-0.0016742464139314398,-0.005231453882754689,-0.0003215714806164439,-0.002861805328222317,-0.001747461299166135,0.0014888342716271523,-0.0007436537403755225,-0.0006026849469943007,0.0031105254797147317,0.0018687628717415344,-0.0010919248810520462,0.0011334437448848166,-0.000551124174327954,-0.0013271881300365848,-0.001373041965448454,0.0006404120105737363,-0.00013450325344700927,-0.003114201324122847,-0.0007430153177713115,-0.0024603399490826135,0.0028093653486729476,0.008040110714045406,-0.000543498210045382,-0.001779985267732106,0.0026991342873711206,-0.00025824334522244483,-0.0012508014341255647,-0.002307670305221883,-0.0012594360158741623,-0.0001832797001587944,-0.0005736735307800157,0.0010280601812714145,0.008856408811056555,0.005408193178140599,-0.004127438296571914,-0.0026421069343393402,0.000988375765151468,-0.0024102699374078337
min_preposition,0.0,0.0,0.0,0.0,0.0,0.0,0.0,0.0,0.0,0.0,0.0,0.0,0.0,0.0,0.0,0.0,0.0,0.0,0.0,0.0,0.0,0.0,0.0,0.0,0.0,0.0,0.0,0.0,0.0,0.0,0.0,0.0,0.0,0.0,0.0,0.0,0.0,0.0,0.0,0.0,0.0,0.0,0.0,0.0,0.0,0.0,0.0,0.0,0.0,0.0,0.0,0.0,0.0,0.0,0.0,0.0,0.0,0.0,0.0,0.0,0.0,0.0,0.0,0.0,0.0,0.0,0.0,0.0,0.0,0.0,0.0,0.0,0.0,0.0,0.0,0.0,0.0,0.0,0.0,0.0,0.0,0.0,0.0,0.0,0.0,0.0,0.0,0.0,0.0,0.0,0.0,0.0,0.0,0.0,0.0,0.0,0.0,0.0,0.0,0.0,0.0,0.0,0.0,0.0,0.0,0.0,0.0,0.0,0.0,0.0,0.0,0.0,0.0,0.0,0.0,0.0,0.0,0.0,0.0,0.0,0.0,0.0,0.0,0.0,0.0,0.0,0.0,0.0,0.0,0.0,0.0,0.0,0.0,0.0,0.0,0.0,0.0,0.0,0.0,0.0,0.0,0.0,0.0,0.0,0.0,0.0,0.0,0.0,0.0,0.0,0.0,0.0
max_preposition,-0.012657788117279946,-0.011589048545281618,-0.011494773960301746,-0.012072424031487713,-0.013513516047578073,-0.040920397096080884,-0.012724026305114646,-0.014983680739161984,-0.011215923078803534,-0.010087181083759618,-0.009337421974445051,-0.011385185701783752,-0.012049800918748622,-0.005465720135951561,-0.009763768823778263,-0.012176183188283283,-0.013244801663009825,-0.02123427376450203,-0.014586704608288082,-0.012809651278756579,-0.012653532390328633,-0.012755179554675627,-0.014887791839216824,-0.012634700111982498,-0.012259876372181075,-0.013584368286799271,-0.008126110343443094,-0.013529332945917717,-0.013670966124945588,-0.011226968725424863,-0.004859993226803183,-0.012878894140286784,-0.011339106246074442,-0.003718591786954816,-0.011126045571720072,-0.016349657268932234,-0.022305790078760424,-0.016169638924709975,-0.015339180453453248,-0.007634543938901914,-0.01557334642517784,-0.013469329488986402,-0.012478499014199815,-0.009293067940656222,-0.009727425094633167,-0.014552705854714403,-0.014028672917042151,-0.011601426189542458,-0.005224652900503235,-0.012840572256345694,-0.009809480837922331,-0.012419601373074586,-0.012017859101600987,-0.014403962697840694,-0.012450047871179168,-0.011288041449137538,-0.009691377845170976,-0.008690584869874448,-0.011307914467648667,-0.007557313433107498,-0.009499307630718648,-0.011738429740398048,-0.01209197160230851,-0.012228255611459175,-0.015230816737129543,-0.013269410053341365,-0.01222072210589922,-0.013098359879788133,-0.0094869726801368,-0.012128951608489685,-0.01217343821190313,-0.01444239535469781,-0.014892873655803423,-0.011944285396614148,-0.012956730318222387,-0.010694918332208736,-0.008850452970048597,-0.013203946669599852,-0.013958113077354044,-0.0050647241115385705,-0.012181098040690744,-0.012096429255370812,-0.006635052675607172,-0.011124701712012512,-0.009370269336199551,0.0014573205302157426,-0.012275497143737277,0.0044182152984458024,-0.01240981673394899,-0.015241106801017265,-0.014844991146145195,-0.002012947094763063,-0.021763923926210585,-0.013475032541459285,-0.012091790966800223,-0.012473623367832858,-0.005862052890733478,-0.012507730297538244,-0.012138355432109116,-0.017667090105042596,-0.01591528559521784,-0.012668069375859584,-0.019150697271003807,-0.01359854879621902,-0.009712530379756078,-0.008859776740499311,-0.012138061868908362,-0.011948253587373071,-0.025382144326879588,-0.01186018973143156,-0.0009412329488436028,-0.010457350064883759,-0.012772914907589084,-0.01124538548664063,-0.01260678460888518,-0.020152030156276562,-0.012750653466536914,-0.014011660306437338,-0.013231788740121181,-0.015221271201570626,-0.013004375740941104,-0.012851103891012346,-0.005934542285135472,-0.011239134507797566,-0.013222374723585381,-0.013580020673090292,-0.012749063610601075,-0.012323999905978333,-0.014736245446674245,-0.0104936910343855,-0.01214032760118514,-0.021543099312081874,-0.01262064134337022,-0.014100486721029367,-0.006039259879833995,-0.008993821204320667,-0.012523135158790298,-0.014225376717788264,-0.012511579425021506,-0.012580206221547211,-0.011132579010187073,-0.014257896912581388,-0.013420782006836132,-0.0031653849623906874,-0.011894651799280995,-0.0054500618439114745,-0.009100351219565532,-0.009720776401153652,-0.013516536353463993,-0.014934731440794977,-0.01013614629682393,-0.010270331867582649
average_first_person_plural,0.004694475289569825,0.004439425570305467,0.005056623348842449,0.004792484019017363,0.005426514934811916,0.01636269990812944,0.002045764059246917,0.002145591467034068,0.0029946563139483283,0.002625883822510231,0.0010277444367805771,0.005143624026859042,0.005498556173718286,0.009794899751714888,0.0043606904238028404,0.005063466275753723,0.003334583364260496,-0.011262355801450387,0.003295002215054143,0.001279911607490281,0.004647873135986779,0.004013971036194643,0.006709410776797447,0.003947230264920869,0.004531714251196691,0.006143600982914505,0.004473195658281273,0.004352047285965705,0.0035677317089620104,0.006903104236194918,0.004532497446777542,0.0045616117250169945,-0.001347496138356346,0.006893138672838082,0.00520869944458894,0.008698931710464753,0.002624489461153084,0.002867075387412881,0.00464748443063175,0.0057581433869997554,0.003943381322227388,-0.0001552428250602613,0.00424758434986568,0.007126422100884651,0.0060288267317161175,-0.004720310867743583,0.0039511974906009375,0.005373163407452558,0.005278098869124191,0.004078092466777535,0.0057447789070889915,0.004525633742104251,0.005117935183884622,0.009251163010541703,-0.0020125691268294164,0.0034507090589447936,0.0066941884991352524,0.006239155890762291,0.005369884920174685,0.007827539759565997,0.00430444944305823,0.006247305067318413,0.0046189322765383175,0.004423324151583925,0.007579322218415639,0.004223236256006056,0.006811004158221282,0.005598434774037209,0.008538042815441566,0.004895089371386392,0.004075037473269411,0.0038769402999552765,0.005011008211229535,0.0027060917580819586,0.005751176649760725,0.004327097934136497,0.0002242520208710166,0.006212559266390331,0.0052862414049371625,0.004304667892002071,0.0026013971688853216,0.004811816072828327,0.0077362836766133565,0.004697454848513913,0.004831029430504402,0.004459676700916963,0.004985558611705807,0.006034182901678576,0.005373651145216315,0.0026652817995661423,0.006949963601240855,0.0012203071448034287,0.0074402692703911,0.001783131336992462,0.002815870224777543,0.00453506719146592,0.0071093705784411165,0.004448764072784931,0.0033241096627928527,0.004078018603971125,0.0057105314444655785,0.004407005255746686,0.01078010971454122,0.003414100220314456,0.005137732554800564,0.0030694377700482764,0.0048560885152712525,-0.0005021745189326262,0.010244872295487893,0.001249763948865125,0.0010754440159324967,-0.000552278452195942,0.004585198630132035,0.004391231803100309,0.0031446890445898357,0.008492825334495652,0.0033947672594048075,0.0038517200432752093,0.004256013193704746,0.007498074905575164,0.004748096552202466,0.004563607771965805,0.00570823487504858,0.005909212954695421,0.008367457198015467,0.003862139220648461,0.004309289003912765,0.004639398483473563,0.002690563625042251,0.004438310119504549,0.004307028330980374,0.00595327328724614,0.0042405820091697966,0.004356328261990828,0.0011386686367314196,0.012008482132845624,0.004540820469453227,0.0058294329976402975,0.0034232882386268882,0.005767326615860817,0.005646204464594707,0.003758269335621887,0.0049332486636023635,0.00417516646922021,0.004868973846496401,0.0035047844561244697,0.010024523279149013,0.004137571934819102,0.0037478694998650695,0.0038795969552215606,0.005231915608163117,0.011810543996958951
stdev_first_person_plural,0.009096657389147958,0.008502923402929954,0.009833534116036134,0.009314698390660098,0.009943246620441977,0.0053799740183624965,0.007623339457457301,0.008666767546287452,0.007994537050624159,0.009426524507736268,0.015574042317911771,0.009422867108669969,0.009602722016316907,0.027298850979587595,0.008332790076238336,0.009362900049887874,0.012612837283529656,-0.009485267871829314,0.011715830968060417,0.008841398878746999,0.00898129248415087,0.009807811381619111,0.007430456584583871,0.010091231267995767,0.008921009040097122,0.010081935141978755,0.00899060571053165,0.008424158502552244,0.00932356779232341,0.012156384036786297,0.00655871726163648,0.008267957493703043,0.009794655605993493,0.0048252212824933015,0.009123502530952989,0.009688185866153293,0.010199661370711457,0.00047184643608277205,0.010863767718739242,0.008595175793665108,0.007340659629836248,0.007466460885275232,0.008527180876680774,0.006222030176040219,0.008100176657987242,0.008399355629793836,0.009009692415149928,0.009241251140086691,0.005597860377408856,0.00889549149994362,0.010961667367329899,0.008909290449393883,0.0086748462762784,0.011648762497939287,0.009203154439552535,0.007549148614916683,0.009566817576921662,0.007418745044449809,0.008870899060966239,0.010312791775013999,0.00840684076409619,0.010818041856489892,0.008974956101622187,0.008847919602166361,0.015353866818600046,0.008549095045628894,0.01047771987189071,0.010002552064215613,0.014994151739688991,0.009089334648542419,0.010275046631573036,0.007211066434350188,0.009599816223911676,0.00860725742004981,0.009188200687742868,0.006750755189287092,0.004486111870632886,0.01223952648463321,0.009232404739635654,-0.006983788797917364,0.011305711201429109,0.008832198765939277,0.013515059469954257,0.008362870048297775,0.0112491453940722,0.012817823358028141,0.008917034236560036,0.003613083425372955,0.009956458494219892,0.00673901253338606,0.011669251878541719,0.007255085956595193,0.010735987840675832,0.009142184895754867,0.009768745018136477,0.00889378289571241,0.00407226085240216,0.008886719300972335,0.0084825280396899,0.00869276525975468,0.011084395394856433,0.010087442585116593,0.010822671662252464,0.009352297644396077,0.007257727635391975,0.002101156057135768,0.009656904523206,0.002163084164183024,0.005492430578466207,0.008187375352355792,0.011313612725898424,0.014741049561424522,0.008571167415482746,0.010300862997577494,0.006834262576169918,0.007558251568546061,0.00868273789641441,0.009836519515045754,0.009181576078144436,0.015556009451417161,0.009006360905977997,0.00865962065066151,0.011578153373359674,0.005955577523862651,0.008032222556334116,0.007260859795354062,0.00877789415241793,0.008011685408723719,0.012351008228039417,0.009274446215023949,0.008931447063403696,0.00678312190006679,0.009530817258846268,0.007949434545033728,0.013296885604284686,0.012156994510480301,0.008745419592830934,0.011185990001120713,0.01051662953980285,0.009387153733557571,0.006762649624711751,0.008553989611112648,0.00940548335412259,-0.001357266331262293,0.009707011097445036,0.008665842231900154,0.009281336506156144,0.0062119436081929085,0.010049333522039827,0.00848361766228269,0.010341332793562755,0.010812424334329811
min_first_person_plural,0.0,0.0,0.0,0.0,0.0,0.0,0.0,0.0,0.0,0.0,0.0,0.0,0.0,0.0,0.0,0.0,0.0,0.0,0.0,0.0,0.0,0.0,0.0,0.0,0.0,0.0,0.0,0.0,0.0,0.0,0.0,0.0,0.0,0.0,0.0,0.0,0.0,0.0,0.0,0.0,0.0,0.0,0.0,0.0,0.0,0.0,0.0,0.0,0.0,0.0,0.0,0.0,0.0,0.0,0.0,0.0,0.0,0.0,0.0,0.0,0.0,0.0,0.0,0.0,0.0,0.0,0.0,0.0,0.0,0.0,0.0,0.0,0.0,0.0,0.0,0.0,0.0,0.0,0.0,0.0,0.0,0.0,0.0,0.0,0.0,0.0,0.0,0.0,0.0,0.0,0.0,0.0,0.0,0.0,0.0,0.0,0.0,0.0,0.0,0.0,0.0,0.0,0.0,0.0,0.0,0.0,0.0,0.0,0.0,0.0,0.0,0.0,0.0,0.0,0.0,0.0,0.0,0.0,0.0,0.0,0.0,0.0,0.0,0.0,0.0,0.0,0.0,0.0,0.0,0.0,0.0,0.0,0.0,0.0,0.0,0.0,0.0,0.0,0.0,0.0,0.0,0.0,0.0,0.0,0.0,0.0,0.0,0.0,0.0,0.0,0.0,0.0
max_first_person_plural,0.024854089510218336,0.024239623639009455,0.025539203304012433,0.02477905079078939,0.024217092823861898,0.00157443777261921,0.025032376144139112,0.023781793663956666,0.02295462212244724,0.0236246297433189,0.027988516097116462,0.024749689903237303,0.025373962151761586,0.046027542073876715,0.02410343376254522,0.024211069891949735,0.02501588031034565,0.01597065155331728,0.03231708550351828,0.026748038703340884,0.024357900132266585,0.026410766568050248,0.023452456795041075,0.027503564965511207,0.0243168807417095,0.024072466564100115,0.02265271078388269,0.024981339509975643,0.02305528687483238,0.02509305221776846,0.004603081353335125,0.023821114187226777,0.02869938210861363,0.016230650231709314,0.02467483075816237,0.02483035608708551,0.0346053707662454,0.019869753072205475,0.036209605255170876,0.024054444801121018,0.023897902673987656,0.025134863088323706,0.024272825350736993,0.026362671749119954,0.024238341921523462,0.02756334321298701,0.024634134711743277,0.024252388786707615,0.019942041402272122,0.022510782688440558,0.027965812185734094,0.024796268806886956,0.02386434518585364,0.02454038338740172,0.025084331111899144,0.02280971478221035,0.029921740924531856,0.02558106728008,0.025919976265151343,0.025242895649294467,0.023459176643206497,0.028628724124719215,0.024568337296742855,0.024691905684087127,0.026058188859471403,0.025012842136933038,0.026175170199185357,0.02460742939917953,0.03177198638380815,0.024797317557885504,0.02433223019317152,0.022097257123322087,0.027019697876462974,0.025892836862975468,0.024786675798158558,0.021979678720239773,0.02419781114695966,0.03143134721364959,0.025257397157646584,-0.003199196336494489,0.02307451314646631,0.023669851938742194,0.02892948917791437,0.02334945551003572,0.028487777556589752,0.029249189697713514,0.02484674649093479,0.01983381500908936,0.026600378367726687,0.017994312585352147,0.025755678493412343,0.0169957511869359,0.030616595630615626,0.026143753593766125,0.027114230051454465,0.024711808962976856,0.015891556607646164,0.02473731273729844,0.024502466521794674,0.026318659180207805,0.023908169846790006,0.026059423318540203,0.022766413974731135,0.027200317462300838,0.024387208737351937,0.02108827342965507,0.023907905945652598,0.018470277731003522,0.01959404796423142,0.01872288809158182,0.028068483433308564,0.026845202310484446,0.024581682098004633,0.02773513581196962,0.02354082768871561,0.021488656049364195,0.024652698905948414,0.026922443655533694,0.02628305048534875,0.029245540987726526,0.024909083750371614,0.024295324839048435,0.02448803453570043,0.016707667430331512,0.023671240804603942,0.022277206127978125,0.0246651717273462,0.022837281895540306,0.028690115764922943,0.022239870377051107,0.024826525267986337,0.022048773329440337,0.025313389786423005,0.02575143211930899,0.022152055127073463,0.02968216898594898,0.02465306403675352,0.027750904184725138,0.02990961658575442,0.024931866057829155,0.022197015781731774,0.023517557578327977,0.025883776358726778,0.00816154961917624,0.025168016944816424,0.027488084198096473,0.0274775702230066,0.024561415035815985,0.028390568375333613,0.02401157437486495,0.02660558863395122,0.04044852270121149
average_percept,0.029407981677262322,0.029579027320512218,0.028983858604350522,0.030600914523152997,0.02048997365155712,0.03145170009133598,0.025317994422127697,0.028475814116754306,0.029840821315491785,0.0300968538569088,0.030011146645729223,0.030690322626148243,0.029764670092783593,0.02482518984549048,0.03229446348527007,0.03026585990293909,0.029336012667368298,0.019957346584292834,0.029286024075010724,0.02808463095473166,0.029630965311920807,0.028264333502177674,0.028621665387121794,0.029495839442163774,0.029473716599670904,0.029559350797438357,0.027288429498610565,0.030700751881930752,0.029906302735547768,0.030433340146647253,0.021503167200596578,0.029736756830910944,0.0355725532414587,0.03073474965595579,0.02882042996846373,0.026955489137505263,0.030413966986276117,0.03290752044345928,0.026139875993548133,0.02875395945827393,0.031054330479143317,0.02757629559774947,0.02942262334043079,0.04190489549474121,0.029500381128483133,0.02438865488286767,0.027951223636729475,0.029267865449314347,0.030024147382451113,0.027704818119482097,0.028107128705506728,0.02968902507053054,0.029125024924120918,0.027467877217322977,0.0294487717512976,0.02715387541287813,0.023103780106768432,0.029200423356289702,0.028638334843195366,0.030371898410132048,0.027741378156773543,0.0292427063369681,0.029902471790490145,0.02957067105749063,0.03264879509989324,0.029684138344990035,0.028617790132718184,0.029252377218113225,0.029207839263547412,0.029412057120397933,0.030361973597611436,0.03023767448937984,0.02907563230726955,0.03049847106788332,0.030542913755754433,0.030062861661435597,0.02429529082635402,0.03131536663659143,0.02976583845309224,0.021004678855736328,0.024414202816746087,0.029748254390843935,0.028108118055806316,0.029075559875561985,0.02910889090301181,0.02613108515994404,0.028615971461380722,0.027590686041705743,0.029861018919541855,0.029910164770927918,0.02887050806928327,0.02848780083551606,0.03213565628018393,0.02761300903323249,0.029077800738666594,0.029939460016439302,0.027487478785603172,0.02987096695778629,0.03172099325870559,0.028139353652058694,0.03552448255793999,0.02812571773471692,0.03589868439688477,0.029754567960158206,0.029912797724903514,0.025472598545071716,0.029323713441244067,0.02856386158138759,0.031039109164100836,0.02698686325143754,0.01828201022496539,0.026953806115699898,0.029629042662434123,0.02919117727988448,0.027761255327172878,0.031614602596984176,0.030041468136326896,0.02970663623675407,0.030290600320686773,0.0306600203458514,0.029920532955630776,0.029529387726234643,0.027473287977744818,0.026452776948593767,0.029225899167255567,0.029260110276095055,0.029685543468932655,0.02918237720081751,0.02953120366287747,0.02920319264417909,0.02949599589420377,0.03161394222587669,0.029270899688410918,0.03020541503243152,0.030731396936959185,0.03002560289913841,0.029818712946575777,0.029990842633958317,0.029895619963588204,0.02933322772716493,0.03009283139188545,0.03093845073644328,0.02866619258323789,0.03298733891409559,0.029264177730031534,0.03033953894341354,0.025135757429095927,0.030575412104004114,0.029195386342291497,0.028353421261685295,0.028467868360888143,0.02171101545690431
stdev_percept,0.01589203621460474,0.016646117080971513,0.016369589935644347,0.015709051331817853,0.011715320513248388,0.023626233309271362,0.01961622913284199,0.015299834945532007,0.013759431509948327,0.01770452574924769,0.012307965851141644,0.01713365461977664,0.01673573430517218,0.022998664931080232,0.015585403370711334,0.01512735032396922,0.014471615803068992,0.015856793731228162,0.02081258106970213,0.020039712796853862,0.015897843382446236,0.015757823481207203,0.015760032415446885,0.01525099360875476,0.01563431800827387,0.014499215008555838,0.011576862318608184,0.016379480727511563,0.015830696223255426,0.0161382697847237,0.011091767611236689,0.016643518012208387,0.014956154825949959,0.009379113730655558,0.01652702217143903,0.01818548084700541,0.014043006312418442,0.012467657752376989,0.011330982492420396,0.01620034485259926,0.01520341776911062,0.017013487178807137,0.015868145453402246,0.017434095784965627,0.016267884847068422,0.013461764645324613,0.014039842826682088,0.016790269075460166,0.01808684515887765,0.016876990826545767,0.01649260814291005,0.015938143381392062,0.016419228199502367,0.012647316100830997,0.01647984573818352,0.01778115626008879,0.01855466785035688,0.015331875322746614,0.0154256580572802,0.016495244828217695,0.014409638148460056,0.013473223559755271,0.01600141884009445,0.015778196266562718,0.012507471701579561,0.0163206786620437,0.013758357681768318,0.014419759578204138,0.01572133901542496,0.015405858452858842,0.015136570008432382,0.015608291892152711,0.016950525284932932,0.01764060503545277,0.016199736943993983,0.015163430549532165,0.01532607060802495,0.017319978659175332,0.015348513807077399,0.008931539913434162,0.018010239058935788,0.014907875808392798,0.014343010558425372,0.015689318617568216,0.015526138117938317,0.014391092939345627,0.015496178575545045,0.016365915749362227,0.01612762300867069,0.01747949327399735,0.016008199758751274,0.008289802888938741,0.013246326691440286,0.015443034125873976,0.01615381965613318,0.01587141265376997,0.020350211618015143,0.015971605022216877,0.016487996671326964,0.019403080587804815,0.01941563972942421,0.015184874844634415,0.012335211748571806,0.015686122362913037,0.01814586353232525,0.012685994295297601,0.014248472716611005,0.011415053376035256,0.018249605381883274,0.015611461701643214,0.01896356214343858,0.01452237375814734,0.015839505700216687,0.017377738121274255,0.014035294981977357,0.01678711973880668,0.018216223953492816,0.017084794587418607,0.01452205774096825,0.015902522691267948,0.015874772281733396,0.01588676979104256,0.0192877718848978,0.012113438093223183,0.017987032365847165,0.01609191695819674,0.015469599756342331,0.01557804919866948,0.018427868447689684,0.016298029344328193,0.015658908663871735,0.0110326099987945,0.015806316291500422,0.015133240817308637,0.013597504502601564,0.022929385067008732,0.01597709309586219,0.01503680460490599,0.01681694478058336,0.016025490688771234,0.016669016295648993,0.016659631450581566,0.016400058299767675,0.015002705180230176,0.01578025576209703,0.013882721782844106,0.016696302292854605,0.018857719732630136,0.013989132807438315,0.015357403709591325,0.01706070721234566,0.013138680813041252
min_percept,0.0,0.0,0.0,0.0,0.0,0.0,0.0,0.0,0.0,0.0,0.0,0.0,0.0,0.0,0.0,0.0,0.0,0.0,0.0,0.0,0.0,0.0,0.0,0.0,0.0,0.0,0.0,0.0,0.0,0.0,0.0,0.0,0.0,0.0,0.0,0.0,0.0,0.0,0.0,0.0,0.0,0.0,0.0,0.0,0.0,0.0,0.0,0.0,0.0,0.0,0.0,0.0,0.0,0.0,0.0,0.0,0.0,0.0,0.0,0.0,0.0,0.0,0.0,0.0,0.0,0.0,0.0,0.0,0.0,0.0,0.0,0.0,0.0,0.0,0.0,0.0,0.0,0.0,0.0,0.0,0.0,0.0,0.0,0.0,0.0,0.0,0.0,0.0,0.0,0.0,0.0,0.0,0.0,0.0,0.0,0.0,0.0,0.0,0.0,0.0,0.0,0.0,0.0,0.0,0.0,0.0,0.0,0.0,0.0,0.0,0.0,0.0,0.0,0.0,0.0,0.0,0.0,0.0,0.0,0.0,0.0,0.0,0.0,0.0,0.0,0.0,0.0,0.0,0.0,0.0,0.0,0.0,0.0,0.0,0.0,0.0,0.0,0.0,0.0,0.0,0.0,0.0,0.0,0.0,0.0,0.0,0.0,0.0,0.0,0.0,0.0,0.0
max_percept,-0.009242134698779193,-0.00811397880459664,-0.009071711924330872,-0.010007796878187567,-0.011520013615833182,-0.0024773719544822007,-0.00344966193593393,-0.004588044259343584,-0.011172624516064805,-0.004741284447013945,-0.012436572741267304,-0.007114838631850751,-0.00874719309572787,0.0031935304800520432,-0.011740245567117748,-0.011140651867239549,-0.011324426046729626,-0.0034766112966863934,0.00140665085145001,-0.00399582955412561,-0.009303662980520246,-0.009504135728032215,-0.00793030105797237,-0.00942679173363554,-0.009604327366928983,-0.007983264652848638,-0.012733724730657483,-0.009073379889267834,-0.005799584643202981,-0.01141042375201571,-0.004362907804601428,-0.0080670884788215,-0.011851316555594887,-0.01994245500780485,-0.008579634117093272,-0.007893687451901991,-0.025970455071218118,-0.020985315400894794,-0.01673406036550688,-0.008723391887149438,-0.012313589239535658,-0.005143149139801247,-0.009284019426610607,-0.01237941667323388,-0.007799035183683451,-0.011707230595991908,-0.011434606775266611,-0.007328061728749,-0.006437476804815812,-0.0055578634214229275,-0.007287600060393835,-0.009431984941406867,-0.007775722747021346,-0.012133097940774032,-0.007583394929991418,-0.007336970879945829,-0.0005363335934880694,-0.011018912255769705,-0.010797966815917937,-0.009785286911049493,-0.009213996639026778,-0.012708813071852253,-0.009714083256711628,-0.009365944583194813,-0.013574654695623205,-0.009849765117662494,-0.012245625875371185,-0.011755382604716747,-0.007101962582655319,-0.010025297355107808,-0.009949640250579999,-0.009415053491479121,-0.009547200780950959,-0.00680381870201603,-0.008257820345347265,-0.011649114692349971,-0.001488980989143126,-0.008888109385565791,-0.01034958770137665,-0.006373772463614408,-0.0033719154964604097,-0.010238115186902298,-0.010605712766403607,-0.009748149333320948,-0.009619375470674159,-0.006605286859305391,-0.010142431312704928,-0.005991506504737764,-0.011451365787035362,0.0024542396210187056,-0.006462307981239052,-0.01784838947769551,-0.01132642425284385,-0.008625294758087694,-0.009778401207589105,-0.009620999202649978,0.002433879622663798,-0.00942798456310904,-0.010920290806431327,-0.005323716659085123,-0.007864523987796024,-0.00959286559509127,-0.014943081763957524,-0.009674651866472404,-0.008839217804700074,-0.009785035681738748,-0.01048148012091754,-0.013950411737184611,-0.012294103370730135,-0.00497713095236354,-0.0023657070096236316,-0.010501431089912631,-0.009284330933154113,-0.008256314069407442,-0.010976266066709707,-0.012573752059990428,-0.006056144364471174,-0.007963534293817647,-0.010878833675166642,-0.009020446249617528,-0.009571351227189183,-0.009234964519799995,-0.0012198783276150902,-0.011083624036308547,-0.008102723913317206,-0.009573415586369916,-0.0099733279752473,-0.008701928277361937,-0.006392941877811512,-0.006490375543904046,-0.009749479747616897,-0.01868149859616093,-0.009276369196027263,-0.010392449368497883,-0.016987220473297975,-0.004644639876567721,-0.00948096024431985,-0.01204108203177567,-0.010551771915107758,-0.007491458509634198,-0.011095268935016143,-0.0112441632645076,-0.008407341389182355,-0.008905221097304052,-0.009461584182449738,-0.01208577532153084,-0.015452152176154272,-0.005417793879382832,-0.014046373143640403,-0.009082550639214758,-0.007310799790166314,-0.006202517999340263
average_second_person,-0.018276397113410593,-0.018669189361245547,-0.018425091019889442,-0.019235783790647908,-0.019977153572704916,-0.02572871371533235,-0.018667281107624722,-0.01481751120094744,-0.017795061973752795,-0.019860433114488565,-0.019216813631219975,-0.019694950477902186,-0.018680349981440116,-0.018894682397663235,-0.018186197693093306,-0.0188402936544843,-0.015735304968355696,-0.015018478832545389,-0.012482106577324278,-0.01673469657247908,-0.018594402099858843,-0.018197694381874283,-0.01779813437709596,-0.019143842497194315,-0.0185166992931814,-0.017733083912765287,-0.018764991620412844,-0.017754880376372507,-0.01803429901750204,-0.020692661456599426,-0.019838553566678012,-0.018657394743841163,-0.014624283647609756,-0.016688340578958752,-0.018557819172205014,-0.021647843253388668,-0.02141064480611545,-0.018329421175258674,-0.015538704740605477,-0.0186122313101689,-0.01888438354656233,-0.018029044328969235,-0.018089554215236694,-0.023575364714299427,-0.02040000871535492,-0.016048851694222953,-0.01582747176600485,-0.018555815326279333,-0.019744244149038137,-0.01627822570675321,-0.020513156796838475,-0.018486652724236496,-0.01816991699772652,-0.01774605597902445,-0.017555956395339894,-0.0081323046075658,-0.016735880619191852,-0.017878380138798007,-0.01944059676319733,-0.017384864863099234,-0.01947564604584924,-0.016621494879621466,-0.018772989709357365,-0.01841820042428892,-0.015303703703443196,-0.01768646322260236,-0.019024068149627132,-0.019777909140714284,-0.01805821720598271,-0.01855395715181022,-0.01843541909344747,-0.017445051492712513,-0.016798432800745985,-0.01868548115540619,-0.017699245650928397,-0.018461047747495477,-0.017247387950588014,-0.019548730986204965,-0.01902758632939942,-0.0238043967401489,-0.01664887866159424,-0.018837222373692508,-0.021891337959713687,-0.018821381242682435,-0.018732620963862363,-0.012654438560667497,-0.018202327934859885,-0.018214447652490716,-0.017977694960377308,-0.014536127939529664,-0.018073343521024438,-0.013139273638532484,-0.017446768937705276,-0.014788227671108137,-0.01901585315312957,-0.018509807354248696,-0.019364777496593207,-0.01857068306143279,-0.01823792972583227,-0.018006248091145302,-0.01715001479723136,-0.01848047915327202,-0.018277931901547098,-0.017979168906833,-0.018483432179123967,-0.021973859549532133,-0.017900170769406837,-0.02003310530874991,-0.02258210236832349,-0.018702128835333842,-0.017550019352603342,-0.018667133901530908,-0.018221296710958308,-0.019014745147811794,-0.014325210426774208,-0.02205930888015322,-0.019714833715427926,-0.01891595667572264,-0.01699664314260555,-0.01825657041554074,-0.018205676706181645,-0.01824925993495075,-0.02269430160005439,-0.02068556514725817,-0.01621404070493865,-0.018547822161918942,-0.018714497671563635,-0.01767074108986701,-0.01742729177772076,-0.019472311485373525,-0.018797865937982564,-0.016576492405794868,-0.018442398601580257,-0.01722449723540413,-0.02043687384818048,-0.01823099190642246,-0.01853461990990008,-0.017425382413964546,-0.020044576551874846,-0.018986822272456363,-0.01829712827384574,-0.016187116729562905,-0.01809066624827193,-0.016327230023808474,-0.018603416319632783,-0.019504282279385762,-0.013601151770773189,-0.01992590948128269,-0.01834438536100181,-0.018637605395030024,-0.019983586738487595,-0.021242658278094535
stdev_second_person,0.00506997950093168,0.005323964016361546,0.00490566098052579,0.004536369791365765,0.0017769917404927803,-0.022981764424595732,0.0020609097833242055,0.005009254718589323,0.004940319772569611,0.004266606372505772,0.0050635765767845856,0.0015624179540794612,0.005756176587621427,0.002023588509216497,0.0058259552653262825,0.00540180972351062,0.004927488022593865,-0.0009043896316099642,0.002685341713620948,0.002897206917436869,0.005251711019327945,0.0032969239830629177,0.006055897230950645,0.00666863885312694,0.005192190483301513,0.003936670698543417,0.0038246057100188267,0.0051178273360457955,0.0038430707818948896,0.006888953208221008,0.009148242427859997,0.005186458553548202,0.010171131859146497,0.004638250304042687,0.004958531691910538,0.005909080242333076,0.0050101742167091325,0.007784502910144561,0.009095015482881323,0.009270741575769598,0.004128741869232734,0.0027044754217671416,0.005644481870037009,0.0073358828400529805,0.003354156475481117,-0.0015352666182137896,0.002910842548158427,0.005117780932634545,0.003959122453226747,0.003654683769877742,0.005697000772062442,0.005066150743106521,0.005667381428598212,0.0036288437073374036,0.004809797976458656,0.012362750874667032,0.00045895920338564697,0.008263782388163617,0.004131339650205712,0.0058975798895024335,0.0038788103799904626,0.0074738962674759934,0.00512813318934268,0.005033182427561853,0.0019017390934681945,0.0063129816431519575,0.004259110372740075,0.003704771761580527,0.007827424999940795,0.005054950229859467,0.00427457536502374,0.004828420076624292,0.0051075458248984445,0.005361928732495431,0.006290688800803671,0.0037914544801970675,0.005026765316192864,0.0059782112230878474,0.005048970394304877,-0.0014759392395894896,0.009286043922957524,0.005510569875462839,0.004292728517031885,0.004457945027636197,0.004797458922727076,0.0018375260348685429,0.00492002746351157,0.00832023319070407,0.005177433394400424,0.0068287578394299105,0.003744365333967308,0.005929755555885669,0.0047949742876268985,0.003340005184466581,0.005122156715290253,0.005231918177427828,0.012218592216416704,0.005074077052741498,0.00579489951078962,0.005102617349853813,0.003856663561940728,0.005257019850283377,0.00373838238387029,0.004392800287181106,0.004593384729348331,0.005554348691456152,0.0038207412516366394,0.0017861783761732742,-0.00015046162504099396,0.0036254288501261153,0.005923323309292853,0.004633500183342068,0.004982691165816818,0.00473770205527564,0.008532356996488615,0.0018482534604738997,0.0028122245226868403,0.005740987988060388,0.005766323045567109,0.0020911918568704765,0.005294759024920945,0.005088200836729433,0.0031481472180786996,0.008267439478429915,0.010632149281316226,0.005809045664151132,0.004800882859709072,0.00579671411422009,0.004499032412479382,0.003777711744085945,0.004923940877976023,0.002734898845521014,0.004656193504000702,0.0027612735121594987,0.005590869555542865,0.007484357180670684,0.005133408888676225,0.004254189920240903,0.002831659029641621,0.004979888066643286,0.006520147635452495,0.0033968514050109738,0.004963921449712241,0.012872841325516571,0.005166122852314426,0.007494655371146585,0.008133243363676367,0.003060548176594114,0.0018650815602322644,0.0039962260546437395,0.005120531431432493,0.0031985291440413312
min_second_person,0.0,0.0,0.0,0.0,0.0,0.0,0.0,0.0,0.0,0.0,0.0,0.0,0.0,0.0,0.0,0.0,0.0,0.0,0.0,0.0,0.0,0.0,0.0,0.0,0.0,0.0,0.0,0.0,0.0,0.0,0.0,0.0,0.0,0.0,0.0,0.0,0.0,0.0,0.0,0.0,0.0,0.0,0.0,0.0,0.0,0.0,0.0,0.0,0.0,0.0,0.0,0.0,0.0,0.0,0.0,0.0,0.0,0.0,0.0,0.0,0.0,0.0,0.0,0.0,0.0,0.0,0.0,0.0,0.0,0.0,0.0,0.0,0.0,0.0,0.0,0.0,0.0,0.0,0.0,0.0,0.0,0.0,0.0,0.0,0.0,0.0,0.0,0.0,0.0,0.0,0.0,0.0,0.0,0.0,0.0,0.0,0.0,0.0,0.0,0.0,0.0,0.0,0.0,0.0,0.0,0.0,0.0,0.0,0.0,0.0,0.0,0.0,0.0,0.0,0.0,0.0,0.0,0.0,0.0,0.0,0.0,0.0,0.0,0.0,0.0,0.0,0.0,0.0,0.0,0.0,0.0,0.0,0.0,0.0,0.0,0.0,0.0,0.0,0.0,0.0,0.0,0.0,0.0,0.0,0.0,0.0,0.0,0.0,0.0,0.0,0.0,0.0
max_second_person,0.0040677571094158375,0.004676448350501978,0.004104668438864211,0.0034552694908972677,0.002801491509781784,-0.028614168375590894,0.0023213946840540192,0.004059416161802653,0.003672705025493328,0.0014668983818913323,0.0043960993026942105,0.001151992125613916,0.00445235169385547,-0.004216697711448086,0.0050043433244681915,0.004167250739148313,0.00458059446737151,-0.005703012169261282,0.002547476615023603,0.001664046503937526,0.004602929373140009,0.00286778759500797,0.0045354073566058525,0.008009993428799727,0.004544086689914892,0.00011155420482379316,0.0011181020317873255,0.003770684705445093,0.0045721157318329726,0.004993242659316962,0.014203669706781344,0.004119785769198924,0.008452898368945493,0.0026811055108010504,0.004623666794598125,0.00641239778203795,0.0040016891751551535,0.007179680056636398,0.0052120359769808715,0.009815078682068181,0.001426055963985446,0.004051889432130822,0.0046129682088238925,0.0072428484013082415,0.002742318152586994,0.00013339960757159826,0.0029061020128445733,0.004414953945120674,0.001924629792126098,-0.0011230172835798285,0.004079086241819801,0.00421654406420131,0.004622777450837074,0.001763307663301579,0.003631146365650928,0.013119286750868304,-0.00203962838599182,0.009394203643068005,0.0030182634454931634,0.0047580975305733,0.003138704239331703,0.0071551617734746005,0.004313392985463967,0.0042640324529254255,-0.002066647714432445,0.005094451153900295,0.003409079143790598,0.0025744433830501654,0.00924814522788608,0.004734297810879605,0.002570822847792635,0.00476736470879237,0.004687217155530273,0.0036989015997114256,0.005639593262194702,0.00311027657072889,0.004847762074960347,0.0042822406489581265,0.00440647105952309,0.0030198337560952398,0.006399801554579677,0.00426687330547312,0.003373086316432076,0.0037891646647076147,0.0039014470017885196,0.00252604391764015,0.004131632199694989,0.007542076451701667,0.00471255522225548,0.007294984556914371,0.0013734745193955,0.008661929721005454,0.0013485906171304182,0.0032399466487434535,0.0042963470275609785,0.004373167713927501,0.012568324496069164,0.004225838932697597,0.004609271692198725,0.004102614190720272,0.0007270361110412668,0.004734419067059445,0.0025814916017738304,0.0031954673130571796,0.004274538982213919,0.006894938005661943,0.003410843735579124,0.0013178180590735812,-0.0008891861626951249,0.005316572837354646,0.0013482366389235539,0.003936816675778436,0.0037741557155099303,0.0037845561153203137,0.012953955725814748,0.0006933463992354547,0.0023020340532700547,0.005199710447427144,0.004395161131895231,0.001015207290959266,0.004219640029114135,0.004047998069399643,0.00398362205290876,0.009935512370634846,0.010669687268778108,0.004984292406157413,0.0036316052016757625,0.005048358747225864,0.0035930995234852853,0.0047779004567916564,0.0037560339428207266,0.00253907050263095,0.0038007173169263067,0.000800324820459053,0.0011387528351538764,0.005097807863410953,0.0042897869454990665,0.0024915597171616573,0.0009132773697141938,0.004640047275126919,0.0054272470831022435,0.0036321130988005816,0.004490916155484352,0.012764834500689421,0.005050918052766709,0.006355033079535947,0.008000884263079166,0.001435163623363168,0.000673383162190639,0.0030280656532747155,0.0038072633755001604,0.004794700832476495
average_positive_words,0.04304772929701605,0.043129380220001706,0.04350971574214999,0.04404201242675527,0.043236555990548334,0.053118748459396355,0.04102061805004746,0.04159339964871647,0.04436188874035559,0.04257554959129949,0.050538614044388336,0.03962580557560917,0.04177370422971055,0.04326976692109456,0.044969863418436014,0.04410824002116543,0.049512425885923445,0.03755718356527885,0.04032949806977659,0.044772002331318825,0.043733534277508875,0.04528925024806857,0.039942856289626266,0.045751500690034586,0.04363826058725948,0.04232948070129379,0.04221918902569055,0.044035006484592756,0.04507919149151764,0.04272863715784843,0.04506024295948945,0.04388591580669683,0.04066636970435612,0.04531666484168622,0.042861999966743225,0.03852529264200648,0.04569908292844143,0.04149659669564358,0.03608022813072798,0.04596504084593168,0.0427651049022156,0.037422599652742534,0.04326241404703435,0.03951046507005748,0.04480681179331047,0.045769828832479646,0.043534683760143016,0.04290546696635837,0.04284305595927227,0.04165302405767138,0.042578615257297545,0.043370076248976173,0.0444600488924494,0.0397798301700047,0.04704959203075011,0.04220174457760735,0.0429672128383736,0.04286342098826834,0.043881411179314204,0.04417798724541997,0.04452076526702173,0.03784771945969381,0.04366332221701098,0.043395362275896146,0.03954960305875384,0.043195635800659965,0.04381706711635285,0.04488906752263934,0.03837632108057934,0.043459643680202484,0.04322830279040137,0.04427593843943632,0.043246812531409794,0.04310749304198958,0.04330404774829859,0.04312368227394736,0.03916312759384056,0.041266922423649204,0.04558279527392494,0.03146809897805891,0.03466077560941862,0.043124369969781626,0.04740133230009052,0.04306887475550095,0.041382244898693445,0.03877151236425419,0.04364185709745287,0.04296041183829022,0.042483046838473225,0.04031465496277093,0.041905785382724665,0.05485761924846942,0.04020135804071135,0.04483631016097134,0.042976119122788675,0.04349317753712112,0.03862207015828049,0.04337653195068328,0.0438861108426171,0.042545311129695014,0.03728720900493135,0.043086524745674044,0.04463961252486116,0.04202283718717777,0.042161635727310534,0.03946450478870838,0.04357067854827235,0.03925064978550138,0.04544077866029799,0.04333914389732793,0.03548033332408025,0.04494020846509645,0.04304636530354883,0.04350250704717505,0.04425759197494575,0.044534201224470514,0.04320733446881834,0.043686103152079415,0.040293198087026784,0.03977208368729609,0.042818044218879525,0.04327851376779307,0.04035137645688856,0.04348354828962974,0.0432953477880064,0.04569237424883525,0.043266315787902354,0.0425569638621969,0.0414149372896983,0.04290613035110374,0.043653094511203284,0.043941297479757724,0.04362504315901745,0.043366817860031236,0.04386636013105702,0.04115631307296564,0.04339871099847695,0.042510522812330795,0.04272674418421793,0.04346073798325832,0.04237644566380507,0.04308366262812548,0.04294381200942848,0.03999501980613834,0.0426479144841375,0.04576629901381706,0.03619444520549599,0.04600295392139489,0.045806774578803555,0.0429018923400882,0.04200292505466714,0.037111088895196924
stdev_positive_words,-0.010276366429638438,-0.009174532149551311,-0.010387816323668714,-0.009452324067648983,-0.01074974306675084,-0.0013231296720612978,-0.014300379347636422,-0.008615197166241689,-0.009028434224239204,-0.010453146025184844,-0.008947056425185774,-0.005688061384562598,-0.010076741970804012,-0.0006250580027004141,-0.012936479928173625,-0.009709561990765093,-0.009732166113050254,-0.019617944197647515,-0.00991418719536348,-0.005747704213765089,-0.010053147476190981,-0.00919152960163056,-0.008274690750965635,-0.011424054414224819,-0.010289877543903108,-0.012450724042313946,-0.014241066686385986,-0.009742042667477326,-0.009518810193474336,-0.010112272675391994,-0.009306604923179189,-0.009803928963164503,-0.010442040182820526,-0.016779593684378816,-0.010516785413409929,-0.014977761152398033,-0.0030146106182171936,-0.00567116810074309,-0.01057700248130287,-0.007784783063197297,-0.007851046078334048,-0.005794193943407074,-0.009822514389276924,0.0019351480162954227,-0.008562767724478667,-0.010274409634116917,-0.009337206634685239,-0.010048394997191798,-0.023459382935293732,-0.011761844146805252,-0.01140710319220946,-0.009955791656383748,-0.009141426371663146,-0.005558569806571438,-0.008901707211454467,-0.009697553584092071,-0.006285081209036091,-0.00825363191544379,-0.0105556442140778,-0.011354434049743366,-0.011008142660824614,-0.013316626193293716,-0.01051486993548903,-0.009732779706045348,-0.009342495909368007,-0.010516334943295992,-0.011174551111464315,-0.00981523620808275,-0.015534301857830366,-0.010298527110035736,-0.013024150395993967,-0.008187791269596527,-0.010280224326135347,-0.010444820630513895,-0.01043966480883824,-0.010607360608264338,-0.014218719941844295,-0.010296454167972922,-0.009611350977968672,-0.011961513890766017,-0.016061862171263964,-0.010356489480216932,-0.008019648915389498,-0.010513342487728217,-0.009926671717984444,-0.0014499450577426043,-0.00987262650692479,-0.011127297187832327,-0.009266978695783638,-0.010875471408668975,-0.01030870449434018,0.0031285925372459746,-0.012962737754809857,-0.005002685772171014,-0.00845442853370373,-0.009777070322372933,-0.010442687566197489,-0.009950983197099902,-0.009849271980170115,-0.01214338100780601,-0.007096643198571677,-0.00980901003645862,-0.01243229780542946,-0.00975890596495762,-0.011077970795073836,-0.00517622458268501,-0.009729950211963712,-0.013659918492080803,-0.008439678560328259,-0.008833853709441368,-0.01128087800847457,-0.008304368794187701,-0.010888034376582891,-0.009553770686257772,-0.00965105498148429,-0.005496749980080603,-0.013443548083375684,-0.008659612447550077,-0.008880322080152304,-0.006976317807338596,-0.009985735879777243,-0.009969037387271047,-0.01390265805199271,-0.010407146692994414,-0.003269160667297392,-0.010874153815677563,-0.009319450144747544,-0.009872249166897206,-0.008825441540092696,-0.011238135963697967,-0.01052596051123334,-0.01112600687064902,-0.009978902119310512,-0.0073575282802195805,-0.017533517000171906,0.0008420341676739097,-0.009929427888844752,-0.011095807142047331,-0.012450858683363073,-0.011573822831458271,-0.006677724100562999,-0.008159090128204483,-0.007532699676552123,-0.005333508105658108,-0.011479133714842642,-0.014209857718690821,-0.013302292315139014,-0.013900342838666618,-0.009263491241771176,-0.010642081548095426,-0.010949715569397183,-0.015522469687385266
min_positive_words,0.006957187764977356,0.006963970053011481,0.007132288117883943,0.007655044074595714,0.008200052078210156,0.003178688427144706,0.008900641391667088,0.007518877992783255,0.005631306350582688,0.008040212395019087,0.007045168225021856,0.008591050161929719,0.0074821942975064944,0.0038932225474874486,0.007529002474210327,0.006563413695970703,0.006888396220304432,-0.00017933206426355968,0.002717529187449396,0.005932773504076392,0.0070073232852076155,0.007342763942145036,0.007081949754828041,0.007600980171841697,0.00708552588868977,0.00551803473641773,0.007750696681687035,0.007485043140301652,0.007485437530336778,0.005532438329159938,0.005928520575441704,0.006566511739040047,0.008703883768549733,0.010129946023271235,0.006440161041229882,0.011125426350942071,0.0037955820151467754,0.006077268747238721,0.010242213290845674,0.007055411205162678,0.0074157963464069445,0.013131183933994879,5.3938075504995024e-30,0.009914523427888516,0.007139586959565799,0.007487470709167409,0.007760227079544889,0.006816867804176986,0.006011099788217604,0.007607242284718557,0.005941539709870283,0.006995646638083368,0.005534156105964514,0.007328228031956384,0.003978882883191724,0.007257536507845232,0.011720123338480519,0.0058590864152810755,0.007763233642436325,0.003223730541479036,0.0076379240000109755,0.008674635943398113,0.006726559115623179,0.006850199678145539,0.005620213643732936,0.006744032701414238,0.009141233589506054,0.00818175017586287,0.01388815792668581,0.007064335482061947,0.006568037826530168,0.0061768027392262205,0.0074763861350110455,0.006984471949258768,0.007554505486680405,0.0074021345244049165,0.010127525865442003,0.008365942432495558,0.007113915113065491,0.005975396595877784,0.014507785473989157,0.006352245148067337,0.013043399293764774,0.0073845678558116055,0.00615454866640908,0.005986533837992633,0.006782424484727295,0.009285895388036388,0.006347438666375176,0.006822247389468055,0.006581957885441678,0.005809173451237118,0.005716205500167639,0.008788307550489462,0.006720507803197644,0.006894583086585394,0.005799254102938543,0.007052767251480423,0.007337313058493232,0.005825128218869527,0.009275694962780055,0.006557878564243944,0.0066691524310537546,0.00796080506004939,0.010157811706760903,0.012198775927783442,0.006603840296739846,0.010250602284618212,0.00741944064773716,0.006798190618989104,0.0025412158512643974,0.007758229004893848,0.007748728445485048,0.00711820014018962,0.009110364182163575,0.006249622109565589,0.0067838564040320695,0.006480907647790471,0.006927383849327458,0.007789364359506213,0.006859032841898574,0.00694249466706829,0.008553616655296956,-0.0001596720276913796,0.004765333412848011,0.007126089794888961,0.007138113293366144,0.007586973097154358,0.00730660582853291,0.008906027354055174,0.006077543133066429,0.005607553258242291,0.007509671851825971,0.009077872702250156,0.016714114891973737,0.007437827612134669,0.007025556098597174,0.00840012880164321,0.007016445798146248,0.008197440233328251,0.005724013925582623,0.008158728753370079,0.006943406829012287,0.005780451817182562,0.007432568293522589,0.012637474041150582,0.00953263739900919,0.008529183825929255,0.006158447038968461,0.0065449011767703055,0.006418623496940391,0.004675269955749819
max_positive_words,-0.023937180483307712,-0.02364345764186055,-0.024657294317424076,-0.023734265193159517,-0.025549358808947438,-0.014508673599217458,-0.030132085006397056,-0.026172905685717826,-0.02388860734193577,-0.02163784337890081,-0.02560591029368075,-0.019951955100772995,-0.023046676155662367,-0.010522269639063213,-0.026488835545148883,-0.024473991317813457,-0.023490654235690453,-0.028794033159741134,-0.026168438107770503,-0.023564445485574376,-0.024256469519021016,-0.024625682435939725,-0.021247938034134856,-0.023775256590409324,-0.024089464856372124,-0.027599754347177326,-0.022961473050185466,-0.02437851314997372,-0.022858039990139918,-0.021481524196995457,-0.027758143695255477,-0.02429113629649504,-0.018566097903501697,-0.02728622106544655,-0.02499637869433418,-0.022872348060562337,-0.018496676978173344,-0.022793793427072228,-0.027342611327788813,-0.02186423101382584,-0.022054797410167595,-0.03129111713013688,-0.024317753840909572,0.0005898760377972285,-0.02192777749142864,-0.028939566618542516,-0.02327227208256244,-0.023881401458771434,-0.035294623140695675,-0.0265600766999518,-0.02604882293433724,-0.023886526951194077,-0.023415505549092393,-0.020600800998231132,-0.023593267488594,-0.024179727176549048,-0.01687942116425357,-0.021247815026485265,-0.024450529863222735,-0.02806705989327122,-0.025036467087875925,-0.024834995057617375,-0.024056951998079987,-0.02378194655327451,-0.029032239145966584,-0.02421428451363866,-0.024780896748534405,-0.02201794722364069,-0.028644783049095113,-0.02403240640834739,-0.02646233609526389,-0.02244065085687179,-0.023764625891216452,-0.026044647587135837,-0.0235020728691082,-0.024718963733382858,-0.025356705673860145,-0.023341575961862912,-0.02195985375217608,-0.017920341058027534,-0.03914131626587208,-0.022627708114794125,-0.020955857694752264,-0.024349996870617112,-0.021051065119448275,-0.017548696509554988,-0.02342813113846395,-0.023704868156372044,-0.02394931414677483,-0.028120008421668632,-0.023590459426037425,-0.013805138541974217,-0.024786487286498328,-0.02197345400941071,-0.02101702836704919,-0.02373594249339822,-0.029283323565768696,-0.0239233070326835,-0.02395930802833881,-0.030972909873128646,-0.019294759785115398,-0.0237761707937528,-0.02306308338569044,-0.024037731726487592,-0.022635549469296235,-0.013709221044018526,-0.02239435239048524,-0.026223439254211098,-0.015539492074945496,-0.02569424374262659,-0.027759950922692175,-0.023925178581976875,-0.02428206246903352,-0.02417450677688299,-0.018671358826413,-0.017419191178876504,-0.02723763500209813,-0.022792739743364772,-0.02022963672792706,-0.02073976502505766,-0.024122947087236665,-0.023960061875394054,-0.023093459979231616,-0.022034116810553343,-0.015795647964976567,-0.02556500281101573,-0.02377098148728027,-0.023643638003139705,-0.022875082610534857,-0.02579516044333145,-0.024887801784320755,-0.02562193932266705,-0.0235271784568831,-0.021896367845551885,-0.03697847765814258,-0.011913903904091855,-0.02383251481271781,-0.024159612287657586,-0.023769899869780547,-0.024931447052822818,-0.02161733387713764,-0.023859458081211666,-0.021810873564176,-0.022405022337018854,-0.025567691794228,-0.02482718281766177,-0.01845100488134093,-0.02586224935940135,-0.028261036443144517,-0.024646348492868453,-0.0216695930591643,-0.025351275607389714
average_first_person,-0.0125465029788577,-0.012385993240694546,-0.012548186748416425,-0.013137479466679243,-0.014712912816382054,-0.0018068924263952505,-0.017560075856852667,-0.013233904483621627,-0.012803500359374144,-0.013819114747037255,-0.012961854673052465,-0.01643532781969481,-0.011917566383123343,-0.011434213844822636,-0.012796612954641219,-0.01188556919653052,-0.012243823710260834,-0.018512746797577,-0.015619817620988057,-0.015511901671233667,-0.01251742975819616,-0.013328141497924129,-0.012659252224034363,-0.012559106183085172,-0.01241350687378526,-0.01265455689164003,-0.011561547387381996,-0.013178064626886156,-0.012930508377917972,-0.009650567153431813,-0.014498517098712534,-0.013229426244096702,-0.01717536919882813,-0.009717462373910142,-0.01213968294661715,-0.011110444684816914,-0.013684637810432464,-0.007536777235466561,-0.00958768712792039,-0.011588822096475652,-0.012705628739109543,-0.018534961519340774,-0.012422785472447767,-0.014995294873490807,-0.009974134308325009,-0.01037075915611634,-0.0135157646970436,-0.012918420417511954,-0.010595044221046818,-0.014034505894908712,-0.012336259547976824,-0.012552765063650962,-0.012122383912771355,-0.012322637646972764,-0.016557458515386765,-0.011827258839872316,-0.010423832561955712,-0.012248099152370137,-0.012428856922317533,-0.014009348767904687,-0.012860023981798953,-0.013154460900059695,-0.012347049888127955,-0.012660757088291109,-0.011712924739970711,-0.011715494335361612,-0.009894329372305034,-0.012839299619652435,-0.014079647396292062,-0.012028461182190123,-0.012559467838627988,-0.013379818554810446,-0.012421524956261828,-0.012920768080844375,-0.013181622777630794,-0.012694901289626612,-0.015024066493605139,-0.0126172769541671,-0.01108886186377053,-0.015968847445108823,-0.019428664404923555,-0.012275439272754004,-0.014934271857062658,-0.012457653670216132,-0.012913489663993487,-0.015344573104265779,-0.012213765436337051,-0.010326043372875555,-0.012638778023810571,-0.014535152350828064,-0.01007971246088836,-0.009962359042814194,-0.01158513150290351,-0.01563568798782899,-0.013769496023205883,-0.01246394672324638,-0.011212859045234436,-0.012592541247187405,-0.012967874862138323,-0.01183055152745703,-0.013762335064907828,-0.012076080557352478,-0.006101024368589832,-0.012985169558767173,-0.013167608223538069,-0.012631442920156586,-0.012831714969037476,-0.01343627085531027,-0.004833158485753761,-0.016628763908080994,-0.012639607172449899,-0.015801772948314766,-0.012580682786872195,-0.012486579125745922,-0.011939052952745085,-0.007180138806926521,-0.013131428867025983,-0.013051363896712123,-0.00917485969125894,-0.011914966631591929,-0.012408334851641755,-0.012447930831833768,-0.012107731274337867,-0.011784964732114059,-0.010099443369754052,-0.012892086279060723,-0.012721700725121682,-0.01232927289577354,-0.01294021943995586,-0.010907781856261851,-0.012533080909604965,-0.009347906133695297,-0.012570712778755502,-0.011088696597767785,-0.011714562438288724,-0.012833290537975052,-0.012582968569919677,-0.01181166850196243,-0.01309645359657662,-0.011777552633224263,-0.012120215803022454,-0.014627289468046048,-0.012775801634128385,-0.014252840410376031,-0.011936397335287053,-0.013369823826246146,-0.013667827763447764,-0.01056218787397141,-0.011617933354697645,-0.011761024122931882,-0.01335502680705859,-0.01218130092373207
stdev_first_person,-0.04210806736181197,-0.0439375233367061,-0.04252331863498662,-0.04284721541214586,-0.04706257506885128,-0.021157119044576622,-0.04098365319820575,-0.04472275995194256,-0.0431612930187637,-0.04124664989547329,-0.03746906690441507,-0.04388544633324114,-0.04243612897572545,-0.03797979527549122,-0.04287247750822783,-0.04233735579689506,-0.038680584262590564,-0.0483539025716768,-0.04105493180688636,-0.04302495272904661,-0.04207868184677647,-0.04235128510526169,-0.044597587382123945,-0.039890408941817224,-0.04258129286047573,-0.04170809536582098,-0.041185411158864864,-0.042904994482015436,-0.044291748837423664,-0.04154971269046613,-0.04691207330244784,-0.043391865217162595,-0.04643277458421739,-0.037404061695085596,-0.04250991703612435,-0.045024790850447756,-0.036990675198113,-0.034538426474956765,-0.03712426583451568,-0.04331656740886642,-0.04244374769419729,-0.04449363977030702,-0.042383942552750346,-0.04563495817082666,-0.04426957161829924,-0.04151022881823148,-0.04304558570609098,-0.04274660493364942,-0.040286639250665904,-0.039551278955607394,-0.042445140799586153,-0.04247876501346126,-0.042342300246419114,-0.04185767047053371,-0.040139756724565254,-0.04260078226378051,-0.040875917788839325,-0.04216763692177095,-0.04374803433618478,-0.04225756277040558,-0.043532902514935405,-0.03841819470609392,-0.042034675744336614,-0.04233055397340539,-0.029389773537175368,-0.04171830562629457,-0.03785385217830798,-0.04196932816457977,-0.048765599955989995,-0.04261027299810231,-0.04108536586860643,-0.04284429233809739,-0.04221037761720194,-0.042174488209565236,-0.04342258173455011,-0.04207961186440397,-0.0402831403893207,-0.04413934352760303,-0.040001654505012016,-0.026130845714349826,-0.041963681318629,-0.0425329823721843,-0.04470865439691464,-0.04198153531221028,-0.042629224687072476,-0.04111852865164813,-0.04256405083964396,-0.037379349690751205,-0.04173826760930565,-0.04845593797027171,-0.04261883536570722,-0.04764432696542273,-0.04485770173937908,-0.04521284007290346,-0.0417041505657014,-0.042483991742794214,-0.04423538607179924,-0.04248145874730387,-0.0419406824230906,-0.03963623398354079,-0.043721002493972656,-0.042499794294206056,-0.035792585297171706,-0.04339708115005906,-0.04141621452969062,-0.04459021684885514,-0.04189378455099593,-0.04127051235193248,-0.03467145941044832,-0.04455434380566997,-0.04861582501812105,-0.038565440407313856,-0.0428989216368162,-0.04288346652534609,-0.043121552117814474,-0.034726611705972285,-0.04432185390552829,-0.042737609571405356,-0.042586828360757494,-0.04114373719921925,-0.0423321540663031,-0.042320229022244825,-0.042369052900327706,-0.04058909608778991,-0.03963169709969344,-0.042523918669570046,-0.042404080562492855,-0.04306446863801116,-0.04226079624277021,-0.04123744384534164,-0.04216632977103397,-0.04249320595810432,-0.04242982266997503,-0.04070476837541928,-0.039172438551097644,-0.047810276519512446,-0.042447152385456974,-0.04188441212846672,-0.04040334335264292,-0.04312330270156012,-0.041769007704151886,-0.04581538904759243,-0.04355805742537352,-0.048342810492885545,-0.042668661024694424,-0.03989920227731422,-0.04152927254415806,-0.03863230956341276,-0.042273447138401525,-0.040215816363629586,-0.043260015638671094,-0.044623623970904004
min_first_person,0.0,0.0,0.0,0.0,0.0,0.0,0.0,0.0,0.0,0.0,0.0,0.0,0.0,0.0,0.0,0.0,0.0,0.0,0.0,0.0,0.0,0.0,0.0,0.0,0.0,0.0,0.0,0.0,0.0,0.0,0.0,0.0,0.0,0.0,0.0,0.0,0.0,0.0,0.0,0.0,0.0,0.0,0.0,0.0,0.0,0.0,0.0,0.0,0.0,0.0,0.0,0.0,0.0,0.0,0.0,0.0,0.0,0.0,0.0,0.0,0.0,0.0,0.0,0.0,0.0,0.0,0.0,0.0,0.0,0.0,0.0,0.0,0.0,0.0,0.0,0.0,0.0,0.0,0.0,0.0,0.0,0.0,0.0,0.0,0.0,0.0,0.0,0.0,0.0,0.0,0.0,0.0,0.0,0.0,0.0,0.0,0.0,0.0,0.0,0.0,0.0,0.0,0.0,0.0,0.0,0.0,0.0,0.0,0.0,0.0,0.0,0.0,0.0,0.0,0.0,0.0,0.0,0.0,0.0,0.0,0.0,0.0,0.0,0.0,0.0,0.0,0.0,0.0,0.0,0.0,0.0,0.0,0.0,0.0,0.0,0.0,0.0,0.0,0.0,0.0,0.0,0.0,0.0,0.0,0.0,0.0,0.0,0.0,0.0,0.0,0.0,0.0
max_first_person,-0.010504995265068706,-0.011490066300063058,-0.010557519813711677,-0.010917543822149928,-0.014961993062573243,0.016888035427885757,-0.009049230713080093,-0.0102262887293224,-0.01281133554649626,-0.011413815253845362,-0.0070431706913161515,-0.01068637548502831,-0.011363894704171387,-0.012766903375659645,-0.00959111713625765,-0.011187504330842707,-0.00901259436582685,-0.014176999665567337,-0.011920074831451043,-0.011146081713739112,-0.010583091770993331,-0.010090332030044299,-0.012406583049594435,-0.004572234149291336,-0.0108008744407319,-0.006485692134375177,-0.01416208911630968,-0.010706575809612961,-0.011620577831263228,-0.012573210350763114,-0.007883973387194449,-0.012137123648256112,-0.013595079519606085,-0.009063160949917895,-0.011252229313651843,-0.014693434334239253,-0.008363463912564638,-0.008004080399052408,-0.00808477062816517,-0.014400520089741348,-0.009172007739270056,-0.008718785786921921,-0.010879622318621595,-0.015686671501143522,-0.011632193266718022,-0.005218820386566364,-0.01019058320348799,-0.010062124461393205,-0.006990963511272626,-0.011933393220102322,-0.013101843432875585,-0.010871619699990268,-0.010687510440907905,-0.01359651328657038,-0.009011848665023248,-0.007688489571942342,-0.013500473357126747,-0.009915993130948068,-0.011860404928515613,-0.010763232782383274,-0.010114940102740477,-0.009976029118456575,-0.01075727588928938,-0.010777746642571565,-0.005232281957249018,-0.01074656366608982,-0.007737924037932686,-0.009400686273880628,-0.014164851980326677,-0.011242859504063393,-0.010559024506155444,-0.010622937101809995,-0.010633946758347414,-0.011039536982007993,-0.011652009053116797,-0.00998344054206765,-0.017294056366237657,-0.01314085717747745,-0.008052127188405332,0.003758989998538586,-0.014303434685510815,-0.012433288166106232,-0.015005721309416558,-0.010914851688686921,-0.011545514286667639,-0.005880516190632339,-0.010529864120077899,3.682722599205029e-05,-0.010805638456491434,-0.019298028593797648,-0.0146212349863186,-0.021604946886496192,-0.01591149864476305,-0.009494122272975605,-0.009132284787795365,-0.01103391153970341,-0.010965280228164136,-0.010966130245733011,-0.011162804470738969,-0.0025455510277984502,-0.011479082943747311,-0.011712889455428952,-0.009762833655310561,-0.011216348582488515,-0.009595855604528823,-0.012990591878809177,-0.010978634589615724,-0.009369478882553225,-0.010037154460218977,-0.009508493580453654,-0.020080415733405445,-0.010764488876441287,-0.011589802103499924,-0.011289967316839896,-0.009684982724007165,-0.00938693315076973,-0.012301386577855877,-0.012422542331821086,-0.009269795185049662,-0.011193188677362954,-0.010834838133694704,-0.010519353940658963,-0.01097284067879694,-0.010791440089349777,-0.011295968217605604,-0.01293382732380255,-0.010758427297536175,-0.0118438692390575,-0.0050239289768192075,-0.006775027045938442,-0.010554511900240886,-0.007792597185300314,-0.011052174044981735,-0.007563227617039224,-0.020731602840864838,-0.016717317901062498,-0.010853097865012293,-0.010616292199203485,-0.01186365034591065,-0.011207863228510515,-0.010842273778973982,-0.01003000608300075,-0.01162301979880455,-0.009115447374099344,-0.01122589279007942,-0.011540410102630053,-0.02848865801743116,-0.009496839372765672,-0.00985418491825591,-0.00849781555830735,-0.013576900116610061,-0.014548646934086995
average_nltk_english_stopwords,0.01014671128071058,0.0099031675007548,0.00999003926140524,0.009524612797397343,0.010682330520868337,0.009169687612995532,0.01234408876450524,0.011111695432760936,0.010042424276070449,0.010736194072241034,0.005684581911050821,0.010812640666165954,0.009576851522040122,0.0099446174901767,0.007994049612526009,0.009912964785428727,0.010197658758533032,0.009457346413443351,0.01387175353788091,0.008032395912615507,0.010048969737394477,0.01035496120442966,0.009744965470367855,0.009627577596223593,0.01010390393998557,0.0113379686660927,0.00980342940615789,0.009435731214558664,0.009505056758923242,0.008871181298267122,0.0034373634472541752,0.00934365333071751,0.010978623759747078,0.007683425569038714,0.010126984664118212,0.010374207940388862,0.009495185510599392,0.012199577650504152,0.012550556422114856,0.011339630875705352,0.010238211538436678,0.012008935259588719,0.00968880519843434,0.007814629018082924,0.010604231286772535,0.011473406026920093,0.009472269366708372,0.009426087816034278,0.011007141184971356,0.00955575829300763,0.010323180640183376,0.010002891042056726,0.010004949684151583,0.009503768332376993,0.010625590046389704,0.009695691784024296,0.013189381946613347,0.008641679661420126,0.011250558789375203,0.01094929729492703,0.009047043084559354,0.009603933945238563,0.0099017866372547,0.009910415071328017,0.0036759777861105217,0.009948095076101044,0.009531950056895982,0.009337328294725562,0.010314854355531582,0.010000154299950551,0.009421539738179139,0.009121723031654632,0.010517690437144053,0.01050949834662169,0.009115344785804481,0.010054979510903315,0.01555149868290512,0.010129286841245507,0.010885894626616054,0.00801080550433362,0.007040469652078682,0.010237016477985295,0.007929375650080017,0.010495930924647153,0.011303010834050936,0.009499831245253904,0.009920836047672927,0.008368030689253732,0.010140818943337803,0.0089942580150578,0.01156613355194418,0.008326910546855287,0.011224210763423413,0.008110783697251097,0.009613847210389367,0.009983663363813502,0.009694227746382634,0.010005262785842777,0.00956992050933566,0.011740823937443004,0.011898546486120595,0.009945450413890925,0.005615738156796663,0.011504660139698166,0.008993330055633192,0.013179732865786688,0.009336863161172139,0.009907753126796358,0.00926265429194258,0.005508150005036045,0.016157165591806473,0.008596053476214942,0.0103937836635098,0.010016213791653893,0.011421925552995607,0.010256408437520546,0.010157484981036618,0.009919394624402672,0.009953724152303152,0.008730271629888816,0.010148550853225044,0.009979433579389567,0.006932280083432102,0.0123406366005621,0.011568975912743938,0.009068436009899013,0.010207590835488521,0.010740802083119547,0.008375398754319113,0.00673264352385427,0.009546259936271916,0.01035421177494068,0.009847761192537136,0.011380040547632784,0.0017901090924599787,0.013492851188550804,0.010036917754526569,0.010411061116752189,0.01220939424160582,0.009317672017403435,0.010396571234311702,0.009161969559053879,0.010514000597745765,0.008308710775385952,0.008916273009596364,0.009772091644373352,0.010204203618794188,0.010326700417437051,0.009656727011067954,0.010709187570214523,0.01081562884304424,0.012027309418954212
stdev_nltk_english_stopwords,-0.007290813409693671,-0.008150002177987227,-0.007204971153017448,-0.007974239724721178,-0.007328927886411301,-0.01035069047918654,-0.004347497915755724,-0.00573479373126414,-0.0058246742914303045,-0.005218148396328194,-0.008475151770144703,-0.004771482410446565,-0.007675693423646211,-0.01036858004434892,-0.008930858573454213,-0.006962711042638694,-0.005232616970344271,-0.012009800434632345,-0.006415132886322512,-0.011050040517043974,-0.006659842551849528,-0.006321428361938882,-0.005359140044826627,-0.008451164673580149,-0.0070020627845220765,-0.005756287410459537,-0.006721357144857474,-0.007681469328898533,-0.0057194224718001,-0.010918807446176425,-0.011052667431387615,-0.006789802257095865,-0.01049587021535203,-0.010903831029197468,-0.007688043182629508,-0.0068945102229095775,-0.011652055793823017,-0.0009184509403230858,-0.006789601716752202,-0.005986076531641357,-0.006750040853267129,-0.007545978487733787,-0.007028408353649248,-0.0055747182762369875,-0.008182086368537922,-0.007314108694596061,-0.006571400017651387,-0.007008855347049948,-0.005679779149140319,-0.0079094916383179,-0.006960376763525763,-0.007040173886734979,-0.006889732991602222,-0.0031219403148978475,-0.008619990057536298,-0.010141398122938078,-0.012550663125354217,-0.0066347792588659586,-0.007593428466059872,-0.002623442860672799,-0.007963894681652157,-0.008533231151530837,-0.007032062978926622,-0.007233900681179856,-0.018739239273065735,-0.006920641235435264,-0.00586230276838147,-0.004960654140793387,-0.006450403398728582,-0.007196029973302122,-0.00626491434402679,-0.008027887877906332,-0.00787790781293731,-0.0068891795929233186,-0.008055789435592313,-0.007210202867371321,-0.0056545715990117765,-0.006654120018732807,-0.007491459806718124,-0.0045230192322069885,0.005722198607209176,-0.00736695087044717,-0.005531154313695494,-0.005420185805986368,-0.006125551428298491,-0.008065603238783903,-0.007564892941899895,-0.007760984705676349,-0.007681512294466069,-0.0064847967091941575,-0.005467407895314712,-0.020456995300920617,-0.006977447276357972,-0.00783651462177191,-0.006971318131183289,-0.006946899835892476,-0.003856533485715181,-0.0070147372674474505,-0.007238993128057045,-0.00785432102641117,-0.004790384439598631,-0.006708822004553338,-0.010040856651721037,-0.005984319054356639,-0.008142413855313432,-0.006136923065324591,-0.008937559805956598,-0.005908008764851881,-0.007764505358489986,-0.004890302250891691,0.003982148433467847,-0.0024388994257625958,-0.007366550147158364,-0.007507861508452557,-0.010151307002252086,-0.00835336538343853,-0.008555065654938701,-0.008445696629225294,-0.007977998966734373,-0.008319145981874283,-0.006838396865845451,-0.0072149394344458205,-0.005576366438504341,-0.007063868660262235,-0.008315548698669024,-0.006466578934325031,-0.007251506372183553,-0.005508455883339885,-0.007227809588258572,-0.006428178853462528,-0.006332828547533778,-0.008360418168422779,-0.006904109813654068,-0.007516448817851355,-0.002384035824270653,-0.006303626805092579,-0.006925331532262166,-0.0060734670009061536,-0.006034244793087315,-0.008526733217424613,-0.007185699793846138,-0.006765939515961118,-0.007936330558000564,-0.012919121137173402,-0.007314603742370261,-0.006076278374705488,-0.005435703172480627,-0.007738598184003064,-0.008872107509091284,-0.007157494795238462,-0.0063519187162377685,-0.00962318541149089
min_nltk_english_stopwords,0.007456717470173827,0.008645993672352806,0.007364381159268326,0.007124617603008213,0.009994052559595745,0.010462132778563643,0.0032478317050620275,0.010169166308638424,0.008044205206407631,0.008318801459010136,0.003958754053131719,0.006132499877474604,0.007954264124921173,0.008462870037360232,0.005968604970779794,0.007820031518714007,0.001916322026545461,0.001911612075125647,0.0038033093754265244,0.0073128243189285935,0.007587061797555726,0.006289056788369735,0.014523692420561292,0.008568295307213323,0.007179960786354217,0.005037388190284481,0.009435435474789946,0.008738415947121988,0.00809199114353042,0.01532578078144562,0.01532175029887455,0.007345612654128946,0.003051471132002435,0.006138151611094287,0.008095060801274586,0.006464331260781357,0.009457520800779665,0.006158705728193662,0.008320068480555626,0.0072166744706460536,0.009451769426235216,0.010626076111490653,0.006686023894479942,0.014316250503352708,0.007139913095835102,-0.0037549932728794012,0.006936102946072762,0.007719659225950808,0.009037212557582181,0.006681854346558932,0.007438112494530083,0.007539185301237611,0.006942876543391294,0.009395226407538277,0.008320559000265342,0.006709553426867596,0.012699403410310069,0.0075658554753998755,0.006984842252612787,0.004719955845385633,0.008771726561286323,0.005693041049363703,0.007407752949367496,0.007833218504197798,0.003991305282816937,0.00810304180047357,0.010690853073487291,0.007579854869981189,0.025541362735878786,0.007831388455570899,0.00766736369257034,0.007766400238343582,0.007821858221631195,0.005651552064252764,0.009344397951818906,0.005230746385887679,0.010378592986017347,0.0062997771434328345,0.007573832682251867,0.005004140297035443,0.0032564038050310155,0.007907089692204178,-0.0035791835894782506,0.007044921983464724,0.007238279170139907,0.0026702694298679445,0.009879979866389018,0.010703388476535996,0.00782679874139137,0.010489529833507046,0.009322187462231037,0.0011712565239147864,0.010451491498027987,0.00821639952132371,0.007605732982194512,0.007546271966946546,0.014682271659958699,0.007217029619428982,0.007617930585645991,0.006338971375684553,0.01021284274939701,0.009831326566261359,0.016376983742089627,0.007802003842588853,0.005853039075636946,0.008904625899862488,0.007294819491209456,0.0020199405128573213,-0.0026571495903513244,0.015146510624828885,0.009217421579466272,0.008861687855578363,0.007173793260490845,0.007531581754971084,0.008736157966356543,0.002473070905108227,0.011651717354352975,0.008425607683935925,0.009810319365913303,0.007120729027405533,0.008534660609876074,0.007615774007261441,0.0063494795262655605,0.005526887966317507,0.008591384045606026,0.0046357498228679446,0.007712168652717577,0.008988901372937591,0.004268278619339766,0.00897984500111712,0.006869686286374802,0.0006564018248573006,0.006913955997300977,0.008612003224880656,0.00952417748033502,0.010914473165262062,0.0074461551004650775,0.008448628413794328,0.006916844228547598,0.008298614206733463,0.008841955182300788,0.009478167343931107,0.008782884050620852,0.003849971657519692,0.003523037392944,0.010904730693394893,0.008836310892118497,0.003116754691263857,0.01630246050564468,0.006670821292786559,0.0059474682204529,0.01305285619067441
max_nltk_english_stopwords,-0.005572108275897916,-0.006059257825285756,-0.0051934407229901796,-0.0063264719153999175,-0.0023762716234569446,-0.004413065122927909,-0.0034754630335409576,-0.0040034444113675105,-0.003164843389729372,-0.002409555037217006,-0.004455766902172226,-0.002022491341500726,-0.0059956965120247716,-0.012066274132292729,-0.00804250020643728,-0.004761712955741085,-0.0007206149944100687,-0.009450948912658571,-0.0030882458302397145,-0.008911499646835075,-0.00459873285032329,-0.004527045679227347,-0.003309397884617894,-0.007058618062353284,-0.005420111626671568,-0.004057424803641955,-0.004986571880663699,-0.005548425251426579,-0.003346615711261316,-0.00783765419122694,-0.008155820575674985,-0.004827076193519275,-0.009195092315125122,-0.006317922144238481,-0.0046896297019582995,-0.00643011787835586,-0.0026666487103530565,-0.0003841374018751264,-0.007378690675647191,-0.0049115980725301924,-0.00396195002965361,-0.002532135763527209,-0.005002850838876596,-0.0033998133265822424,-0.00606669689097246,-0.008958343495211388,-0.005399760518904484,-0.0050452168111646935,-0.0019018618522683235,-0.006918334550597059,-0.00320880467074509,-0.0051408480250823355,-0.004815867092509501,-0.0050600367235536315,-0.004257326219590821,-0.0066802727498085634,-0.010288386163762486,-0.0056795322552529275,-0.005355712641751007,0.004371317055704128,-0.0063515457485271935,-0.008016233769315378,-0.0053172617705156315,-0.0052272569647688755,-0.016634836065182696,-0.005551236972518646,-0.003916268951026977,-0.003544317607214089,0.0014116079513880023,-0.00538668102779292,-0.004357875353393301,-0.0053293636508108515,-0.006301447405534525,-0.007429153986638872,-0.005871026257182478,-0.006213303706522213,-0.0006390044841658846,-0.003602985258720274,-0.006812595073391013,0.001819358748788801,0.008149651571595569,-0.004944615540166806,-0.005646260724113161,-0.003477784481612131,-0.004392809383787342,-0.005672158290647635,-0.005320372798730887,-0.005125836649994704,-0.0077449309434818175,-0.003995012954986887,-0.0035161931976372598,-0.021511124340900266,-0.004497556023259767,-0.007267817531965654,-0.006212890885037139,-0.005070663662961272,0.0010845442712025357,-0.00519919234793487,-0.00533935390518212,-0.006764258087198676,-0.0040310792304678236,-0.005004186530838761,-0.008158128681753044,-0.002945170130216451,-0.005680645022194249,-0.008449015675309448,-0.00579632955459203,-0.003815965218185797,-0.007424516936389659,-0.0009022021991587188,0.006471104861412522,-0.001015493442926071,-0.005209639862540912,-0.005898387012253916,-0.008919427845126978,-0.007214603616502157,-0.005358248382706275,-0.006012143633552832,-0.008007937967394872,-0.008638706733493158,-0.005102806295121216,-0.005344407577216359,-0.0065503445544460494,-0.006690333636662035,-0.00657398682489637,-0.006518051984359599,-0.005444999197046382,-0.0033435597331553037,-0.009171279656274987,-0.007284850835475159,-0.004358111092816313,-0.007310738364527528,-0.004944568720788011,-0.004932858360369901,0.002120459441492111,-0.005941915151758239,-0.005040441097927983,-0.005570205955996368,-0.004412340417093131,-0.006882098019379994,-0.004669182492942297,-0.0028278816610963755,-0.0056702623819845695,-0.009502359094604548,-0.005379393585602014,-0.002210182636039725,-0.012750998759303994,-0.006509593261540861,-0.0027356077199883234,-0.004050941554465493,-0.00423651976971209,-0.0042552620359706216
average_hedge_words,-0.022661512075542678,-0.02342441711518398,-0.022953213889356804,-0.02330670945582549,-0.01875116057208627,-0.0230121542424334,-0.017467106306807964,-0.024031546942014037,-0.023659829485707988,-0.0215190135986355,-0.01911523445059189,-0.023277011519800765,-0.023179201650178897,-0.025642193357490337,-0.022737453893386706,-0.022740025423474253,-0.004296422500392442,-0.016302959861124473,-0.021830613801388666,-0.03243489351236474,-0.023192158119101677,-0.02258039055053652,-0.023902563236164638,-0.023326768573732202,-0.02273903536599781,-0.018881237252692057,-0.021920072536552964,-0.023717949035903907,-0.024307877511872335,-0.02206067556658807,-0.02872515822351775,-0.02218506846267078,-0.027341960237758808,-0.021575638665987905,-0.02206485624604534,-0.02038757114739849,-0.02523890249843394,-0.02182765035269222,-0.019831296175096776,-0.02365951575215136,-0.022551037243462912,-0.027297474370776828,-0.022601144530597302,-0.02556104610109529,-0.023121782967028773,-0.022326416332644018,-0.02255969697385718,-0.02240923493309334,-0.01805315311865891,-0.02815113892766139,-0.021842541757534542,-0.02278757329480304,-0.0230227951714371,-0.023798476779021582,-0.021975717620126893,-0.019854271411135625,-0.019229003702589564,-0.021976518440769394,-0.018592072863783463,-0.018755186326796097,-0.02280952543285398,-0.0236310388242364,-0.022910164186192496,-0.022876039995101877,-0.021150104050234587,-0.02336909745505957,-0.02172947234219103,-0.0214778205629066,-0.022253287881474217,-0.022798449615329668,-0.02341050550177086,-0.023475281079308345,-0.023909187300113648,-0.025163326707240342,-0.022607315669783995,-0.022031823749093658,-0.0222733140041897,-0.022346070069110373,-0.023684403365919295,-0.018130608374041606,-0.022180457337091633,-0.022410468388161346,-0.027453425663627747,-0.022935736970622657,-0.022233967462739014,-0.024035211644772077,-0.023023094264705717,-0.027009824978363753,-0.023768496556800377,-0.02509705485648342,-0.024012745515027356,-0.02908477026826685,-0.019786133896104674,-0.023113459482178467,-0.0232881533758212,-0.022807822304997026,-0.027293086476403737,-0.02277313411688924,-0.02259363953844102,-0.02064836765336988,-0.021957044007538853,-0.02370206189696463,-0.024461669069553403,-0.022325877267330006,-0.022322705371433563,-0.02480287788073984,-0.022981971426909064,-0.023012080194152667,-0.023847659421743734,-0.027843734800564263,-0.013460264532683612,-0.022070753810450157,-0.02246203085372172,-0.023699352339212464,-0.0230288637879487,-0.024537578243338597,-0.022263845954085322,-0.023057085063098875,-0.024557883833368734,-0.0236007321009654,-0.022362654949339617,-0.022635516030428147,-0.022547508968372078,-0.024947935951337714,-0.024066215243924834,-0.02245158495370731,-0.022812054935777253,-0.023118056432609536,-0.02199355685612948,-0.0235646553332044,-0.02290879000830104,-0.023569778175017292,-0.02261019244452217,-0.022775645817947693,-0.020124142051870842,-0.020106609914150354,-0.0227629717857482,-0.022938434153596997,-0.021069537873944895,-0.02352259567342618,-0.022440445100665736,-0.017537813239010373,-0.02265752838153997,-0.020745027063419567,-0.023148900091146278,-0.022311668607615145,-0.02562734410910336,-0.02122542564770738,-0.01995445899239337,-0.02274241605105147,-0.022223981533586318,-0.023146727520032793
stdev_hedge_words,-0.0006158348237028325,-0.001074587099150849,-0.0013218435641188051,-0.0009338672723696855,0.002014954208090714,-0.0042643225943861385,0.00128054533851194,-0.0020163423255651746,-0.00016940912641053192,-0.0012280858720596886,-0.002702710761027488,0.0006504533570148262,-0.0008684586767420781,-0.008305084132452255,-2.9892315187589683e-05,-0.00046443466412954097,-0.010119421107551256,-0.0008424137660858035,-0.001725496628469542,-0.004492154321673511,-0.0014441118981812478,0.000485533589317114,-0.00016800337966340478,-0.00036872551860627455,-0.0006589000538044058,-2.6995100575790895e-05,-0.0041324393243409065,-0.00046969118853139834,-0.003535518512366699,-0.00125013192487476,0.00015640659622433682,-7.042796622926811e-05,-0.002516667599810075,0.0020715925229314817,-0.0003517119330976766,0.00031820346724021134,0.0009456778307855747,0.0022789106715292197,0.0028200616679268913,-0.0014196678471614151,0.0008416841704947334,-0.0010069675678675248,-0.0008326469284767896,0.004900691213956285,-0.0006715559774840996,-0.004356339073448866,-0.0009618587614235365,-0.0004938427612323493,-0.0010490949376036791,-0.002665039683052435,-0.0011166314051315306,-0.0007401706749477696,-0.000790759922793649,-0.0010451282730784585,-0.00034524993161980273,-0.0009078816537578232,-0.002283533969106284,-0.0011721078991786867,0.006298954547560083,0.000886988847906691,-0.0004825886203956454,-0.0003434824830744719,-0.0008978348222043811,-0.0006465723398567224,-0.00274411292822444,-0.0012058281394735741,-0.001422591393838095,-0.0011947840283789719,-0.0006915024741698476,-0.0007777862372815494,-0.0015058873073704269,-0.0021388098474849054,-0.0005063745572538858,-0.0001164937662209431,0.00011121254305819506,-0.0008804019325831195,-0.003135837948818821,-0.0002718832610024702,0.0007708924927324803,-0.006945751851901208,-0.0011210689812285422,-0.0011006130244965977,0.0012586838618433016,-0.0006434925454796726,0.0008877651514282089,0.0018335689266333107,-0.0007096086624015559,0.0005277461626109065,-1.3314930560072089e-05,-0.004104401035006146,-0.0016982475884529252,-0.004759640231823131,0.0010620630683548463,-0.0017910403692548947,-0.0015757925829547551,-0.0007398099837338055,-0.002421599068223486,-0.0007453867723100499,-0.0004245112830040011,-0.0007284484728501493,-0.0019415515658101987,-0.0013991573726919032,-0.0021007840244879165,0.00014402912204863894,-0.0020859032455033174,0.0053399053356282394,-0.0018376110773188504,-0.0014120732703708713,0.001263584237250771,-0.00641530610342351,0.006354451201260903,-0.004714759056982794,-0.0007473268426898237,-0.000493678069367065,-0.0010329295197853972,0.0007521778558441904,-0.0015826604702222306,-0.0018893915232290458,-0.0006599957335951846,-0.001838697896511714,-0.0006821554161831438,-0.0008135029130327525,0.0006434836677125279,-0.003231805622386563,-0.00147163515454549,-1.0397871448719273e-05,1.054074933657008e-05,-0.0010882390972750053,-0.0003153000542029348,-0.0026769341497787126,-0.0007021164694558709,0.0005016148526297767,-0.00041830327651253343,-0.0014770801639804165,-0.006734482203709792,0.00543066837180106,-0.00066732227866316,-0.0008313720852226487,-0.0008692699441530706,-0.0025294973835737825,-0.0002894397150576492,0.0008394813773692153,-5.2975944331391106e-05,0.0014559084153949846,-0.0022153904867387286,0.0001748720742714288,-0.0028913070427697644,-0.0023324720492808246,0.001625231114196997,-0.0013412180678552491,0.0019672083195251813,0.008038511163793512
min_hedge_words,0.0,0.0,0.0,0.0,0.0,0.0,0.0,0.0,0.0,0.0,0.0,0.0,0.0,0.0,0.0,0.0,0.0,0.0,0.0,0.0,0.0,0.0,0.0,0.0,0.0,0.0,0.0,0.0,0.0,0.0,0.0,0.0,0.0,0.0,0.0,0.0,0.0,0.0,0.0,0.0,0.0,0.0,0.0,0.0,0.0,0.0,0.0,0.0,0.0,0.0,0.0,0.0,0.0,0.0,0.0,0.0,0.0,0.0,0.0,0.0,0.0,0.0,0.0,0.0,0.0,0.0,0.0,0.0,0.0,0.0,0.0,0.0,0.0,0.0,0.0,0.0,0.0,0.0,0.0,0.0,0.0,0.0,0.0,0.0,0.0,0.0,0.0,0.0,0.0,0.0,0.0,0.0,0.0,0.0,0.0,0.0,0.0,0.0,0.0,0.0,0.0,0.0,0.0,0.0,0.0,0.0,0.0,0.0,0.0,0.0,0.0,0.0,0.0,0.0,0.0,0.0,0.0,0.0,0.0,0.0,0.0,0.0,0.0,0.0,0.0,0.0,0.0,0.0,0.0,0.0,0.0,0.0,0.0,0.0,0.0,0.0,0.0,0.0,0.0,0.0,0.0,0.0,0.0,0.0,0.0,0.0,0.0,0.0,0.0,0.0,0.0,0.0
max_hedge_words,0.0041991663238761644,0.004203354857993006,0.0036275739756526162,0.004153096910257403,0.005694541563739285,0.004240266431165787,0.004126647339559999,0.0028566549397266664,0.005668143478303991,0.0038824204382534675,0.0014789089029133805,0.006442270041462231,0.004113442410474703,-0.0018899977417845305,0.004851077829038531,0.005143432436028952,-0.01074269766232609,0.0020518773416606448,0.0010662346889801326,0.0017386382272857291,0.003558370351994345,0.005621228736347277,0.005226483445068569,0.006013774627567577,0.004097511328115044,0.0029959167161661138,-0.00041653559349179824,0.005140372304588253,0.0015710546827679382,0.0037502836234947767,0.008627533033426454,0.004577813029755566,0.005284912865117857,0.006794650578781539,0.004266384687238696,0.003876025068412191,0.007746363620530754,0.005551706830387873,0.008570896384647477,0.0030389451437752863,0.006018936095567987,0.005999093374076685,0.0038955899956869267,0.013444962959056702,0.004261537139566892,0.0014366395160827165,0.0038952899240290977,0.004271406766273227,0.003010918796023769,0.005249666164605593,0.00393370921379795,0.0041632563192580165,0.00431881673598967,0.0038590536124204697,0.005226505296939266,0.0029590347556551454,0.0006498637465088553,0.0025015468412676062,0.009899436459280701,0.004469543163024101,0.005136045044452852,0.005497065765440479,0.004032789934628887,0.0042903021080280875,0.0022234590126025307,0.0036745589652149094,0.0030427514300185136,0.003429322626895364,0.004990501043007712,0.004099846887937008,0.003731112900788411,0.0023541665740461383,0.006013366834638432,0.006331456118785821,0.0052079820315574805,0.0033128591641614358,0.0012602143460815635,0.005445401775907629,0.006017696358306667,-0.002973168894021999,0.005043242046831355,0.0037594441781979033,0.009651464483116094,0.004397726020631508,0.005306928243803886,0.008480090598305349,0.0043993045685756065,0.010241342289245316,0.005419195821908565,0.0037011249290940604,0.0041326075754079,0.003603416943662452,0.006080379572108352,0.004145382990854641,0.003370003244233307,0.00411472125419228,0.0039486294714760235,0.004129687459839845,0.004523992196416873,0.0017404195270140192,0.0025494675294189806,0.003780161878701293,0.004787940284875697,0.004797391657161325,0.003049582896796809,0.011106150115734289,0.003474050983866885,0.003672396056831208,0.007368822212887583,-0.0005334600917145903,0.008113951392103217,0.00020075536573397647,0.004081899039938717,0.004258460973211427,0.005718436420522326,0.006408292722107609,0.0033255642627797732,0.003062264172162061,0.005525062851084332,0.0036795126365482614,0.003988340245315355,0.004017629044567912,0.0035198680750957896,0.001740876138955634,0.003397982522532735,0.004536586708935562,0.005064247713461444,0.00404076473796206,0.0029569550506596855,0.0015417445442125234,0.004357689188368749,0.004748727058022734,0.0045693875075065275,0.003631546109446099,-0.005684891835235536,0.010178417525712434,0.0042169479573175,0.00414407547827692,0.0026433733575527384,0.0028409200409334427,0.004418269704570127,0.005735432023273222,0.004718226864518494,0.006311528028885141,0.0029205780337497635,0.004827634582747695,0.004353705253927677,0.002569237314591662,0.006569535926765615,0.003388569735152643,0.006533190808830433,0.013991953247682036
average_num_question_naive,-0.040409611186900285,-0.040704603626918676,-0.03990437993273453,-0.03873774454362222,-0.043879412103686705,-0.045141222918158586,-0.03713732427259987,-0.04132734780778586,-0.04055145526456499,-0.03972401463613484,-0.03405827887353262,-0.042161766195991573,-0.04074082493666614,-0.029778348594402922,-0.03980963704362238,-0.040690028265649235,-0.03930654823439508,-0.033716163697962785,-0.04560210619528378,-0.0436240449341168,-0.04064454571724957,-0.04160772496479901,-0.04304610369523649,-0.04163245756395339,-0.04044035146899361,-0.03516310708880535,-0.03661851020814823,-0.0406871345165149,-0.04005978491837965,-0.04066818575833919,-0.04519447736029448,-0.04220950980546345,-0.03888480856937271,-0.0397464361470034,-0.04051476182352619,-0.03872241853818842,-0.04277232386069246,-0.03488215527426312,-0.040779606799232856,-0.03952120149995797,-0.042032981346054855,-0.04538786506624879,-0.04073128714072488,-0.0434967192128428,-0.03749373982824313,-0.043346592657556395,-0.04068763808410315,-0.04052065507332405,-0.03497573508501064,-0.034776578779978376,-0.04105544407236919,-0.04041960491854555,-0.040450046493927534,-0.04148825330136398,-0.043166534368694075,-0.04308241872836918,-0.030116654786298644,-0.040488546549764505,-0.0394806443048592,-0.04437123774201761,-0.037781632251709954,-0.04129928629702252,-0.04007691911012347,-0.04053637371223534,-0.02858836643454851,-0.041415939696415,-0.038280381564453854,-0.03871541752171474,-0.04624977189469762,-0.040218533790706994,-0.0415013219057532,-0.04187345758387387,-0.041045740100753285,-0.04038973404623375,-0.04054925829568874,-0.0397886351656475,-0.041223724866530406,-0.041937760790452444,-0.04007950008840637,-0.027367843019530557,-0.0408734268937324,-0.04013463372299583,-0.0375091636219337,-0.04020910511282595,-0.040684382333388044,-0.03657636843129958,-0.04129176492253591,-0.04304789443195802,-0.04023272627195087,-0.03702850753834863,-0.03828532932712958,-0.05167824115510235,-0.037871753008521566,-0.037030053312450614,-0.040412241574783486,-0.0406288813830151,-0.04086080175697805,-0.040351654689944574,-0.04056488087942717,-0.04039265912225057,-0.04238906784602722,-0.04011850188407171,-0.04056286041827743,-0.04014609970644092,-0.04037493860759552,-0.04003456554097164,-0.03970443413559989,-0.036052133420170315,-0.003937864501736079,-0.04578811077500905,-0.04121324515193571,-0.04520462019170474,-0.03909659849492529,-0.04116754031742839,-0.03985103158952898,-0.017692088871336904,-0.0408568040861859,-0.04033981928510005,-0.04109251752175441,-0.03927290137781071,-0.04070863275490923,-0.040330362373422815,-0.04009013999445068,-0.039178662981091746,-0.0416463209388798,-0.039625690160871384,-0.04065512313286862,-0.041230463675589635,-0.04066165339615942,-0.04068458033322365,-0.04163579684102594,-0.03882354512072585,-0.041012584989117834,-0.042766983383780585,-0.03913954159509761,-0.0396949250441331,-0.04041063298621463,-0.042809295995487426,-0.03648033753073817,-0.039337403496984766,-0.04123309374168285,-0.0415771969908371,-0.03878053836615553,-0.03817021127247549,-0.04038277018299155,-0.04348176875069666,-0.03720833047586788,-0.04175851247209346,-0.037742361295802426,-0.04093643448917417,-0.03974496698219114,-0.03613710015505342
stdev_num_question_naive,0.01630756323625214,0.017187677088527725,0.016663588404646296,0.0165631463827541,0.018975736779937358,0.0176081408536272,0.01631399379241104,0.016166840469447233,0.01906844639120686,0.016720541664030857,0.024043254898885667,0.015536226139632556,0.015519182841337985,0.00329167073189799,0.015618049482204285,0.015665041683375215,0.011243673598489469,0.02026694527172168,0.014739646882159174,0.017525301199170104,0.01604854885568844,0.014667235299177676,0.014292829961665587,0.015217181806239544,0.01633403921059659,0.018104881089378272,0.016981847766813482,0.01661245689035979,0.014973817642251357,0.0156813553854925,0.019191469018028297,0.015484459683326263,0.02120565363078728,0.01384328280776504,0.016401424466632335,0.017581766219159516,0.01676207704286354,0.020450333812830075,0.017747109749046516,0.01600329515378742,0.01604930850502665,0.016567345821841675,0.01643937915252648,0.01670949466628268,0.01802440067851316,0.01783940691590389,0.017121516362553255,0.017165345087306272,0.014417299944132322,0.02070986021363476,0.017168744692077686,0.016226019946359665,0.01650982980062647,0.011876979458741874,0.01780106013924037,0.01983219319541571,0.011194194983662212,0.016192969770475067,0.016700088371248215,0.016986799414617393,0.015465848272161513,0.015181158079170011,0.016453185715718584,0.016171984895914003,0.014944838679150689,0.015456380874531689,0.016136034495073073,0.017555739943594002,0.006142417947670661,0.016059932194819944,0.015552761411457408,0.017044039539007003,0.015864405514966227,0.013676879699083717,0.015956305250952263,0.016665720559664934,0.014311682471502711,0.013859657945207757,0.017102905103930775,0.021836130715082697,0.02780787062621775,0.016251909361526415,0.014431364597343663,0.016864987573003865,0.016270222980007534,0.023351854997852972,0.015535849847649802,0.0204857576579089,0.014397464036623085,0.022496190298179085,0.013667222992939342,0.008810621263688055,0.01831457156380377,0.018621187350980575,0.01768837463743187,0.016239238469751713,0.01570104652120733,0.016359277176884797,0.017218675264619433,0.015016994314871392,0.01202446376871849,0.01685505316871632,0.009512619535994325,0.015249613927049287,0.017929195615615845,0.009992173296064978,0.016799943212782442,0.023453816875558677,0.025997185980044912,0.017306355542533028,0.021228122200489384,0.013594923956312156,0.016015826988813334,0.01571625539481706,0.017777150827818868,0.022525666885109964,0.013404181261840037,0.015682485751772217,0.01729060660582788,0.010442819386071278,0.01585066077975745,0.01634438631567222,0.016299638783971976,0.020123218509728917,0.012647637764594058,0.01678200967983763,0.01632572450140842,0.016838757420311636,0.018867202335263025,0.015567531536883214,0.015854036588314392,0.010771649835688318,0.01605215317687997,0.016197527679516786,0.012140556504246537,0.011684713578890726,0.016221392180394117,0.014809186043137551,0.015202997293622345,0.015089603026553093,0.017217045484224536,0.017865739943591467,0.015486737851155577,0.017114569018613725,0.016693642881216532,0.015681259883673075,0.013473574464726495,0.01540235241515614,0.019364732305000472,0.016303599110841942,0.01703100594261519,0.032367351241753294
min_num_question_naive,0.0,0.0,0.0,0.0,0.0,0.0,0.0,0.0,0.0,0.0,0.0,0.0,0.0,0.0,0.0,0.0,0.0,0.0,0.0,0.0,0.0,0.0,0.0,0.0,0.0,0.0,0.0,0.0,0.0,0.0,0.0,0.0,0.0,0.0,0.0,0.0,0.0,0.0,0.0,0.0,0.0,0.0,0.0,0.0,0.0,0.0,0.0,0.0,0.0,0.0,0.0,0.0,0.0,0.0,0.0,0.0,0.0,0.0,0.0,0.0,0.0,0.0,0.0,0.0,0.0,0.0,0.0,0.0,0.0,0.0,0.0,0.0,0.0,0.0,0.0,0.0,0.0,0.0,0.0,0.0,0.0,0.0,0.0,0.0,0.0,0.0,0.0,0.0,0.0,0.0,0.0,0.0,0.0,0.0,0.0,0.0,0.0,0.0,0.0,0.0,0.0,0.0,0.0,0.0,0.0,0.0,0.0,0.0,0.0,0.0,0.0,0.0,0.0,0.0,0.0,0.0,0.0,0.0,0.0,0.0,0.0,0.0,0.0,0.0,0.0,0.0,0.0,0.0,0.0,0.0,0.0,0.0,0.0,0.0,0.0,0.0,0.0,0.0,0.0,0.0,0.0,0.0,0.0,0.0,0.0,0.0,0.0,0.0,0.0,0.0,0.0,0.0
max_num_question_naive,0.02785009464121417,0.029103688069223137,0.02831411798721143,0.026452409876247134,0.0296518896311168,0.04371354509899047,0.02263605562768347,0.027725649149913927,0.02963783700177046,0.023805338278852575,0.03184029051655333,0.029595403710116173,0.026372755025515997,-0.007547003308097787,0.02805147455804303,0.027288242944917024,0.02010615165726043,0.0308981863664215,0.029564738554361356,0.0305409034736058,0.02761294932992099,0.026853660960216068,0.02650002002806056,0.025924372052440324,0.027937234757675282,0.025606048174498318,0.029416409113858864,0.02869737503641257,0.02555361405062479,0.026149056282211,0.032971453524809034,0.028187021340074433,0.03488393602423319,0.02802333886995604,0.028381732459654425,0.029480840664167382,0.02518261383594604,0.025322881927721405,0.035232470621626134,0.02526759548291989,0.026764367419721623,0.03327583279765678,0.028043137721580978,0.03220308799010152,0.02797437584355715,0.03878185882334921,0.028789847303192895,0.02923275263379032,0.025590795259281908,0.02479050053858093,0.026802806636178136,0.02760260278946579,0.027350014539907236,0.021347266061416542,0.029932089592288907,0.03638763491245694,0.020924386882039576,0.028929665113651443,0.028089805188153454,0.030965746458285814,0.02495765055626052,0.025545454802372553,0.027740664392939436,0.027625069865033693,0.01621973775371579,0.026863788901272348,0.026635722369644517,0.028022247590803087,0.01606372039794885,0.02740008612730689,0.027615382018044345,0.030651674955509203,0.031207401897941085,0.02709056464288946,0.02745930465518908,0.029475197325810484,0.02352318715618757,0.024343755876144464,0.029466500636810784,0.030337870711548302,0.03559626551300405,0.027732231098079714,0.020544427179309398,0.028088574820806782,0.028677168925025427,0.03530706523458667,0.027202516528936155,0.034889963909104246,0.023530712581454567,0.03476656902733517,0.024384200689997658,0.03355686523144577,0.03432021048201349,0.027275879952518442,0.02806798654159791,0.027546438155634186,0.03154411631994487,0.02776637656378772,0.028899452922021097,0.026707597305586292,0.022689283972398923,0.027872630522803275,0.02459294885014153,0.02684440032380319,0.030611086054668446,0.018172434514656124,0.02830249898634004,0.03686280690981941,0.023310279308619862,0.03129535616560824,0.03404110024481614,0.025386202297249832,0.027131892795317886,0.0272382304064931,0.037958313943398075,0.025277840767648684,0.0249619966807239,0.026151301962270737,0.03040534814491907,0.01864517250911185,0.027464872841016078,0.027485410059339674,0.028934946640225542,0.03490758481050113,0.024293921540987765,0.027748840013307956,0.02802569079309112,0.028997412445390447,0.027118969878085368,0.026858760794415522,0.02745979769753934,0.023841524031603466,0.02780309964545675,0.027772057607565286,0.020700539818334446,0.019786584566790354,0.027674246692910583,0.028025406283787704,0.024383616945314414,0.026258900247160884,0.02952648507080196,0.033795268561687034,0.02766400746655706,0.026548115973194716,0.02696875147591847,0.027817664425174644,0.03489030536507983,0.022417959149951018,0.023919225782090534,0.027198581887666932,0.02900146804646922,0.050580726560888564
average_NTRI,0.0035355625638108356,0.0030831748980300402,0.001879357300728377,0.0027614252130246262,0.003140752521659,0.0034303225469773154,0.0023711473626685754,0.0036744377347078788,0.003256460021471244,0.0034788687519923724,0.003959443227157369,0.00314265534430301,0.003266712178916893,0.005579126659526384,0.004259687075955768,0.003198922499993744,0.0029151427178596137,0.00412381715363994,0.001852853291956065,0.002544611842546501,0.0032583772005769654,0.0028983531324403965,0.0034099234651150875,0.0034068349255103993,0.0032951643231450972,0.003634985013642634,0.003162668975586482,0.003421678541439625,0.0031960712614016312,0.003295828791381251,-0.0011784258962874473,0.003076541205426132,0.0031968615802027327,0.00220111502161566,0.003259657132889879,0.0031207237290708885,-4.228512306291964e-05,0.0026835573451435687,-0.0016879260247431973,0.006141275886185082,0.0010564601753812889,0.00277036391342009,0.0032366650590312596,3.6965582976897574e-05,0.003485052023129532,0.00014536023827112568,0.0034085653316965094,0.003424003522405473,0.0064174513548057146,0.0046461528533675925,0.0034565388132594566,0.0032270035047063063,0.0033099019042518232,0.0024084991927759833,0.0010587268989431546,0.003072974811907399,0.0022385524014345093,0.0027510381478717486,0.0033933628675900966,0.002299487892402758,0.0031417303129330585,0.003659469953001932,0.0032441385972679544,0.0033213684003951457,0.006233937143207003,0.0032388710330998804,0.0031642695399510274,0.002857668518429314,0.004134314166108203,0.0034628800956372175,0.0027399619300293833,0.0021274531895086046,0.003019484145102433,0.004009169024530774,0.0032865632270307477,0.0031634036680146804,0.0023879996815975284,0.002607887409427412,0.002854555632835116,0.004615242130667746,0.0028905590569156814,0.0027696046201500634,0.00387842425293043,0.003364396807757601,0.004584224216774192,0.0038237575889495615,0.0036679163264376263,-0.0006560807189875647,0.0029130130279868063,0.002287062257312401,0.004980333478433754,0.0060778351757468435,0.001981888020427842,0.003917586614881707,0.0028007566365264,0.0028662319943618918,0.005569685475912863,0.0031587300218332923,0.0033087528430393856,0.003246468910999281,0.00262471123889754,0.0031371470334627576,0.0033242079426342155,0.0028323731777523025,0.0030348471770494604,-0.0038217153102936188,0.003649735942057035,0.0026902089751384643,0.005004147321891409,0.00215695865504726,0.004564518883816594,0.003551154114495245,0.0035178977983743465,0.003484979655593176,0.0037830047269946125,0.004608367247436381,0.003470836662739187,0.0029647615197689534,0.0020782272965194247,0.0026346143151814256,0.002994032951701399,0.003228814847388825,0.005357477531652685,0.0031937651779190314,0.0037009888299586,0.0037365932393270667,0.00246479393329508,0.00330864991172314,0.0032427443484085317,0.0032780046765343036,0.0028103046671268126,0.0034079797834595344,0.0032222027196599544,0.002509642815940045,0.0037694333290005013,0.0036804652105059607,0.003239626687637609,0.002164027062886615,0.0028914441142229175,0.0038468418825557014,0.0032208293944169467,0.0036792581569588647,0.00307040576790088,0.004748009949565183,0.00390080866042583,0.0051664388094365505,0.0019663140653435277,0.0034003985285864504,0.003519347789130165,0.003348914525025789,0.004497714026779693,0.0015859701435968453
stdev_NTRI,-0.004314507048683177,-0.004509842922398839,-0.004479776252455309,-0.004896671878738125,-0.004497159217072565,-0.002937034518601318,-0.006349949438359363,-0.0036503209823398625,-0.004766142878848009,-0.0036052989182386334,-0.0027214696665498602,-0.004934657238810549,-0.0045393929140174274,-0.0032815506000414335,-0.004208670346458908,-0.004718861580430881,-0.00525534498243222,-0.00191031637074289,-0.005605769973448722,-0.004951117305150122,-0.0045480124772577695,-0.004674232858608598,-0.00482117949966463,-0.0045496207312159765,-0.004629592283240104,-0.0031512564510322357,-0.0052371318789666095,-0.004309135817646828,-0.004939483650482955,-0.0038657471355885544,-0.006203941072731883,-0.0047150572185914565,-0.004955865182913926,-0.005314584202516181,-0.0045950348910042725,-0.004122903984292462,-0.0072694638058807765,-0.0051409429579109215,-0.008933683378026266,-0.0009527631644886386,-0.0033602445077917297,-0.004301690573801291,-0.0045661430240601575,-0.008419534648939003,-0.004416401973590432,-0.006376827372429237,-0.004429044956543295,-0.0043145609583668245,-0.0003603254054797434,-0.003921963788831862,-0.004508706062180628,-0.00457559471031056,-0.004807085830489748,-0.004562175725911018,-0.006179094487476365,-0.004913431512827349,-0.007181131037628283,-0.004649630838889292,-0.0041324204127903925,-0.004903609860038443,-0.005243507236756521,-0.004540028722515577,-0.0045455434564255935,-0.004528240228980078,-0.0004822852492785989,-0.004497942357591179,-0.004811036287525938,-0.004814251934064354,-0.002572026264499837,-0.004506511814932354,-0.004463443369548854,-0.005740360520541189,-0.004914415928321194,-0.003597953892861808,-0.0045765736268134636,-0.004742582641620283,-0.00530397711836642,-0.005141935053480741,-0.004800843037827634,-0.005997379753079211,-0.005774522402920813,-0.004901884732242126,-0.005424074378481848,-0.0045787977144083,-0.002901656277073713,-0.004180178048404559,-0.004170626713178277,-0.007730089923515688,-0.004125536522098707,-0.005494882151348801,-0.003956723699651101,-0.002499750341007012,-0.006207248960524733,-0.0031786528325816058,-0.004933858098009186,-0.004851022217701138,-0.0032023674104712865,-0.004643381302864621,-0.004325070810588949,-0.005370565298992583,-0.005033878686776069,-0.00455595694587046,-0.004834448626642807,-0.004551855983640876,-0.003953930269476646,-0.013506007750300938,-0.004507549793934334,-0.005225667654222207,-0.0033345741416368714,-0.004431872307087256,-0.0016677486112599074,-0.0035697083307881915,-0.004339701415991368,-0.004133800506461736,-0.004575214915444865,-0.004062023789515773,-0.004195156823891516,-0.005019612351218525,-0.005116350556816095,-0.0055302972879253945,-0.004587062123330372,-0.004695980899530733,0.00011221669556169466,-0.00439104148766061,-0.004366928833093861,-0.00420230838102206,-0.005205544274664602,-0.004456339971909346,-0.0038697254186759074,-0.002091340005145003,-0.00486816966815186,-0.00651555842106283,-0.004678439687048301,-0.004122936798576093,-0.0014365697457469212,-0.005385636219945877,-0.0045879455331042885,-0.004711053097405106,-0.004877587479073346,-0.004202099702948751,-0.004328562245910033,-0.0036925025316262242,-0.004962305437278339,-0.0022715290182713007,-0.003971514238984592,-0.0034622745209411067,-0.006680985174953818,-0.004274981649513945,-0.004216213031426337,-0.004850732221198563,-0.0042806086805796395,-0.0047841001184641555
min_NTRI,0.0,0.0,0.0,0.0,0.0,0.0,0.0,0.0,0.0,0.0,0.0,0.0,0.0,0.0,0.0,0.0,0.0,0.0,0.0,0.0,0.0,0.0,0.0,0.0,0.0,0.0,0.0,0.0,0.0,0.0,0.0,0.0,0.0,0.0,0.0,0.0,0.0,0.0,0.0,0.0,0.0,0.0,0.0,0.0,0.0,0.0,0.0,0.0,0.0,0.0,0.0,0.0,0.0,0.0,0.0,0.0,0.0,0.0,0.0,0.0,0.0,0.0,0.0,0.0,0.0,0.0,0.0,0.0,0.0,0.0,0.0,0.0,0.0,0.0,0.0,0.0,0.0,0.0,0.0,0.0,0.0,0.0,0.0,0.0,0.0,0.0,0.0,0.0,0.0,0.0,0.0,0.0,0.0,0.0,0.0,0.0,0.0,0.0,0.0,0.0,0.0,0.0,0.0,0.0,0.0,0.0,0.0,0.0,0.0,0.0,0.0,0.0,0.0,0.0,0.0,0.0,0.0,0.0,0.0,0.0,0.0,0.0,0.0,0.0,0.0,0.0,0.0,0.0,0.0,0.0,0.0,0.0,0.0,0.0,0.0,0.0,0.0,0.0,0.0,0.0,0.0,0.0,0.0,0.0,0.0,0.0,0.0,0.0,0.0,0.0,0.0,0.0
max_NTRI,-0.01151375871216406,-0.011436779152960957,-0.010870067142282665,-0.011945743170257263,-0.011797286551168986,-0.009840304239612751,-0.013923684825445471,-0.010267894333137548,-0.012076981901493436,-0.009430409408650559,-0.00975295819880928,-0.01197455342982803,-0.011665984188945868,-0.012078964860730984,-0.012126522766426513,-0.011861420596484224,-0.01305629517111619,-0.006679078131064463,-0.012256140981570596,-0.011858203127912949,-0.011693929191327609,-0.011648429524392866,-0.011905445023893905,-0.01173072485256094,-0.011864451818098778,-0.009493535238605914,-0.013222285265066107,-0.011297480954646447,-0.01239805266973092,-0.010603709598891495,-0.011799443963541278,-0.011824229031558178,-0.012737660706113476,-0.012580161797993743,-0.011798987202234216,-0.01071583912152002,-0.01335705443446657,-0.01164629394770216,-0.01493514885594538,-0.008499623701322435,-0.006376918068416319,-0.011031917974136603,-0.011663396584846098,-0.014684213165927492,-0.011685736519055953,-0.012724752070709638,-0.01164397176785075,-0.011444702626271423,-0.007453385963019985,-0.011789398963607908,-0.011819930074867816,-0.011673201886742776,-0.012217280306868965,-0.010882943665684553,-0.012611227849502074,-0.012421468940721775,-0.01552669720400118,-0.011385507562530869,-0.01107123450606222,-0.011637821537075429,-0.012948625146258715,-0.012035414136680243,-0.011673845172996269,-0.01165989822903151,-0.008096803370233602,-0.011512471705076875,-0.012171362353941095,-0.012031601025092598,-0.00895800268982191,-0.0118050946712074,-0.01122010318838999,-0.012676180115444266,-0.012199713876216205,-0.010633164647574373,-0.011752821855471645,-0.011957255192981932,-0.011883194684134292,-0.012136300499062374,-0.011867187780816926,-0.01484466352129264,-0.014138884652966267,-0.011903068624031348,-0.013703724142613633,-0.01181667044269627,-0.009899968829518536,-0.011955592211425222,-0.01135030248001429,-0.01365285766701836,-0.010527970266783123,-0.012405101897226902,-0.012049950637106819,-0.011303133702103875,-0.01333872974958452,-0.009796811645600088,-0.011650001997940139,-0.011807121781135622,-0.010629423622915222,-0.01172756216380718,-0.011340080071306366,-0.012733626781417838,-0.011705473003098973,-0.011586422656381334,-0.01242318624790889,-0.011292779736952717,-0.010669103046817473,-0.019405677252984102,-0.012067202212308642,-0.01207517962185853,-0.011214137295899972,-0.011206673494928321,-0.008238662378333622,-0.010542788110343,-0.01154230570830211,-0.01121017654418981,-0.012492548981149206,-0.012052930737480282,-0.011236904176804063,-0.012329186145837544,-0.011315001313733277,-0.01266391190036833,-0.011471249071026014,-0.011889461292403421,-0.005627251698835426,-0.011845868752195409,-0.011805463876736928,-0.011649894992611806,-0.012086860003668449,-0.011523604787805874,-0.01018023416698896,-0.006920055418023485,-0.011862940319552935,-0.014793146386101554,-0.011840136723107145,-0.010204418541358841,-0.007149391005117181,-0.013431580413271523,-0.011702253569818192,-0.01086000327407413,-0.011911984162097596,-0.01158046590162009,-0.011189216909044453,-0.010300904870468336,-0.012187174802304161,-0.009226638072753894,-0.011327422172045805,-0.011260391626504291,-0.014433851021052333,-0.011220558927391957,-0.010385424653500116,-0.012287228781844035,-0.012752724888804693,-0.011157456784308954
average_word_TTR,0.022773845166464086,0.023035880227435197,0.022339205193166706,0.022656302645574933,0.022943057144498992,0.01842532964392468,0.02324500061945504,0.02035360269141607,0.022411014844608793,0.026484721246901127,0.01933712402682726,0.0269116298533305,0.022424777130440207,0.014787575264774292,0.023753408830859902,0.023721756579443927,0.026671086447379616,0.017045950860619594,0.025505670950227627,0.02540004092472056,0.02352370526824952,0.023355504982337114,0.024132799417414523,0.022049974717061317,0.02320310934064539,0.019317847151906826,0.018319629749803987,0.02349193923242996,0.022052980311155154,0.02092013596866133,0.020177344676202864,0.022209143731568473,0.02008147848208069,0.02372633888706866,0.02425808055094761,0.020271603377611965,0.02024744229065353,0.02475378359237261,0.01875969810356584,0.021310599702632577,0.024101828927438528,0.02638895764979106,0.02302677830337172,0.034326608535630944,0.020925573956664938,0.02337045993215738,0.023674427787169945,0.022655289647785133,0.020824621963220297,0.021229378757607966,0.024139678251894406,0.02311979736783813,0.022690100014056927,0.024070975773407662,0.026052459583859395,0.022509750217952734,0.020135968396854935,0.024306068123775663,0.021318205373239644,0.024067165370284596,0.022842940323332478,0.022943988990373462,0.023112121949922175,0.023249724349095537,-0.008587024299073463,0.02232101680234084,0.024096153575793033,0.02229400467221812,0.025895488458494067,0.022849788784675456,0.02303552711708096,0.023787582603095467,0.023411317930701496,0.02244295137403471,0.02384136561954926,0.022787154296948317,0.02229872560841589,0.023901953563702956,0.02269801968258854,0.02912025023731625,0.02495589063169234,0.02226104150521227,0.029053399195786547,0.02276144988358025,0.023072238809441467,0.022177788255548683,0.02369820967229514,0.02240660568027096,0.022859310316723766,0.021916264754286985,0.020040461850016913,0.03058756003039164,0.021068477960441197,0.026953368260160267,0.024295164624907446,0.02322918432436983,0.022058032753364,0.023062587541175607,0.023354903236077102,0.021494163333510258,0.02112507764745473,0.022354299296084772,0.028092315572436737,0.023199884632197847,0.02312973115959122,0.024023746958978288,0.02153673623114804,0.022959014657774293,0.019923312003672734,0.02758599222812712,0.023593505158600626,0.025272411669385632,0.022909209145075833,0.023650632232208653,0.01942511163592546,0.022910958544052794,0.024247544112346357,0.023378903812109997,0.025740270937792412,0.02339024932880739,0.02324027955751832,0.023005502807417637,0.0259239474486761,0.019273022650654344,0.023876550504685914,0.02328559143529643,0.02324914546653426,0.023248174613916144,0.024154572443249672,0.02492817050617003,0.023145816370404745,0.02222705978617385,0.02316942715523889,0.023252626831225785,0.024036340547297506,0.020694832443283954,0.023151703812127125,0.0235557751350829,0.0217784284076108,0.02227087486501149,0.02392433499711734,0.02321800007877593,0.02300614887798596,0.019099312287225993,0.022393258303728424,0.024268972454183267,0.028143423927725807,0.0263047563215856,0.02497671794818661,0.021805792220647238,0.023190241461858416,0.017901452815752606
stdev_word_TTR,-0.04101283594783291,-0.040990938393494866,-0.04076707957152419,-0.040976403688694076,-0.03920106333924657,-0.03974182690520414,-0.0396818967499149,-0.03950059222539039,-0.04109314278786037,-0.043749129842462806,-0.034730018853710264,-0.04042977074266733,-0.04096691945340027,-0.02529776967012462,-0.04308765263688917,-0.04202173137177514,-0.03864094666147511,-0.03879225086788181,-0.039962093628812825,-0.04165297869567847,-0.04109439330445033,-0.04094048968761881,-0.04064119856061996,-0.04046829285945166,-0.041601764952937825,-0.04741061670519484,-0.040082862678272935,-0.04060330480041899,-0.04143264009261023,-0.040868083641561845,-0.03826270496262609,-0.04088952196921801,-0.04101534970797781,-0.04310545981932998,-0.04320921797858788,-0.041611609106775097,-0.03457242693857048,-0.043125168318426894,-0.04291915254754358,-0.03827802020818415,-0.042999654536795884,-0.040470919677648064,-0.04154027595117894,-0.042235096126158174,-0.03874727498865427,-0.04127330650311038,-0.04117212309521441,-0.041061453829519125,-0.04116382165964943,-0.03765813186296163,-0.0422111408651679,-0.0413434196107897,-0.041365461156357815,-0.038869842757656245,-0.04222428211643938,-0.04220244369752133,-0.03779069979168206,-0.04242086266695977,-0.04072464001449846,-0.04272697272207111,-0.03929742986288293,-0.04067838653922095,-0.041274933477394284,-0.0412704259432703,0.004806497444935606,-0.041683127124093,-0.03994298484497359,-0.03943564986406588,-0.03952354092380435,-0.0410002903782304,-0.04166972623204498,-0.04210174455733639,-0.040682442053082586,-0.0415610782161978,-0.04137938316885123,-0.04080286541818665,-0.03861206716750998,-0.04211181928306895,-0.042686371286412866,-0.03868435011937742,-0.03430373326758517,-0.041373445281249595,-0.03860983488160668,-0.04097939572758752,-0.04086907792890378,-0.038920941094283554,-0.04156065978875227,-0.041496030684291085,-0.040481274548055404,-0.03994335371070761,-0.038749006755741146,-0.03811568903304787,-0.04316398299154178,-0.04198366693382806,-0.04138048840460317,-0.041522358048273186,-0.039652159019228174,-0.04138229324773195,-0.04069966052688217,-0.04307878749917509,-0.04084307091404154,-0.04066512281047875,-0.038874437386715775,-0.043308070865183984,-0.04029847547489822,-0.03517349781194799,-0.04101454200754741,-0.04337588014730545,-0.040104758947887884,-0.0421123089814652,-0.03585894934210089,-0.03697322762143557,-0.04138631115931793,-0.041439195229711276,-0.03669471942770841,-0.04273775582153287,-0.040652313904891754,-0.04057661328522644,-0.043869442949940454,-0.04034062967110669,-0.04159391040635565,-0.041553735849555754,-0.04364698327066655,-0.037455447012885223,-0.04148113181187603,-0.04337543846723775,-0.04143564105748968,-0.04196045738908529,-0.04493327119652116,-0.041434786669044404,-0.0413334232568386,-0.045431270387046904,-0.041448813001198806,-0.04118142770842334,-0.03774298289409969,-0.03933364809394507,-0.041410499724282186,-0.04047657667968731,-0.04113922667804888,-0.03988104080516823,-0.04129221645223391,-0.04056347605843497,-0.04103120978251966,-0.04355954619810383,-0.04052974564580279,-0.03812782346460917,-0.04169240127161642,-0.04202786742221926,-0.03795072878917093,-0.04129578283194554,-0.04228947148836268,-0.03223261785278261
min_word_TTR,0.03437439987982896,0.033488412170214685,0.03380489264540949,0.0341854494756554,0.03168409988227094,0.03130142351222681,0.03241230550468103,0.033650684481464015,0.03468830342158754,0.0375790880488154,0.027929843340880386,0.030931710454581055,0.0339606414133177,0.02143555106537854,0.03670673023784588,0.034991939070768543,0.02935750372997966,0.036731344869202376,0.03327753739879655,0.03344255435469953,0.03392801610168365,0.033449358696032674,0.03284040404119949,0.03361134409771845,0.034605161842516316,0.05015711143376729,0.03723875982018224,0.03305812104605176,0.0338529673936549,0.033679302247781456,0.030238154851226898,0.034718592539990656,0.03458204571245136,0.03527740674672092,0.03593277083751017,0.03709819533021372,0.028694595119333345,0.036944254850670655,0.038954606950405556,0.032174730675819184,0.03613685465730099,0.03029025165623437,0.034737952727472134,0.030532268674377756,0.032517419686076986,0.03145649052618159,0.033782929468412576,0.034337914693378296,0.03678496951608652,0.0322494542204501,0.034531234014853245,0.03430789579782489,0.03463851654504051,0.03259416904276366,0.034816104045481744,0.03591844921150389,0.031344971564805625,0.03578748923087202,0.03492709976762943,0.03778733288435514,0.031026926546971118,0.033075511353864634,0.034321456727528725,0.034103882414851544,0.0019723570789850174,0.03532670637148541,0.03179750862857643,0.032686050083998275,0.029982734329779822,0.03358767161024705,0.03538504967140122,0.035208095591536065,0.031833987391976556,0.03408792702689893,0.034076757264504084,0.03368300460328745,0.03050886667050657,0.0343828929727923,0.03633677253574655,0.029971583357897687,0.025287784682456217,0.034845260474714826,0.031337739797380484,0.03385140606086118,0.03505741894161201,0.0294835130456009,0.0343598631040193,0.032919138414503536,0.033597512250353775,0.03286545057062924,0.03216984681321418,0.023613783138894135,0.03878916961490182,0.03204580322439651,0.03407010379634991,0.034568171798251855,0.03315022740974981,0.03435304077235916,0.03312946689024536,0.03701508878968035,0.033853332068848524,0.03414414449511218,0.02901976111102683,0.03632696812362722,0.03218473466250901,0.025894613440973414,0.03351933741349336,0.03565460047159022,0.031611575757345016,0.031295079540458515,0.031062803911194186,0.028494435661227682,0.03475606326130998,0.03361800176052742,0.026003714655633114,0.034059457741057106,0.03252791092870361,0.03306479728061185,0.034400505853094225,0.03251982785787855,0.034605594466413425,0.03476568349540883,0.039489664975895844,0.03349266501877882,0.033337051966182855,0.038313132518891395,0.034426827682803,0.034815651704340256,0.040489873639261195,0.0328121313875786,0.03426394228843325,0.03926591475871055,0.034462747160420075,0.03524177841593172,0.028997307785641566,0.03199472927720859,0.03437241410457028,0.03374371048675985,0.03545114018958444,0.03245018391747448,0.033196863243598065,0.03016192130319825,0.03347925407834616,0.035526739444554215,0.03370697727305525,0.02973989346438402,0.03034919691562179,0.0342280460427064,0.029532591554324188,0.03445500028507924,0.03883515946007408,0.027640439940763352
max_word_TTR,0.0,0.0,0.0,0.0,0.0,0.0,0.0,0.0,0.0,0.0,0.0,0.0,0.0,0.0,0.0,0.0,0.0,0.0,0.0,0.0,0.0,0.0,0.0,0.0,0.0,0.0,0.0,0.0,0.0,0.0,0.0,0.0,0.0,0.0,0.0,0.0,0.0,0.0,0.0,0.0,0.0,0.0,0.0,0.0,0.0,0.0,0.0,0.0,0.0,0.0,0.0,0.0,0.0,0.0,0.0,0.0,0.0,0.0,0.0,0.0,0.0,0.0,0.0,0.0,0.0,0.0,0.0,0.0,0.0,0.0,0.0,0.0,0.0,0.0,0.0,0.0,0.0,0.0,0.0,0.0,0.0,0.0,0.0,0.0,0.0,0.0,0.0,0.0,0.0,0.0,0.0,0.0,0.0,0.0,0.0,0.0,0.0,0.0,0.0,0.0,0.0,0.0,0.0,0.0,0.0,0.0,0.0,0.0,0.0,0.0,0.0,0.0,0.0,0.0,0.0,0.0,0.0,0.0,0.0,0.0,0.0,0.0,0.0,0.0,0.0,0.0,0.0,0.0,0.0,0.0,0.0,0.0,0.0,0.0,0.0,0.0,0.0,0.0,0.0,0.0,0.0,0.0,0.0,0.0,0.0,0.0,0.0,0.0,0.0,0.0,0.0,0.0
average_first_pronouns_proportion,0.04783859460725934,0.04824927363690373,0.04909147799136574,0.048080034497333536,0.050265032786135574,0.047848233493143356,0.047036791473856386,0.04810130175098921,0.04815683230539253,0.046636052602194264,0.04986253467607995,0.04364054650444573,0.0485812187306167,0.04432824612498478,0.05011057710936127,0.048266496941787654,0.05063523100619936,0.0460103818793934,0.046052649022963986,0.0500209591625418,0.048244497963338226,0.04948700217132177,0.04657861180714433,0.04655509355686231,0.04881729126545234,0.04576655800187693,0.04940723518916029,0.04749254356179794,0.04853840813572533,0.04962199847754693,0.04760579165069005,0.048215465627437525,0.048857387772917434,0.052889420495535466,0.04854525033039209,0.04823011916009293,0.04708458281470718,0.050515709183434065,0.05321847659084905,0.05061006939879995,0.0476921683651835,0.050181042766280284,0.04810106006388447,0.04138927920336177,0.05046043327193303,0.04934597432739448,0.04850502368932482,0.04809536063363874,0.04604621615048288,0.04719230163543215,0.04750830293812839,0.04822520733954143,0.04816992087557409,0.04449023416540526,0.05031995398026965,0.05080727849153253,0.04644103232621383,0.047176210286549225,0.048320819567760596,0.0464735539881929,0.04873343236479098,0.0435376877567511,0.04856156311078001,0.0480524678091967,0.044138127517283764,0.048759528136968044,0.04802768130121521,0.048520817937525856,0.04635732385230569,0.047945103242303506,0.047603806469413035,0.047333410602708764,0.049892012020153816,0.05021421945916518,0.047988947261141786,0.04899658362340485,0.04448577970591823,0.0490236979780093,0.04776395731805607,-0.01052499501553255,0.04761922081786381,0.04806064566722307,0.04525923360175138,0.04839403742951713,0.046718435127885254,0.043621302712252424,0.04837672597251808,0.05032555986084823,0.04818416602844652,0.0446011705985379,0.04690499825852315,0.0583627892293475,0.04773969649637139,0.05044474685758738,0.04782776584638773,0.0483560437481873,0.05240971404171247,0.048203832470975566,0.049481156294584216,0.04842552462622284,0.04836645114215472,0.04737218209848908,0.04550582536567749,0.0478831991035752,0.05145952157511426,0.0397312530757872,0.04716666874256259,0.04814261547751494,0.043470559395313926,0.047867534532367494,0.055543404841176404,0.04669001882717358,0.04783303743823903,0.0496173101334875,0.051871457274710514,0.04552371242388089,0.050092822093158525,0.047496040939892264,0.04732708489498343,0.04986218862658014,0.04834064929080217,0.04819739444743324,0.04371926201434789,0.04445080581727958,0.04425522519282491,0.047325851515438076,0.04825891092568922,0.047892626543364715,0.049075103973087925,0.0469346127507876,0.048542776082604114,0.04739325343165039,0.04768396070824936,0.04485558230961596,0.05432312928081085,0.04873832729949315,0.04825016018234876,0.05043010006098811,0.04715664100589526,0.04784834320414147,0.04914044260135653,0.04910067522868924,0.04883770143048829,0.053638122168236546,0.047858766794977345,0.04801745909529074,0.04749705549010082,0.04242074028266586,0.04978185972246454,0.04815174879350911,0.0458703348559447,0.04354721742941291
stdev_first_pronouns_proportion,-0.030592813496775853,-0.031153348602752935,-0.03083406703917084,-0.029968705944964504,-0.027501079534417532,-0.019041723014162234,-0.025955077531407744,-0.030871768876216333,-0.029390125524777926,-0.0325431172970798,-0.02404643289766006,-0.03020512143943426,-0.029430749632112955,-0.03464933258552301,-0.033169685906208175,-0.031150389711986,-0.021322626958039718,-0.029632100277323267,-0.034506336225561096,-0.03236479281929265,-0.030462078452159418,-0.03244395126458101,-0.029747880351451254,-0.031943987186569635,-0.030056469569686786,-0.03169208923156716,-0.0346971957556112,-0.031080265417449945,-0.03068726456858725,-0.02760377474704545,-0.027271567177059138,-0.03217652348692965,-0.03282378215913173,-0.027798387702893865,-0.02931395038069371,-0.029144757396250064,-0.03295311176280179,-0.023387935081890042,-0.03453979210276675,-0.029233341582594274,-0.030874317239864384,-0.02747649047778613,-0.03063402952268127,-0.028260332105224745,-0.02863238324650966,-0.04031865943553381,-0.02977958435359203,-0.02922764948898335,-0.03277564018601669,-0.026381642541389885,-0.029592060141590652,-0.030428035888738374,-0.030119901934043413,-0.03124759656991341,-0.029176535426435724,-0.0326018186295981,-0.03227443438804409,-0.026888828345577077,-0.03288734501460262,-0.02950537375064081,-0.02809399087864782,-0.027500089447483774,-0.030131947304275528,-0.03046586850676924,-0.028792377512703405,-0.03104136175634165,-0.029682701114097477,-0.027680964851232108,-0.03239995955230853,-0.029659336532060106,-0.032273997169328085,-0.030370461832695594,-0.029883701601209574,-0.030465668433682234,-0.0304864617236428,-0.030796682507108025,-0.034351068050841795,-0.031242400992530422,-0.030398797090667198,-0.008789648979905751,-0.020335294376575396,-0.03079128964571569,-0.026872032629313036,-0.029208420178313484,-0.030462588951966102,-0.02958040832649211,-0.031246483900926793,-0.030339710466531142,-0.030957924806712056,-0.027818833867422246,-0.03120160813602372,-0.032230751237009914,-0.03115624931623413,-0.030004146304974902,-0.030037452013200204,-0.03027380149261292,-0.021748827626256448,-0.030317985207780018,-0.030418404039927346,-0.030587549566448144,-0.02652288403047746,-0.030296979077321835,-0.03139586274222868,-0.031654107098503595,-0.028345772377822567,-0.03231014578127003,-0.029043743706233662,-0.022546532697692672,-0.014112185919242022,-0.03142050695142844,-0.04333626117181108,-0.033122786591881816,-0.030854683301346372,-0.03170260143727656,-0.02881697072147415,-0.01772864742878566,-0.03117116939646444,-0.03106724171767893,-0.03179256367544205,-0.018069953267529765,-0.03085496128338387,-0.03055025232751409,-0.03117098053422502,-0.030545082018207617,-0.031169491630887947,-0.03047097920942477,-0.030724784429272012,-0.030590003403680704,-0.027555289435059055,-0.031459337247865614,-0.03055363941653937,-0.031229073831588322,-0.03090828237114113,-0.03449817789799926,-0.029460752752928768,-0.030645331709088577,-0.030339319617273673,-0.030513410390082197,-0.030592932580881874,-0.030177833314053784,-0.03004107758154544,-0.027991020152462888,-0.029690217559196038,-0.023033946693400822,-0.030441137268649908,-0.035740040165386615,-0.03379971648085085,-0.031058255328226564,-0.0312613699297679,-0.030757348926784847,-0.02995828879931877,-0.03278151483257953
min_first_pronouns_proportion,0.0,0.0,0.0,0.0,0.0,0.0,0.0,0.0,0.0,0.0,0.0,0.0,0.0,0.0,0.0,0.0,0.0,0.0,0.0,0.0,0.0,0.0,0.0,0.0,0.0,0.0,0.0,0.0,0.0,0.0,0.0,0.0,0.0,0.0,0.0,0.0,0.0,0.0,0.0,0.0,0.0,0.0,0.0,0.0,0.0,0.0,0.0,0.0,0.0,0.0,0.0,0.0,0.0,0.0,0.0,0.0,0.0,0.0,0.0,0.0,0.0,0.0,0.0,0.0,0.0,0.0,0.0,0.0,0.0,0.0,0.0,0.0,0.0,0.0,0.0,0.0,0.0,0.0,0.0,0.0,0.0,0.0,0.0,0.0,0.0,0.0,0.0,0.0,0.0,0.0,0.0,0.0,0.0,0.0,0.0,0.0,0.0,0.0,0.0,0.0,0.0,0.0,0.0,0.0,0.0,0.0,0.0,0.0,0.0,0.0,0.0,0.0,0.0,0.0,0.0,0.0,0.0,0.0,0.0,0.0,0.0,0.0,0.0,0.0,0.0,0.0,0.0,0.0,0.0,0.0,0.0,0.0,0.0,0.0,0.0,0.0,0.0,0.0,0.0,0.0,0.0,0.0,0.0,0.0,0.0,0.0,0.0,0.0,0.0,0.0,0.0,0.0
max_first_pronouns_proportion,-0.026493036862143944,-0.02684496538317522,-0.026788180365359838,-0.02553746850010597,-0.021464868745272998,-0.023987505464641554,-0.025008240296894125,-0.025595841739686098,-0.025049049994064626,-0.02872816274295031,-0.02254595245895142,-0.02520323847019644,-0.02571974998700886,-0.029410997802138607,-0.03041108456112198,-0.02713902439300022,-0.022310833298714708,-0.026867104724344545,-0.027929049388549086,-0.02731216650161209,-0.02649131260698252,-0.027823201932343635,-0.02450283102400375,-0.029142952960241122,-0.026046549593937856,-0.023549124224056174,-0.03058394787240603,-0.02698574868257588,-0.027294679983587603,-0.023398485293208576,-0.025813319222131474,-0.028023530729780886,-0.030032417010381035,-0.026405444005629473,-0.02473374685626795,-0.024782863106183925,-0.023728074068758348,-0.020763018346352424,-0.02415200099108724,-0.024977695791172705,-0.025606412302577167,-0.019722437514524988,-0.026447343264956073,-0.019644905835820636,-0.020663805372214558,-0.03304533833712969,-0.02722964452342578,-0.02538866802647318,-0.026757226428501955,-0.02198962499569387,-0.024938577537895024,-0.026301694605124153,-0.025877887234413616,-0.03013790679075757,-0.025221807844270736,-0.033435015201721104,-0.020092331210868085,-0.02166321100335674,-0.02735079037178441,-0.024379253229241744,-0.023424333494946714,-0.025965920682677376,-0.026246684647607425,-0.026344229554686526,-0.023946845992321362,-0.027186968719924553,-0.02524846199278618,-0.023668230858955957,-0.023971047024539775,-0.02467899290526253,-0.027805495783296212,-0.027246243997093366,-0.02614561938071168,-0.025598721015253102,-0.026871301706254774,-0.02733098541692898,-0.025546658128234444,-0.025360113715170666,-0.024953736357445584,-0.008109376090761126,-0.019746546521771546,-0.02647511272671383,-0.022248819022076014,-0.02522589503291239,-0.025750578351199108,-0.029711995024826948,-0.026562148387038294,-0.031126533196929495,-0.026469702111133926,-0.022500766582276226,-0.024598807544055405,-0.03333121956234624,-0.022675452181686907,-0.029760323106188355,-0.02492574775450756,-0.026241028559558937,-0.014480227774738768,-0.02629668499221261,-0.027868854312591347,-0.027194759155890202,-0.02404695976547283,-0.02568468028018769,-0.025951391085587493,-0.025498117594208676,-0.026447784758288007,-0.023122653606602636,-0.025918291917585087,-0.02041101473558923,-0.013996018449183991,-0.02891203937118889,-0.03615243963655474,-0.03118069865831497,-0.026292927339784423,-0.026763751674241262,-0.030462487388957266,-0.017299536997917378,-0.02647485330349342,-0.026313641322986463,-0.028669171165237674,-0.01729676374558802,-0.027257231456473324,-0.02664094877295843,-0.02495883825428981,-0.025625967774882998,-0.027066676340125446,-0.025092541698265382,-0.02634657587929374,-0.02589899882831281,-0.024646715450036313,-0.02839268806833496,-0.027038290970691957,-0.029723241273321502,-0.02645360028825116,-0.029200737009635554,-0.034028361681288685,-0.0258882685470799,-0.026255512538880886,-0.028506977186407368,-0.023207913555792378,-0.02578646778734696,-0.027275729087367816,-0.025869140362569452,-0.024908672353330573,-0.02449222416136414,-0.026979609700873628,-0.03200177593277631,-0.03103228828152002,-0.025520286636238697,-0.029177260293157495,-0.02700351703176356,-0.02377647067564486,-0.015071844791520933
average_function_word_accommodation,0.026412640403709182,0.026685217316554058,0.026689853766369696,0.02657701860919958,0.026945956224868905,0.023992971342821506,0.030083267924993252,0.025564401896202207,0.024967358319423337,0.026388631902624877,0.027740772841041234,0.02739556251113434,0.02689542513379604,0.025880597126925524,0.02665382779846449,0.02636932401250844,0.03417943257974839,0.02904756632139542,0.025198724036956752,0.02504189961880646,0.026573177028782327,0.025794175225751486,0.02488628735622554,0.02709966636245411,0.02674209193679939,0.02814871377469316,0.02740122304918499,0.026008544287391865,0.027816541101660822,0.024656369317788654,0.02191528173858355,0.02615739334716223,0.02959171467000743,0.02576187980629067,0.02623259478499788,0.01865451445538032,0.02410354216190792,0.02103838370412466,0.027749890712607854,0.02602504763054243,0.026994907388579195,0.02456023955625085,0.026265219162268212,0.024651448495420093,0.027339066266447023,0.029599129075472717,0.025989550059663812,0.026990710572824154,0.026879717577505294,0.02514127114118167,0.028302680995662396,0.026515714380385726,0.0265449581238517,0.023331493501783273,0.02774448397641069,0.025395613122063447,0.01915305348242005,0.02576158007833449,0.024761473553398985,0.028826760703064093,0.025274766298325767,0.024333540547517202,0.026489589833667854,0.02676684363862431,0.019588589398813958,0.025899050710640976,0.025993659186710236,0.026582237189293385,0.01904619269653379,0.02639987337142424,0.027034063015322587,0.026635844096949756,0.027528365167643686,0.02474399402346269,0.02627525537477522,0.026529541542597138,0.02541781699552658,0.028358005130293247,0.026485309720200197,0.02727165600865944,0.0281173486146877,0.02718152920433705,0.026071419103513408,0.025701650773206564,0.025808272605820456,0.023216483017648056,0.02603987038013157,0.02589848911705226,0.026710562574164425,0.027595987476700688,0.027391162979892428,0.01658345146386798,0.025396685397686587,0.02713318398425825,0.027012790104303637,0.026488685620818565,0.032875726262429725,0.02656864954424237,0.024635715959901536,0.025388310002359835,0.024714021038494963,0.02667176851314128,0.022940591854653282,0.026935194421093274,0.02810561025660099,0.02650565412165615,0.026451154767541313,0.028382152184337758,0.028267707198411162,0.02552158049107227,0.02787988694220772,0.02822815296793424,0.026489376178466376,0.026127871032985896,0.027341817139793237,0.026378905063671958,0.026053492904384343,0.02733397563623561,0.025786919711010964,0.026579210667064024,0.02651926924446655,0.026482095854203597,0.025125727753254185,0.027522421212959877,0.024522684784044242,0.025235272942755727,0.026405404185423233,0.026075645639442365,0.02723324674912416,0.02680860686310326,0.02655491250318016,0.026207480528544276,0.02589609099668427,0.02702072972014312,0.026688456772004557,0.02520294273608397,0.026557302598225564,0.025637796876215677,0.026874329870922434,0.027126774259241374,0.024960328435352015,0.02840256478247162,0.02535445690489671,0.030990805053694316,0.02679596106982558,0.024851207519593015,0.022048352791204977,0.02625879934798405,0.02435066094435443,0.026544452052648996,0.024986526896489027,0.029497033846315922
stdev_function_word_accommodation,-0.008194684970879579,-0.008086932197427368,-0.00764356042745391,-0.008078730180040586,-0.007509749727200442,-0.012862824778928025,-0.005884879679883069,-0.008444475859145015,-0.009628016371652684,-0.007235062598917149,-0.017959592348448822,-0.0052460120505863385,-0.007841123941357539,-0.013676658248905463,-0.00812179385483109,-0.008632001013294553,-0.008633501838809052,-0.0027223285954753595,-0.007773325171701411,-0.005455151539811836,-0.008295343724948466,-0.009282149253944522,-0.0068151753276228175,-0.008850317525544396,-0.008256959759928798,-0.007641919223264397,-0.011212206078846959,-0.008260264343171602,-0.008361110016995282,-0.008419426677727139,-0.011061682028149476,-0.007786461566672943,-0.007928674480508158,-0.00856763985524752,-0.007784422646942322,-0.009133114888948246,-0.00765324830279197,-0.00993914748079417,-0.010397952972038823,-0.008294326261222763,-0.005365168888347861,-0.009381475950720523,-0.007546432991687935,-0.002542671347663495,-0.007133456546822119,-0.0020481265217493147,-0.008262872786695987,-0.007717739944958973,-0.012012298568547086,-0.006329615032175082,-0.007299387695160711,-0.00794615899534665,-0.007550847986847183,-0.010622768227382558,-0.006288633960688832,-0.008529774500705068,-0.012355340889212668,-0.007358563026307111,-0.009162636400240311,-0.007921535967154766,-0.007501022378025659,-0.011848957363633113,-0.007940008081323474,-0.007864699995633356,-0.01988989229755987,-0.008792924274072418,-0.009413554970240733,-0.008221926380128718,-0.010014054031382804,-0.00826664119852567,-0.008936786065739229,-0.008537542517343493,-0.006657487451619308,-0.008712084552934651,-0.006573057648118982,-0.008275571482351477,-0.009415452804057475,-0.0043705479300642745,-0.007386692474552155,-0.007148472494898982,0.0015473636448610668,-0.008086493925293179,-0.011170125581078261,-0.00831797170986107,-0.009928788493860918,-0.007410239692717736,-0.008025647553107057,-0.004210737072748525,-0.005579773819892459,-0.0071608643166118716,-0.007789340401230187,-0.019905891635953958,-0.011238470002190016,-0.0054631054958258415,-0.005908783430818056,-0.00802296125381835,0.0044745827768056905,-0.007927479499215257,-0.00814304944197414,-0.009336389455835002,-0.007696280983237082,-0.007544083323783375,-0.01020779373234908,-0.00679785282853905,-0.007842348519975263,-0.0039328350947781185,-0.008281524302968819,-0.008294683554123734,-0.0062289745908787955,-0.005057899973897294,0.0014853644521248231,-0.008506510292586329,-0.00840898646281417,-0.006933900124048178,-0.008973149945218521,-0.007518039948916474,-0.008046065538916772,-0.007961312256499334,-0.007387072256032095,-0.007355284357677554,-0.0075382661044803845,-0.00782556586706707,-0.007657165543525442,-0.013199594573399231,-0.008255493339739796,-0.008490784129501189,-0.00808295568591269,-0.007627035619948069,-0.003109839597475631,-0.004669102288739919,-0.00783823364734634,-0.009607435251350077,-0.008195440602812562,-0.007390538313793226,-0.0074792959984199305,-0.0035113730025119194,-0.007976220080378793,-0.008257494535208281,-0.006732935895456753,-0.007902539267883958,-0.007650180638775712,-0.0032633312386794976,-0.008081035539763182,-0.0055528761644405775,-0.008174038143317568,-0.00954275196139585,-0.004573461007922653,-0.008440957318456208,-0.006478072941880249,-0.009304283294424238,-0.010268939797898329,-0.003000327286173299
min_function_word_accommodation,0.0,0.0,0.0,0.0,0.0,0.0,0.0,0.0,0.0,0.0,0.0,0.0,0.0,0.0,0.0,0.0,0.0,0.0,0.0,0.0,0.0,0.0,0.0,0.0,0.0,0.0,0.0,0.0,0.0,0.0,0.0,0.0,0.0,0.0,0.0,0.0,0.0,0.0,0.0,0.0,0.0,0.0,0.0,0.0,0.0,0.0,0.0,0.0,0.0,0.0,0.0,0.0,0.0,0.0,0.0,0.0,0.0,0.0,0.0,0.0,0.0,0.0,0.0,0.0,0.0,0.0,0.0,0.0,0.0,0.0,0.0,0.0,0.0,0.0,0.0,0.0,0.0,0.0,0.0,0.0,0.0,0.0,0.0,0.0,0.0,0.0,0.0,0.0,0.0,0.0,0.0,0.0,0.0,0.0,0.0,0.0,0.0,0.0,0.0,0.0,0.0,0.0,0.0,0.0,0.0,0.0,0.0,0.0,0.0,0.0,0.0,0.0,0.0,0.0,0.0,0.0,0.0,0.0,0.0,0.0,0.0,0.0,0.0,0.0,0.0,0.0,0.0,0.0,0.0,0.0,0.0,0.0,0.0,0.0,0.0,0.0,0.0,0.0,0.0,0.0,0.0,0.0,0.0,0.0,0.0,0.0,0.0,0.0,0.0,0.0,0.0,0.0
max_function_word_accommodation,-0.00671210665304682,-0.006382809562103665,-0.0063172277835844524,-0.006539108980741927,-0.00610023966729906,-0.015067158329169137,-0.006058675353460025,-0.009304629009106238,-0.010139729147718182,-0.007776029880632508,-0.015959653160085966,-0.00470253882568052,-0.006385728594784049,-0.011648648262035294,-0.007364187531211527,-0.007967570029272557,-0.010775865800593698,-0.005398786218113925,-0.0073416417183501115,-0.003064994816492462,-0.007076292939426798,-0.007877644324334274,-0.0048273467752944325,-0.009486158274753582,-0.007461079429787073,-0.007360119563508762,-0.011008650082666112,-0.006965264145449044,-0.008495868690748202,-0.007222426067708964,-0.010953543491267457,-0.00777521075209198,-0.0031644025857200143,-0.006815993011580153,-0.006569366174181579,-0.00990229486325098,-0.004456046844844765,-0.008386690450708206,-0.015432820501080389,-0.005930065349755476,-0.0031388773465269373,-0.008659602457968284,-0.006566284246901359,-0.001940366470288623,-0.006128053150184498,-0.001978127763047049,-0.006956081922454633,-0.00661613672073736,-0.011027948759707203,-0.0015365486289499082,-0.007083785300832292,-0.006773379141572139,-0.006834207374280241,-0.006341273012449834,-0.005896568717622768,-0.007412034790962006,-0.011276406364911676,-0.005257417241485991,-0.008025491753602149,-0.010713178374471697,-0.004842558177953763,-0.008570467797590176,-0.006775984125863853,-0.006739541121638583,-0.015818214264030975,-0.007633755157063823,-0.008880211244719834,-0.006603028475549402,-0.004936334020400963,-0.0071127154345817685,-0.00796294207396777,-0.00863641776733166,-0.005933561822015078,-0.0057374207746815065,-0.005384972577179806,-0.006885992063594325,-0.00941333578094744,-0.0016619364150188484,-0.006902545915466893,-0.0037882533796401406,-0.0012492552916536538,-0.007265751288026406,-0.00817376906035518,-0.006814813167666061,-0.009093409286052238,-0.0009969509149656934,-0.006589200075447509,-0.0006468944689219276,-0.0033433268102157597,-0.005290141711907455,-0.00642498881280924,-0.01755980910468327,-0.012425604535681891,-0.002302665112111583,-0.004523576289474526,-0.006736061071447801,0.002808043380432168,-0.00675505317751747,-0.006843588804211466,-0.012181983571646404,-0.005727908739169143,-0.005913122540453154,-0.006519814282501396,-0.005031181019739189,-0.005022255510811039,-0.002670020578358856,-0.00651569425193449,-0.004749009213939871,-0.0004222949466919229,-0.002982789700946377,0.0020429028835294676,-0.006760259228680135,-0.007191054891710385,-0.004931678190051247,-0.010098777144301654,-0.003219496676274785,-0.006582753355272208,-0.007710570184114269,-0.0047591233688353,-0.004644097555631364,-0.006210367985643426,-0.00655490196235135,-0.004427925729015798,-0.016534604753932453,-0.006897928094541546,-0.007264764125310531,-0.006771812158203626,-0.006737753506378355,-0.0044745712738244355,-0.001975250816040247,-0.006695460357741656,-0.006698955170258886,-0.006703688460757598,-0.003978631868010715,-0.00627034571114914,-0.0014803203509084865,-0.006879519438905909,-0.005048588611854126,-0.006528058985273904,-0.0070327340871235225,-0.0063305207363281955,-0.002691414006606465,-0.006387642251009816,-0.005445252910328921,-0.00581212101623951,-0.007190108485521842,0.003137643368003002,-0.009086268697446203,-0.007487370417722725,-0.008522510491386092,-0.00855170623192614,-0.004297748349487102
average_content_word_accommodation,0.01428851437886873,0.013814217876894182,0.014187059148128704,0.013302839165553693,0.01171902087756535,-0.006142568702585699,0.009071171271895951,0.013077190592461615,0.014250268764410701,0.01780737026125538,0.014412523827867651,0.01612179130914379,0.014796535974940836,0.02074676976938234,0.012933663403763545,0.01451544327504656,0.013782076403904237,0.025994303492848266,0.014654148235756151,0.014572698028555788,0.014114801841667635,0.011129685279301577,0.018722128406327372,0.013727732695980092,0.014470513659824798,0.013681286088139668,0.012060535709507934,0.014219125442420573,0.013353526458841546,0.015315066875525538,0.007871519725111693,0.014202524076392675,0.0126592281773945,0.008446922212580577,0.014749025010988837,0.014236433307751737,0.020112883095838065,0.017359208258700735,0.011326731194849218,0.013739918900997955,0.016391232293364737,0.014431330612878136,0.014771173110292513,0.029707176861959488,0.01407463728753166,0.0162925241057785,0.013740693827981461,0.014623620558267965,0.008332771689752601,0.016878394537793842,0.014928674436550073,0.014504997849148623,0.012787820373446526,0.014853820884401361,0.015427670385775723,0.015893906776302587,0.016313215347429532,0.016220167833573034,0.013548621327344223,0.016802893041645568,0.014776318606314467,0.012267003387401292,0.014608780602160754,0.014738367924820093,0.01077360519183787,0.014068762630099383,0.013641246564892408,0.01467653139479329,0.018552620313173698,0.014187604261659808,0.01300557277931575,0.01388922720487784,0.01372281210112306,0.014779138125840799,0.014239581974457958,0.015598306516366978,0.020717928065140348,0.014333341638767061,0.011895716737004977,0.022911434959115393,0.010088439891832666,0.014383401514539068,0.007911942509042152,0.014049133262995181,0.015272254707482141,0.012871166174449711,0.01427053371303264,0.014478347647042715,0.015247379180944967,0.012672587892796265,0.013505126229298593,0.002878700501627895,0.013104735190679496,0.011557649767868354,0.015943435043250288,0.014625619636011084,0.016909956320468728,0.014541739379076775,0.014273419406838479,0.0162146251918761,0.011998993671419274,0.014265098324270744,0.015273342030782589,0.01518505311753884,0.015526711422168143,0.01726345641953432,0.013180979497643255,0.017977623474258506,0.012576890581258871,0.013707130115946188,0.007110689965185867,0.01071303820824308,0.014256985063267832,0.0147217698288577,0.0132285744614834,0.013450880072636017,0.01450333254935849,0.01595937744516477,0.01473024416395399,0.013960114102273703,0.014561438141734166,0.014432736107214014,0.01575084756276356,0.01433686512339237,0.01362649737013263,0.011870466495444867,0.014586423574891325,0.014300532609117138,0.017751173160647345,0.015119585274583363,0.014711937871942094,0.01671473511919295,0.014750764288105997,0.014382976382733106,0.008218117407275221,-0.005351486803315441,0.014611839542952957,0.013674646323003898,0.015203813958571089,0.014272025845552585,0.014991055660220751,0.013531010667226109,0.015975660376923898,0.01204476972462696,0.014142566881740102,0.009806241868731198,0.007783569991443419,0.012141704288367514,0.013636641195476527,0.013638002531883714,0.01445689693283305,0.016792857651075986
stdev_content_word_accommodation,0.0017370216652788754,0.0011938217434443264,0.0016571264954335346,0.0013481625587441915,0.0019150237034900562,-0.006011423547762466,-0.0013541098693930064,0.0015952333198549964,0.0017340439667787293,0.0024579469311213284,0.00406947750140697,0.0025268512247311626,0.002063473813081501,0.025739729552710013,0.0008830289473444539,0.0017605117970421608,0.0040509956082412455,0.009033574828967788,0.0018505391136671382,0.0023338788712355795,0.0012366105645278212,-0.00045939545124599156,0.0015693076503039208,0.0005909652393402253,0.0019380919150712717,-4.4967123243172535e-05,0.0010713966894231805,0.0013453415202851673,-0.0001816683834916441,0.002194128754654856,0.0016404687889087534,0.001920180411395427,0.0010695611531733613,-0.0012936140925810854,0.0015085659474671099,-7.241523070815499e-05,-0.00028488359155887273,0.00149404941301862,-0.0010533108455460707,0.0021739694581154687,0.001643344848319699,0.0017212418253353574,0.001594510914147194,0.004834762613373228,0.0011631993419047998,0.006901453613724042,0.0016498550314171315,0.0016769251666630056,-0.0016956213722581336,0.0063511696098367005,0.0007244675785470518,0.0016653966553478016,0.000528564237138757,0.003184260315941826,0.002254481075640611,0.002972620714419819,0.0032930675505394476,-0.0002533947584766102,0.0012060264207401274,0.00011674507409062569,0.0024117741401517238,0.0006846605036554404,0.0018800180586007742,0.0017601089876963707,-0.0001080035701508681,0.0012736993567334914,0.000892410371908129,0.0015396062654503776,0.004640073635591199,0.0014967913441117746,0.0009284912909761269,0.0005742036451949692,0.001502477643865855,0.002315266901700466,0.0021615724090456243,0.0028278661686009874,0.00296174698077227,0.0009152711824094648,-6.144554419093562e-08,0.00777801456492677,0.00040113499690734924,0.0016852847712112984,0.0040668983085306466,0.0017490386726550476,0.0017858561031453557,0.003206490199354107,0.0016915670950825301,-0.002203384420144002,0.0019759173267050907,-3.3851512183944235e-05,0.002291422456659885,-0.0018893526878643128,-0.0017970055222779457,0.0010466799383463468,0.0019311821987133392,0.0017324051611346085,0.00020298125360792077,0.0016828476361405702,0.0013257798396212207,0.0031193431585530926,0.0006587099168196518,0.0018029375128032488,0.0001440396651910935,0.00316027383517312,0.0017487093916143445,0.003006398643026752,0.0008151150050251764,0.00443981617176986,0.0036723031765776796,0.0013892073146034266,-0.004730430792525501,0.0011019488484963497,0.0016708207335813085,0.0020889351626944587,0.002417085666310898,0.003622133303486947,0.001695447452226613,0.002026008938356442,0.0022319226995856783,0.0035674906247890083,0.0016296091124015921,0.001689369978937743,0.0035814255456892118,0.0030686169256384788,0.001450241162308916,-0.00023593118328074474,0.001769892362048827,0.0014576801593313305,0.0038137474651803796,0.0035018002451967165,0.001854003539787874,0.003356791390791784,0.0016775586614351176,0.0007573233390269201,0.00101397248475385,-0.009585323187221672,0.0016950873475583637,0.0018506383188340077,0.002134615603389803,0.0018479106059909236,0.0017020845329387187,0.00011347961674961458,0.002815412952816728,-0.001014801989108952,0.0015002361980009683,-0.00011415690390942021,0.0018304190662061792,-0.0013382583222562618,0.003685134013154949,0.0005607798090731531,0.001537898741018666,0.004621255412821191
min_content_word_accommodation,0.0,0.0,0.0,0.0,0.0,0.0,0.0,0.0,0.0,0.0,0.0,0.0,0.0,0.0,0.0,0.0,0.0,0.0,0.0,0.0,0.0,0.0,0.0,0.0,0.0,0.0,0.0,0.0,0.0,0.0,0.0,0.0,0.0,0.0,0.0,0.0,0.0,0.0,0.0,0.0,0.0,0.0,0.0,0.0,0.0,0.0,0.0,0.0,0.0,0.0,0.0,0.0,0.0,0.0,0.0,0.0,0.0,0.0,0.0,0.0,0.0,0.0,0.0,0.0,0.0,0.0,0.0,0.0,0.0,0.0,0.0,0.0,0.0,0.0,0.0,0.0,0.0,0.0,0.0,0.0,0.0,0.0,0.0,0.0,0.0,0.0,0.0,0.0,0.0,0.0,0.0,0.0,0.0,0.0,0.0,0.0,0.0,0.0,0.0,0.0,0.0,0.0,0.0,0.0,0.0,0.0,0.0,0.0,0.0,0.0,0.0,0.0,0.0,0.0,0.0,0.0,0.0,0.0,0.0,0.0,0.0,0.0,0.0,0.0,0.0,0.0,0.0,0.0,0.0,0.0,0.0,0.0,0.0,0.0,0.0,0.0,0.0,0.0,0.0,0.0,0.0,0.0,0.0,0.0,0.0,0.0,0.0,0.0,0.0,0.0,0.0,0.0
max_content_word_accommodation,0.005716735098919597,0.005295580519435754,0.005697759378525581,0.005696000034636599,0.006020771936648484,0.007567264334340388,0.003572701939954629,0.0062273728688225435,0.005937706385690012,0.004325504384459212,0.009410150438672323,0.005589017009625143,0.005936617069876748,0.029019207933868273,0.005849275624901217,0.005637630821261171,0.007500142567727283,0.006737795299828333,0.005711217170992879,0.0059427341461134285,0.005193908371574463,0.004464207957205292,0.004576122075365709,0.0044366166363098165,0.00602469316186372,0.0030295789103330327,0.005243092502220012,0.005199624202791412,0.0044273767672212486,0.005863284155964748,0.008017669456829312,0.006083196532778484,0.005073142506240691,0.006133406350407248,0.005443804461635218,0.004091713026736776,-0.006871817231719484,0.0033730926660133793,0.0027446555696644323,0.006382713537444833,0.004436202907971457,0.005386551619800213,0.005491474380081903,0.003949646800357798,0.004659906440753158,0.013615211915084822,0.00607530608198918,0.005524544200308595,0.00340131207737796,0.007586098064309108,0.003600885819778398,0.005542004663585199,0.00440927616515859,0.006858851283218236,0.0058563887308070856,0.007457092028716691,0.005449331600357382,0.0007656405591257784,0.005702869874484543,0.001654343822506097,0.006820345030508884,0.005109072348744151,0.005753573025869882,0.005554292531697286,0.001004695755845466,0.005217717853582757,0.005013060602786543,0.005332494826189365,0.00662627892628968,0.005465263299719898,0.005556825332945575,0.0049165493115857165,0.005976858084994072,0.006109056722839424,0.006104290079577839,0.006990811919600076,0.0025767122355790702,0.0040067256638260575,0.005335968556353474,0.008181428130903235,0.0031317814659202175,0.005696754708708196,0.00814490819859379,0.005698813368150781,0.005534762213125655,0.008151711735502441,0.005447086035117815,-0.0019120808171769806,0.005344960207209728,0.003138064577515488,0.006683721388048472,0.006627761315377314,0.0013634455510175055,0.005518820795371058,0.004776252339442318,0.005596039772331921,0.0008634744198274553,0.005601721937380823,0.005026012931270328,0.00645512550824924,0.00516087547491835,0.005707488400605943,0.0043112300125484546,0.007701741969249696,0.004759792721083447,0.005544992417462551,0.005309495921076454,0.008068328586700863,0.007586445518676566,0.005954009284182379,0.0001065500260942643,0.006177496994968095,0.005645385852927159,0.005994431496183788,0.008460241473840436,0.007364057641387261,0.0051935880670420705,0.0048653835789799135,0.006657160997439904,0.00755298346125593,0.005642795497411122,0.005512676496743729,0.00819347513064738,0.007865252545594288,0.005747523830567588,0.00523877490170409,0.005679633346132416,0.005269727567285878,0.0063739029362550985,0.007965629200405108,0.00567631210945242,0.007476031400404979,0.00546890465999984,0.004532522552448204,0.008227942754545409,0.0003108646698938523,0.0055685666520795,0.006334038777877381,0.0052840602523592396,0.005844596808356384,0.005045439102532166,0.004354509789021592,0.006186678015549608,0.0038250988518558054,0.005352577662865839,0.0059893450513550245,0.009125492988613952,0.003024634399507519,0.007704070003515579,0.004602563243966001,0.005564204839863515,0.007162080227374516
average_hedge_naive,-0.016800856603247726,-0.01723277462026137,-0.01729745872017057,-0.017569440515547822,-0.015156535935085893,-0.013510928345156891,-0.01384772608840589,-0.017404535721178387,-0.017122918036688257,-0.014368347359024121,-0.012214248559321551,-0.01736556923563139,-0.016969884988521283,-0.01505969184882258,-0.017411416959003896,-0.016686189606880238,0.011120484893701078,-0.010447689292897543,-0.0173039844379664,-0.026344399556522922,-0.01668933523760538,-0.018116940731993214,-0.018325282447376356,-0.017094146141443476,-0.01696621935280693,-0.01388985316597461,-0.01511203822751472,-0.017419446646543393,-0.016555674558843523,-0.015379768401577894,-0.025441856209389036,-0.01699195629264813,-0.01801706504444561,-0.01902505360370793,-0.016332360320815864,-0.015777942816798545,-0.01933997193627958,-0.01644483373064362,-0.016469604863436016,-0.018182171511986953,-0.017252992203017077,-0.021350494711362883,-0.01643222010118592,-0.019506753692820428,-0.017955247442964326,-0.016720831773885322,-0.01652277885723695,-0.01651288721290141,-0.01323427953201413,-0.019986739817938234,-0.01575789947584584,-0.016808772040469537,-0.016913662292081466,-0.01761404363735438,-0.016426679776728466,-0.013359629769998282,-0.014988424573979104,-0.01608315393073171,-0.01940610522158768,-0.014085500022143477,-0.016400893068829143,-0.017192874100124787,-0.016747921114988643,-0.01698877206419913,-0.014347936760150991,-0.016998312559136197,-0.01607708441698591,-0.014944085116391725,-0.015262404896281011,-0.01689452936728563,-0.01738994889244146,-0.017203714598498142,-0.017480031861880484,-0.018786044883169088,-0.016608566172212586,-0.016748666981739,-0.015102945231394145,-0.016375123383810867,-0.019308203946101075,-0.004675478919918052,-0.01270922048140006,-0.016561745481408485,-0.022141515815374036,-0.01686165932165376,-0.01765001037023487,-0.019184794186181367,-0.017109254556308885,-0.01875135410608515,-0.01812979776917279,-0.014886737352516435,-0.01673264505646537,-0.024546845597711524,-0.01539249530785771,-0.015620274033416263,-0.016936935630692544,-0.016726526968649014,-0.019899825935795964,-0.016781172043586156,-0.016732539998548714,-0.014897695813281746,-0.013804836085406214,-0.01745133246957808,-0.016564549312032446,-0.017053776281718717,-0.01496727606530096,-0.023024553666816445,-0.016173574129367645,-0.015017697085800669,-0.017432716346080325,-0.018080767420507626,-0.014758691221260549,-0.012726349712640453,-0.016751765679140086,-0.01830443716468366,-0.01692307114525281,-0.018600589443943445,-0.01591189598520527,-0.01609154299678662,-0.017930213265915866,-0.016116148336048814,-0.01651180541978073,-0.016671413093254567,-0.018150614892343354,-0.01857901659065647,-0.0180350717746645,-0.017522465812934512,-0.016895900998223683,-0.016707637131147535,-0.016104967104064758,-0.01669783334309071,-0.01669184027707097,-0.018589867020482338,-0.016968809690172518,-0.017524953661381237,-0.011152985355756654,-0.017770210447980234,-0.016857585097219734,-0.01694541371377775,-0.01605383608425472,-0.017557425116120386,-0.01620986115181129,-0.01107898487996457,-0.016969577567391442,-0.015638449280158485,-0.016520429178473645,-0.018488385793290228,-0.016736970456665307,-0.016157657151792914,-0.016030010256225972,-0.016673955622438525,-0.018520906385756566,-0.026624673608581808
stdev_hedge_naive,0.007250862682784787,0.007185936583487061,0.006282751498472117,0.0068048568845544295,0.007222386108987577,0.0076084457329141635,0.006409504968152263,0.006722758949275549,0.008553131155515373,0.008033276580135851,0.006064670699717268,0.00867953272485961,0.007411906338030886,0.004715163716432415,0.007257828249784734,0.0076376815853211825,0.007293486903389412,0.006684031398289185,0.004497231368303201,0.003910321194980937,0.0071422814234002995,0.00680028002383044,0.007460317160235699,0.007974671905394758,0.007107949264557548,0.006680311504723098,0.00458723461939493,0.007963622298863278,0.006427726887531921,0.007495629328559196,0.005401643950814083,0.007033799160355812,0.00947177079566747,0.006220990768904356,0.007352253528373626,0.006681186831716654,0.009076340354592231,0.009718804200009425,0.007859681010990998,0.006009240209808194,0.00813778481046253,0.007170859121643409,0.007374014254717518,0.013453969838368244,0.006414784795926134,0.0029844362149821658,0.0070830698032664785,0.007408282928237021,0.005358764558382148,0.008017553979497759,0.006938229655085533,0.007261983186722434,0.007370649609237728,0.007227659879361827,0.00714303983288323,0.007531361408740224,0.003445941869219933,0.00666576687089456,0.006660810017710277,0.007269485508383062,0.008031111501651346,0.008253738855268632,0.007312978802918282,0.00725987732168233,0.0060096770826324215,0.007250933312129171,0.006110549710044684,0.007355025428191121,0.008453509663378267,0.007136410135683582,0.006531877056865884,0.006155306312433462,0.00808514346803263,0.008500924178351781,0.008176177432837158,0.0062733886969024155,0.006076731804778964,0.0077258247711744655,0.00705716171850891,0.009085788479935271,0.010855698811371418,0.006711801423408027,0.008842236239421337,0.007481559318084228,0.007347086160600183,0.008745420502118373,0.007231284209344895,0.011444608215477338,0.0076879447442544414,0.008700472991756057,0.00781125887065569,0.0016680537169418141,0.007188354887193693,0.007913442321090326,0.006833065908142548,0.0073815734185760495,0.007342454469300177,0.007270914258355179,0.007450262518998555,0.006903318573048833,0.008455822827003131,0.006924871784811729,0.008119751351332059,0.007358767660748132,0.007402869991053277,0.008949494631047269,0.007067924726198995,0.008886995362513752,0.009937286187704475,0.0058796443423261326,0.005901845345760865,0.006903772139200463,0.006928329671998379,0.006895387066210703,0.0071110228604000375,0.008880201538099096,0.006774933202812057,0.007198166458793872,0.008184357134114898,0.007877729490132416,0.007154336372802937,0.007159812551594291,0.0068888979410519635,0.005186129963801437,0.006613409732403017,0.006806321679749807,0.007984817704224254,0.007408305729946222,0.0075671501033522885,0.006277173168657271,0.0075829537476948,0.00746277116766801,0.007204306212680745,0.005642551657156337,0.004239349118487765,0.009451889101377443,0.0072531196849518285,0.007189555331111786,0.00592817304582233,0.005391256919017743,0.008011413685880524,0.009220856616920235,0.007646708229679836,0.008475331628430022,0.006469396727606687,0.005720024734894663,0.008487993754019709,0.004448823280055471,0.0072513480441193726,0.006727514103609401,0.007472285932196166,0.005658477569766252
min_hedge_naive,0.0,0.0,0.0,0.0,0.0,0.0,0.0,0.0,0.0,0.0,0.0,0.0,0.0,0.0,0.0,0.0,0.0,0.0,0.0,0.0,0.0,0.0,0.0,0.0,0.0,0.0,0.0,0.0,0.0,0.0,0.0,0.0,0.0,0.0,0.0,0.0,0.0,0.0,0.0,0.0,0.0,0.0,0.0,0.0,0.0,0.0,0.0,0.0,0.0,0.0,0.0,0.0,0.0,0.0,0.0,0.0,0.0,0.0,0.0,0.0,0.0,0.0,0.0,0.0,0.0,0.0,0.0,0.0,0.0,0.0,0.0,0.0,0.0,0.0,0.0,0.0,0.0,0.0,0.0,0.0,0.0,0.0,0.0,0.0,0.0,0.0,0.0,0.0,0.0,0.0,0.0,0.0,0.0,0.0,0.0,0.0,0.0,0.0,0.0,0.0,0.0,0.0,0.0,0.0,0.0,0.0,0.0,0.0,0.0,0.0,0.0,0.0,0.0,0.0,0.0,0.0,0.0,0.0,0.0,0.0,0.0,0.0,0.0,0.0,0.0,0.0,0.0,0.0,0.0,0.0,0.0,0.0,0.0,0.0,0.0,0.0,0.0,0.0,0.0,0.0,0.0,0.0,0.0,0.0,0.0,0.0,0.0,0.0,0.0,0.0,0.0,0.0
max_hedge_naive,0.011424822539641472,0.011803373132843287,0.010630244308110891,0.01127899011223261,0.010484749296941282,0.015221854295174583,0.008814052473147328,0.010870480104505162,0.013699142014838524,0.012367117015828348,0.009491086851299025,0.013848599122852434,0.011716542189796897,0.010044526207107966,0.01156048532998866,0.012613439970532037,0.004798324115212081,0.008889585087679328,0.006743833119777602,0.009529084371037213,0.011438483421033745,0.011472453308451364,0.012263141540753399,0.013732879385837065,0.011231884605142396,0.009104904663171052,0.007541079782672653,0.012905444971423508,0.010694905867702043,0.011771020118377253,0.013678351710701347,0.011113605841370083,0.0163270684817323,0.010689234273541494,0.011336637125781094,0.009700300762592514,0.015286682582501657,0.01231001457249907,0.013299799752528393,0.009863704423554553,0.01274372584109377,0.013602746497822105,0.01142142925645712,0.021415507598519883,0.010797934113884277,0.008261107302176263,0.011283701575452396,0.011525619254251324,0.008906208668946529,0.015134962097690344,0.01134061085771959,0.011514283637868673,0.011821244498346135,0.01145300669074659,0.01214753323206904,0.010653731312085645,0.005898044601650956,0.009653668439786121,0.010344515076739766,0.010308782858285612,0.01297316789644486,0.013417680179565366,0.011571830299872727,0.011557027839628706,0.010259126642868505,0.011432267782529348,0.00996065176796066,0.0112583006346098,0.013393956064845466,0.011371620763520583,0.011133594208975426,0.00995540209818627,0.013960448355547815,0.014295957912745485,0.012618359783547828,0.00987735214025906,0.009681161008499367,0.012826159152365298,0.011846788842112781,0.011524696622924595,0.01599274483032962,0.010941790754514435,0.016774218349621714,0.011863790999725433,0.01125218975644371,0.014922615167497835,0.01170482775150521,0.020396348707156165,0.012521557765326883,0.015480339530163933,0.012873578834996112,0.009732828396444064,0.011754933729110318,0.013065303531784932,0.011090287512691897,0.011569722850965913,0.012945009744962885,0.011492070530186076,0.011761657062108171,0.008652083999835905,0.012022361052356257,0.011434309556572625,0.014212144808102692,0.011430497058083928,0.011743229545558655,0.014546677723750595,0.011654702217415805,0.013081147883156514,0.015359484780972071,0.010719495351418017,0.0077506311995725495,0.010797369566815044,0.011138886105868433,0.011055198437372415,0.013280633997521695,0.013896000978729825,0.010998550161484951,0.011389142617614631,0.01368320047948054,0.012591562509812559,0.01118101204508911,0.01134017958929072,0.009206794391636002,0.009480714638663082,0.010825837741598439,0.010811427217950533,0.012392554895119937,0.011844350086530439,0.010125414878195248,0.009721709810635578,0.011967450764761146,0.011135534495925067,0.011584221411873662,0.010210472784888649,0.004176316110659283,0.013939152229756148,0.011493897447625466,0.011515624012666982,0.00885986633313934,0.010151544634399916,0.012023698754919779,0.013414033887867252,0.011789699186615717,0.012771667399071731,0.010899092766097433,0.009973742201783141,0.014830717248256544,0.008842870447731561,0.011791862832435298,0.010794803412326824,0.011628602645392913,0.012090366718311622
average_textblob_subjectivity,0.007481788714242458,0.008637212559712275,0.007640336372280312,0.007912806774786667,0.006937876783265751,0.006948491326715413,0.006887567251841789,0.0031007561589886773,0.0074379856033709064,0.00764806990048819,0.016752402579244503,0.008562829742937584,0.00620446763768696,0.0027642258062733306,0.00995700911851756,0.007764506801629421,0.01073016051155631,0.010008763269031802,0.008638848690595086,0.0048365800851611716,0.0068926414554642945,0.00820940284647249,0.005372347951586897,0.007266234979152037,0.007448807352243871,0.00615133038826284,0.006900824823643002,0.008576017178546258,0.006144073731624549,0.010417887153936371,0.010047227797429283,0.006433856706531432,0.006437984370546667,-0.0023311444989366557,0.007360237547114986,0.007130235679360512,0.012707815987067543,0.000979023693262449,-0.0003452322658890816,0.00804632771750992,0.009145997028171064,0.0017075545674556116,0.007751321707538476,0.011614529170161762,0.009378832551753149,0.013975560574271868,0.007677544150946118,0.007507214683029343,0.003900061321777338,0.005995827963046247,0.00925354766589266,0.007403617071739752,0.007313233053492292,0.00667344333468773,0.005174972312263024,0.004459842683861887,0.009626377240931815,0.007712496907006022,0.008107586774523732,0.004847451692269523,0.009633555470160664,0.008286169561572531,0.007222917703329646,0.0077030938396478515,0.011437577953774973,0.006216939060198012,0.00895612112349923,0.008019280065688472,0.010877152708559884,0.007388204647059197,0.005678130003103278,0.006599094544616119,0.005492468510458716,0.006272026953017802,0.007496239736215978,0.008022657171631966,0.011221847184282423,0.009371267180436394,0.006851156890469072,0.010302408408254403,0.006176951046057838,0.007644182676519479,0.007981804868288901,0.006131853607181901,0.00720409107919482,0.004646728895326503,0.007809902379743403,0.011276118443259693,0.007918771146211076,0.009950253149539193,0.004396059576806481,0.017498332047189768,0.003445691757217595,0.01212745750028713,0.009796179146019868,0.007310747227092385,0.0022237249175996966,0.00735129959833415,0.008226506197034817,0.008729912583994512,0.0031483487364597244,0.007998992903208343,0.005883344125762592,0.007159035959581943,0.007430340980101095,0.014093085500644266,0.0075631141737996736,0.0010078726183665571,0.014355876840537988,0.007617975319908272,0.01073883811834407,0.008339554451934041,0.007208378866705097,0.007552777590289271,0.007930306298031433,0.010466557823449704,0.007268147296241196,0.007894484356369939,0.01216577236026227,0.007678848546299663,0.007405054501316539,0.007428175114307398,0.00816767352654652,0.007992961618685953,0.007826035943453182,0.008629922971968879,0.00735771708276217,0.006881978972302024,0.005577063780531565,0.00860424220279473,0.007828585478434659,-0.0010940385841148557,0.006892601947785747,0.007944208436541499,-0.0008960947037164844,0.005137815663068701,0.007363791287331901,0.006008678245805584,0.005291729726747858,0.009217841857649699,0.008276681791919056,0.007523489399971721,0.00749782973650857,0.002682317228207265,0.00667695004896836,0.010952149348384694,0.009066881244644023,0.009191088827793657,0.010532550133379361,0.008102956971011231,0.007426567252287063,0.009876721101157901
stdev_textblob_subjectivity,0.09267474421728875,0.09196024985711795,0.09332509387335973,0.09205280466257858,0.08849188939852344,0.09361218520376295,0.08916807612420198,0.08523152964168436,0.0898437643615881,0.0896891251989888,0.10273732680153186,0.0955068714418883,0.09298850266804229,0.08341910482350105,0.0968655040616131,0.09075950812464559,0.08860005855089716,0.07246975747645518,0.08330958081612144,0.09144973249870961,0.0919434525306129,0.09204597206874603,0.08994327828919252,0.09269020980841487,0.09284932032233671,0.09773656537845689,0.09488514908929574,0.0902301164371126,0.08934238803209345,0.08893424553109844,0.07849590330681441,0.09477873737459007,0.09126893633809702,0.08421016900964137,0.09248984800479228,0.09106645369969818,0.08761614943871096,0.08889995848072557,0.1103677691269436,0.08811052566031957,0.09237351569504863,0.09023152919474052,0.09224889047517366,0.08726586660124695,0.09066292280966325,0.08501852564391081,0.09223174166705964,0.0940511362514073,0.08510699367547905,0.0925423369247674,0.09202722266501112,0.09245178195571441,0.09304288781719991,0.08870983058138829,0.09020923221729511,0.09681334015251035,0.10444871590984643,0.09571966843382904,0.09206736537960916,0.09210184506342547,0.0917109804589678,0.09229013610958521,0.09220608796776349,0.09244455351059346,0.10066927661117739,0.09131717256681592,0.08901201096558355,0.09065204903340529,0.0965749884689404,0.09163428491640865,0.09364088734031963,0.09075175370848831,0.09409026176197897,0.08955646751453525,0.09322903161927666,0.09092990187619063,0.08910097033093627,0.09539369802099137,0.09328419975741079,0.08899586405589235,0.08257144486299195,0.09293144596501712,0.08833793630844393,0.0913947166107007,0.09267403138495554,0.08826178759859807,0.09242815509459835,0.09461010927168052,0.09337505109810432,0.09470097720836419,0.0923927791052943,0.08314679635840212,0.0891159770834222,0.08874725055429196,0.09202955672987057,0.09221841864992061,0.09414217356222372,0.0924392493227617,0.09162308861575108,0.09371865988187501,0.09082339522991341,0.09205696246483161,0.08928237027350043,0.09323152569434556,0.09285123150386103,0.08733311574175413,0.09233769077169623,0.08854649008639119,0.07611841389545634,0.09018781028325248,0.08850904443650483,0.09524580888976733,0.0925600123475119,0.09300155974320043,0.08649392277675536,0.08780389469128308,0.09245271575911726,0.09113964550172107,0.09342649600965612,0.08884122586989648,0.09242550612759129,0.0924686317873823,0.09518121676866731,0.08755709510445878,0.08900336899651431,0.09318025815260472,0.09204765742411503,0.09333712418529547,0.09426972412216003,0.09197598848666297,0.09226980294227148,0.0853090052907289,0.09274977325790659,0.090083656977422,0.08995364111376113,0.08731762008975875,0.09248794022297413,0.09194661181209253,0.0921941892487405,0.09218232409384228,0.09028339810703248,0.09220394041832951,0.0939528384170398,0.08932513918433932,0.09290545699530962,0.08749732319482334,0.09549345442214688,0.09448654734086412,0.08668898008767505,0.09488935609237042,0.09339670347289525,0.08650173153432714
min_textblob_subjectivity,-0.07265169922532676,-0.07244383404706968,-0.07494373965609667,-0.0713004706635416,-0.06645504218932154,-0.08118867357957335,-0.07629892926302857,-0.07332393794103288,-0.0714790098481447,-0.0691126327035065,-0.07303392835155384,-0.07293867947532291,-0.07344286354685246,-0.060962835769920815,-0.07540107693917104,-0.07291473980800889,-0.07242455565843528,-0.0829418561949346,-0.040821162863759364,-0.06484635143780552,-0.0732734647868439,-0.07099983732181855,-0.07443680756991596,-0.07348429972078199,-0.07351838759245173,-0.07279159409176897,-0.07150337910273266,-0.07175617144731941,-0.07142982275441964,-0.05441338023707886,-0.06649027419908855,-0.07200537221508337,-0.07146961891995905,-0.07297899603237386,-0.0707506686769548,-0.06775155843193029,-0.06454433759323394,-0.07835622683913647,-0.06350185117113995,-0.07157754145768636,-0.07302307656573977,-0.0725911705803434,-0.07219755097605837,-0.05715647326333505,-0.06842965799554263,-0.06573572929952375,-0.0760720576069989,-0.07391449448482917,-0.07844955301952478,-0.07266858331560311,-0.07401461810221807,-0.07306327547962925,-0.07341046459426002,-0.0775368853371241,-0.06740854727129826,-0.07746347252358096,-0.058832361035502476,-0.07642844186611787,-0.07180164603739807,-0.07644336857973522,-0.07316388670549685,-0.07403714154656196,-0.07260574645779388,-0.07262543217207192,-0.05888451615797619,-0.07248986681946788,-0.07178094073217409,-0.07476894858274129,-0.07390449354633688,-0.07292722349369929,-0.07232580650925581,-0.07073390998892805,-0.07322815996329944,-0.07408976516184741,-0.07320879964981213,-0.0729106255286979,-0.06460731887536492,-0.07334747841138603,-0.07073835767474264,-0.0626702352547663,-0.07623771847875832,-0.07296077224857302,-0.07183858121847894,-0.07339900777966121,-0.07231047194242751,-0.07091028831306292,-0.0716519261724275,-0.07873874143518064,-0.07424794714328052,-0.07756485526636542,-0.07458351381858533,-0.05537771381535791,-0.07232620379533794,-0.07800104876273123,-0.0717480594622937,-0.07287866469226818,-0.07257068132984718,-0.07328931482018626,-0.0745382405297284,-0.07364965088793615,-0.07712205080347968,-0.0721353593756614,-0.06495932837785602,-0.07330016773636068,-0.07414987447088658,-0.05965013192190473,-0.0724654542474156,-0.07523607250608344,-0.07312806458413039,-0.07171495882584665,-0.08513231664396756,-0.06724408327655658,-0.07418471214241833,-0.07218137688452429,-0.07610879517746895,-0.0752995066553099,-0.0729598040261346,-0.07059443581005803,-0.07730443195720894,-0.07626702401611156,-0.07367121576720054,-0.07305813333731662,-0.0695912212457587,-0.07038668234831025,-0.07104639003698739,-0.07381154742817955,-0.07265069412309137,-0.07437411520249364,-0.0757581988000409,-0.07079310893341989,-0.07371812980822041,-0.08009906907093105,-0.07359201609290977,-0.07090150426748719,-0.06743304721346635,-0.06755614062921306,-0.07304832714194184,-0.07459332798431717,-0.0684734307231874,-0.07243055476993679,-0.07468180543733503,-0.0734096619912492,-0.07200723026150928,-0.08449580039420235,-0.07371413106595118,-0.06627655924874976,-0.07783463404225269,-0.0717206485781583,-0.06744815285629938,-0.07432417827702789,-0.0728866974892351,-0.04733109833522784
max_textblob_subjectivity,0.053895433934442905,0.052490798340539886,0.054615243501476195,0.05427271041716427,0.052331263387657104,0.07929710988817128,0.05533754716999477,0.048445847752972976,0.053383630861261334,0.05704501066839038,0.06332611472886569,0.0596078486304784,0.054173907420091025,0.04241986469618004,0.053855771680174316,0.05463132390570456,0.054812168361774306,0.022713573368859465,0.05243986464303505,0.05242610248635967,0.05540852294027283,0.055230907361302095,0.05228517239705199,0.05494523299611753,0.05435578314729208,0.055451444741690795,0.05047587740194141,0.054572435704262,0.04886005265143628,0.05552387511344266,0.02699208318679645,0.05316754742905071,0.05363499407158154,0.052459643917814186,0.053020585202860564,0.05180192362975173,0.0559237723921268,0.051876529018840566,0.05091270728825092,0.056053167255042884,0.05596409071343228,0.05418092223404919,0.0540201461916388,0.06495778205072512,0.05479446513891609,0.04012191946624023,0.0542855600523284,0.05394789291618563,0.050338827665166785,0.0544738983594257,0.052568620940103165,0.054209255672179726,0.05371575286892861,0.05401705098230242,0.049593616847637065,0.052860888369780645,0.0538261901994984,0.05423315510137587,0.05248675636526225,0.05233922924979405,0.05476764159572646,0.0565031108403657,0.05404771549263723,0.05437952005444378,0.051998109159259065,0.05239868422391786,0.05596174836010384,0.055777410556748876,0.062496857582688234,0.05350680287438553,0.052055506304512,0.05240921685374659,0.05571210451481189,0.05613911651985283,0.05377701407287635,0.053011890560989317,0.049935575953143116,0.052898168150306825,0.05428126171656293,0.060081663114315176,0.045989791604120867,0.05327392841772542,0.053865007433271196,0.054404098895245105,0.05182824426438767,0.05457896687516439,0.053969355880677486,0.05257255330935167,0.058374236711034075,0.052399866956698,0.054453470723594084,0.03931536495462956,0.0534484448116831,0.05216686909363185,0.05412387967163816,0.05431539541551486,0.052201611338962596,0.05426445568901762,0.05458429011249913,0.056438741316045524,0.05508237236874834,0.053653694213090214,0.059116274951997005,0.05389575868800585,0.05430226571915456,0.05600543344030644,0.05517718338047871,0.05344867493521019,0.061013843608240706,0.050648649280076355,0.04197548706090526,0.06564524944715155,0.05280883190744657,0.05454987114347889,0.0513651602297334,0.061598446488990655,0.05530198105215408,0.05457287440910717,0.05407685920026802,0.052516893252635616,0.05453022279495392,0.0541538535847875,0.05369604545271465,0.04992364754267821,0.049878593529177326,0.05501569969451725,0.05425726446065364,0.053267761969973446,0.05738539625612626,0.0585197588436281,0.05457804263566035,0.04764181955343709,0.054324044189276166,0.05534451994995176,0.059700210715173854,0.050681602924921285,0.05426214761300115,0.056260675830301754,0.05631163742255216,0.05323717187773876,0.05361937517554076,0.056605841150494815,0.05579688720669412,0.05103555432055829,0.05393040146111008,0.053715972509243884,0.056846181610773296,0.051676079316000934,0.05267782354118772,0.05853452114239237,0.05119286738651119,0.03637728318863717
average_textblob_polarity,-0.020077191986556997,-0.020067911734168904,-0.020408275064697706,-0.02027961631416237,-0.018568350129374224,-0.021496527713764646,-0.0200822745562588,-0.018207082859446187,-0.018727650892222086,-0.015301223601625188,-0.02246512792092693,-0.017933873665195953,-0.020172971285862325,-0.015778096099444826,-0.01768998158346359,-0.018616093655801025,-0.019423321734856024,-0.015695920671401048,-0.017148982220094477,-0.020815434952970092,-0.01996973563940105,-0.018883264819771282,-0.019970680491005453,-0.02023451097323312,-0.01978465156661484,-0.019503849573428916,-0.02064352311435863,-0.01888441785442192,-0.01840416574125616,-0.021192814247920518,-0.0241981615573491,-0.020132114884816737,-0.0274723164232481,-0.018099899722259217,-0.01930587508265461,-0.020963238116220088,-0.017474758388351937,-0.020015970084214664,-0.029186505912338814,-0.020133100307564822,-0.01900969781956785,-0.025751281198772128,-0.019793488581432577,-0.027570894558741774,-0.022450281092921954,-0.02483007470446742,-0.01945247057333009,-0.020094454561389655,-0.01556702357395166,-0.02160143385914279,-0.019673771581878472,-0.019727434235478406,-0.019542040369732547,-0.020306447927970154,-0.02052563503679225,-0.022109957092182036,-0.021138143613868683,-0.02044279765245243,-0.018154700411813,-0.018403489433984024,-0.02018309083986989,-0.021355868373032112,-0.0198878643097177,-0.019771940924229896,-0.0276488721411259,-0.020041328319420595,-0.01946251143503901,-0.02004963689757028,-0.011126207759215086,-0.01954756379196563,-0.020417412041550034,-0.02001062250335903,-0.022426261267477453,-0.019904369372045153,-0.020070467463572543,-0.01821352814830753,-0.021506584638486342,-0.020363745778602393,-0.02104480669880797,-0.026038651126799314,-0.01061173966645624,-0.020482057362625962,-0.017714288399583743,-0.01941271369191646,-0.019920758690676586,-0.0183354160878212,-0.020422060678590755,-0.01932916964233117,-0.02050299114696874,-0.021530951042050467,-0.022134379354981033,-0.030124465022835584,-0.021528927968780146,-0.02011089351305593,-0.01998518797505232,-0.01969172776308587,-0.021369560425162526,-0.019651090686452974,-0.019045546036658742,-0.014359086297435946,-0.018210692270940028,-0.020778666231718573,-0.018689088165878796,-0.01945599561913038,-0.02471189053125844,-0.019329472324965367,-0.01942943237831829,-0.02454061565735962,-0.020410046907386705,-0.020860065090752784,-0.025133754361156377,-0.023700501818931855,-0.019458187519771342,-0.019243530574658427,-0.019764063484482338,-0.0175828855115326,-0.019721526141124192,-0.020204047315102946,-0.019719641780223247,-0.016963233720466844,-0.019735736096573524,-0.019776295239934592,-0.02108539306437108,-0.022808407023931512,-0.02253082830590953,-0.020209440586602716,-0.019328481435437448,-0.020624676942329608,-0.018594034286966654,-0.021784745526437544,-0.02063925491173714,-0.012461159665000738,-0.019421009946134965,-0.02018466255131375,-0.01787530927908504,-0.016873020155804722,-0.01959943017028432,-0.020361641257444846,-0.01948237846927075,-0.020072135570960124,-0.02083877993368347,-0.018976627327587304,-0.019312164576041145,-0.013621324784889663,-0.02009656768194023,-0.021811903034215707,-0.028839061632793664,-0.0225230684737856,-0.01655751256925305,-0.018753173401566008,-0.019264552543506813,-0.027092117464447552
stdev_textblob_polarity,-0.048891690799837934,-0.046308836826932,-0.04876078576255897,-0.04721043447827882,-0.05084072348479496,-0.033996492801716544,-0.0488177061966981,-0.046649973872555775,-0.047770639806772056,-0.04580470044604368,-0.044767863461687554,-0.052141745060151456,-0.046412176798119,-0.025306536288047878,-0.042346651598243204,-0.048400900018773285,-0.05241142620231359,-0.04560856945536559,-0.05911398779545987,-0.04553866710940048,-0.04935978754002487,-0.05033692268070762,-0.04643485733137863,-0.04856652970232406,-0.04838541844275891,-0.04584107411610821,-0.03967650833879008,-0.04874049719303263,-0.0467234968842951,-0.044389556713711,-0.052065157924406844,-0.04811538241220244,-0.05233271027736998,-0.04115704108168129,-0.04841798476216733,-0.052295551673443484,-0.05719992264628767,-0.051076530021103246,-0.04192659024125709,-0.046216239310797734,-0.04747510483183746,-0.045067022545870604,-0.048317141610437674,-0.048211594766734645,-0.04990488654607676,-0.053987840964209374,-0.04915621854727484,-0.04772161082325308,-0.042742483151108915,-0.04319640439596509,-0.050574684234621275,-0.04830739141833033,-0.04855797323133617,-0.05273793840690527,-0.04686370226260757,-0.047559035128447266,-0.04100485603555179,-0.050280514546996155,-0.048582107042206585,-0.06105934322539021,-0.050660558038570815,-0.04599512487617102,-0.04824668750617239,-0.04817798679478445,-0.04970812439094505,-0.048630008000489555,-0.04295720376665367,-0.04939040608104023,-0.03755031484622404,-0.04780582929114636,-0.04795462803648191,-0.04941748512386232,-0.04773411985014977,-0.04732735254246164,-0.04815335449080909,-0.04846432877669951,-0.05622130945076421,-0.04466521154720796,-0.045653132423713785,-0.06435975900089955,-0.055478237311708575,-0.04619508173560522,-0.05389377201983343,-0.04942815030012328,-0.0502665231615002,-0.04435538849709897,-0.04885812403810678,-0.051631428558421136,-0.047525634702216,-0.049433702960765866,-0.047322499497011616,-0.04679560529200906,-0.04770536140036805,-0.054854488416295935,-0.048892614236841776,-0.04787037029097224,-0.05243867617054575,-0.04813815873854034,-0.047666704121680406,-0.052653226997590605,-0.050097049280979494,-0.04893816131162225,-0.04507637533997994,-0.04757224048705376,-0.0493917336951525,-0.051451077038235815,-0.0482708822968627,-0.04965339520629413,-0.06622912820820957,-0.0438265354819967,-0.04574095383100431,-0.04796490745288442,-0.0483830352547199,-0.047450486551282534,-0.04722390680697064,-0.05969172815698321,-0.04946107659154943,-0.04828063494020443,-0.04095829265771302,-0.05121398241879831,-0.04831104820011218,-0.048323577350621594,-0.04837304076016917,-0.05025425786385719,-0.04686094310853819,-0.04752991244520623,-0.04937009027389379,-0.04814790567290515,-0.04679657199283255,-0.049499879751939015,-0.04751680163336362,-0.05316035029357094,-0.04898710587532814,-0.05211786537317538,-0.04060027721223773,-0.03590105860604158,-0.04842277651281901,-0.04908199514364057,-0.04431223606833201,-0.04838750449754936,-0.05022443132035339,-0.054022522967476304,-0.048734247917193343,-0.035768864502874025,-0.04738852605719285,-0.0392429573640959,-0.03901477231250228,-0.04708347471532276,-0.04090076847781396,-0.050611822930064755,-0.048409830628068924,-0.04349386490258309
min_textblob_polarity,-0.035897960802854983,-0.03593321773607891,-0.03597277242160524,-0.0376753913037437,-0.0335114447030061,-0.04716561324659033,-0.03816797236179511,-0.038547484864069025,-0.03479967219563269,-0.029766806809727115,-0.036650686148516486,-0.03189491340909609,-0.0359176695191951,-0.024313197809660084,-0.0362275954635773,-0.034735519290963385,-0.03676877993312581,-0.019320417199369437,-0.027526798820023676,-0.03668129269096021,-0.03547306948152648,-0.034522958922458526,-0.03895374880378873,-0.03407725143621951,-0.03602545058645271,-0.03907441757362978,-0.04061786507955917,-0.03541049279483775,-0.038213495384762486,-0.037917629954128396,-0.03545848486146184,-0.03417296358742678,-0.027065041853036362,-0.04689258148752805,-0.03592813675989053,-0.029225939728620726,-0.026568940619247132,-0.03612613733742346,-0.02412425951527284,-0.03602872020341041,-0.03578808845280404,-0.03095199474428415,-0.03568448108308972,-0.0286775352485878,-0.035874170621259305,-0.038815656469924686,-0.036520404994667514,-0.035720189867989915,-0.0335235867614607,-0.0343408206035382,-0.032710471140428174,-0.03576351153808108,-0.0359029852377968,-0.038510881695969744,-0.03532658797385091,-0.03824069718339021,-0.030773856013963978,-0.03305477128992751,-0.03461758686324981,-0.03322052319383904,-0.03151447759776502,-0.040442297553333166,-0.035843528104115965,-0.035819982061598414,-0.04728702930235022,-0.034975741534568505,-0.042363654943280385,-0.03278661477193752,-0.031412501055126676,-0.036117696649963504,-0.035856357973059944,-0.037192436959573805,-0.03424411851083803,-0.03382536260754569,-0.0365629903968965,-0.03549587463887462,-0.028256790178380408,-0.033701477928163366,-0.03582409456335592,-0.01920350522014524,-0.03656765971433916,-0.0363436215407639,-0.03421331610506431,-0.03551146339562095,-0.034478374274992965,-0.03907303558481379,-0.03495678260538947,-0.029254804428871076,-0.03412626498312865,-0.038867066678564606,-0.034902095949413466,-0.04387354350773321,-0.030416419146693883,-0.03558775201362456,-0.034374160749984145,-0.03603552204196634,-0.03998307249219371,-0.035932275759701426,-0.03681375112942675,-0.030405881286956184,-0.035846270492548724,-0.036055136805958905,-0.03839441669849509,-0.03486798706148525,-0.036627276225634324,-0.030460358651765575,-0.035842003034804545,-0.03248181996469302,-0.034071145092231116,-0.036538132069882136,-0.03811343167673406,-0.036843157373768476,-0.0355187078562131,-0.03507678739889987,-0.039211816979621214,-0.02985113878549528,-0.03351348345641912,-0.03555673329626506,-0.03596995557360043,-0.03936602613752607,-0.03528833641972673,-0.03568096628402778,-0.036056572585357716,-0.03728550321804455,-0.03706551037016474,-0.03354163055384661,-0.034453168703588305,-0.03675409224933192,-0.03402647317090926,-0.03875241494434228,-0.03598325145312577,-0.028732991055139025,-0.034720872638594455,-0.03424220877682141,-0.038487886045857185,-0.03223794889963538,-0.035632731140903914,-0.03463600306962117,-0.04038249233219886,-0.036133771078788436,-0.03809951645432834,-0.02629931623963449,-0.03376093137436224,-0.03332222590528135,-0.03780397162886258,-0.04316887483724755,-0.042946707900463496,-0.03761237460852011,-0.048111077313955176,-0.03333039666526065,-0.03315399819132058,-0.041523882123681716
max_textblob_polarity,-0.08223541270008256,-0.08221007419626533,-0.08361852021552899,-0.08329619372903878,-0.07737629374587034,-0.08438567701259872,-0.08213492076249788,-0.08120444933324347,-0.08054690141798918,-0.08315675164946496,-0.07842967925772111,-0.08816956389009098,-0.08090783991128705,-0.0625828170224795,-0.08086121127051199,-0.08267018089365805,-0.08336739493348458,-0.08295974865894593,-0.08462204747276593,-0.08157126572907161,-0.08198148055341714,-0.08351490240704648,-0.08106569964355537,-0.0833832260224242,-0.08248910144433785,-0.07962529341724489,-0.08027599878982378,-0.08331814960333636,-0.0849449634428199,-0.08215631667189634,-0.08517889485838381,-0.08392224013772745,-0.08230025910154803,-0.07967065813586877,-0.08306797276632177,-0.08466335042413439,-0.07637166142569618,-0.07038240587260053,-0.08390656524110268,-0.07601609468130702,-0.08267418074657498,-0.07933009251413511,-0.08186474240037167,-0.08306317654347053,-0.08291006182346375,-0.095117198667546,-0.08276367284037953,-0.08254895443194486,-0.06993382955058067,-0.07349054428726098,-0.08194667053194729,-0.08223782602591291,-0.08263480760229046,-0.084993420208762,-0.08442022424499135,-0.07942145739152626,-0.07224274610091991,-0.07865528935297487,-0.08219004168518647,-0.08151139939408446,-0.08050119399569935,-0.08213711844986957,-0.08204755115364266,-0.08209586016077769,-0.07485415516423508,-0.08109770575709435,-0.08271245298361107,-0.08163900219125561,-0.061353430243935775,-0.0816194388650871,-0.08288267931505743,-0.08409335258853431,-0.08183838712441413,-0.08117016230756512,-0.08607696121236239,-0.08170193520362756,-0.09086543216449791,-0.08121721472036392,-0.0822406075559669,-0.06259971570496115,-0.0833848172054229,-0.08072897722747863,-0.07756464231908802,-0.0812294110576991,-0.08115385391006108,-0.07107079523749399,-0.08176930645036415,-0.08131080097759434,-0.08330503878460932,-0.08991001778180427,-0.08133630181799842,-0.09384155472391897,-0.08310235677637814,-0.08990036006411857,-0.08209848350531795,-0.0816897752195382,-0.08304220403000784,-0.08227938720430569,-0.08268686915060373,-0.08470287288187936,-0.08530075221107969,-0.08201922465562993,-0.08136619310185711,-0.081164735726789,-0.08378646642669375,-0.08032691980613824,-0.08298533882119294,-0.07903672321216093,-0.08125622965652061,-0.08579339858336182,-0.07735798718761794,-0.08231533253189816,-0.08234023638406973,-0.08253730868766941,-0.07858337425206116,-0.08365218910811814,-0.08298955805190897,-0.08401259113079837,-0.07980251886068286,-0.08565873318898523,-0.08338068191284775,-0.0818976598878155,-0.08423663535802126,-0.07555507256551104,-0.07450425431224025,-0.08278649219108702,-0.08240397885502883,-0.0813028001863326,-0.0811383180012141,-0.0878077466799772,-0.08242438669132035,-0.08513443434753162,-0.08265475008398604,-0.08421210252444311,-0.0829055611516593,-0.07153319392821564,-0.08237095066101732,-0.07921232123226271,-0.0795023089914701,-0.08489877238387435,-0.08432324103628863,-0.08604447917162476,-0.08026608660934151,-0.0745415404750332,-0.08080085130454437,-0.07829787938348465,-0.08616373076714212,-0.0865400701942699,-0.08095517902378765,-0.08286933515577799,-0.07943730359749383,-0.08664003359074762
average_dale_chall_score,0.0073609527840567054,0.00716725268319841,0.007439004915600371,0.007250470529260653,0.009953842398783792,0.007728245523838857,0.007157346077430193,0.008430776763233878,0.007564309078061675,0.008530788727704634,0.009236173033649044,0.00690770593150768,0.007506564285722366,0.009994581756063626,0.008072141595036844,0.007352006983254838,0.009928940619358463,0.00462671911350531,0.005569500426275062,0.005968838538606466,0.007870582868475128,0.006451588884141618,0.00824477368885673,0.007133894017303981,0.007607498004977869,0.008286233710065104,0.006216048436468488,0.007494578123294005,0.008389776925280666,0.013483242486021778,0.008785867576130504,0.008569086337701813,0.0050652540563004035,0.0057896243094696116,0.007837957026930435,0.0039103043146742605,0.006897625035662329,0.00791751701242071,0.011332340041600962,0.00778705532424174,0.007461654464980319,0.005640304611822326,0.007671949933062404,0.006391068007198325,0.007085919153505539,0.006908298234798266,0.006793765906687135,0.00733256650627055,0.006811474956344337,0.006688995363898383,0.00815368601276995,0.007438159997923717,0.0070739505818283345,0.006988979177296259,0.008649272061357587,0.009967601130879354,0.005935244511738058,0.00676996769023586,0.008135110696133886,0.009744561891714612,0.005002579788287622,0.007807010838695646,0.0075040744449444,0.00758442483233201,0.006134018063201133,0.008122729649825165,0.006427172145432455,0.003256503803152372,0.011759532546242717,0.0074650102099343175,0.006777523465198958,0.007275783872917652,0.00754809643927179,0.007560466433391282,0.007371956690154969,0.007416366946007458,0.007687242998468929,0.008041658266989516,0.007189574303989051,0.003806080086463959,0.01121231081059557,0.0075735849073142215,0.008824014983883948,0.007594561097207103,0.006892915758642957,0.0062232974587365965,0.007293708310141226,0.007925759106371777,0.007214255351177396,0.0068692361629822275,0.008230030629065991,0.009380286094935632,0.007240432619942887,0.006916406831720829,0.007489656191730242,0.007458413644305006,0.012413687125042244,0.007462785048154406,0.008300861273822829,0.007962262058110148,0.009763746474299891,0.007040019629950925,0.006589804631305414,0.007372799509223142,0.00692270043673025,0.007970784563040335,0.00714952601363321,0.006152248592774562,0.008385331729976492,0.00528065811799669,0.004114421513022954,0.0007149336120691862,0.007476512714959968,0.007250181288585969,0.008321506036152572,0.008138544983305719,0.008223407386272533,0.0073285352689654235,0.00795778317451472,0.0075776786008492705,0.007494708315067529,0.0074431829361952095,0.008719184755603777,0.007531310588275884,0.007352226760394877,0.007671625838130852,0.007458304407459024,0.007494101328272435,0.008371656177228452,0.00877215209881853,0.007048263761128253,0.00873179501228723,0.007306164582332998,0.006847579158733233,0.004152150741298151,0.006961938357201709,0.007486949411749867,0.007938953375303707,0.007450538405717019,0.008001297662925448,0.007775008020447182,0.007016108334048259,0.007615589271057062,0.009239784337984945,0.00754592130350948,0.005891746072605024,0.00640194369767382,0.006416001599861994,0.007550383358263387,0.007489118367797788,0.007176863805814181,0.008821010663514442
stdev_dale_chall_score,-0.0018103979286609763,-0.002595718990644756,-0.0015139421826429085,-0.0016488763582554688,0.0008591254796334611,0.0014101055208575936,-0.002121003189429569,-0.0013665663641259625,-0.0005986247152825227,-0.0004368187863553188,0.0013551609241704114,-0.0009120848755282051,-0.0018234826700495614,0.0022449950375136095,0.00041831139647079824,-0.0016948126305560973,0.00011612472967571699,-0.007845179638285332,-0.0030777242658408697,-0.002993710565687529,-0.00036007521694790155,-0.002225778357646103,-0.0012165558647396504,-0.002035771420075037,-0.001455485576350734,-0.0004551054908669078,-0.0024847881130436187,-0.0013220903172509527,-0.00015132031336916388,0.001669253963528332,-0.0002406384076344254,0.00017313490114314982,-0.005151712973670247,-0.0035133761992784526,-0.0017709122517884871,-0.0043911561782782734,-0.002690426060535873,-0.00032248575292185286,0.0003106326411850863,-8.033459306279207e-05,-0.002049605826892905,-0.0013375108341124715,-0.0013135561864108195,0.0007527147489580395,-0.0018357332808499396,-0.0018207128329898446,-0.0008874000894286394,-0.0018033534826497307,-0.0020742576241571855,-0.0010739255485218342,-0.0006096318056510318,-0.0015550905794543134,-0.0019271560314697254,-0.0003704649326334631,-0.0013727130356983655,-0.0008396093490125418,-0.004295833341581312,-0.002519254578874761,-0.0018704116171622872,0.0006468931336158527,-0.002446173776870356,-0.0021741746881020485,-0.0014452219718559915,-0.0014796437776857336,0.0006575001941109921,-0.001221616784179562,-0.0017185729190931655,-0.0039030533413628513,0.0016276552441070453,-0.0016068477507058523,-0.0020586501644182438,-0.00229948661554475,-0.0013099218440691448,-0.0011619217416903517,-0.0015560477049404151,-0.0014125402691346637,-0.0019236368849566022,-0.0009612541098301518,-0.0020030430647950785,-0.005967707805274729,0.004447916510032645,-0.0014085130907244845,0.0009016284665628212,-0.0012218958134089116,-0.0026764043091981556,-0.0013224557841038237,-0.0016188547057723992,0.0005647334247012486,-0.0015657826809426338,-0.0023759555565542453,-0.0005994193127757145,0.0003796836508835324,-0.0031707558177326636,-0.0008721112663547521,-0.0003944626486699827,-0.001523196819445627,0.0021811603238679673,-0.0015668396249110639,-0.00023569450424251043,-0.0017579252360435753,9.300509586626041e-05,-0.0022454989158249053,0.0010625317632977807,-0.0018489942675984682,-0.0021103957921375927,-0.0010454861725454007,-0.002117766284816247,-0.0023727470710282277,0.001182732218669551,-0.0019117654737368607,-0.0034688529818760177,-0.007155975676173834,-0.0018645965288223154,-0.0016373744486360806,-0.0012547210159720087,-0.00015443526076525582,-0.00032286488358744016,-0.001989144994253498,-0.0022193285085763737,-0.0007541274674446783,-0.0015938440968740553,-0.001672410570760694,0.0006157755839008203,-0.0016815539731786155,-0.003200471132980123,-0.0008743884757945507,-0.0016892260132634687,-0.0015487664726033358,-3.716022856808422e-05,0.000980548952218302,-0.0017553652962763655,-0.00017190607487088325,-0.0017278208806557694,-0.0030202280273245482,-0.003046867620165628,-0.0031789727880289394,-0.0015376748176868208,-0.0013776477953949913,-0.0013308207416500854,-0.0013519760433972246,-0.0018924974534724943,-0.002181356722269693,-0.001711031360805501,-0.001122999691019871,-0.0009499707056408037,0.00029376537367487065,-0.0030129696140306058,-0.002458860722652449,-0.0009671871880006571,-0.001495556133686975,-0.0021432314264694455,-0.0017023270975441676
min_dale_chall_score,-0.0021993420724323483,-0.0023647724613375352,-0.002817638731533517,-0.002657563247708876,-0.0029592756516294352,-0.004054002279772092,-0.0018864548083049812,-5.0749168937755385e-05,7.981666759656995e-05,-0.0023077410305248416,-0.0027611006879788864,-0.005882683198641405,-0.001895685159173089,0.012676982030447648,-0.0034494450480204684,-0.0021517336495425893,-0.007298895061077008,-0.008027013227726074,-0.008001855501769104,-0.004605768356829236,-0.0022687622241030995,-0.0027708257829697908,-0.002607799501879811,-0.0013750153860450677,-0.0022233816077326524,0.000504515811734562,0.0028646371155924624,-0.003415347686668435,-0.0004967974434652855,0.002945431650024437,0.0013732919229485566,-0.0028962162878178287,0.005162864964795236,-0.004101118661084374,-0.0019571187013142956,-0.004049046490292779,-0.004485153624934785,-0.0046379054873313275,-0.0017637811460372108,-0.0005790171019660235,-0.004000759112171711,-0.0017186460620059064,-0.0026009407238782017,-0.008511283720198777,-0.0034055328684597166,-0.007665209525064725,-0.0020791284357067237,-0.0025975507558429235,-0.0013721171976586125,-0.0013801195222242057,-0.003336213646200504,-0.0024340366761527836,-0.002414599724285692,-0.005983201381526557,-0.004477141443993674,-0.0037261688366282235,-0.003470465745402362,0.00027706660197991326,-0.002797121938364804,-0.0076065330129232184,-0.002371241299294332,-0.006298385723213033,-0.002120439756373136,-0.002432973692571269,-0.010911160617060437,-0.0014859767904267188,-0.0032904292914244914,-0.0012079249290600433,0.0020452805237360892,-0.002245107308354033,-0.002212797458955005,-0.0030296336306357904,-0.003361899143765371,-0.0037061288786480948,-0.0030183580217176403,-0.003139427362664317,0.001249711641891891,-0.003671318073699895,-0.0021688016238609314,0.0033943010106539245,-0.004609715295571396,-0.0014327691393937227,-0.009370478952838601,-0.0018277727715003307,-0.0015727199006569156,0.000768992723131131,-0.0010981542135343487,-0.0013386871855550243,-0.0024248660275005135,-0.001019797007503924,0.0003425037777875749,0.00681828291533265,0.0003695284326348351,-0.0019887160514578117,-0.002420423300813811,-0.002367904412299419,-0.0018589698071911093,-0.0026185390149311306,-0.001641665221015635,-0.0033730035256559817,-0.0006347738149808119,6.319441165238832e-05,-0.004838130325078835,-0.0032671043661154538,-0.004052760543362654,-0.0026342713669867315,-0.001539636436482474,-0.0003304543207509926,-0.003943124591939915,0.0014658704803359734,-0.005712785055358325,0.0014339927639151328,-0.0029381321146007937,-0.0028260458443639964,-1.2001828874784112e-05,-0.001518980375828977,0.001768257494931598,-0.002896439427133057,-0.0036919406884997914,-0.0032134464690056243,-0.0021289333176762234,-0.002265545208040301,-0.0003500260331489504,0.001839193584444638,-0.004712951228993595,-0.0024090252555376505,-0.0027696838100725926,-0.0029158671571270986,-0.004322061660930663,-0.003361996920450895,-0.0025710192979801726,-0.0004987858612837872,-0.0019775228738495073,-0.0013495544714703153,-0.0034208681732899905,-0.0022226033301885086,-0.0024968574999611054,-0.0010351181725772665,-0.0014381295882699707,-0.0017824254363203104,-0.0033260346511560374,-0.00852510051346529,-0.0029607690855432117,-0.006826482223619184,-0.0037708404624372197,-0.0027033260131636323,-0.007672469038459286,-0.0044093263287482,-0.007646480637342495,-0.00138036491238187,2.2615708517284908e-05,-0.003308839381215219
max_dale_chall_score,-7.298793851669757e-05,-0.0010083228160770574,0.00032814158891513595,0.0002610535255193839,0.0028075284880936043,0.003506889738722941,-0.00018002172652315266,-6.354840842832422e-05,0.0017821155668863798,0.0007611143380895527,0.0038344673512347408,0.0010619071156376635,3.014879269744265e-05,0.008121672748316534,0.0020440906828190853,-5.2744729590676036e-05,0.0024758837005752275,-0.006637173572185273,-0.00022492581984201974,-0.0025266645552022935,0.001790507852122419,-0.00037100744797812293,0.0005744113992852762,-0.0005780147735343906,0.00030036345833807637,0.001509937515388627,-0.0005739224234792136,0.0004309895612036119,0.0014183855085134192,0.0005451464723251443,-0.0032419746736460447,0.001667227485531901,-0.0008191277469663462,-0.0023905670426127047,9.847652916269989e-06,-0.0013667776655885509,0.0007024332458819261,0.00047205498371348086,0.0015530073575745727,0.0021513698951305315,6.340129475443552e-05,0.0009373268195143527,0.00036730092076883714,0.00467917686591374,0.0005093876725544661,-0.0007040592953402593,0.0011937249758877098,7.851762252415826e-05,0.0004192224665880021,0.0021870925863746826,0.001985011280550914,0.00023617411268263017,-0.0002725429236899225,0.0015023205600278584,0.00013975147558287215,0.0008357927632767059,-0.002668101641208364,-0.0003726661815196359,-0.0003184826552198126,0.0014297652840305057,-0.000425498717660411,-0.0014776923136602081,0.0003489472019340108,0.00021964861215663769,0.001621206094161165,2.3307166787366225e-05,-0.00040198806112958993,-0.0018720690336944497,0.004937375495950598,4.903240965112776e-05,-0.0007814536031000713,-0.002026485894682961,0.0008821065687102283,0.0005736815555150484,-5.058877616036326e-05,0.00021506358190289407,-0.00020428267784211107,0.0015041477717644505,-0.0005756855835611476,-0.00284574792102182,0.005993995184673702,0.0006157500087607083,0.0030817733995478678,0.000567101851562979,-0.0008750160576117588,0.002322541147464943,0.0005558529733120442,0.002144667602016861,0.00038725471961405505,-0.0012305816639293305,0.001945563739948389,-0.0001659021101762968,-0.0019185974993025379,0.0018423853651785274,0.0034595721039956586,0.0002583127610123583,0.0012525635675257425,0.00015112145413586102,0.0014831346420906108,-0.0013425268134569838,0.0007388583668824721,-0.000175631322260368,0.0022359270944169035,0.0006261546051678363,0.00044072527753666107,0.0006179201016362885,-0.0002507627453189904,0.001685072698462027,0.003002086319007601,-0.00035524732452211095,0.0019407011143497705,-0.002760401544674789,-0.00010035627917497243,0.0004767856013991865,-0.0005272820327043726,0.00188639771720155,0.0017609278163813954,-7.994955879274575e-05,-0.0008519727372864206,0.00012522042331910774,0.0002145641084861814,1.4468220793807836e-05,0.0020661086118928316,-4.479912419300949e-05,-0.0016256434931005061,0.0002116788101409646,4.2982663800044014e-05,0.00011890821983181988,0.0013596036633869556,0.002037374555808839,0.000332089260011696,0.000317502688672935,1.356943827387656e-05,-0.0008372047782317016,-0.001247372535724523,-0.0012589361736682217,0.00021766030280975443,0.000881621875021027,0.00037992985063512244,0.0003021628057958371,-0.00012954936311241304,-0.0015237670494713607,6.305461539177866e-05,-0.0004519965042398648,0.0009396563944302468,0.0034822987540374384,-0.0028730386747437197,-0.0008743970506493396,0.0008946940784832266,0.0005002517125576953,8.225124566106808e-05,0.0011648240783854627
average_please,-0.0018171010209395363,-0.0019715982974349427,-0.0020338983560667795,-0.002246352166034694,-0.0022817491127451227,-0.0029662444661797144,-0.0018706123771579158,-0.0016176793482886444,-0.0020694815447583597,-0.0015880720665199808,-0.0019676829904239036,-0.0017787215678595793,-0.002092573564757864,-0.004102145009351259,-0.0021691996916452403,-0.0021629040537098623,-0.0016242279565199212,-0.0045598183905613396,-0.0014116560965506814,-0.001959204381620747,-0.0020552015705098308,-0.0018163120724269842,-0.0018955990912830774,-0.0015979633789050133,-0.0018935722237337377,-0.0026402370049352242,-0.002512128060594792,-0.0019078810823344684,-0.0016960221855609452,-0.001790825143433301,-0.0011630742407621342,-0.0018808003712558205,-0.002143698604067337,-0.0016231394120992202,-0.001803571514569973,-0.0023043868645205912,-0.0029035678488100614,-0.001520470244838612,-0.0019932399267366605,-0.002714950913833402,-0.002857130855039131,-0.0011373433780962634,-0.0019512678634175254,-0.0008714978078831785,-0.0024755161621347454,-0.0006204447455962206,-0.0019741494324408623,-0.0021382657087316726,-0.00247266457612854,-0.0022195466485995198,-0.0018689640113212563,-0.001994904870074538,-0.0020226466079585597,-0.0013767728488536975,-0.001832099823650385,-0.0014261944362305061,-0.0029962254321864914,-0.002126740184089265,-0.002073265925275395,-0.0013242605549527334,-0.0015802350907108548,-0.001859947047139563,-0.002012057698744376,-0.001997460827453372,-0.0031265465580734963,-0.0019888032909713554,-0.0017776895191491775,-0.0017619447406015138,-0.0011625470351813725,-0.001984066897203908,-0.0019030511660117879,-0.0016633168623604155,-0.002135742987241095,-0.002054753083777918,-0.002003113115174914,-0.0018026600856016345,-0.0005506747924363311,-0.0026836218671374137,-0.0020891881740484324,-0.0017612434616833092,-0.0019320820958316754,-0.002141207554120137,-0.0025386534087738616,-0.0019604722084426898,0.0009857944916914789,-0.0013327811251038647,-0.002049572837022495,-0.0024738983055550947,-0.0020915137621154815,-0.0021990758649004004,-0.0022639793819134533,-0.001373882921948462,-0.0022315032569304783,-0.0016503747095374284,-0.0017631009838006782,-0.0020032911115510123,-0.0023721175449972045,-0.0019840327614115954,-0.001953869209606356,-0.0015108229932179213,-0.0017469413675962157,-0.0020119056073150945,-0.0007596086718378416,-0.001950727932862063,-0.002431993260295537,-0.00045353341690894736,-0.001814717021410164,-0.0018182583292255293,-0.0021625818877498287,-0.0020643999750667944,-0.0036804221504261802,-0.0014888351221499794,-0.0020783428111363737,-0.0021537504709141057,-0.0015493194924481495,-0.0023018953001041134,-0.001983092157961658,-0.002142021713158933,-0.0017979982589832882,-0.0017211225288140007,-0.0019559451507399975,-0.002046833912441398,-0.003677489846924237,-0.0018728903639436802,-0.0014926867742736964,-0.002404442079752373,-0.001795993878392404,-0.0019043374725295995,-0.0022243495996410482,-0.0016406545391512376,-0.0020330383211237995,-0.00196617627418852,-0.0019793916253158838,-0.001594651942227407,-0.002206162545113764,-0.0019384911631824724,-0.0019825189918105043,-0.0016504107395150687,-0.001945303935030374,-0.0019598214457968097,-0.00202639917421882,-0.002132311144925978,-0.0019430739672808232,-0.0021709515509137625,-0.0021084395544549205,-0.002129669396693172,-0.0016068564882046905,-0.002499589974428819,-0.0015884243944268113,-0.00205019873870781,-0.0037220240598417925,-0.0016955127018566099
stdev_please,-0.00493649783956019,-0.00519079594372634,-0.005339439786968643,-0.005719081853957213,-0.005759188976017647,-0.006895204305604462,-0.004931195270014533,-0.0044933301529922025,-0.005397067919168554,-0.004310894638664445,-0.0051907537315283424,-0.005014084429395159,-0.005506751137203482,-0.009684994222174125,-0.005624915703044469,-0.005578808824732089,-0.004415915036082539,-0.009989340058424457,-0.004152194333913553,-0.004964102032825192,-0.005378582574119238,-0.00480688934310731,-0.0053260150686968155,-0.0044519648533316945,-0.00505383302441551,-0.0062174033275704255,-0.0066216325441330656,-0.005084874946947909,-0.004676585481376411,-0.0049285550785899725,-0.0035526796042411653,-0.004960261921554094,-0.005803889782464282,-0.004476432297249635,-0.004899786617452915,-0.005918863828760635,-0.006953203815301711,-0.004415430542131553,-0.004969394490318729,-0.006635074816556874,-0.006918495497069577,-0.0034109011936192084,-0.005184450190069353,-0.0032387154150900817,-0.006179902630522954,-0.002154436580379171,-0.0052311303016874065,-0.005541691017520545,-0.0059281650051623445,-0.0057222146844679266,-0.005061915361707078,-0.005269485801919143,-0.0052683533462152925,-0.004258499767610922,-0.004767607269655189,-0.004142014044472063,-0.007461135193617048,-0.005529700485206393,-0.005410073487032092,-0.00402326884894365,-0.004395048666885249,-0.004974205329469678,-0.0052936592052779015,-0.005279155094977185,-0.0072574770568864695,-0.005268296168562071,-0.004760206926847048,-0.004798004797352123,-0.0035692384352792664,-0.005242781244593226,-0.005060461126806651,-0.004525685098837372,-0.005505596587228979,-0.005317078199973537,-0.005209147724105561,-0.004906213511980574,-0.0023641298569622923,-0.006649509874195108,-0.005376907634288554,-0.004848474999383526,-0.005020043319544962,-0.005554847490716918,-0.0062609277036876024,-0.005167080319789581,0.0004127376542794629,-0.004268770089020329,-0.005373670945743276,-0.0063350745621061355,-0.005266520747051855,-0.005631451503883663,-0.0058824698117341395,-0.0036631362399357405,-0.005497147182557663,-0.004467616193361661,-0.004824434689808428,-0.005280675608315742,-0.005695584682949806,-0.005246989387646398,-0.00517742732811253,-0.00426381930201367,-0.004794440448402094,-0.005251792561788189,-0.00277355261800088,-0.005217369032600106,-0.006090770672485984,-0.0022070069849049814,-0.004874328160239111,-0.004969226605847459,-0.005794197756265064,-0.00535068442041787,-0.008423537662752228,-0.004246376755907028,-0.005416254364103666,-0.00556042965652119,-0.004350406640342457,-0.006068582679487556,-0.005273261038225421,-0.005541110712860583,-0.00482334724467786,-0.004858678869459671,-0.00518071722805899,-0.005367062546543231,-0.008552915184746261,-0.005011344144744417,-0.004117283763666678,-0.004565837409687912,-0.004886651365355153,-0.005081184974614203,-0.005576163257372219,-0.004241487771881887,-0.005346035300947169,-0.005257972513121465,-0.0052149732901555414,-0.004527169324555016,-0.005530086729735361,-0.00491225836237277,-0.005243408784375693,-0.00461588369011353,-0.005226299405522312,-0.005221329947931112,-0.005346424015031343,-0.005385562860442795,-0.005198834479191016,-0.005798446827947485,-0.005496575962965832,-0.005413228598272242,-0.004006632911193001,-0.006066694746392168,-0.004562746541718484,-0.005415257767388923,-0.00894771573812391,-0.004665801615936946
min_please,0.0,0.0,0.0,0.0,0.0,0.0,0.0,0.0,0.0,0.0,0.0,0.0,0.0,0.0,0.0,0.0,0.0,0.0,0.0,0.0,0.0,0.0,0.0,0.0,0.0,0.0,0.0,0.0,0.0,0.0,0.0,0.0,0.0,0.0,0.0,0.0,0.0,0.0,0.0,0.0,0.0,0.0,0.0,0.0,0.0,0.0,0.0,0.0,0.0,0.0,0.0,0.0,0.0,0.0,0.0,0.0,0.0,0.0,0.0,0.0,0.0,0.0,0.0,0.0,0.0,0.0,0.0,0.0,0.0,0.0,0.0,0.0,0.0,0.0,0.0,0.0,0.0,0.0,0.0,0.0,0.0,0.0,0.0,0.0,0.0,0.0,0.0,0.0,0.0,0.0,0.0,0.0,0.0,0.0,0.0,0.0,0.0,0.0,0.0,0.0,0.0,0.0,0.0,0.0,0.0,0.0,0.0,0.0,0.0,0.0,0.0,0.0,0.0,0.0,0.0,0.0,0.0,0.0,0.0,0.0,0.0,0.0,0.0,0.0,0.0,0.0,0.0,0.0,0.0,0.0,0.0,0.0,0.0,0.0,0.0,0.0,0.0,0.0,0.0,0.0,0.0,0.0,0.0,0.0,0.0,0.0,0.0,0.0,0.0,0.0,0.0,0.0
max_please,-0.008307177819967725,-0.00853286111103679,-0.008750312242096176,-0.00913796371083935,-0.009116276056453862,-0.010162858118844285,-0.00813191927191467,-0.007687740760258171,-0.008790113177973898,-0.007279729904158802,-0.008506276575018987,-0.008663204654530542,-0.009030342913856714,-0.01433401058757264,-0.009119494635750371,-0.009013557738073214,-0.007526708778202489,-0.013715758192611114,-0.00741124152832939,-0.007934412715204085,-0.008795148699611474,-0.007942733640570424,-0.009151960047105855,-0.007668876263969589,-0.008396482274721727,-0.009258137214200896,-0.010809685441997036,-0.008440901733611231,-0.007974864014822503,-0.008381923272990935,-0.006535216112161171,-0.008169340907467975,-0.009677561280139248,-0.007627133675840258,-0.00825209640887431,-0.009490338174747233,-0.010475201168147291,-0.007784714641330376,-0.0078096157865247436,-0.010192798750981407,-0.010576191879574004,-0.006181703868759349,-0.008580063143947906,-0.006565646431678559,-0.009693211376637539,-0.004374029613583508,-0.008636966523389682,-0.008985664663925797,-0.008953313043411674,-0.009235662421724123,-0.008490626229275574,-0.008680246933814256,-0.008585088599705389,-0.007827682178663125,-0.007789707635503339,-0.007311778644967728,-0.011640272052582947,-0.009000214394283862,-0.008798808550222005,-0.007312082643516411,-0.007551163646569516,-0.00828063195428764,-0.00869305447881798,-0.00870001266504334,-0.010512563578993099,-0.008687429242099603,-0.007944596945197877,-0.008089317749696581,-0.006577287171089291,-0.008639822352171866,-0.008381302176614517,-0.007652642178292835,-0.008901851301304652,-0.008630255640461647,-0.008487193016226798,-0.00827928235994198,-0.0051201558037718715,-0.010356115792166115,-0.008659733162502799,-0.00817053361098501,-0.008131448600145749,-0.009012244216384612,-0.009679017329486641,-0.00849916488548804,-0.0021851113409357015,-0.008003142447564938,-0.008796570783039769,-0.01021716578350532,-0.008369828303277493,-0.009041751821504341,-0.00952393253948839,-0.006173556683638363,-0.008510460193841211,-0.007582913899111733,-0.008175813684881798,-0.008685288604058771,-0.008671074639705779,-0.008652484390090977,-0.008555682443269388,-0.007427376500757869,-0.00816331512945479,-0.00857292591767978,-0.005662713331525572,-0.00866745831047888,-0.009593817612156146,-0.005017870256726285,-0.008144974106980707,-0.008396829098327991,-0.009657786576501692,-0.008717160418399029,-0.012051562008887871,-0.007429542097104697,-0.008817954900175793,-0.008987345762154934,-0.007548757312959587,-0.009965460807852267,-0.008739945477089475,-0.008976179154466959,-0.008087080789791467,-0.008395286508787469,-0.00855871699410709,-0.008791513492198245,-0.012404466488532852,-0.008304463924740456,-0.007043192311934425,-0.005269430705653871,-0.008241992499078764,-0.008440598176008498,-0.008812255963689578,-0.006989403698180505,-0.008775790330663934,-0.00876470814947301,-0.0085760859731889,-0.007888314680960632,-0.008691785254218702,-0.007838108556741896,-0.008646414592248906,-0.00794830160405707,-0.008730473698101971,-0.008659044500522727,-0.008807561609253872,-0.008598813433458998,-0.008650977969793465,-0.009642377313481786,-0.008946663553165516,-0.008610267179512016,-0.006331300802481541,-0.009308638371123865,-0.008015526069994033,-0.008910345026352741,-0.013339086792416143,-0.007862215364943918
average_please_start,0.0,0.0,0.0,0.0,0.0,0.0,0.0,0.0,0.0,0.0,0.0,0.0,0.0,0.0,0.0,0.0,0.0,0.0,0.0,0.0,0.0,0.0,0.0,0.0,0.0,0.0,0.0,0.0,0.0,0.0,0.0,0.0,0.0,0.0,0.0,0.0,0.0,0.0,0.0,0.0,0.0,0.0,0.0,0.0,0.0,0.0,0.0,0.0,0.0,0.0,0.0,0.0,0.0,0.0,0.0,0.0,0.0,0.0,0.0,0.0,0.0,0.0,0.0,0.0,0.0,0.0,0.0,0.0,0.0,0.0,0.0,0.0,0.0,0.0,0.0,0.0,0.0,0.0,0.0,0.0,0.0,0.0,0.0,0.0,0.0,0.0,0.0,0.0,0.0,0.0,0.0,0.0,0.0,0.0,0.0,0.0,0.0,0.0,0.0,0.0,0.0,0.0,0.0,0.0,0.0,0.0,0.0,0.0,0.0,0.0,0.0,0.0,0.0,0.0,0.0,0.0,0.0,0.0,0.0,0.0,0.0,0.0,0.0,0.0,0.0,0.0,0.0,0.0,0.0,0.0,0.0,0.0,0.0,0.0,0.0,0.0,0.0,0.0,0.0,0.0,0.0,0.0,0.0,0.0,0.0,0.0,0.0,0.0,0.0,0.0,0.0,0.0
stdev_please_start,0.0,0.0,0.0,0.0,0.0,0.0,0.0,0.0,0.0,0.0,0.0,0.0,0.0,0.0,0.0,0.0,0.0,0.0,0.0,0.0,0.0,0.0,0.0,0.0,0.0,0.0,0.0,0.0,0.0,0.0,0.0,0.0,0.0,0.0,0.0,0.0,0.0,0.0,0.0,0.0,0.0,0.0,0.0,0.0,0.0,0.0,0.0,0.0,0.0,0.0,0.0,0.0,0.0,0.0,0.0,0.0,0.0,0.0,0.0,0.0,0.0,0.0,0.0,0.0,0.0,0.0,0.0,0.0,0.0,0.0,0.0,0.0,0.0,0.0,0.0,0.0,0.0,0.0,0.0,0.0,0.0,0.0,0.0,0.0,0.0,0.0,0.0,0.0,0.0,0.0,0.0,0.0,0.0,0.0,0.0,0.0,0.0,0.0,0.0,0.0,0.0,0.0,0.0,0.0,0.0,0.0,0.0,0.0,0.0,0.0,0.0,0.0,0.0,0.0,0.0,0.0,0.0,0.0,0.0,0.0,0.0,0.0,0.0,0.0,0.0,0.0,0.0,0.0,0.0,0.0,0.0,0.0,0.0,0.0,0.0,0.0,0.0,0.0,0.0,0.0,0.0,0.0,0.0,0.0,0.0,0.0,0.0,0.0,0.0,0.0,0.0,0.0
min_please_start,0.0,0.0,0.0,0.0,0.0,0.0,0.0,0.0,0.0,0.0,0.0,0.0,0.0,0.0,0.0,0.0,0.0,0.0,0.0,0.0,0.0,0.0,0.0,0.0,0.0,0.0,0.0,0.0,0.0,0.0,0.0,0.0,0.0,0.0,0.0,0.0,0.0,0.0,0.0,0.0,0.0,0.0,0.0,0.0,0.0,0.0,0.0,0.0,0.0,0.0,0.0,0.0,0.0,0.0,0.0,0.0,0.0,0.0,0.0,0.0,0.0,0.0,0.0,0.0,0.0,0.0,0.0,0.0,0.0,0.0,0.0,0.0,0.0,0.0,0.0,0.0,0.0,0.0,0.0,0.0,0.0,0.0,0.0,0.0,0.0,0.0,0.0,0.0,0.0,0.0,0.0,0.0,0.0,0.0,0.0,0.0,0.0,0.0,0.0,0.0,0.0,0.0,0.0,0.0,0.0,0.0,0.0,0.0,0.0,0.0,0.0,0.0,0.0,0.0,0.0,0.0,0.0,0.0,0.0,0.0,0.0,0.0,0.0,0.0,0.0,0.0,0.0,0.0,0.0,0.0,0.0,0.0,0.0,0.0,0.0,0.0,0.0,0.0,0.0,0.0,0.0,0.0,0.0,0.0,0.0,0.0,0.0,0.0,0.0,0.0,0.0,0.0
max_please_start,0.0,0.0,0.0,0.0,0.0,0.0,0.0,0.0,0.0,0.0,0.0,0.0,0.0,0.0,0.0,0.0,0.0,0.0,0.0,0.0,0.0,0.0,0.0,0.0,0.0,0.0,0.0,0.0,0.0,0.0,0.0,0.0,0.0,0.0,0.0,0.0,0.0,0.0,0.0,0.0,0.0,0.0,0.0,0.0,0.0,0.0,0.0,0.0,0.0,0.0,0.0,0.0,0.0,0.0,0.0,0.0,0.0,0.0,0.0,0.0,0.0,0.0,0.0,0.0,0.0,0.0,0.0,0.0,0.0,0.0,0.0,0.0,0.0,0.0,0.0,0.0,0.0,0.0,0.0,0.0,0.0,0.0,0.0,0.0,0.0,0.0,0.0,0.0,0.0,0.0,0.0,0.0,0.0,0.0,0.0,0.0,0.0,0.0,0.0,0.0,0.0,0.0,0.0,0.0,0.0,0.0,0.0,0.0,0.0,0.0,0.0,0.0,0.0,0.0,0.0,0.0,0.0,0.0,0.0,0.0,0.0,0.0,0.0,0.0,0.0,0.0,0.0,0.0,0.0,0.0,0.0,0.0,0.0,0.0,0.0,0.0,0.0,0.0,0.0,0.0,0.0,0.0,0.0,0.0,0.0,0.0,0.0,0.0,0.0,0.0,0.0,0.0
average_hashedge,-0.010894130190374714,-0.010118602025887744,-0.010071913970175945,-0.010007329824296493,-0.010973036186683924,0.0014895430163324877,-0.01429677996022905,-0.01671233426794621,-0.009269363663311301,-0.013689307452721924,-0.004335603247780579,-0.013302151428418885,-0.01036964561624,-0.013243165562472722,-0.008837752727582741,-0.00954981711280655,-0.011308810591876717,-0.0022837593267661417,-0.011561704304777683,-0.011976862324857509,-0.010453245633251973,-0.011673995184130622,-0.011378368593849483,-0.00988468037512769,-0.010951594593656471,-0.010672172772897753,-0.010375526450881717,-0.009764638162810965,-0.012841204693527897,-0.008638330064655987,-0.010495279245975904,-0.011162525547714538,-0.012996649418464814,-0.011507735709440822,-0.010380328811330324,-0.010842426127798389,-0.007838421499130412,-0.008834161287606454,-0.013799199883783444,-0.008139162158935915,-0.009312813217852475,-0.014079794942865997,-0.01084320626981861,-0.004341730361401364,-0.008407966892582205,-0.014533754927505187,-0.010782329590660934,-0.011616659996255827,-0.002804971653623027,-0.015346303055640753,-0.009456929259310617,-0.010529150206222568,-0.010756850919571658,-0.010629957829724269,-0.012647639569103888,-0.012576972530375898,-0.015318274792073601,-0.010987276718004205,-0.0066996837026867696,-0.010097126287510905,-0.010399041324812335,-0.010468330114733016,-0.010531558330395277,-0.010626627256702699,-0.009102988086321604,-0.010970835355597935,-0.008859183234629529,-0.010851960119422245,-0.009924485966023348,-0.010509154184039679,-0.00809822556619818,-0.011105739385377032,-0.011860023608978415,-0.00989331937432205,-0.010314504658548359,-0.010574975427561653,-0.016512338638575243,-0.0110416921126605,-0.010628634359834115,-0.026492098571595183,-0.025594646659187675,-0.010704703782833285,-0.009334822920881464,-0.010758594108745596,-0.012234774144712027,-0.0027745106650740904,-0.010283250078071125,-0.00952851950107406,-0.009707726898254153,-0.01353384833147244,-0.009165567365901362,-0.003584855054761372,-0.008430131444942236,-0.013942064420412376,-0.012222189979439796,-0.010452826159638325,-0.015370422672772874,-0.010570272265074135,-0.009331198387069094,-0.012009749568866966,-0.01070293149746423,-0.011330531428063628,-0.00877718175091605,-0.00989531318769971,-0.012003595945466919,-0.011814534106355735,-0.010634055434644098,-0.008160097006778461,0.001183687955805679,-0.01364218177340468,-0.018475979691094477,-0.012494162322826068,-0.010636921583059194,-0.00963027539843615,-0.011041602521643427,-0.0030777310561016097,-0.011454567670726959,-0.011441101742289442,-0.006359546801735281,-0.014008655634953763,-0.010553047252165,-0.010462966092383064,-0.014479687552335599,-0.011776803546075517,-0.011918076816632171,-0.010730578728536774,-0.010730553745614987,-0.011327256712008215,-0.012890082679783886,-0.010763716719513716,-0.010750731449152387,-0.010163446406340863,-0.01068967830625026,-0.007504466920214378,-0.019194275279750435,-0.009062433480753525,-0.010433237945658461,-0.01222887581780278,-0.009874181951769354,-0.009396327861283998,-0.010845075872033691,-0.008948483943429068,-0.012029708247628196,-0.0045614054820996425,-0.012028936435211225,-0.007469287688681173,-0.01884812880781828,-0.005424773592185123,-0.0041472633960370296,-0.00954082710239175,-0.01275641217714793,-0.00288327548079066
stdev_hashedge,-0.036069189493278184,-0.036483627542269255,-0.03620794935541549,-0.03523881164527137,-0.03767029750789957,-0.031580128787047176,-0.045281537912864905,-0.03175290157227087,-0.03624327058758065,-0.03737899562842688,-0.030730883321105466,-0.03598334063177293,-0.03570166413009969,-0.03722284893138851,-0.03622245672163282,-0.036229110736341594,-0.03250640772243857,-0.028500363093068203,-0.03511933526679731,-0.039809952084225234,-0.03549782045316599,-0.037362695953220795,-0.03489105417703691,-0.037661046510910734,-0.03655741423481912,-0.03692508651304237,-0.03827845822281982,-0.035293065587682845,-0.03714546288265769,-0.036992195908569295,-0.049511496963669244,-0.03810748720773048,-0.034387457539653686,-0.03785362160208572,-0.03595064257441931,-0.03715827722710936,-0.032135768825232176,-0.03409951184218185,-0.045032767760468266,-0.03651300519744907,-0.03723857981409076,-0.04001959893055338,-0.03654092536186956,-0.023241341415038468,-0.03665572647975607,-0.04045447346694748,-0.035890234266465135,-0.036834221837369736,-0.03144485890052738,-0.03597578265830597,-0.03792043044863962,-0.036289132134412476,-0.03617939560174828,-0.037081447067991255,-0.03734091153895603,-0.03448797272169494,-0.03713876346406625,-0.03620431145169013,-0.03809766258009001,-0.04137931122048663,-0.03462325467783903,-0.03970584367051097,-0.036101271094269916,-0.03621843005103917,-0.02687923734439036,-0.036705997588019894,-0.03645482530969646,-0.03733551071650912,-0.03414849370338301,-0.03672853876819088,-0.03357411163231912,-0.034985655218918145,-0.036776756917939094,-0.03786754161366977,-0.03537576085755494,-0.03567843685565261,-0.03363648675566541,-0.039236310123377346,-0.03881472903236664,-0.025453155595893152,-0.034568281858750195,-0.03754591560837666,-0.03842986338956065,-0.03598540543839524,-0.03535573283842102,-0.026653629386013823,-0.03702792300988671,-0.04253526122101875,-0.036068699751022205,-0.034548940994784845,-0.031176152612244226,-0.045420565588392185,-0.03613690654271354,-0.03718663048273304,-0.03730259923162502,-0.036442099839118065,-0.03333827058740995,-0.036199786003594935,-0.0352187298126833,-0.039301748040537036,-0.03317906702749979,-0.03784965324159214,-0.03601063914730884,-0.03526966473735563,-0.03578180174926251,-0.03364348419279098,-0.03680265816851521,-0.02855997027142404,-0.03112048227692275,-0.03612799686380805,-0.0363386012683668,-0.035114435050435974,-0.03650628750046444,-0.03802528726154756,-0.0394718072921839,-0.03512493776017576,-0.03677757662082572,-0.036721889831633325,-0.03231696615274525,-0.03651966255507641,-0.03635192907052777,-0.03625328282726152,-0.03868358704376014,-0.03682282562532268,-0.03448942710400345,-0.03640789487120161,-0.036190398553283654,-0.03638155420962229,-0.03609072056812545,-0.038201368264324034,-0.0359464028655877,-0.03617861795101147,-0.036355776151542465,-0.036515632902054174,-0.03156361038003544,-0.03452401193121146,-0.03635375041410173,-0.03708415491491028,-0.03686532751276991,-0.036875564165744425,-0.03657195395434448,-0.03388065825291112,-0.03737512666035854,-0.03014315105085755,-0.03630002614080191,-0.030880476389814115,-0.04210985405782526,-0.03093199550818992,-0.033889908668637544,-0.037863411455676246,-0.036061949256047166,-0.0381108966438019
min_hashedge,0.0,0.0,0.0,0.0,0.0,0.0,0.0,0.0,0.0,0.0,0.0,0.0,0.0,0.0,0.0,0.0,0.0,0.0,0.0,0.0,0.0,0.0,0.0,0.0,0.0,0.0,0.0,0.0,0.0,0.0,0.0,0.0,0.0,0.0,0.0,0.0,0.0,0.0,0.0,0.0,0.0,0.0,0.0,0.0,0.0,0.0,0.0,0.0,0.0,0.0,0.0,0.0,0.0,0.0,0.0,0.0,0.0,0.0,0.0,0.0,0.0,0.0,0.0,0.0,0.0,0.0,0.0,0.0,0.0,0.0,0.0,0.0,0.0,0.0,0.0,0.0,0.0,0.0,0.0,0.0,0.0,0.0,0.0,0.0,0.0,0.0,0.0,0.0,0.0,0.0,0.0,0.0,0.0,0.0,0.0,0.0,0.0,0.0,0.0,0.0,0.0,0.0,0.0,0.0,0.0,0.0,0.0,0.0,0.0,0.0,0.0,0.0,0.0,0.0,0.0,0.0,0.0,0.0,0.0,0.0,0.0,0.0,0.0,0.0,0.0,0.0,0.0,0.0,0.0,0.0,0.0,0.0,0.0,0.0,0.0,0.0,0.0,0.0,0.0,0.0,0.0,0.0,0.0,0.0,0.0,0.0,0.0,0.0,0.0,0.0,0.0,0.0
max_hashedge,-0.01244861650788617,-0.013654727812595514,-0.01278879213145016,-0.01108037769938,-0.014909788483874746,-0.03104210068720565,-0.024757410687138357,-0.00791084665949855,-0.01429849490473497,-0.013144596677968114,-0.005815828239117415,-0.012535414475006418,-0.012004139950119092,-0.0180132380599788,-0.012653479502772257,-0.01323123502678258,-0.010220511522987164,-0.012668179752587987,-0.013350689252625156,-0.01806931277697671,-0.01196859511319253,-0.012005762059692372,-0.009605047172378058,-0.01680048943982123,-0.012636544561884514,-0.012439205957516755,-0.012243088256331922,-0.013123763455706306,-0.012866658818119072,-0.013724966076637254,-0.037640325792951776,-0.015293360242246307,-0.008034409787254903,-0.008583989393090057,-0.012113216112041837,-0.01109934745926143,-0.010730924021491506,-0.012988196039383611,-0.022995554286659774,-0.014953864958443787,-0.014924507858581359,-0.021757015648313314,-0.013078649641844825,0.004207491067201526,-0.014980253703106775,-0.01550300913480259,-0.012457778281859823,-0.012730783888267552,-0.011772301442033804,-0.014264396689817233,-0.01630356273643273,-0.012817860047259719,-0.012689874809568149,-0.014998403537119145,-0.012938024797085789,-0.00883512308395942,-0.0070851157438844015,-0.011835774059561936,-0.014551295065994204,-0.022733812409546906,-0.011339790210394173,-0.017024053179728996,-0.012429061338053802,-0.012651377450789935,-0.0010133268635846085,-0.013727696053673698,-0.014366320362037787,-0.013563886114879459,-0.015173066704158852,-0.01349126705498147,-0.010023590792172597,-0.010995532991768857,-0.012481277904671254,-0.01502149915498701,-0.01152434422702911,-0.010416618940606102,-0.0056777511209141415,-0.015523493949163096,-0.01520040229681223,-0.0029575366054415374,-0.007976769441390898,-0.0136404562683816,-0.017773135984871347,-0.0126452772477098,-0.010458203877387634,-0.007567705010062559,-0.014289410050088353,-0.026094042051558596,-0.011740033774367055,-0.013963225335663028,-0.007530126626097675,-0.029762343773140406,-0.014478365892222187,-0.012159591990220573,-0.012067366976273287,-0.013179879914530526,-0.010862040707921534,-0.012584290903036581,-0.012329340588718554,-0.02130961927367886,-0.0089011926122964,-0.01472133714437552,-0.01208518616705008,-0.011890773175415563,-0.010631627264571106,-0.0046102857187550125,-0.0134916584933408,-0.003884162864005284,-0.015904573789253185,-0.0146699755889109,-0.004743824184897303,-0.009622074818413059,-0.013078544525914042,-0.015074956960552919,-0.016490527793742757,-0.016993238634504658,-0.014130683823753348,-0.013220349085741732,-0.010121486113037061,-0.012321579077703801,-0.012610166495392157,-0.012767384805444437,-0.01352739150446583,-0.01576654521404138,-0.009579509620091683,-0.012273929713197244,-0.012490636093368007,-0.01302625376290971,-0.01501819190661656,-0.015850283271063748,-0.012274822199454513,-0.01166331543047428,-0.012454230552579975,-0.017603959338383112,0.005393195807149632,-0.007922706489678702,-0.012872361162440372,-0.012938032688108787,-0.012731404964635727,-0.014708776097117463,-0.013418916757079707,-0.009767264611322417,-0.013612694771945294,-0.01030593060436637,-0.013731884905902646,-0.005913854253123196,-0.015567005442833355,-0.007084737932416783,-0.015996698070025378,-0.01659551591682899,-0.010649234244331703,-0.0204422180330395
average_indirect_btw,0.0,0.0,0.0,0.0,0.0,0.0,0.0,0.0,0.0,0.0,0.0,0.0,0.0,0.0,0.0,0.0,0.0,0.0,0.0,0.0,0.0,0.0,0.0,0.0,0.0,0.0,0.0,0.0,0.0,0.0,0.0,0.0,0.0,0.0,0.0,0.0,0.0,0.0,0.0,0.0,0.0,0.0,0.0,0.0,0.0,0.0,0.0,0.0,0.0,0.0,0.0,0.0,0.0,0.0,0.0,0.0,0.0,0.0,0.0,0.0,0.0,0.0,0.0,0.0,0.0,0.0,0.0,0.0,0.0,0.0,0.0,0.0,0.0,0.0,0.0,0.0,0.0,0.0,0.0,0.0,0.0,0.0,0.0,0.0,0.0,0.0,0.0,0.0,0.0,0.0,0.0,0.0,0.0,0.0,0.0,0.0,0.0,0.0,0.0,0.0,0.0,0.0,0.0,0.0,0.0,0.0,0.0,0.0,0.0,0.0,0.0,0.0,0.0,0.0,0.0,0.0,0.0,0.0,0.0,0.0,0.0,0.0,0.0,0.0,0.0,0.0,0.0,0.0,0.0,0.0,0.0,0.0,0.0,0.0,0.0,0.0,0.0,0.0,0.0,0.0,0.0,0.0,0.0,0.0,0.0,0.0,0.0,0.0,0.0,0.0,0.0,0.0
stdev_indirect_btw,0.0,0.0,0.0,0.0,0.0,0.0,0.0,0.0,0.0,0.0,0.0,0.0,0.0,0.0,0.0,0.0,0.0,0.0,0.0,0.0,0.0,0.0,0.0,0.0,0.0,0.0,0.0,0.0,0.0,0.0,0.0,0.0,0.0,0.0,0.0,0.0,0.0,0.0,0.0,0.0,0.0,0.0,0.0,0.0,0.0,0.0,0.0,0.0,0.0,0.0,0.0,0.0,0.0,0.0,0.0,0.0,0.0,0.0,0.0,0.0,0.0,0.0,0.0,0.0,0.0,0.0,0.0,0.0,0.0,0.0,0.0,0.0,0.0,0.0,0.0,0.0,0.0,0.0,0.0,0.0,0.0,0.0,0.0,0.0,0.0,0.0,0.0,0.0,0.0,0.0,0.0,0.0,0.0,0.0,0.0,0.0,0.0,0.0,0.0,0.0,0.0,0.0,0.0,0.0,0.0,0.0,0.0,0.0,0.0,0.0,0.0,0.0,0.0,0.0,0.0,0.0,0.0,0.0,0.0,0.0,0.0,0.0,0.0,0.0,0.0,0.0,0.0,0.0,0.0,0.0,0.0,0.0,0.0,0.0,0.0,0.0,0.0,0.0,0.0,0.0,0.0,0.0,0.0,0.0,0.0,0.0,0.0,0.0,0.0,0.0,0.0,0.0
min_indirect_btw,0.0,0.0,0.0,0.0,0.0,0.0,0.0,0.0,0.0,0.0,0.0,0.0,0.0,0.0,0.0,0.0,0.0,0.0,0.0,0.0,0.0,0.0,0.0,0.0,0.0,0.0,0.0,0.0,0.0,0.0,0.0,0.0,0.0,0.0,0.0,0.0,0.0,0.0,0.0,0.0,0.0,0.0,0.0,0.0,0.0,0.0,0.0,0.0,0.0,0.0,0.0,0.0,0.0,0.0,0.0,0.0,0.0,0.0,0.0,0.0,0.0,0.0,0.0,0.0,0.0,0.0,0.0,0.0,0.0,0.0,0.0,0.0,0.0,0.0,0.0,0.0,0.0,0.0,0.0,0.0,0.0,0.0,0.0,0.0,0.0,0.0,0.0,0.0,0.0,0.0,0.0,0.0,0.0,0.0,0.0,0.0,0.0,0.0,0.0,0.0,0.0,0.0,0.0,0.0,0.0,0.0,0.0,0.0,0.0,0.0,0.0,0.0,0.0,0.0,0.0,0.0,0.0,0.0,0.0,0.0,0.0,0.0,0.0,0.0,0.0,0.0,0.0,0.0,0.0,0.0,0.0,0.0,0.0,0.0,0.0,0.0,0.0,0.0,0.0,0.0,0.0,0.0,0.0,0.0,0.0,0.0,0.0,0.0,0.0,0.0,0.0,0.0
max_indirect_btw,0.0,0.0,0.0,0.0,0.0,0.0,0.0,0.0,0.0,0.0,0.0,0.0,0.0,0.0,0.0,0.0,0.0,0.0,0.0,0.0,0.0,0.0,0.0,0.0,0.0,0.0,0.0,0.0,0.0,0.0,0.0,0.0,0.0,0.0,0.0,0.0,0.0,0.0,0.0,0.0,0.0,0.0,0.0,0.0,0.0,0.0,0.0,0.0,0.0,0.0,0.0,0.0,0.0,0.0,0.0,0.0,0.0,0.0,0.0,0.0,0.0,0.0,0.0,0.0,0.0,0.0,0.0,0.0,0.0,0.0,0.0,0.0,0.0,0.0,0.0,0.0,0.0,0.0,0.0,0.0,0.0,0.0,0.0,0.0,0.0,0.0,0.0,0.0,0.0,0.0,0.0,0.0,0.0,0.0,0.0,0.0,0.0,0.0,0.0,0.0,0.0,0.0,0.0,0.0,0.0,0.0,0.0,0.0,0.0,0.0,0.0,0.0,0.0,0.0,0.0,0.0,0.0,0.0,0.0,0.0,0.0,0.0,0.0,0.0,0.0,0.0,0.0,0.0,0.0,0.0,0.0,0.0,0.0,0.0,0.0,0.0,0.0,0.0,0.0,0.0,0.0,0.0,0.0,0.0,0.0,0.0,0.0,0.0,0.0,0.0,0.0,0.0
average_hedges,-0.018852827583199252,-0.01831250089602286,-0.019398591352576426,-0.019622740404003327,-0.015680972152994535,-0.01747502043167006,-0.018585930964803783,-0.019301467228307417,-0.01932836800077745,-0.018747527699773586,-0.015675592869158393,-0.022640528640605475,-0.019231591018526877,-0.01890959914676057,-0.019782347742961153,-0.019020307947827164,-0.021235048270274174,-0.014409041937277434,-0.013197484590448588,-0.019884863865812882,-0.01928176051116726,-0.018662364006730242,-0.021239081738855612,-0.02168424691753414,-0.01924404716950964,-0.020784366034916752,-0.019124123154808083,-0.01940178241229309,-0.01983646851852165,-0.021791620520926865,-0.012931021707362773,-0.01856077174161374,-0.018966483178584383,-0.026235859487032318,-0.018285056421061527,-0.019663925983952585,-0.016701533854290903,-0.014785378149535108,-0.01772115643298227,-0.015534187378215058,-0.018867560332725467,-0.009810071368265956,-0.01949634806096033,-0.024195363384454917,-0.016334000276121814,-0.021051144360913435,-0.018342247191755787,-0.020117759365479975,-0.01838780209153479,-0.019480959318240912,-0.01859087882319186,-0.01919367564905651,-0.019514393713373362,-0.01792244206854698,-0.016879461350269683,-0.017316562790794,-0.028323002332973586,-0.020730125088881605,-0.01762629549737063,-0.020328797848372937,-0.01803327270719336,-0.021467569215266796,-0.01899632159359367,-0.01920144903674205,-0.004708107542189817,-0.01942792465337007,-0.018657145089246038,-0.017184044500795456,-0.017639410043466155,-0.019439118325166652,-0.019589721168354512,-0.020553931380166226,-0.020395883803148832,-0.018930293134548,-0.0202584373668581,-0.018914470622442888,-0.02247408255292233,-0.018867118211055908,-0.02135878816315802,-0.014367792334590516,-0.014786266250562823,-0.019049072620255035,-0.02062675026662942,-0.01827556271812981,-0.019330531635772294,-0.011206945034645567,-0.01930858198520846,-0.017486818858085756,-0.0193871380241075,-0.017674571752111845,-0.018267806453240762,-0.0093871831865097,-0.020695197434956167,-0.01757442306558713,-0.01873576356806854,-0.018918157114977446,-0.02441352797768066,-0.01918727136559739,-0.018268926126028942,-0.019782093209703318,-0.022747702078828667,-0.01880518924670674,-0.024878918086103936,-0.018471272862556943,-0.018302445664255255,-0.02036007138304502,-0.019724536254388223,-0.006828951481242431,-0.012316906135346618,-0.012826793903155252,-0.01900910947914724,-0.015543349620288735,-0.019777055206509492,-0.01858403744518289,-0.01840497469456109,-0.014545603303583489,-0.01845836912320751,-0.01999071004147359,-0.02279801376790377,-0.024702217191008458,-0.019232999017709484,-0.01896754716531784,-0.020717781807224795,-0.018696976451977924,-0.019187490185923504,-0.01885516611420871,-0.019260433029153604,-0.019006044963753584,-0.019416625833586873,-0.01961869418153114,-0.018806522087264393,-0.025967509674982125,-0.019737810491331543,-0.01651545880439325,-0.023337714126111176,-0.018926246783324607,-0.019200146324519007,-0.017964564425876465,-0.023241078121595735,-0.020316057222713988,-0.01680010587645466,-0.018773950910949973,-0.01912250619984165,-0.012232422071518673,-0.01900022862484155,-0.016230559452399845,-0.02015384993629759,-0.025595229947793598,-0.017838656735506834,-0.017530124572497197,-0.01980779297799186,-0.025419998852114274
stdev_hedges,0.010511269652371296,0.010074665836717006,0.0096483281144683,0.009634830029176547,0.011487043742580985,0.003585306429204526,0.011847177671364728,0.016114451022623946,0.010825925961612325,0.013935288587989755,0.009474349657911298,0.007731393223824001,0.010247025061599434,0.009734428301762622,0.009694237723013976,0.0106943815129452,0.008285586426228068,0.012747863138233406,0.015569418691119163,0.0110023345828747,0.010057358609615145,0.010899985233187498,0.008222739516976125,0.010187104333327101,0.010487453871143769,0.011619291277166006,0.008316327908265982,0.009758787795867852,0.011176702353986904,0.007247792098107286,0.0002683815492229777,0.011130607875671543,0.0025015862871272977,0.004722793356557845,0.011218017263277587,0.009739517098409471,0.01157349362889433,0.015761938545285674,0.010586498358308712,0.011513716487368446,0.010676317794892136,0.010712040708028512,0.010400160006066436,-0.002475412208108853,0.011857983046176069,0.0047643617130219,0.011402101578519275,0.009992641442562287,0.013122990801644332,0.012121605556648873,0.00966121366953369,0.010455959616900046,0.011007424514832715,0.012750372287966563,0.011109436275420449,0.011708187598402215,0.001011508421358956,0.010924313736581407,0.010806242235429291,0.008715811816929344,0.008633946964441332,0.008701980647091656,0.010635274416848719,0.010474558797053796,0.017092739272445125,0.011004257406855577,0.010291350981256202,0.010079801998866687,0.012683871075297695,0.01031033172679651,0.009486587279462333,0.010746754193759374,0.009815634453190388,0.008780985145505224,0.009550119592890254,0.009855437593387195,0.005221665344970972,0.008958085370383454,0.007930113532232833,0.01124392150052575,0.017924288862264055,0.009279104923015376,0.007139542390886523,0.011541146514214923,0.009888073437258064,0.011686309340258036,0.009371108875682793,0.006362298212607816,0.01060435306372123,0.012300110146698903,0.013206667462774522,-0.0011707491321028066,0.013107868122278852,0.00973873181368546,0.010322262041121695,0.010755208024430495,0.015761262973422233,0.010620309846972004,0.010736634046020904,0.014893867453936782,0.008477788713230041,0.011346727973696073,0.00742055145139902,0.010523455111480784,0.009294280076531422,0.008251141164255009,0.010120067428110162,0.015313950000116,0.0117237679698678,0.01279864834480549,0.0057509322341981264,0.011762748152977799,0.010013368769168378,0.010041678634875014,0.009103100452852347,0.01110225314087963,0.011413491213571651,0.009863812359061658,0.0050964588556919495,0.008266201258067086,0.010500705764961968,0.010626519446865882,0.012416382613193711,0.008502363489833638,0.009869360215130258,0.011090118533737765,0.009782371749773613,0.010284337114422337,0.01648604142977195,0.011717423903730565,0.010938090200142803,0.012157354854351116,0.010530155587098602,0.012000962511482662,0.012305531315700589,0.009297555263221343,0.010449497591299286,0.01169784096203983,0.009169921920618905,0.0105308262756852,0.01082144421853439,0.009175349509194165,0.010167262314206843,0.011504110828894732,0.011184888235892053,0.005464363714787045,0.008343283955513755,0.006200920126505614,0.013068080781026808,0.011627651961499588,0.010322975813128535,-0.0021407117275667534
min_hedges,0.0,0.0,0.0,0.0,0.0,0.0,0.0,0.0,0.0,0.0,0.0,0.0,0.0,0.0,0.0,0.0,0.0,0.0,0.0,0.0,0.0,0.0,0.0,0.0,0.0,0.0,0.0,0.0,0.0,0.0,0.0,0.0,0.0,0.0,0.0,0.0,0.0,0.0,0.0,0.0,0.0,0.0,0.0,0.0,0.0,0.0,0.0,0.0,0.0,0.0,0.0,0.0,0.0,0.0,0.0,0.0,0.0,0.0,0.0,0.0,0.0,0.0,0.0,0.0,0.0,0.0,0.0,0.0,0.0,0.0,0.0,0.0,0.0,0.0,0.0,0.0,0.0,0.0,0.0,0.0,0.0,0.0,0.0,0.0,0.0,0.0,0.0,0.0,0.0,0.0,0.0,0.0,0.0,0.0,0.0,0.0,0.0,0.0,0.0,0.0,0.0,0.0,0.0,0.0,0.0,0.0,0.0,0.0,0.0,0.0,0.0,0.0,0.0,0.0,0.0,0.0,0.0,0.0,0.0,0.0,0.0,0.0,0.0,0.0,0.0,0.0,0.0,0.0,0.0,0.0,0.0,0.0,0.0,0.0,0.0,0.0,0.0,0.0,0.0,0.0,0.0,0.0,0.0,0.0,0.0,0.0,0.0,0.0,0.0,0.0,0.0,0.0
max_hedges,0.0264419838129428,0.0258952190658734,0.025553917643076615,0.025950397869748162,0.027148562724946933,0.012872435962198435,0.028092020609312526,0.034187609949976064,0.02703187988362399,0.029441060909904473,0.02504671836073556,0.022257077427255453,0.026280930879438835,0.020700313133662634,0.025346586327661066,0.026890914383694703,0.02418922740299975,0.031382370744658813,0.030426442710586032,0.02829525708921899,0.026103228645788065,0.02766244005237432,0.02357573036728178,0.027224397443775278,0.026927406993395773,0.03151897247484319,0.025532707175437878,0.025033092858972306,0.026971720978835607,0.023293014048904683,0.003956029909821326,0.027081205677389992,0.015044082724681619,0.025106162306988613,0.027538861603583598,0.026416802923691765,0.02671932825122216,0.02946796178521266,0.024111359942308522,0.026144217371850666,0.026402155707477705,0.022362658915738288,0.026655474395376487,0.008619417373882393,0.02801369366609807,0.022504434372794403,0.027068415001668795,0.02677055416967565,0.03251575275626692,0.02616331128201534,0.0241940219685619,0.026622291591702558,0.02772558103563574,0.027100291743621406,0.026921348677704654,0.028844049867281046,0.020244530973542105,0.029331757411422105,0.02655962400491403,0.022871717254228135,0.023531376618289572,0.025704078539786287,0.026766204012040874,0.02658507066150365,0.0341353831476577,0.027203950660150585,0.025937541222259254,0.02544170146626998,0.027219232872000617,0.0268468004350291,0.02522601659814232,0.02806112180231797,0.027705166984220552,0.023868942030413207,0.02625415761006564,0.025591101181794175,0.018112453469014616,0.024173316112549904,0.025119979710350668,0.0274405759859888,0.031507667461857236,0.024895690452206482,0.022284963291296436,0.02754884045990719,0.02568032417980321,0.021710376048727612,0.02505599742034584,0.01732870607747257,0.02770164250582291,0.02975797258863536,0.030399673125830928,0.006499978029012195,0.03296284909140765,0.023298003117917642,0.027074641053128377,0.026888992261906667,0.03939198715823766,0.02688699207424467,0.025665445102353683,0.03275438015151236,0.024755961635551868,0.028196514884647632,0.025377517942582174,0.026258312887801907,0.025975460365518465,0.02655605992521965,0.02700631897227486,0.03132837739630954,0.02300865832026548,0.023953533183617818,0.021370300596698994,0.026524481452766212,0.02660720466154438,0.02602356655073862,0.02641753496001436,0.024482383612883008,0.0268105034467098,0.02652361358880914,0.020380549640084573,0.02621131959694433,0.02664595573987473,0.026551017626238592,0.03411835182487225,0.023641322645532804,0.024308589960770243,0.02896840739121437,0.025324875265920116,0.025826237206530874,0.03431401431358786,0.030601843707163724,0.02708771265330463,0.034010350200619155,0.027164292335697476,0.027040406986497283,0.03482952719947975,0.023386750346653738,0.026602750282452764,0.02763283935863075,0.02845581438065309,0.027419055101458378,0.02522857039489441,0.024742175066775743,0.025988524154281267,0.01991784211780119,0.027402370280980123,0.017607400179641956,0.02769693365795275,0.02516227521967966,0.02779235838214967,0.02690337368848526,0.027392300454683903,0.017747718953980668
average_factuality,-0.025351204643029056,-0.026188518245940456,-0.02517124127224904,-0.02547106165057317,-0.022474634228806856,-0.02144248292044526,-0.02466895056567578,-0.023905485566131972,-0.026538990319061144,-0.025082003754616153,-0.02619920142081151,-0.025158364327818258,-0.025384790334943362,-0.021237785248050735,-0.025979472574780373,-0.024731108549791374,-0.026726442400217446,-0.02908289042104715,-0.026733543144052765,-0.026809262211118113,-0.025676317732927067,-0.025284577653466873,-0.02447441450399428,-0.025351745650973277,-0.02516573704135676,-0.02379268362902711,-0.025401480072531794,-0.02619041252582455,-0.025636865769174146,-0.023103139481083446,-0.025363947015801948,-0.02626307861441717,-0.02611480252841534,-0.021175153213386953,-0.02579424993664145,-0.02452138522909701,-0.023505200686746767,-0.026497721118375783,-0.023566116807827116,-0.026802989785596167,-0.02494092357816874,-0.025876812539887866,-0.02548023748554791,-0.029005538858770094,-0.02627849692427007,-0.022682622344046707,-0.025276709495257205,-0.025942829472000484,-0.024905054543764675,-0.026067970313801012,-0.026001174410568366,-0.025503992978711455,-0.025765550307933417,-0.02387103824392286,-0.024998296905468217,-0.024623446988155936,-0.020928633760748005,-0.02635234682568785,-0.022169291637998544,-0.0237883492358979,-0.025086975271994973,-0.025971452870561823,-0.02552876233415287,-0.02545380101372746,-0.01563241940561031,-0.02556892202530134,-0.024624093467107137,-0.025116077682411114,-0.02777787240730618,-0.025387542478703923,-0.02576037986025438,-0.025471710641039893,-0.025550136782198477,-0.025965649525430203,-0.025211016004947913,-0.025050127735618023,-0.02495840094006297,-0.025758173771322876,-0.02552057774848847,-0.02938447161354977,-0.027732010965767735,-0.02484562357365845,-0.023221849728587124,-0.02525039008926734,-0.02505672283937562,-0.03520035954762616,-0.025437871806755885,-0.029356449252193002,-0.025181996388380694,-0.02561666454769443,-0.02407685066061812,-0.01890167484304146,-0.02291322068207677,-0.02628213705455589,-0.02561554631674387,-0.025608756394154344,-0.023444620289499996,-0.02550124734021237,-0.025067448125380663,-0.02545653470162568,-0.02127455304369201,-0.026167762344654944,-0.023956036195702312,-0.02576459812833496,-0.026847392013700705,-0.024260832660524947,-0.02575103300944301,-0.028280715694477303,-0.02475777335953656,-0.027206555042322965,-0.02289767267818528,-0.025528732844987006,-0.02524240378590658,-0.02578876967424431,-0.02317937329196808,-0.023786224208013733,-0.025874549203063528,-0.025902106943402295,-0.02663220883123628,-0.012256893898080986,-0.02522446266405494,-0.025388896310417707,-0.024922163786079324,-0.019190701363800827,-0.025342017337649587,-0.025317744465824195,-0.025423414641737925,-0.025346730017936678,-0.025371359270656885,-0.025173848486954895,-0.02615642922880472,-0.022022769803421778,-0.02557873970634464,-0.025291843760555613,-0.024684028938985213,-0.02575173190367562,-0.02547139189653285,-0.024484627464691995,-0.02446465069445696,-0.02535090616567526,-0.02553192046463494,-0.026651714620536244,-0.02534422660334139,-0.027927922406081922,-0.025095938145214297,-0.026416602389477163,-0.024861506522491483,-0.022222311234983215,-0.026030032225495752,-0.0252763532871468,-0.025370212472811914,-0.023907688061645272
stdev_factuality,0.006157209104928876,0.005601677993754205,0.006235599311127021,0.0061161663018672015,0.00704096756444602,0.005198289190769257,0.005830722490492988,0.006726301517275137,0.005144106921580152,0.007910586426970229,0.004336265276451247,0.0069732817127123505,0.006215794953708597,0.006445788633068685,0.007010068282610188,0.006887098784617593,0.0048536938942084756,0.007368138300512093,0.005833585329224064,0.004973933451971943,0.0059755427720016244,0.005395576924907417,0.006865794998904825,0.006330659298134586,0.005913294914927823,0.007527021094326546,0.00544150151616611,0.006057159263917628,0.005959571942337243,0.007301640799328444,-0.005984199478068342,0.005648459952390212,0.007223997553492888,0.007740933777741469,0.006139737059583545,0.00666545215506475,0.0027103945837759257,0.005914992871049489,0.007701039584444771,0.004550859670891488,0.007579823104129318,0.005358873555873437,0.006019608204445029,0.007073712173202814,0.006552756440598888,0.003847535049157892,0.005947701297962851,0.0060295123222665285,0.007296872585306343,0.006036842075562629,0.006474237854812713,0.00618346996339787,0.006029944867619268,0.005157629925013634,0.0064228374746075146,0.005715980146671126,0.009771379790914865,0.005884914542795698,0.008476671081943167,0.007265516086814449,0.005889601318190107,0.004911800222136761,0.006109466755854681,0.006142785686375152,0.007979320776485757,0.006067292157557869,0.006901396503677031,0.005689803912246953,0.005337918981644296,0.006010634069258028,0.005749110374856948,0.005559312216176512,0.005614463250033094,0.0061925080604966435,0.006343954218773729,0.00600961095927137,0.004846750082714137,0.007279142760425737,0.005378808536020678,-0.0005700222296802166,0.005526804480405511,0.006422845136390843,0.006104844567238541,0.006163345591363744,0.004997022990702643,-0.0029210771062575173,0.0059699977930860884,0.008749338435537164,0.006573898203135731,0.003913308573364815,0.006730141866357892,0.004209421301677184,0.006701322166153038,0.00561831888961919,0.0056238288769520925,0.006158955546002298,0.006405701519819719,0.006227319804542236,0.006625185990999012,0.006518682082016574,0.008869084140059129,0.0053952028514687176,0.0067574798880628935,0.00600620256278545,0.006022224527514604,0.005057596236108766,0.00548782816346253,0.00476068769909691,0.00457802134020952,0.00601656687963339,0.00728072409375506,0.006161660155442094,0.006355629676715877,0.006410452776888901,0.0036515939398233162,0.005499995277227946,0.006269996762673959,0.005560549588482004,0.00566465632638671,0.012013563597721055,0.006195001126391196,0.006323110257718217,0.005394428340435424,0.004351407077851826,0.004564127403908301,0.00576932168650822,0.0061885288778035855,0.006117015424249814,0.007158157527212104,0.007889935450784875,0.00596200229043495,0.008560134162024223,0.006283609702620502,0.007189026182289973,0.00581519315744419,0.006117229335689567,0.006220031501986574,0.006213045165699593,0.007501421683293994,0.006007574365640354,0.005928009430921726,0.007600863963863093,0.006073230359996412,0.0053299340544587966,0.00665472984727901,0.008012626054248084,0.004188608272847769,0.009999372284894826,0.0062717283959603555,0.006350851227350517,0.004497693254028692,0.005826840645899924
min_factuality,0.0,0.0,0.0,0.0,0.0,0.0,0.0,0.0,0.0,0.0,0.0,0.0,0.0,0.0,0.0,0.0,0.0,0.0,0.0,0.0,0.0,0.0,0.0,0.0,0.0,0.0,0.0,0.0,0.0,0.0,0.0,0.0,0.0,0.0,0.0,0.0,0.0,0.0,0.0,0.0,0.0,0.0,0.0,0.0,0.0,0.0,0.0,0.0,0.0,0.0,0.0,0.0,0.0,0.0,0.0,0.0,0.0,0.0,0.0,0.0,0.0,0.0,0.0,0.0,0.0,0.0,0.0,0.0,0.0,0.0,0.0,0.0,0.0,0.0,0.0,0.0,0.0,0.0,0.0,0.0,0.0,0.0,0.0,0.0,0.0,0.0,0.0,0.0,0.0,0.0,0.0,0.0,0.0,0.0,0.0,0.0,0.0,0.0,0.0,0.0,0.0,0.0,0.0,0.0,0.0,0.0,0.0,0.0,0.0,0.0,0.0,0.0,0.0,0.0,0.0,0.0,0.0,0.0,0.0,0.0,0.0,0.0,0.0,0.0,0.0,0.0,0.0,0.0,0.0,0.0,0.0,0.0,0.0,0.0,0.0,0.0,0.0,0.0,0.0,0.0,0.0,0.0,0.0,0.0,0.0,0.0,0.0,0.0,0.0,0.0,0.0,0.0
max_factuality,0.03641448831822,0.035975384279306064,0.036332474246405864,0.0365043715159082,0.03545611743365182,0.030200819731015512,0.03567118150709318,0.03627495712349224,0.03566224704944145,0.03958294461099854,0.0337573968696048,0.037860115472317914,0.036602906321879014,0.03364898529951588,0.03833388417327815,0.03695121184909199,0.03520615858027379,0.04046276093345934,0.03655584772418301,0.03555469589987965,0.036279795656290414,0.03483582929656612,0.0371201575030861,0.03658637947180246,0.035753817038907156,0.037576386805934406,0.0349830983944186,0.036792616518745075,0.03608639730930354,0.0365864061635391,0.015519842440420248,0.03631364318968667,0.03774832143181004,0.035677619711669474,0.03662077323920185,0.03656854294093868,0.024287499230498517,0.037517733825864256,0.03755140562735834,0.03446509754047442,0.03876434652908322,0.03457982060061637,0.03629710241661533,0.04068019488640011,0.03796026284613353,0.02910164267333853,0.036049961246554636,0.03674328436527991,0.03777676811661048,0.0373035021404246,0.03751574616950604,0.03657170625112143,0.03657874823803172,0.03419159954350963,0.03630428110215336,0.0335986514692862,0.03901126189332897,0.03702734348006824,0.0376141481674565,0.036922231465890104,0.03596429944521961,0.03481463862352041,0.036464458716394074,0.03644339402615728,0.0311965693108287,0.03649236920827453,0.03715022017918466,0.03547540264842032,0.035897030846172226,0.036066200104650725,0.03607928582232008,0.035353201000500434,0.0352293505184305,0.03689932165660469,0.03673900567933262,0.03571229076552722,0.03271036940135643,0.03877880727641102,0.03511058932197799,0.028707558806069865,0.03816667217045545,0.03651116700593016,0.03477820600928933,0.03638180969975379,0.03424063013604746,0.02920117023564626,0.03601916194821176,0.0452980946133205,0.03723868877418402,0.03308136910334134,0.03676863620988937,0.02610754083304326,0.03516981553804467,0.03620230865166183,0.03557216838305454,0.03661792736391592,0.035114122363183675,0.03666035918777469,0.03684788888946573,0.03704210813671714,0.037992001897082586,0.03571564829693321,0.03641255652466523,0.036235321974285174,0.03706624101007867,0.033376375850091546,0.035456304540980324,0.03603147247182099,0.03311103978225767,0.036798025406388844,0.03648877782694313,0.03645378049040811,0.03658211481691696,0.03719336124646199,0.02703239753656683,0.03422308087296542,0.036987591808720945,0.035468285957252155,0.03679359548831057,0.037168227376920285,0.036437606734206845,0.03668500488532214,0.034963009265067395,0.02846773173804249,0.03345385458244455,0.03542037113822365,0.0365665648897764,0.036411555818106754,0.03864963647031969,0.03936950450475471,0.036781361641654055,0.03721211690741147,0.0368460055020823,0.03786301815094194,0.035374726444688115,0.03653444142411939,0.036601059719718686,0.03590656249280468,0.03799608183183374,0.036126872531897,0.03591565734158281,0.04007431212078326,0.0361826482221697,0.03699056016169168,0.03728125613293572,0.04042775070366342,0.03255251711089044,0.0409755697444024,0.03605004799211836,0.036617471741280425,0.03369918867762257,0.032727366509630686
average_deference,-0.024841758261923974,-0.025973979376798188,-0.024976670460956443,-0.02494961011611725,-0.024995090439304445,-0.012320130650817888,-0.025332954162997905,-0.02679626140322098,-0.025367780421691875,-0.02304321900075269,-0.02381145613066535,-0.022836723890600503,-0.022787839169706878,-0.005034691201910371,-0.024275616142858315,-0.023864497574071858,-0.023398282355392347,-0.018678694583087088,-0.02839407067969085,-0.030860273263673268,-0.02456267823778998,-0.022311322343003617,-0.024091756034738378,-0.025111812033908228,-0.024621206063777323,-0.024612316683338294,-0.024135334722873665,-0.024489635257970165,-0.023288300273934973,-0.024542378703224337,-0.04087016630321172,-0.0260468760692789,-0.021562898451886362,-0.02160033940544978,-0.024867811208140612,-0.02299897405849066,-0.022065367151100995,-0.030372541627885805,-0.02498088881408364,-0.02585165654061474,-0.02242858828284329,-0.053521241374036146,-0.024413431984780732,-0.02178801035313351,-0.025291332864118946,-0.029283847208535278,-0.02453015164145439,-0.024394328914097728,-0.023849921473571643,-0.02194525978580311,-0.024525765242171434,-0.024530946747413063,-0.02462879815175481,-0.022473259664583183,-0.030870894734694124,-0.0251223004478733,-0.02234146705363211,-0.02168353359209102,-0.02425032044543239,-0.02614952348666879,-0.02683766831681385,-0.027564080857352027,-0.025132896484012898,-0.02447560007489704,-0.04047717003858918,-0.024720572429540382,-0.02608353219358304,-0.02700465686377703,-0.027846759109560186,-0.024482115541306256,-0.02554310650085478,-0.02620212518426035,-0.024980693445247344,-0.026473082515900578,-0.023632119702786072,-0.023790415645130174,-0.023187720093640844,-0.026364046686549826,-0.024813220272202327,-0.026447076743643147,-0.036221990189667735,-0.02547183468761283,-0.024857371411871648,-0.024677583550535034,-0.026253777967541903,-0.021595412160594286,-0.024277077167936225,-0.022203856881477763,-0.023818380630969412,-0.025173654728503136,-0.020267861627264565,-0.04520833628189652,-0.02616205122538343,-0.023838509235033063,-0.024300861118783938,-0.02457123930421208,-0.01680063152153298,-0.024543771168798138,-0.02510986136636148,-0.025114991979042194,-0.022385003323370373,-0.025255236830738426,-0.027379862375079094,-0.02436673743786143,-0.02173238596546655,-0.02340139074670632,-0.025619581083234342,-0.020342317757917,-0.022145578026642715,-0.03391447762455124,-0.01746383775896415,-0.024925594171060533,-0.024074312355155652,-0.02575344406300489,-0.02401223252474846,-0.02215876095867001,-0.02721287291161023,-0.02426117050900521,-0.02143464786389282,-0.021375675954468373,-0.024423983725597415,-0.024498911886609853,-0.024377067077100148,-0.027759769081777085,-0.027194526581642606,-0.025341369342769534,-0.025513995497133783,-0.02577942059299734,-0.024132848376828147,-0.024305621506583948,-0.023792929137346566,-0.019944189324114014,-0.024823463014675244,-0.022683742541365914,-0.018091792560744096,-0.016950507336527098,-0.024560594110718592,-0.02374114293070125,-0.022359890995115275,-0.023657235576205807,-0.025307164466259673,-0.023833665914580096,-0.024519370948059803,-0.01753998615344056,-0.024937028922313354,-0.025027904835368268,-0.019996113021009898,-0.023603463677093185,-0.019969515581059763,-0.024319453885196192,-0.024604570496466388,-0.029695494477205937
stdev_deference,-0.039627377221336926,-0.04001564933830567,-0.039581499036304806,-0.03959010339030433,-0.037728973143656995,-0.03474927063884334,-0.04119709170025391,-0.041765838341177905,-0.03999278448841545,-0.040417740940694266,-0.04085505524732251,-0.03627139955689854,-0.03907761330023903,-0.024392973500631583,-0.04065066166036615,-0.03970866920674454,-0.04046932173885334,-0.034709345212832726,-0.03958833884014142,-0.03935292407258053,-0.03955929740743865,-0.03818827179883056,-0.040368717088331244,-0.040266846650362266,-0.039623755342604705,-0.041219909278654,-0.04026221860254531,-0.039531082583835406,-0.04054619007573629,-0.03917622625104379,-0.03559085460547602,-0.04068571241974621,-0.03834352882817019,-0.037311008585509314,-0.039583778215921135,-0.03861586286743251,-0.037274573154950405,-0.03653970440050256,-0.03965010129828403,-0.03725619655744013,-0.03911041887674235,-0.04217090384537148,-0.03964214733048395,-0.032574064935924144,-0.036556427366811126,-0.03978415733054562,-0.03902007405027373,-0.04018508801394019,-0.04146914528258147,-0.03660750203828757,-0.040305596868240756,-0.03966017667496058,-0.04002364516188363,-0.03911111138627977,-0.04132249512070431,-0.03964083300452714,-0.0373470879898095,-0.0386474038794936,-0.04023150736334349,-0.04121859140621913,-0.040388850013460466,-0.043146678880663474,-0.03953568287822632,-0.03962227174504327,-0.036956282204051956,-0.04023587993211158,-0.039042237014925575,-0.03974934113752134,-0.04345678894089518,-0.0395418832858184,-0.04011964462814126,-0.04008114683321794,-0.038773561512997455,-0.03883138663601117,-0.03932845728585631,-0.03954887826480773,-0.040087902695520275,-0.04017492212553214,-0.03863680626967263,-0.030425812281247848,-0.04121969151215398,-0.04007466101375847,-0.038938949626201536,-0.03966501879771,-0.03992486042794355,-0.042011151298194965,-0.03931014761566792,-0.03832157035056258,-0.03811397180503745,-0.039462436069851815,-0.03898192538050411,-0.039518295113199264,-0.03972344899237162,-0.039427994085575485,-0.037652567559395514,-0.03964970171855061,-0.041763319467437596,-0.03967269838842073,-0.039624275567154754,-0.03977676961663544,-0.03741339367561029,-0.03990281785100498,-0.040427266450702305,-0.040428732846547175,-0.03742180385590026,-0.03275524738857663,-0.04069053778245985,-0.03505156240851911,-0.03393158349129238,-0.03875145626002481,-0.03616999152312372,-0.036569666231020405,-0.03981806669096993,-0.03963532552481146,-0.03966252993134883,-0.03485092795924428,-0.03970766412442377,-0.03929314326470375,-0.03853389574140621,-0.03818608141179143,-0.039552930138722506,-0.03964413879808639,-0.042047054185958076,-0.04047507160716139,-0.039852856143740616,-0.03923634131097359,-0.0394193959313537,-0.039816640938975904,-0.04122227008113198,-0.04172699033016235,-0.039648204382086424,-0.03776078890085331,-0.039514045396943795,-0.039502060168373085,-0.037918421580147986,-0.03556882421689639,-0.039627703186665614,-0.03880606299058369,-0.04046256115569188,-0.039600069207598704,-0.039200447291609715,-0.04014585250212032,-0.03965102067860647,-0.03805607861415495,-0.03990783447264354,-0.03791758469133584,-0.037205818063980926,-0.03732115859266894,-0.04042691802825125,-0.039828624758552644,-0.03961408452559218,-0.04579543593010848
min_deference,0.0,0.0,0.0,0.0,0.0,0.0,0.0,0.0,0.0,0.0,0.0,0.0,0.0,0.0,0.0,0.0,0.0,0.0,0.0,0.0,0.0,0.0,0.0,0.0,0.0,0.0,0.0,0.0,0.0,0.0,0.0,0.0,0.0,0.0,0.0,0.0,0.0,0.0,0.0,0.0,0.0,0.0,0.0,0.0,0.0,0.0,0.0,0.0,0.0,0.0,0.0,0.0,0.0,0.0,0.0,0.0,0.0,0.0,0.0,0.0,0.0,0.0,0.0,0.0,0.0,0.0,0.0,0.0,0.0,0.0,0.0,0.0,0.0,0.0,0.0,0.0,0.0,0.0,0.0,0.0,0.0,0.0,0.0,0.0,0.0,0.0,0.0,0.0,0.0,0.0,0.0,0.0,0.0,0.0,0.0,0.0,0.0,0.0,0.0,0.0,0.0,0.0,0.0,0.0,0.0,0.0,0.0,0.0,0.0,0.0,0.0,0.0,0.0,0.0,0.0,0.0,0.0,0.0,0.0,0.0,0.0,0.0,0.0,0.0,0.0,0.0,0.0,0.0,0.0,0.0,0.0,0.0,0.0,0.0,0.0,0.0,0.0,0.0,0.0,0.0,0.0,0.0,0.0,0.0,0.0,0.0,0.0,0.0,0.0,0.0,0.0,0.0
max_deference,-0.012300441114554923,-0.012537010275149883,-0.012461935936966838,-0.01247423587972607,-0.009941347759667284,-0.019589778740529952,-0.014003413515948422,-0.013802713737608545,-0.01299631255835007,-0.014230430417086895,-0.015766688263129783,-0.010155680694220473,-0.01278860035802426,-0.005651371844471953,-0.015316021557061237,-0.013064397741467247,-0.013045018589827151,-0.008344008707690413,-0.010589921184920643,-0.00878383952884016,-0.012734939798073185,-0.012394569477364129,-0.012471284468785884,-0.014238222625971825,-0.012651963744905091,-0.014128778737754158,-0.015395331156500429,-0.01246092192966966,-0.014325864466273541,-0.011955665434166658,0.0013230960079183146,-0.013365959875042334,-0.013040882586110011,-0.01094378875642757,-0.01207102929789005,-0.011252977623446708,-0.016573027352113356,-0.009407197326557835,-0.016385611681249232,-0.008358016201165011,-0.013194862206531335,-0.007778082910016394,-0.01246971947050901,-0.0059778685496106945,-0.008633738240590313,-0.013234332848876172,-0.011473638867129349,-0.013244150904778651,-0.01549117771055026,-0.008875915564201517,-0.012308637639350826,-0.012619305326326755,-0.012871827672594406,-0.012252678699991096,-0.011437494024354886,-0.012995870405700834,-0.012708212872687419,-0.012247961512383415,-0.013534177378354703,-0.01274050926341895,-0.012691773747121507,-0.01397627323326324,-0.012346257898065933,-0.012623234309750646,-0.003518035999903954,-0.013030870130762734,-0.011488973832562421,-0.01175159110117429,-0.018152497470711952,-0.012161565761851727,-0.01279545065180994,-0.01233246528211824,-0.010814408843515227,-0.009982638541248728,-0.012257086508384682,-0.013287411524934768,-0.016769259958739118,-0.011789671075132242,-0.011365909285682659,-0.004830835902219742,-0.008770871792063803,-0.012476101796291689,-0.012385925138850007,-0.012615952924156133,-0.011858349753494764,-0.0174536101610345,-0.012383281536012626,-0.013210275014797872,-0.010639712301078422,-0.00984483934601494,-0.014405070142622468,-0.00453094131357655,-0.010297166106641463,-0.011664034433630684,-0.009781211830943985,-0.012563678995599771,-0.023714396442213015,-0.012588640430607256,-0.01245921529013607,-0.011945191381825218,-0.009728672170229415,-0.012450801719851932,-0.011908515320020581,-0.014109486480289826,-0.011458577853123694,-0.0039161909964922775,-0.013387826724521136,-0.010850312942300412,-0.0059375286579798625,-0.007901937513219479,-0.013950551235710533,-0.009481321667232347,-0.013061265996660569,-0.011930018928195785,-0.013890670955841747,-0.007553957031396802,-0.012534623037467864,-0.012529856682266784,-0.011859502429907388,-0.011681786151562012,-0.012396778832823772,-0.012401346749202062,-0.019841363883028117,-0.012167221310036107,-0.010206042007120136,-0.012234830115080836,-0.01173625598601371,-0.011705326341906852,-0.015611845418376132,-0.01823539539587407,-0.013210818855277313,-0.013650293515035036,-0.011846645739140897,-0.013300540591014452,-0.018408974024915974,-0.009678237189118248,-0.012582544284559585,-0.011774474764166869,-0.014620610063894104,-0.012624159077212656,-0.011721810133908314,-0.013543231877455299,-0.01283510826953587,-0.01315558894029753,-0.01245554068851834,-0.010374452525179177,-0.011079030553659247,-0.009213169241619412,-0.01695294038529816,-0.013398526319793477,-0.012996430318221563,-0.02333739555269221
average_gratitude,-0.018370641668295263,-0.018486422812850532,-0.01826227699777275,-0.018059223824019553,-0.01979839561338731,-0.019981100123173487,-0.01844495891351116,-0.017941602092378037,-0.01875895788996188,-0.019596597429190933,-0.01824900622119362,-0.015753967531229516,-0.018213727813810896,-0.01546394735312458,-0.01726136384592724,-0.019003393920907156,-0.02144485722630734,-0.015039246474945017,-0.01896302034799531,-0.018113977282185265,-0.01843126137873173,-0.01858633150485221,-0.01905354380118794,-0.017597009708236726,-0.01869851051313742,-0.019214307331165605,-0.01603536736488456,-0.01776253118362908,-0.019682255060316345,-0.017882530301265846,-0.0185017087272511,-0.017894418908271183,-0.01587643003839123,-0.01873359181870286,-0.01798873422437093,-0.017317652481542385,-0.017886323934501396,-0.01892871881320882,-0.007791329249369985,-0.01824447009324688,-0.018027515176743288,-0.01676779167549127,-0.01851851885744049,-0.01855418187972434,-0.017772061131160925,-0.018149811126242095,-0.018699838905119722,-0.018728950198477527,-0.02204044790447069,-0.018972479763090105,-0.01901302914856249,-0.01843772417900587,-0.018622025971490697,-0.017862984161781125,-0.019944615661337425,-0.01837273667913055,-0.01770346236213766,-0.01864197188167228,-0.018455676333567442,-0.019393631378595563,-0.01878384208920487,-0.019972874154842318,-0.01852280513940135,-0.018366205383204857,-0.02455763991475632,-0.013924227398791969,-0.018572356622282928,-0.019949063825365876,-0.016276994964168755,-0.018491548839395213,-0.018941822297770215,-0.018526739912717756,-0.017876177419565,-0.018771307734389082,-0.01966090775386461,-0.018473881387322262,-0.01556805604868729,-0.01926599781601141,-0.017664461797908003,-0.021715435790776547,-0.018619257652318734,-0.018480183313791716,-0.019203640860108225,-0.018701525991934344,-0.0179669131134552,-0.01533986021696317,-0.018117183072610506,-0.016784990519947866,-0.017123810220898837,-0.018749275963397927,-0.01881061829029211,-0.022372817252480776,-0.01969499941508323,-0.01834681393428962,-0.01938786378756046,-0.018508854916295923,-0.017807755174706803,-0.018514552865643845,-0.01809890636668354,-0.016853396966131716,-0.02236890532228748,-0.01840503445517274,-0.01990346456635366,-0.018370378927851736,-0.01880258217299789,-0.015838499506125633,-0.019205359933159055,-0.021606207433314588,-0.019102494465172877,-0.018287513197906387,-0.019089268343922015,-0.018761192464690303,-0.01817394154420277,-0.0182354899585615,-0.017807493482875636,-0.018982600284066634,-0.019124420922266103,-0.018902104824308298,-0.017998062895561138,-0.020850498066124396,-0.01848133800323796,-0.018545522125380097,-0.019329898719046723,-0.016392883152125986,-0.01909020920414546,-0.018942050253819766,-0.018198835659778815,-0.01849066461916357,-0.01784381532843812,-0.019887384853826556,-0.018645647572032492,-0.019226543061718906,-0.018603852854123335,-0.01852090163661889,-0.014038875004850498,-0.01739893261721887,-0.01850669881239843,-0.017194109091156866,-0.018302882653579336,-0.018354049355110882,-0.018640282576724804,-0.020754402624456054,-0.01833914439865474,-0.017755277792025702,-0.019160455279391815,-0.015171519113279427,-0.011890056058230621,-0.020720641405873732,-0.017722559076256555,-0.018630496558004715,-0.018133310354370456,-0.021112875810202138
stdev_gratitude,-0.0068464663472475205,-0.006826114791634298,-0.00645505561239874,-0.005506752840454166,-0.007408099816394505,-0.012112545394541083,-0.005279467206925503,-0.007719745912887621,-0.007094632481561769,-0.006924420515643434,-0.006320770595353199,4.5525035600666765e-05,-0.006849353349666886,-0.004070504275879827,-0.005383487000246897,-0.006771318113343095,-0.004167148235236373,-0.007960668036990786,-0.008901360357286874,-0.0078005211988968195,-0.00677541824635169,-0.007166055973182737,-0.007382934359918073,-0.006757822118213263,-0.00661793837936953,-0.005489809423702013,-0.008153123494203048,-0.007942367634206115,-0.0075551637645532264,-0.0077862763261211275,-0.009243072600987622,-0.007103588573479901,-0.006820883517235832,-0.006813715423475148,-0.006377634013763206,-0.006051731868642791,-0.009342803824894387,-0.008330503672501384,-0.009942969686153881,-0.0066269226978463,-0.0075970657610490225,-0.00635215429166555,-0.006991186554160109,-0.004432613347207936,-0.005429859446922066,-0.004344125741391386,-0.0073545343783806465,-0.00657439959990337,-0.010199172570762752,-0.004483542028654555,-0.005159129732459708,-0.006775323252626504,-0.007072756836385554,-0.006191902821606992,-0.006901154131822235,-0.003507741971572444,-0.004959648158615985,-0.005672523801467002,-0.006198294863166797,-0.008082252579448678,-0.006271293869098954,-0.005872196320228547,-0.006597031620862971,-0.006801836357136619,-0.01101134469710811,-0.007819262763460597,-0.006986824544340351,-0.006146922122085619,-0.005061596019025859,-0.006778157023332719,-0.007486383533284937,-0.008933915681403204,-0.005975041545596937,-0.006662815278913553,-0.006601980617443032,-0.006460772779641175,-0.0041751045515707125,-0.005324787553582117,-0.007234113846446877,-0.007180246364783484,-0.004771478099878013,-0.006276305345431803,-0.004395812170741444,-0.006794218534660275,-0.007861184704854189,-0.001785164576432928,-0.006741200020609533,-0.004662914848508912,-0.007616206362505386,-0.008135027933936785,-0.007101427283516472,-0.006106388475852547,-0.0038223689115795623,-0.005676123921414013,-0.006520930306146534,-0.0068641805529461005,-0.005773496171723193,-0.006804835763409464,-0.006759615970378813,-0.007055498744474182,-0.010402871831519129,-0.007432899014563518,-0.00710277060307463,-0.006445303642950182,-0.005974358843395179,-0.007148080851296614,-0.006862530303514512,-0.007575575452365573,-0.0023992405353730805,-0.007790763036311258,-0.005442792261269573,-0.007550539883164436,-0.006586223867937727,-0.00607182002932259,-0.003542200596812744,-0.003254967628737222,-0.006101125982230514,-0.007104233646088774,-0.006799148094892542,-0.008892865306509703,-0.006815450627546757,-0.006754379566267775,-0.007546032376519549,-0.005671693314893494,-0.007162901021434868,-0.006647578091576629,-0.007002257344473335,-0.006973207836476749,-0.006786804690528367,-0.005636773870120449,-0.006964018085392738,-0.004462513012156111,-0.006790243889350227,-0.00800768465176293,-0.006053550460656323,-0.005780273050985958,-0.0067678097091623,-0.0074737331686688165,-0.007293529430098347,-0.005990374259591724,-0.006618626887232618,-0.006560727648599889,-0.005990774601261985,-0.003149468639858051,-0.007844217644158508,-0.006123376566160494,-0.009806877852894092,-0.00871735892412169,-0.00680310251999744,-0.006974405366420627,-0.008262712119807825,-0.0020101688567965986
min_gratitude,0.0,0.0,0.0,0.0,0.0,0.0,0.0,0.0,0.0,0.0,0.0,0.0,0.0,0.0,0.0,0.0,0.0,0.0,0.0,0.0,0.0,0.0,0.0,0.0,0.0,0.0,0.0,0.0,0.0,0.0,0.0,0.0,0.0,0.0,0.0,0.0,0.0,0.0,0.0,0.0,0.0,0.0,0.0,0.0,0.0,0.0,0.0,0.0,0.0,0.0,0.0,0.0,0.0,0.0,0.0,0.0,0.0,0.0,0.0,0.0,0.0,0.0,0.0,0.0,0.0,0.0,0.0,0.0,0.0,0.0,0.0,0.0,0.0,0.0,0.0,0.0,0.0,0.0,0.0,0.0,0.0,0.0,0.0,0.0,0.0,0.0,0.0,0.0,0.0,0.0,0.0,0.0,0.0,0.0,0.0,0.0,0.0,0.0,0.0,0.0,0.0,0.0,0.0,0.0,0.0,0.0,0.0,0.0,0.0,0.0,0.0,0.0,0.0,0.0,0.0,0.0,0.0,0.0,0.0,0.0,0.0,0.0,0.0,0.0,0.0,0.0,0.0,0.0,0.0,0.0,0.0,0.0,0.0,0.0,0.0,0.0,0.0,0.0,0.0,0.0,0.0,0.0,0.0,0.0,0.0,0.0,0.0,0.0,0.0,0.0,0.0,0.0
max_gratitude,0.006310156347107209,0.006267638637570665,0.006635062004980906,0.00769720930766056,0.007272943205055024,-0.00275449689689089,0.0077504167508986406,0.005105938838568892,0.006245077584870971,0.007002858397585964,0.008752103320746052,0.010220998952086113,0.006208856745135645,0.00926959071812211,0.007059600474080683,0.006669569780552177,0.012822131335060242,0.002668064601863451,0.002459058974072427,0.0035194362183119682,0.006192052657436485,0.005778019440300716,0.005812324312698303,0.005991475440279454,0.006787938103958088,0.009889192642187867,0.003502574835486459,0.00383695996035533,0.0064450734562405375,0.0054025266990620855,0.0007081849800928226,0.005217775689442182,0.005227554228252533,0.007523624981457082,0.0065268231400609335,0.006746224768569735,0.0006436999003796018,0.004966618042644217,-0.005870547883693259,0.0064747350732027075,0.0045196547305113455,0.004605348529492092,0.00611508228336069,0.006124338143612314,0.007452820952382805,0.008199919276983252,0.005733079769081909,0.006671650582636889,0.007529742986542717,0.011150150282431139,0.009995731783497431,0.006360304023828878,0.006147476078727167,0.005768130466943973,0.006896882602415354,0.009954585985252232,0.00843002146997532,0.008040526768986872,0.007151879468773686,0.005112127562920437,0.007356161652871397,0.00820569292343962,0.006679940163403612,0.006216867335437833,0.002559456013470436,0.0030552748219281846,0.0062527235677009895,0.00865994958896537,0.007733714547658556,0.006454705749171643,0.005744659536489797,0.0025390299937317123,0.00675319779171559,0.006847621091520932,0.007057720357153232,0.006541014847142416,0.006888227368854607,0.009430340641941518,0.005300932210188016,0.006933839167213269,0.009120813309548942,0.007381756917043364,0.009766569809450277,0.00660127750391847,0.004808423200661657,0.009401915914628235,0.006107102294478485,0.0075114403072119714,0.002219051917569103,0.005217973856453424,0.006721783379360919,0.008504278575426558,0.015155445544450185,0.006837726195007669,0.007023265235519884,0.006292601254244455,0.006509946006101647,0.006371791879876612,0.006014502890358773,0.005361782736842769,0.004622162150157137,0.005651905845007102,0.006336819132864223,0.006961497836927959,0.00724314439221602,0.0017046300587199902,0.006803227902580864,0.007795329978468649,0.012580928327056411,0.003477054880069025,0.008929270990441317,0.004945408119214185,0.006587631619833713,0.007290936778021717,0.011797700795210425,0.011273785223546521,0.007651212878783987,0.006085851835731483,0.00629833478027127,0.005292922336453086,0.006258222471965792,0.006503485817075782,0.005664441722651454,0.006815249304596467,0.005925360231366049,0.008153549006878081,0.005824586478614674,0.006569894907762944,0.005843067708104173,0.007933643232143791,0.006083887949129791,0.008671451033835145,0.00637242067267312,0.00440220915686379,0.006863218505996817,0.005455106426711897,0.006402079840815149,0.005187217450944782,0.005492629314391235,0.00752105200750432,0.00623912253176644,0.007232289524986808,0.007054153234646187,0.009468026635889974,0.00586226600494932,0.0055058764435485155,-0.003428944222225721,0.006306659672549131,0.004305914468030252,0.00666982458730362,0.004871844732103895,0.013257554776861767
average_apologizing,-0.013428569129542333,-0.013935386359647427,-0.014708995273750462,-0.012394515952387131,-0.013221421870912055,-0.018543758341054296,-0.014170294057830388,-0.011383581214679533,-0.012743816388987327,-0.01240884698233078,-0.014481840663772632,-0.012040184723964054,-0.012624428242889913,-0.008286958982988186,-0.014791526729686586,-0.013045368192244906,-0.017162031789050416,-0.016507214113289728,-0.012730750594778373,-0.013602428775011497,-0.013031147190248853,-0.013666355087991118,-0.013551424086319704,-0.01392262562522424,-0.013118774230738667,-0.01183052788571743,-0.013031311546754083,-0.012686616108049742,-0.012153473138458493,-0.015865486855977464,-0.016470512284146102,-0.011906859954814216,-0.013935530142847112,-0.014501048911283308,-0.013260561857507822,-0.012563102309361182,-0.010910748012810294,-0.008749774100851421,-0.015544085809781958,-0.009788149793824572,-0.013849872600403892,-0.01382233716757288,-0.012829653779772547,-0.012031209036083935,-0.011300140843848507,-0.018664270549729425,-0.013144294646851188,-0.012814317797212083,-0.014773163148487107,-0.011512771884065255,-0.01418408376065075,-0.013162557816319078,-0.013097955319774137,-0.011681177160762814,-0.015410611640735584,-0.011325719772134797,-0.01663096266670662,-0.01287516798162927,-0.013808467428501135,-0.015830328161762747,-0.013110045956030308,-0.014320286563035502,-0.012804275608237773,-0.01301377066524663,-0.012264518560856252,-0.014124421715909054,-0.015469359083020684,-0.012938358371323106,-0.011605593161917229,-0.013192656343365819,-0.013740309258956277,-0.01281592226724211,-0.013664987814146486,-0.011765474635133041,-0.013157631866792316,-0.013232533683167364,-0.015978440889741263,-0.013403138461423325,-0.013955907883560015,-0.005586892717445785,-0.015028882640175118,-0.013514435526047574,-0.010656608040867828,-0.012452542416468888,-0.013902498554775471,-0.0097622338074006,-0.013379883169097252,-0.018842391662320317,-0.011859116361087042,-0.016981332060693258,-0.009420119780231695,-0.01586184623630186,-0.012944296094157533,-0.018604071677231694,-0.01319897007336432,-0.01283953790180762,-0.008688712236909563,-0.01310545551918298,-0.013718471063874435,-0.012892414532202655,-0.014404257986565054,-0.013135394282668194,-0.0159929449868075,-0.013507151378190547,-0.012873362387484915,-0.010292200164414953,-0.013180246766667592,-0.007944046023183111,-0.01149511492045944,-0.01319622107501751,-0.01214396205140224,-0.011646406497387227,-0.013905709414914345,-0.013588800291908586,-0.016500417903989296,-0.012424663144784907,-0.014373233799781294,-0.012754386125412003,-0.01488649202296073,-0.012473077142387934,-0.013140514516362443,-0.013247626393157071,-0.0078115203207478135,-0.01290052147187905,-0.014320898465339724,-0.013178519150333419,-0.01347518769494973,-0.013702468696377066,-0.009977086029612826,-0.010748066697844491,-0.009975706859662162,-0.005777732183361122,-0.013202172243186944,-0.014212684851791765,-0.012083051412316154,-0.013572765471894815,-0.013106445145329958,-0.011628735733275969,-0.010223821870991476,-0.01417009940495943,-0.014128810855811623,-0.013552356872319935,-0.012874724009396165,-0.01657951193741883,-0.013172603810329427,-0.021691609731199366,-0.017051743564200982,-0.01635057588855678,-0.015427672849448803,-0.012160451487794866,-0.011858271575636207,-0.012228147533122489
stdev_apologizing,-0.012614252055091674,-0.012801576968278924,-0.011631329328124291,-0.011617384950490065,-0.011214443087470858,-0.012657386834685374,-0.013569472288270915,-0.010953271047361606,-0.013252246631980515,-0.011693854323267536,-0.014280168348686522,-0.011781114859249894,-0.012107772008812972,-0.010358319944968095,-0.014277805486536767,-0.011988358204028857,-0.013658375292015367,-0.013526121739648934,-0.012427260385917769,-0.011795363731237867,-0.012580602759716985,-0.012535003047415647,-0.013085871252755085,-0.013355452336256691,-0.012274249771707544,-0.012895549190364893,-0.011243229554843153,-0.012110850383009766,-0.011802193559283842,-0.01315082831414121,-0.009827394751791547,-0.011594231885172432,-0.014126965402070072,-0.011741635073258708,-0.011962107183674676,-0.011753515182251652,-0.010367672096513802,-0.012136218385734397,-0.01024287381560499,-0.01312463561497071,-0.0112447630873641,-0.011203050053082742,-0.012285738638318852,-0.01553265324974946,-0.011189777683430935,-0.008673785372871005,-0.011764314847811092,-0.012267233191710416,-0.013188848769709173,-0.011775039583391201,-0.011648350700685706,-0.012308585718926589,-0.012543778728031073,-0.011740523825603703,-0.012219884366448776,-0.010128958494987253,-0.010270393182419936,-0.012040036277771851,-0.012747303466364216,-0.014834418583247872,-0.012631795890460054,-0.014415528259793649,-0.012117468862253648,-0.012313871599980876,-0.014810972424964285,-0.012832074623258222,-0.012982812533182668,-0.011913490914779551,-0.013918385753155486,-0.012505676953364,-0.011659045091661355,-0.011811035750616747,-0.012354774278765166,-0.01211846849293649,-0.01228287847985183,-0.012074738447005604,-0.011851573978966398,-0.010961277249950125,-0.012553241910118538,-0.010114656525070117,-0.013256618529640137,-0.011814775450534502,-0.013190840631460869,-0.011936787547621248,-0.012804789869304958,-0.01008303976076783,-0.01251371206176155,-0.012679619900438172,-0.01206328794825269,-0.010567280974366232,-0.010890829680582421,-0.011966894530861971,-0.010359629039668878,-0.015012559520991635,-0.011891761788841633,-0.012382273822501046,-0.01216110750626756,-0.012280160408932234,-0.012608682799497077,-0.010974604143430561,-0.012162732166078249,-0.012461402157526034,-0.014362446105734308,-0.012257292940153354,-0.011355092334861112,-0.014490105662946718,-0.011879677869845102,-0.009564402422100264,-0.01356821946510887,-0.010816412325468093,-0.012360617905110257,-0.012257890060870556,-0.012696293659142426,-0.01243879241209795,-0.012743244884535505,-0.012686336135469843,-0.012251633029553356,-0.012072123695949597,-0.013099237739468396,-0.010574264147977143,-0.012098062014695116,-0.012315582690917093,-0.008826201623170158,-0.011694346962826115,-0.01276253186384602,-0.0135870615683509,-0.012186318324451441,-0.012176428129793401,-0.01149368295821322,-0.010150632591244602,-0.010644086947896562,-0.009522357984142119,-0.01246704459115245,-0.012483012956899422,-0.011326940874610532,-0.016772717281831016,-0.01231534930820094,-0.011389459998801936,-0.008738529204257434,-0.012402773682667036,-0.013228624636683589,-0.014507742239679837,-0.012149894963596376,-0.017327183341890356,-0.011753294976963253,-0.021305150842697698,-0.009063346818494663,-0.01266754002543211,-0.015751111172398708,-0.011556688503446443,-0.0121366546402789,-0.009424991375162109
min_apologizing,0.0,0.0,0.0,0.0,0.0,0.0,0.0,0.0,0.0,0.0,0.0,0.0,0.0,0.0,0.0,0.0,0.0,0.0,0.0,0.0,0.0,0.0,0.0,0.0,0.0,0.0,0.0,0.0,0.0,0.0,0.0,0.0,0.0,0.0,0.0,0.0,0.0,0.0,0.0,0.0,0.0,0.0,0.0,0.0,0.0,0.0,0.0,0.0,0.0,0.0,0.0,0.0,0.0,0.0,0.0,0.0,0.0,0.0,0.0,0.0,0.0,0.0,0.0,0.0,0.0,0.0,0.0,0.0,0.0,0.0,0.0,0.0,0.0,0.0,0.0,0.0,0.0,0.0,0.0,0.0,0.0,0.0,0.0,0.0,0.0,0.0,0.0,0.0,0.0,0.0,0.0,0.0,0.0,0.0,0.0,0.0,0.0,0.0,0.0,0.0,0.0,0.0,0.0,0.0,0.0,0.0,0.0,0.0,0.0,0.0,0.0,0.0,0.0,0.0,0.0,0.0,0.0,0.0,0.0,0.0,0.0,0.0,0.0,0.0,0.0,0.0,0.0,0.0,0.0,0.0,0.0,0.0,0.0,0.0,0.0,0.0,0.0,0.0,0.0,0.0,0.0,0.0,0.0,0.0,0.0,0.0,0.0,0.0,0.0,0.0,0.0,0.0
max_apologizing,-0.00688687299207066,-0.006752446399448253,-0.005466102446631165,-0.006416608529724784,-0.0056082853220313054,-0.003678845944305815,-0.007834456644049517,-0.005483739066141006,-0.007907265600257975,-0.0051583793600730714,-0.009342921361154579,-0.00666986074652127,-0.006667506776031203,-0.010746926869650054,-0.008707299493696585,-0.005768444750898078,-0.005596500162880547,-0.005456202061920906,-0.0075712110668704705,-0.006694551367723199,-0.007142042632156547,-0.006982576894931358,-0.006854640620488174,-0.007598445727028376,-0.0066523079617621305,-0.009385737546002458,-0.005970192408148602,-0.00651691207480177,-0.006441184021581222,-0.006031487402060604,-1.8211873710968773e-06,-0.006337929938177719,-0.00873239106142764,-0.005358116242251423,-0.005963310554982764,-0.006405579965205669,-0.004035130679033341,-0.008267966141057183,-0.0016951171771848557,-0.010737768756692682,-0.0034630212522922133,-0.004700177700317549,-0.006765264652975531,-0.011131770918426997,-0.0066473069272516725,0.0011508045977459292,-0.0061743916331792464,-0.006966736927213894,-0.00706075566459042,-0.009679908389049426,-0.0036766914392560596,-0.00660671365182457,-0.006956301660543814,-0.006570209362145191,-0.005018413642053705,-0.0043076247612996435,-0.003201560918992239,-0.0063033879485063105,-0.006995817045352298,-0.008321364411682292,-0.007424528412524861,-0.009144138069246568,-0.00665610261863149,-0.0066910306956614474,-0.014106085042377679,-0.006597010369861249,-0.006069184823470502,-0.006901820970779804,-0.009947290535179268,-0.0069905630382736195,-0.005294030696744361,-0.005649078949884489,-0.006861212786872974,-0.00700827417918953,-0.006837414989402417,-0.0064791032880059315,-0.003971501897891862,-0.0036226041588174945,-0.006760319826792777,-0.007635959490526298,-0.006179688591247395,-0.00539475720726491,-0.009313113737556672,-0.006546101660667585,-0.006924310163746918,-0.005406394330998539,-0.0067194764021711925,-0.0003032632639149071,-0.008422425764340807,-0.0005966808372113233,-0.007082413301095403,-0.003500305326250605,-0.00368134306341237,-0.007021965972120899,-0.005586681777086934,-0.006808278239542295,-0.007945871283448007,-0.006595938393903957,-0.006590921889642002,-0.0038158701604197407,-0.005456174699453869,-0.006872250132484058,-0.008526618755726075,-0.006162514731946789,-0.005762224272404781,-0.00958634071226156,-0.006141546987879076,-0.005572433272837149,-0.011496703561987771,-0.004546173953950046,-0.008923117133959926,-0.008295254060252662,-0.006733027607841684,-0.006757872310755159,-0.004080604973944,-0.00886606169366791,-0.0056800823621119,-0.006685262636064995,-0.0061574160868721715,-0.00468607672536166,-0.006292904289699653,-0.006375479594363537,-0.006069181731421064,-0.006412307898243874,-0.0062256628342556904,-0.009162350286797866,-0.0062322573221480155,-0.005768145541094994,-0.008128043304035588,-0.004748651451010806,-0.006206753254003452,-0.006913486890601471,-0.0067940677353250005,-0.005960146253944334,-0.007299844781442782,-0.013653863037900792,-0.006645011183151533,-0.006293942973935096,-0.0037663014255967277,-0.006092764471961905,-0.007299912098990538,-0.01039638228486471,-0.006778385359261745,-0.011933738598731744,-0.005841686338141826,-0.012795577422497362,-0.0006848326641414309,-0.004786201568414858,-0.00893004509527501,-0.005841134735066722,-0.007902174388300888,-0.004537107906057752
average_1st_person_pl,-0.03260130887250326,-0.033258390354062334,-0.032711427248498716,-0.0329742769603382,-0.02927778998689577,-0.030465833497744878,-0.03278743700701673,-0.0320613034939836,-0.03313147458293213,-0.03155490527738463,-0.03572186313331541,-0.03409378144328161,-0.03200691006933549,-0.028626650998316364,-0.033983929331156994,-0.0325691573622291,-0.033539069442043115,-0.030457704317481498,-0.033276270526792204,-0.036079877573033006,-0.033008397153634225,-0.03296088002351759,-0.03133567116617232,-0.032756344737363954,-0.032441759698869525,-0.032087809129700474,-0.0301772481790122,-0.03277395070095992,-0.033786525523719114,-0.02983903793639723,-0.03466713063847175,-0.032295237125973195,-0.04276273056183373,-0.027970264286969103,-0.03271345369908143,-0.030116974013856324,-0.03382511940208467,-0.02959593551360519,-0.0321236207012716,-0.03115469555929269,-0.031222391128145177,-0.037145837367495965,-0.032859224702209346,-0.028764721037244805,-0.029716896701223683,-0.04312093797820542,-0.03287186542513119,-0.03266423859903428,-0.029294251445682724,-0.029747851946754923,-0.03355389774553836,-0.03268880308654027,-0.031759660089323564,-0.02727459782192913,-0.039108110081050806,-0.036495733771376875,-0.02542998460731923,-0.030860962498719106,-0.031434139935291,-0.02968495784869715,-0.03401376543017704,-0.03495954026592698,-0.03255655060440519,-0.03268280054701291,-0.03144823448967046,-0.03227426492716876,-0.02977203245866984,-0.03266473047582244,-0.029645089820813052,-0.032300920448689256,-0.03273625335229549,-0.033364542560792035,-0.0330065213791421,-0.033630486625099085,-0.031832193266970094,-0.03274166600225244,-0.033560536871242864,-0.034876318097564155,-0.0323637413204567,-0.030047309751819528,-0.029897492495982572,-0.03268572794338155,-0.025685870835364506,-0.03223744693419016,-0.03321088253375035,-0.03782735559154367,-0.03184775571480238,-0.031115919020281536,-0.03215354398829759,-0.029989502453281934,-0.02930200319058654,-0.03271681054967503,-0.030850102759578335,-0.035538447748514716,-0.033549338230107265,-0.032677735485553076,-0.028566138278350056,-0.032793329422591055,-0.03453796157086697,-0.031660581833468406,-0.035362173877902636,-0.03210897645589521,-0.0308921815236047,-0.034783937525649296,-0.033249560133237724,-0.025169624652792034,-0.033845371026350934,-0.035264734018046334,-0.029335892920073787,-0.03423994278208445,-0.033135291086605026,-0.03158465476006445,-0.03245737522631982,-0.03361664756622239,-0.03503638447325637,-0.03090550443998398,-0.03383587825873732,-0.033108696628077666,-0.03455685747417502,-0.03432959009195496,-0.03280694564885056,-0.03258511106239528,-0.031114703583808544,-0.030277413879477126,-0.030761394138787326,-0.0322855331332417,-0.032932421538359236,-0.03172975157061009,-0.03271161660703551,-0.03144572868202202,-0.03267300424859915,-0.031724035843514756,-0.03317970839504316,-0.03317821002825794,-0.027977844730915365,-0.031641695017639165,-0.03269836826473759,-0.03128311655418416,-0.0324034142392548,-0.03156666646641286,-0.03429967861593279,-0.03407363084246369,-0.03306501484536588,-0.03553253974249298,-0.03350652804492277,-0.03413317423108806,-0.02596117905304751,-0.026398562774266672,-0.033159298134332174,-0.032637634469804465,-0.03292199091130166,-0.027593807515898006
stdev_1st_person_pl,-0.04206842624309771,-0.04261618415471386,-0.04168237418651995,-0.04244712474112423,-0.037498732196427555,-0.0389073720016055,-0.039746428827133515,-0.039156816008925455,-0.04169240735504573,-0.03976446934696993,-0.04077682922970491,-0.04352954964273906,-0.04177494202870459,-0.04753946050327985,-0.04356958104488873,-0.04157845455938548,-0.039135061808182145,-0.02697270301299071,-0.042738206818018896,-0.03929819860171738,-0.04219031598862751,-0.041816319187870155,-0.043720642674801774,-0.0421906773016681,-0.04104688823551008,-0.042319817482887025,-0.0395871319845804,-0.04312543158602887,-0.042348863633263935,-0.038115954522085715,-0.043771596254164685,-0.042883101294619974,-0.04790259357906243,-0.038593019328883836,-0.04155263310238989,-0.04372644988302995,-0.04390734566999128,-0.042004497310672545,-0.04615452630236087,-0.04366236769483946,-0.04122756303160131,-0.04216507368939163,-0.041814854062067704,-0.04519535055894759,-0.04153570787949928,-0.040366032052822756,-0.04161428717511056,-0.04197679758083419,-0.0408150286558299,-0.03939293414139705,-0.042226119122048406,-0.041851100884005954,-0.04154380884595767,-0.039854316182761446,-0.03842749369313087,-0.0442260718823676,-0.04172586836781463,-0.04292520723279267,-0.04091608627842354,-0.03728687085688252,-0.04245469135959468,-0.04195064479344286,-0.041806844849554325,-0.04182350790712305,-0.03793432818851463,-0.041498875262122085,-0.03984507980863874,-0.041603002976481465,-0.04014622977793347,-0.04126629961616649,-0.041493281962409416,-0.042614330626107914,-0.04206758790024004,-0.04166184478153764,-0.041196308852896726,-0.04260576690515814,-0.04485665987660782,-0.0446824681576775,-0.041350258309814425,-0.0541635518457579,-0.03020612209998377,-0.041891883775241154,-0.03506733996710588,-0.0411442552190652,-0.04267792535727962,-0.0445851889603747,-0.041660119818529844,-0.04130725703228714,-0.040220219613658244,-0.03584023279617754,-0.03868972401458485,-0.029314384615781675,-0.040714335211940046,-0.044558790494289124,-0.0416657953010845,-0.04191445219126677,-0.03865517973168479,-0.04186465400150578,-0.04177699149301304,-0.03995418926954013,-0.040488327048690584,-0.04081265778112807,-0.04504422787359539,-0.043958320795284514,-0.04352781844813282,-0.04288629343892689,-0.04147984131210977,-0.04370013743115146,-0.0440017822783489,-0.041437735820391335,-0.03232682784009526,-0.039211315270493236,-0.041480185383186575,-0.041026957150471076,-0.042328547389826804,-0.04288113625169791,-0.04318065679288404,-0.04195342039202724,-0.04147019375580974,-0.043157169644267065,-0.04209208570637004,-0.041914405375026234,-0.038060247007417045,-0.03977899510429681,-0.045011710077509245,-0.041033414327890476,-0.042357926586086066,-0.040849712741864025,-0.03795816763562963,-0.03844229254816166,-0.04214538256714377,-0.04074967470796306,-0.041542508770579176,-0.04542469968968333,-0.033022843277314584,-0.051489095380063396,-0.041942763718945016,-0.04137122738055288,-0.039989929156381415,-0.04241695394846155,-0.04258960165279327,-0.04129842469517437,-0.042206651303978965,-0.04755733553993913,-0.042184265583008966,-0.04323176194707928,-0.027359419167068483,-0.04193623495536339,-0.04075520597989868,-0.040780483539508805,-0.04249047049669415,-0.04601959324793119
min_1st_person_pl,0.0,0.0,0.0,0.0,0.0,0.0,0.0,0.0,0.0,0.0,0.0,0.0,0.0,0.0,0.0,0.0,0.0,0.0,0.0,0.0,0.0,0.0,0.0,0.0,0.0,0.0,0.0,0.0,0.0,0.0,0.0,0.0,0.0,0.0,0.0,0.0,0.0,0.0,0.0,0.0,0.0,0.0,0.0,0.0,0.0,0.0,0.0,0.0,0.0,0.0,0.0,0.0,0.0,0.0,0.0,0.0,0.0,0.0,0.0,0.0,0.0,0.0,0.0,0.0,0.0,0.0,0.0,0.0,0.0,0.0,0.0,0.0,0.0,0.0,0.0,0.0,0.0,0.0,0.0,0.0,0.0,0.0,0.0,0.0,0.0,0.0,0.0,0.0,0.0,0.0,0.0,0.0,0.0,0.0,0.0,0.0,0.0,0.0,0.0,0.0,0.0,0.0,0.0,0.0,0.0,0.0,0.0,0.0,0.0,0.0,0.0,0.0,0.0,0.0,0.0,0.0,0.0,0.0,0.0,0.0,0.0,0.0,0.0,0.0,0.0,0.0,0.0,0.0,0.0,0.0,0.0,0.0,0.0,0.0,0.0,0.0,0.0,0.0,0.0,0.0,0.0,0.0,0.0,0.0,0.0,0.0,0.0,0.0,0.0,0.0,0.0,0.0
max_1st_person_pl,0.008191381996272668,0.007271558404122672,0.008841255913583347,0.007856021029206506,0.011420511594667618,0.004155306733076519,0.011637010408082672,0.012099351281055801,0.010866654393500708,0.012443814828543502,0.014849698935049388,0.005268526091673113,0.008925479518455744,-0.0027445731576131015,0.006779399545162311,0.009167410617326137,0.010316188801271189,0.023398800444176547,0.0065045465701910835,0.011222717732850938,0.008601095712841376,0.009731446159569784,0.004939744873823877,0.00909823493320714,0.00972505116531847,0.00679310389561859,0.009853616870528978,0.006783543889163624,0.00843515221045853,0.010454668700902812,-0.010320101687954738,0.0065769326751408,0.004675550827464431,0.00910521298568413,0.009056889940443225,0.004545828081718793,0.0030919063722004096,0.008197937802902665,0.00178483380407626,0.005228347581212711,0.008111503181634217,0.009040358731076191,0.008990730276489969,-0.0021184136127179575,0.007699490994304446,0.011338853291264698,0.009385009538283862,0.0081068183544714,0.008896577728895577,0.007131145172049198,0.009124333612516976,0.008788153230862104,0.008750209683511295,0.006662457820795784,0.011744847353126723,0.006266650308174582,0.006777397451225563,0.0066097752830604015,0.00970770168221012,0.011739981588577322,0.00892419580765761,0.009438209360112667,0.00863195576524662,0.00883877905223939,0.005195894152467023,0.009147991243911142,0.009555934463088653,0.008973815311955579,0.00800435806693477,0.009535884841545512,0.009155422541645981,0.0075826869073615365,0.008529118744607489,0.009643577680248793,0.007849759777653318,0.007297286493235184,0.0084649874919931,0.00608631805109291,0.008863991673118554,-0.011384560627412785,0.01698586787334769,0.008374295245206876,0.010695484819388947,0.009386974043483884,0.008299037686287314,0.007051002499631408,0.008246054535055919,0.0035616441290101126,0.010519700853355202,0.013735332701046408,0.013601377609235915,0.014189182665800663,0.011322302532884706,0.003400558105609861,0.009910501999579857,0.008654916493820662,0.007331106475676575,0.008864676500777139,0.00895336236580581,0.008446652472732977,0.008918700016377118,0.010040135064213519,0.0013732993668567443,0.008041513660182239,0.005408080836612407,0.0008607068357617056,0.010199950167185605,0.009630626214813127,-0.0006743755722061016,0.005112335323088989,0.022724005596938286,0.013643939120197254,0.009253906268745643,0.0105009004007055,0.008198194694791858,0.003875391077388029,0.007242208165895693,0.00939136949878119,0.009563619159078576,0.0072222912746636985,0.008401677764319078,0.00849464285965612,0.012901705614579349,0.007484927427813544,0.002482151249568026,0.00904987573760671,0.007652073283994549,0.009126969896425969,0.012654390002116999,0.011076446100238807,0.00894831188188973,0.010597285699414788,0.009469265086674719,0.004603448729951668,0.017888589866126986,-0.006755335292822084,0.008665768117977623,0.008960932968370167,0.012887607660969184,0.007323514440883526,0.006668809229281779,0.01150897293985947,0.0082207272144764,-0.003773334772294537,0.008754570880626051,0.005581528381165903,0.021804505358055233,0.009048913396813234,0.006864491864047067,0.012183292600269183,0.009481227354053181,-0.006795896340360752
average_1st_person,0.07853211470516255,0.07872795712688832,0.07785784784641805,0.07901990890878646,0.07890004619312678,0.05972886841599534,0.07908850789258931,0.07840354297377708,0.07704153836304893,0.07820724133468505,0.08159788932257224,0.07320671552073074,0.07871864632355052,0.07781261468521987,0.07735450233831379,0.07897015561122997,0.07404918162369936,0.08514377278097028,0.07900943343225525,0.07985646127018936,0.07773516729117463,0.07738160688508934,0.07808285900260792,0.07687315830481817,0.07868480724884952,0.07824646298145627,0.07592618574934656,0.07853950377660436,0.07745514502016763,0.07734330378358456,0.06390565797072623,0.07743733884185477,0.07218340249044997,0.07694084747515549,0.0789470621139651,0.07534102114867419,0.07836988443280826,0.08162713819410286,0.07156242076351922,0.07929146830369929,0.07853113696092509,0.08077892790296211,0.07851858675590258,0.07082000204205494,0.07948398969668032,0.07122292021695185,0.07892972885724425,0.07849278941707719,0.07514935718574844,0.07824837049340289,0.07793361981422277,0.07847260838936318,0.0782274104852041,0.07647312566127007,0.07713336499668634,0.08221269011144547,0.07654037143151905,0.0785359948580897,0.08016887562448045,0.074494994757852,0.07687039684726293,0.08214907051941861,0.07821432607842266,0.07851972410742465,0.08274750401345864,0.0799582602906773,0.07846016359546537,0.07553603045200902,0.07676903648394173,0.0785986272972592,0.07642109356985914,0.07845527120000961,0.07840732900644638,0.07749334516232931,0.07831917168080274,0.07793672088700059,0.07037249881054097,0.07766411869055094,0.07822501570540333,0.07971474464669805,0.08459297514542952,0.07742324682486332,0.07965671912219457,0.07853703981728606,0.07928788843888587,0.07647630722538559,0.07771551579791278,0.07361016878974018,0.07907195287688973,0.07784883614610337,0.07514134683870302,0.07180031103639128,0.07924034763936091,0.07649897331513389,0.07786631393152782,0.07861004590106586,0.07587154386017853,0.07860055780446229,0.07769824808476052,0.08126042648383082,0.07976821606698042,0.07885757113569561,0.07317646613025103,0.07735130780067681,0.07670109408937843,0.07969512700928762,0.07723223986980866,0.07763710699358306,0.07994508899941524,0.07358761827983398,0.05988016069940615,0.07251853763199226,0.07832674544909604,0.07891890378440805,0.07893362197821222,0.07723241870172327,0.07656986629190787,0.07854481737967277,0.0780505600151489,0.07659681358428616,0.07827887113800114,0.07853370928432973,0.07901577295797997,0.07588140992349156,0.0767067327906083,0.07941339581836943,0.07814436438680185,0.07822641763480787,0.08064818751678426,0.07807150423590797,0.0775077892876431,0.0753944927090105,0.07880625996304046,0.0784880357007127,0.07231453219588618,0.07374021819922502,0.07839217116471627,0.07714529039635315,0.07681168256652961,0.07800968899705593,0.07845918009281917,0.07755754846750143,0.07858014767912119,0.07732200518351595,0.07946076122034895,0.07644890539616714,0.07440727446742108,0.07937454977229358,0.0809136633679108,0.07849900925625436,0.0797433380961833,0.07088297563888656
stdev_1st_person,0.024669579490660648,0.024990432998580912,0.02468664966290267,0.02537158601381276,0.02231877371357631,0.02750482180264403,0.02445526538642269,0.02361679006444913,0.02510069315903468,0.023927167691312614,0.0252455623483005,0.02448239826907839,0.02455530998019607,0.020706064469162205,0.024768974336025165,0.024458789506726503,0.017807067275509996,0.023486756852399385,0.0279502952302782,0.02705667503812781,0.024698416826570306,0.025049686320971466,0.025021828032369294,0.024240754331663596,0.024520065113771423,0.025126549069778157,0.022804555510300747,0.025551544111080755,0.02720223440083659,0.021386549395626654,0.01650423468360196,0.023012611328461677,0.024401083581685537,0.02697573438254463,0.025570907603931,0.02337100858608182,0.02268094601442031,0.02786445763143638,0.01653210044583865,0.026083632919933215,0.023754038320829587,0.029867595945793923,0.02502595040801485,0.024624662969242574,0.02542641119538671,0.021932490003498673,0.025414895826524585,0.024788892335177948,0.021484826205266365,0.02491820067409446,0.025041978601625554,0.02463353359836499,0.025171166855474103,0.026809123281586918,0.023547740150193,0.01870051792058735,0.02290231721155406,0.024442255356924035,0.026290963406202503,0.024077406060616518,0.02430397217444942,0.028447954855536493,0.024434010656138275,0.024796337560016018,0.03296992032304673,0.02480728880181412,0.02575747209775916,0.023695821604423156,0.02222069894888899,0.02495600750679166,0.023786109471475848,0.025361036320699002,0.024515865816125557,0.02516699797640481,0.024716479531078875,0.025082003767847694,0.02385315730690298,0.02404074867019497,0.024276326395780187,0.03073683437780546,0.024649288790614957,0.023965365221819256,0.024513258011633864,0.024690203729901807,0.024896711829831334,0.024693095308181364,0.023965567150540452,0.022608591966059657,0.025932760231640803,0.026167088780223866,0.021957516976051944,0.03387663683059002,0.029386992195795644,0.02344745254638758,0.02316108259399466,0.02465418619036589,0.022829611691983047,0.02475149120935105,0.02518917434581505,0.023483147822461612,0.025107068627325015,0.024728397744908804,0.028879258902099893,0.023902314750541807,0.02144853301886877,0.02539818964125545,0.02393940057230607,0.020610204196799015,0.02596969871097828,0.02452506184624563,0.01640227916326046,0.018218856104079875,0.02509667792273042,0.024677035977111014,0.027700621454229222,0.023693137426297566,0.02486145937193986,0.02466069726296355,0.02518715313017854,0.023288166493814256,0.024735582493430174,0.024637149478898744,0.02411414546669397,0.024575893382264746,0.021108622624545142,0.02521521791456565,0.024801413434791503,0.023993491322311173,0.0219364642215109,0.02375074558562698,0.024001467262021167,0.027913471028661846,0.024865008621979445,0.02649364008054219,0.01318828906379008,0.023730562070380795,0.02466412682904097,0.023389444654996486,0.02532276237958541,0.025639451654356864,0.02367918541084844,0.02438579270354612,0.024999216605385562,0.03208017744827199,0.02400821289654506,0.025106141978484785,0.0200642327369408,0.023804434992585458,0.02721838526195973,0.024135667185271444,0.02475910309179484,0.024188842475501928
min_1st_person,0.0,0.0,0.0,0.0,0.0,0.0,0.0,0.0,0.0,0.0,0.0,0.0,0.0,0.0,0.0,0.0,0.0,0.0,0.0,0.0,0.0,0.0,0.0,0.0,0.0,0.0,0.0,0.0,0.0,0.0,0.0,0.0,0.0,0.0,0.0,0.0,0.0,0.0,0.0,0.0,0.0,0.0,0.0,0.0,0.0,0.0,0.0,0.0,0.0,0.0,0.0,0.0,0.0,0.0,0.0,0.0,0.0,0.0,0.0,0.0,0.0,0.0,0.0,0.0,0.0,0.0,0.0,0.0,0.0,0.0,0.0,0.0,0.0,0.0,0.0,0.0,0.0,0.0,0.0,0.0,0.0,0.0,0.0,0.0,0.0,0.0,0.0,0.0,0.0,0.0,0.0,0.0,0.0,0.0,0.0,0.0,0.0,0.0,0.0,0.0,0.0,0.0,0.0,0.0,0.0,0.0,0.0,0.0,0.0,0.0,0.0,0.0,0.0,0.0,0.0,0.0,0.0,0.0,0.0,0.0,0.0,0.0,0.0,0.0,0.0,0.0,0.0,0.0,0.0,0.0,0.0,0.0,0.0,0.0,0.0,0.0,0.0,0.0,0.0,0.0,0.0,0.0,0.0,0.0,0.0,0.0,0.0,0.0,0.0,0.0,0.0,0.0
max_1st_person,-0.02279365095863864,-0.02207878549640143,-0.02222907261987875,-0.02218778577463014,-0.02727759218198338,0.00405676698426672,-0.022748088139987584,-0.023560981054279506,-0.02212401815424969,-0.0224639021588925,-0.024716679354636735,-0.0180657591416047,-0.023321933290004378,-0.03595401623187122,-0.021790176077816997,-0.022648314399096883,-0.02980653471237407,-0.02855179531757756,-0.018647180420759274,-0.021131914479914863,-0.021563534077237483,-0.020353072341555423,-0.021090504925153176,-0.02066068265379734,-0.023202350806801737,-0.020475495775460935,-0.024946592528048657,-0.020354712600758693,-0.01745106053310746,-0.026677552371856088,-0.019554854566425514,-0.024516315653102555,-0.017775974534652548,-0.017126411267556922,-0.021527344396204417,-0.022874228792024314,-0.023293704795878285,-0.021726855206500528,-0.03171477549566773,-0.020884260688126776,-0.022269573232825572,-0.016245328167680408,-0.02212574530189138,-0.015330969965030729,-0.02359507762007444,-0.021076885064850323,-0.022069748175322926,-0.022202250201425487,-0.024320587607721173,-0.026252685730934176,-0.021480050656871967,-0.022655654438461126,-0.021599326001108685,-0.01801362359163257,-0.023453898284256328,-0.030496959900610906,-0.025508556301740027,-0.023202631686456733,-0.021439844561891627,-0.01744639474777293,-0.023012730192330348,-0.01891318577267012,-0.022919402159146375,-0.022336608746883223,-0.016095846723598137,-0.02351219905024079,-0.021234953602674293,-0.023497322523647328,-0.023276711974463085,-0.02231947184257458,-0.02226601731871333,-0.020092955277430005,-0.02245096857030828,-0.020539253971355323,-0.02266697585117177,-0.02152072805858661,-0.018074848190105776,-0.023998468355843003,-0.023097884713123944,-0.013314844599570465,-0.028481724933176692,-0.023763326258183,-0.02502892441939806,-0.022791693571025597,-0.02389309217757024,-0.019736840086053663,-0.023222508647145257,-0.022468185767281226,-0.020595249485850065,-0.019902269839203148,-0.025401767006044247,-0.005614142232921785,-0.018478617228275873,-0.022186439972283926,-0.025197471476906964,-0.02266882916825175,-0.02202501199256421,-0.022511393907580324,-0.021428988670651163,-0.027520394953525255,-0.024015181782145765,-0.022874851755423517,-0.011007031993708276,-0.02314420693706243,-0.02579848658676904,-0.017851564130180533,-0.022733328581430172,-0.028419286047137875,-0.02394165121024394,-0.01756253816312031,-0.025399833224665443,-0.02727064278420346,-0.021999754134395318,-0.023777401412641563,-0.016591968267615186,-0.02613103671231576,-0.021308768003627795,-0.022816880297029676,-0.02107264000367759,-0.02431257539503094,-0.022287256082178623,-0.02247854732719795,-0.02466072728397398,-0.022693596255630163,-0.026829665264545957,-0.022388702005284845,-0.022096973818974824,-0.02346999676204608,-0.030228617944336726,-0.022223488267356043,-0.022943624812178345,-0.014394482074218128,-0.02185290175137672,-0.01751872404779846,-0.04002791083744264,-0.019267083647610636,-0.022553779621759636,-0.02337535545860794,-0.020265715288048686,-0.020720995589207133,-0.024244018311585375,-0.02023863507520278,-0.022219309989513,-0.00747946058740933,-0.024481942320119042,-0.017677228389444907,-0.025422652297952833,-0.02495535142631019,-0.016632909283960523,-0.023974189309596092,-0.024940992339383548,-0.016839232893191183
average_1st_person_start,0.03545771141829174,0.03544799348228921,0.03634281241416805,0.03480218140030959,0.03671351466178713,0.034588165482821294,0.03198453604373126,0.03496426551455979,0.03167450651932514,0.034508311424901884,0.03445984322259445,0.03421244606220991,0.03523092192185502,0.03931996719116056,0.03514800130016302,0.03502161523912095,0.038424272313001995,0.033351677454434646,0.03416726692179972,0.033482231416218304,0.03525656653885176,0.03557792230304501,0.03492501858720724,0.035793287087904274,0.035197036945720794,0.03425422639970092,0.03631824167727325,0.03437142820980547,0.03676257435918384,0.0353859829384151,0.02402072241955789,0.0343366337924205,0.038904519869155836,0.03212803867399398,0.03606650085386753,0.032420117604605225,0.036565210029352875,0.023055112706195705,0.03384521727498985,0.033624516573051266,0.03506633897906645,0.017330785883589488,0.035098269855673804,0.03149778048163355,0.03555585571629333,0.036503572353022394,0.03470436959494785,0.03596954586647404,0.03808653448521057,0.03624317861676339,0.03634647030454594,0.035391967165732154,0.035032015824023634,0.03147545323063577,0.03335101325614862,0.033402910416388196,0.039745177515510384,0.03647568504628568,0.034609527453586454,0.03649266928008803,0.033071647885924205,0.03690565484458426,0.03598172597917915,0.035463713209846585,0.03137550205345138,0.034342723918754314,0.033248069194285496,0.0314796939976273,0.03341892178594909,0.03567610021706513,0.03465084707168405,0.033289915072219144,0.03580443597892072,0.03536113213226616,0.03673492163304477,0.03542396315776922,0.032951122181699835,0.03664637942566641,0.03209421866210942,0.020849409885087846,0.025365073625387032,0.03549981902424622,0.036383361063883644,0.035823017783287114,0.033997028155062066,0.04110128732392697,0.03495035505416803,0.03545898852352438,0.03609262542429453,0.03618303215096955,0.036418433484898254,0.022484612067174718,0.0370419647981065,0.03909353209968294,0.03497033014386994,0.03496251648902016,0.02983291471578367,0.03548260991234289,0.0353151690716876,0.03471739720476537,0.031922464959443675,0.03473383105958389,0.03437780958409493,0.035090819622608724,0.037885916161695066,0.037377813736648696,0.03491369132343182,0.04038052131207697,0.03621484374673742,0.03400931986734839,0.031146135054958633,0.03666027465076056,0.03561025377094792,0.036158516182272206,0.03679628299438208,0.036815279175852075,0.03828174464356373,0.03494451024385882,0.03863176243792611,0.03325047966532821,0.035069838124068886,0.03559041658766654,0.033567906842648654,0.03410175050658892,0.03810026571310754,0.034707444142217984,0.0356275674875009,0.035053311589113144,0.036002264612136375,0.03459118697871174,0.03589753468580735,0.037319168970217156,0.03578579490163314,0.03375579870155044,0.023958013168853348,0.03564500334332024,0.0353672091915027,0.036329078347501965,0.03638193194638353,0.03690008017892993,0.036352970151110886,0.03907654534956287,0.036983837156338045,0.038661256100263296,0.03595469441089225,0.03427259146824298,0.04777972226671559,0.028701732069003873,0.032759731610622886,0.03533289969257372,0.03422389428496553,0.037547623220623265
stdev_1st_person_start,0.02285883506885267,0.022160627244814407,0.02297494621882955,0.02242940732938068,0.02127143420788935,0.024290653663669216,0.018347936789577128,0.021545306789428887,0.023149228169359673,0.02015970999388652,0.028474958166137033,0.020716734745363417,0.02205054807572627,0.024243968484084142,0.02036553148276829,0.02197906205224877,0.021547082074426883,0.029019792104465224,0.02524389217528991,0.024466456843071298,0.02253648157988329,0.02133645690743122,0.022157389924196677,0.024003983133981138,0.021979864238116216,0.02345756607877452,0.022842022529177074,0.023403504262958,0.025105687753114295,0.022220268903284872,0.013033241909440026,0.022902763865601083,0.028388444601721546,0.017709188393819318,0.022823909578426196,0.024557845228366692,0.021467171728785126,0.010469024940242298,0.013528841775257146,0.023409489504746372,0.021258112810132658,0.010291643183725501,0.02274833784964507,0.019880594157697745,0.02087036257736833,0.020204623358069815,0.022583022887158796,0.023584894464855587,0.02433301427706793,0.023907883723142682,0.02298599859820344,0.02248568384813397,0.02302333533402901,0.01693421599763785,0.022257091329174798,0.020387451455551105,0.020894306489534047,0.021704460832128854,0.020839464021416107,0.026256595029746352,0.022152550501111583,0.021029106260630613,0.0226082810584644,0.02256784418938807,0.017047533361532294,0.02293787158217659,0.019163631343017136,0.022005323564898538,0.01805860534997506,0.023011110375777768,0.021331855160077406,0.022091758958729467,0.021220069618364645,0.02313275215080333,0.023923375724591002,0.020998058318727864,0.017961537345263498,0.02187422381107506,0.021955525598329445,0.03558504698242901,0.0161529805192754,0.02240361600179939,0.022187376941385506,0.02238270721701023,0.02341850150185256,0.03350647306286707,0.022690216549372946,0.020157777927121187,0.02339070200869746,0.023634699658087198,0.02359773528492333,0.014476890476900435,0.021638704985476497,0.02270568141960427,0.022553760503469984,0.022262722794888015,0.012118806068506124,0.02246476315437892,0.022032719014443397,0.02303071434948619,0.020470462869668922,0.023102732875897394,0.01983032006557827,0.022191059950091067,0.022402919006782214,0.026550135089170524,0.023750710962718496,0.026987286589154176,0.012307051066373349,0.02264090239699671,0.010671143667453468,0.023833562261796566,0.022521345096461337,0.023204454505949268,0.022288416803417994,0.015567943934477453,0.01904093880372034,0.023076843959944526,0.025187733060624558,0.020958006248861884,0.022295618124203973,0.02251120973478095,0.018033744693748556,0.025664834977046178,0.024314952035848617,0.022153638924207002,0.02277176467154464,0.022455417271165692,0.022623047563410402,0.01844586893707865,0.023810607951876457,0.024684135443587184,0.02252781632858321,0.023238028059548,0.015498946164516797,0.024251673044793372,0.022520205623096805,0.023252266383818814,0.02404931370569329,0.02218657561168068,0.02201085793932768,0.024893799091087396,0.02297496292457884,0.023080893762477496,0.021699916636283824,0.02090959691804633,0.023657232820340723,0.019917540409555526,0.02035985308552856,0.023350543465038044,0.0231417873519689,0.017437732365055417
min_1st_person_start,0.0,0.0,0.0,0.0,0.0,0.0,0.0,0.0,0.0,0.0,0.0,0.0,0.0,0.0,0.0,0.0,0.0,0.0,0.0,0.0,0.0,0.0,0.0,0.0,0.0,0.0,0.0,0.0,0.0,0.0,0.0,0.0,0.0,0.0,0.0,0.0,0.0,0.0,0.0,0.0,0.0,0.0,0.0,0.0,0.0,0.0,0.0,0.0,0.0,0.0,0.0,0.0,0.0,0.0,0.0,0.0,0.0,0.0,0.0,0.0,0.0,0.0,0.0,0.0,0.0,0.0,0.0,0.0,0.0,0.0,0.0,0.0,0.0,0.0,0.0,0.0,0.0,0.0,0.0,0.0,0.0,0.0,0.0,0.0,0.0,0.0,0.0,0.0,0.0,0.0,0.0,0.0,0.0,0.0,0.0,0.0,0.0,0.0,0.0,0.0,0.0,0.0,0.0,0.0,0.0,0.0,0.0,0.0,0.0,0.0,0.0,0.0,0.0,0.0,0.0,0.0,0.0,0.0,0.0,0.0,0.0,0.0,0.0,0.0,0.0,0.0,0.0,0.0,0.0,0.0,0.0,0.0,0.0,0.0,0.0,0.0,0.0,0.0,0.0,0.0,0.0,0.0,0.0,0.0,0.0,0.0,0.0,0.0,0.0,0.0,0.0,0.0
max_1st_person_start,0.03962614657569482,0.03802811010102576,0.03946088413822263,0.03957266979290597,0.037046419602526054,0.0268145346893369,0.03770036678396439,0.0368973470960511,0.043146418277266695,0.03759852398392279,0.046082697091983676,0.03597430907136833,0.03846397512587217,0.03971024997018536,0.03661664767217716,0.038643281419084866,0.03598243814390063,0.04425851629633606,0.044247816295390034,0.044141643866872485,0.03955935300521264,0.038319710120696175,0.03669585028625051,0.041523764655666116,0.038634010454636554,0.04410616042419595,0.039891088217487915,0.040604534125241114,0.04353834297090816,0.03783147361579853,0.03304079154782255,0.040204755567626274,0.04591524174953105,0.037525378582191266,0.03829085481538913,0.041097553947249024,0.03753227965571278,0.030027364196111454,0.024695024162193095,0.043176560809244216,0.03833186919355419,0.0291136603265583,0.039714686551322466,0.03278385958944589,0.03842388703966765,0.03508255248592788,0.040066123110929455,0.04002655056201432,0.04328172752919866,0.04431707967647679,0.0389999688254192,0.03922069768921718,0.04049794398713035,0.03210184873886636,0.04068654303819266,0.036360236555156834,0.032045815032148095,0.03767671205878655,0.03754882272788546,0.042127748433674464,0.04073709435198185,0.03838817004844126,0.03933870535758313,0.03926978624255854,0.03530169148655461,0.039866954215072734,0.035088707190663926,0.04081398099497702,0.034611975602919454,0.03972420309370641,0.038643680290302546,0.03859273472608928,0.035699527458914825,0.04001410935351502,0.04020866001838554,0.03806048500242693,0.03938605711605648,0.03804233411478743,0.040798903218267804,0.05382169058315438,0.03003371736331664,0.03949278474141599,0.04029710743765043,0.0391984528859132,0.03999471965874784,0.05153638323167362,0.04016343614836181,0.03900968236321006,0.04049344200055345,0.03682812603229233,0.03867600254379908,0.03878939916706335,0.03595081756060309,0.03848288256041291,0.03928293241022064,0.039265780426064045,0.02229957060404386,0.0390509018807532,0.03898846559500191,0.03745611754757132,0.036076478780217656,0.040199243869973006,0.03752860537963391,0.038243428739486315,0.03897624968991287,0.04310373379504497,0.04244004249924868,0.04217126917048396,0.024556870677110133,0.04138407076902612,0.024931056855397926,0.03967061302738997,0.03895962523297139,0.04039303873064913,0.03862571064847238,0.030315270431114878,0.03604484962896541,0.039644815474343675,0.04006183990360127,0.036608965794418954,0.0390104085264834,0.039374735192853116,0.033164330549849755,0.043177974226229834,0.03887885065354037,0.03986745915857328,0.03921667880475495,0.03864205114014212,0.03589841351239455,0.03450434676179853,0.04082837322554224,0.04233864556772119,0.03927180129281778,0.04149430178170807,0.033025302038983954,0.0390908023189116,0.03929650452372146,0.0399640477650561,0.04406253086609901,0.037825557781125965,0.03628725871814886,0.036271120839417845,0.038616097475692,0.03556145022807885,0.03835756592028389,0.03899938273309385,0.025564437204221385,0.03822686589575356,0.03882998318656135,0.04105330070050559,0.03934202895458009,0.033368182250537566
average_2nd_person,-0.02261047133184842,-0.02245130021831841,-0.02229455884254885,-0.022425757475862545,-0.020813086207933373,-0.010143728821199446,-0.021923256729362593,-0.021481869635787312,-0.022071046227044436,-0.021811673116890747,-0.023537737838556803,-0.020051932569287098,-0.022250513418107562,-0.025040832339090883,-0.023539859492497286,-0.022778988021866543,-0.02008140563527697,-0.025286351496984445,-0.018608862723964455,-0.02169395843735393,-0.022729742248839946,-0.02186306030204676,-0.019636897350819624,-0.02468869992605035,-0.022714333803038445,-0.020235598995206727,-0.024283172061736143,-0.022342602424002475,-0.024010724303307668,-0.021150078909951804,-0.024454098745034444,-0.022436793755424102,-0.022034760557326394,-0.02014317507429962,-0.02302576161685133,-0.021291206478638157,-0.02490858739092781,-0.02673135717974197,-0.016917674710610203,-0.02389570208326273,-0.020775794021615945,-0.022808382451046605,-0.022244908766797654,-0.02244073397286144,-0.022289658005519377,-0.020338577890813017,-0.023601289667562406,-0.022613677761242516,-0.02139674508518566,-0.024937899687990223,-0.02081021581231946,-0.022624880484693317,-0.021399528546146,-0.02271860470368963,-0.019906925334701522,-0.021572361367066306,-0.022778870116355508,-0.02393840199094574,-0.02133248773831014,-0.019627233091958213,-0.023367943160897884,-0.022945329400309668,-0.02294630371400849,-0.022707507104861552,-0.02137087456599772,-0.02326837988185806,-0.022319137463837527,-0.022973515978127957,-0.02333813008493546,-0.022547370698972675,-0.02207212889410494,-0.022266330250110367,-0.021713140208844663,-0.023044142046949836,-0.022804737022146748,-0.02344157650689083,-0.022998905872237126,-0.021271466804162892,-0.022908300775454325,-0.02365917124629563,-0.012063192828543397,-0.0221612535202219,-0.023216826253032386,-0.022587510985965488,-0.02256926272543687,-0.016402655153981368,-0.02272260094504924,-0.020629934251114666,-0.02297853929706497,-0.02050167343321888,-0.021402508071988957,-0.021010210488546198,-0.01828457462355365,-0.021167420942300272,-0.02207928198144246,-0.022701505583116986,-0.020568572327444683,-0.022634113152958713,-0.02203520746207189,-0.02183444215777,-0.019627974037067435,-0.02323861217546886,-0.023643466200935485,-0.02156550542612483,-0.023819800136179216,-0.023716908674280827,-0.022759720187894305,-0.02406556064676987,-0.025756476695387713,-0.022919613113782857,-0.011004242507330569,-0.02318205732714002,-0.021390223226603805,-0.02235905567095002,-0.02253829281670077,-0.024325591324610346,-0.023109215323407435,-0.02347872483448225,-0.02216162635089983,-0.02281865080454442,-0.02238990809460918,-0.022536681776708076,-0.023339307528795213,-0.02280608978669483,-0.0230056749085341,-0.022946852617251483,-0.022573701374165617,-0.022354307249247765,-0.023968250074173823,-0.02383382131534676,-0.022514716517518924,-0.022200570904630307,-0.021879979713234167,-0.0210470136004575,-0.022298926803565183,-0.01684661483595974,-0.02259814361197164,-0.02256536769600515,-0.022725833427206986,-0.022332315074402677,-0.02168529463479294,-0.021519091701479174,-0.023018060954729073,-0.01621377161885781,-0.023161101711313917,-0.023007721839224622,-0.020719960076887846,-0.020712753514458702,-0.023005881357765497,-0.02284373057230727,-0.022213803924924804,-0.019475443581817888
stdev_2nd_person,-0.005230862568395139,-0.0047199731750170275,-0.004633399498894514,-0.004436570159836973,-0.00694971642305924,0.005961124997953943,-0.005621113704760469,-0.00776885370705914,-0.003959668747509082,-0.005642745571135066,-0.0009027803881012583,-0.003137575975667096,-0.00424015018751555,-0.006168698147416432,-0.0033322664016334075,-0.005076668276301821,-0.006133583569917615,-0.023082105520816333,-0.008592850640325726,-0.005610979256093291,-0.004889352246945191,-0.004954057826849635,-0.0027130867027404665,-0.005075276008554055,-0.004527129984941099,-0.00843968101908831,-0.005771458623430075,-0.005418993966634037,-0.005626241512185791,-0.003947035032985036,-0.004271844922471013,-0.00557360545353848,0.0004439906427285336,-0.003513947269901594,-0.005055497851758153,-0.0011443947510430368,-0.008259295562159,-0.004953934165873211,-0.0016711181000374498,-0.004886256980390994,-0.004467171729749782,-0.007469035058057903,-0.004613560531222541,-0.0005617184495950254,-0.005340378903879114,-0.006803650977453326,-0.006070502714761804,-0.004974030018177027,-0.005893625841263236,-0.007486409106157877,-0.003276672462399516,-0.0050029962952615956,-0.0039146940413143025,-0.00507623657182627,-0.0040669434365965505,-0.005530436028835977,-0.0143591214234188,-0.006190018483802169,-0.004187120008015112,-0.0055975243109390345,-0.006090791269150244,-0.005003649093245834,-0.004967722321221493,-0.005134249842936551,-0.01282169601121393,-0.0058424669460413435,-0.00518726798322976,-0.004576029716972815,-0.00858481626929093,-0.005085087858158373,-0.004786655276711181,-0.00570295267868722,-0.00527689490617593,-0.005131072949656066,-0.005644513960069705,-0.0056581175841944,-0.009400222176930173,-0.0037867186580164587,-0.0040215400752514514,-0.008804926067280675,0.0033248802519514307,-0.004683463960865997,-0.004801162484738809,-0.005110114542484006,-0.0048753093904704056,0.0031678476545321625,-0.005307950739165965,-0.002753599625741534,-0.004696725443310266,-0.005774260422058985,-0.004188921057833497,-0.0031787219223329034,-0.004840238302052633,-0.00238413806313003,-0.0033447303205087382,-0.004954131278174859,-0.008031790257698517,-0.004930651477230704,-0.003950759450250132,-0.005523995584085128,-0.003448537010534849,-0.0055823482072589956,-0.008402051332391695,-0.004837441565622772,-0.006539565671722045,-0.00844257149134468,-0.005321009840161844,-0.0065562230779282055,-0.0024180644463198658,-0.0033053980607000537,9.345233513747414e-05,-0.004107038141304227,-0.005142057184411148,-0.004227897265865258,-0.0069146000022718805,-0.0018959563730407622,-0.006105467523308827,-0.0057401440916333025,-0.003841221902039789,-0.005224183544183296,-0.004796468968921511,-0.005172944905644378,-0.0038463197016736575,-0.004168210276787938,-0.0049521377926117285,-0.006064277123127024,-0.004888731797478105,-0.0055285369824867245,-0.006193512383995806,-0.005692760263469349,-0.0043538386690947836,-0.004934605924220119,-0.00484548951133546,-0.006707690583199321,-0.002560939222234245,0.002829808242391558,-0.004875140734258106,-0.0062813463976409845,-0.007456328672177184,-0.004325674112196995,-0.0038285735397140027,-0.006755337147932581,-0.006359883702347269,0.00786388557384931,-0.005805948462632729,-0.003654863352741188,-0.004796528258869365,-0.005300542237788657,-0.006037468733999239,-0.00463640184780649,-0.0037770201803951284,-0.00634233044299564
min_2nd_person,0.0,0.0,0.0,0.0,0.0,0.0,0.0,0.0,0.0,0.0,0.0,0.0,0.0,0.0,0.0,0.0,0.0,0.0,0.0,0.0,0.0,0.0,0.0,0.0,0.0,0.0,0.0,0.0,0.0,0.0,0.0,0.0,0.0,0.0,0.0,0.0,0.0,0.0,0.0,0.0,0.0,0.0,0.0,0.0,0.0,0.0,0.0,0.0,0.0,0.0,0.0,0.0,0.0,0.0,0.0,0.0,0.0,0.0,0.0,0.0,0.0,0.0,0.0,0.0,0.0,0.0,0.0,0.0,0.0,0.0,0.0,0.0,0.0,0.0,0.0,0.0,0.0,0.0,0.0,0.0,0.0,0.0,0.0,0.0,0.0,0.0,0.0,0.0,0.0,0.0,0.0,0.0,0.0,0.0,0.0,0.0,0.0,0.0,0.0,0.0,0.0,0.0,0.0,0.0,0.0,0.0,0.0,0.0,0.0,0.0,0.0,0.0,0.0,0.0,0.0,0.0,0.0,0.0,0.0,0.0,0.0,0.0,0.0,0.0,0.0,0.0,0.0,0.0,0.0,0.0,0.0,0.0,0.0,0.0,0.0,0.0,0.0,0.0,0.0,0.0,0.0,0.0,0.0,0.0,0.0,0.0,0.0,0.0,0.0,0.0,0.0,0.0
max_2nd_person,0.004227285146249014,0.005129408331708083,0.004938249886118216,0.005221193523944092,0.0007466592374660366,0.014175334566263256,0.0034204661674402705,-0.0011212196854694413,0.004985214423077604,0.0020609271461308545,0.01127608657511971,0.0061756661642455475,0.005425797083481686,0.005683873817799804,0.008065242796743673,0.004108673179861726,0.0016366631572866629,-0.01848952506022455,-0.002982744913933355,0.004110060230686901,0.004734455967517495,0.00416145328948379,0.005629328366328797,0.00620009011891128,0.005410079497685873,-0.004575486083534575,0.004484178774673194,0.0037816955565232353,0.0048895771115898025,0.005745754682807377,0.006895959698983982,0.0030964200074558978,0.012518572752556687,0.005039740033238808,0.004926681188141251,0.007845113170499927,0.0022391320736876476,0.006190026581300691,0.005340308457742702,0.005357587918765713,0.003093806740884721,0.001337794202760272,0.004773166663948853,0.011486863986121141,0.00406373111353288,0.0028504563229346837,0.003300088633982963,0.004320490307382437,0.001672027659546639,0.002673195207514833,0.00464526233730134,0.004477180785176404,0.005218633172638501,0.004598852142674987,0.0048009201246059195,0.0033027539288252826,-0.008590368701368546,0.0022111278591999996,0.004754592165431585,0.00041235945774634533,0.0032663075992676177,0.004924879695604704,0.004780082722655994,0.004356723094807027,-0.0068305831052175355,0.0037435843014755332,0.004316153834272397,0.005189450454749143,0.0006543258969776665,0.004218073519313317,0.0045051904847851505,0.0032841759289660225,0.003411044836450508,0.0038251837173655136,0.0038398344462573022,0.004205779356677078,0.0010032157277630079,0.004883753966310177,0.00635515642475748,-4.86862708401585e-05,0.00927282590882001,0.00390480810051929,0.006476253822403855,0.0042692859476676295,0.004968410077218585,0.012093535697107687,0.004014475183572064,0.005136335017284091,0.005634785619726471,0.0033437797056445687,0.0051268778198738756,0.007576728554968687,0.0007310653543909224,0.007674571544095886,0.006335021812802582,0.004533635026685891,-0.0016748539313624876,0.004599432147789864,0.005806340198605937,0.0033644104381391846,0.004852217550528096,0.003944575508384033,0.00034832423000809645,0.003893752679483527,0.003347008705797648,0.0005610450469240684,0.004475609408717468,0.0032542467229190776,0.011983923095409119,0.008353732701397165,0.0036942514577177916,0.005990288219582451,0.003898091957104083,0.005728545972773289,0.0022823659275480815,0.011512632524649975,0.003339703559697609,0.004084987395807703,0.00611992392552756,0.004695577001224662,0.0046114187036520975,0.0041063032324568545,0.008392271797099261,0.005842797370310121,0.004319005577327478,0.0030351150393192403,0.004663471008214168,0.0030257910454405245,0.0026063752833790504,0.00498716311877484,0.005017893153774213,0.005839336229832032,0.004148805769975179,0.0011209012885075777,0.008497262982179309,0.011970940062961517,0.004636656202135013,0.002522713183126437,0.0007541630129719746,0.005834285862652593,0.005479695672939329,0.001150808947625842,0.002694319900372149,0.019366426718852532,0.003801276410602312,0.0069953168076347,0.009095374234549997,0.0033791744156743755,0.002963672425563923,0.00501083408249655,0.006476394458913138,0.0010644416158935629
average_2nd_person_start,-0.031122862325946136,-0.03198224806228085,-0.03112002593494264,-0.03129236464112437,-0.029184880880060094,-0.026957060828560683,-0.0318413088330502,-0.03259649163205535,-0.03059829193911835,-0.033900028066082,-0.03099920659235345,-0.030186413253697142,-0.031148151496510866,-0.02444923655083409,-0.03177939044776421,-0.031823352306704106,-0.03472329763115866,-0.03765921730421757,-0.029973731660077326,-0.030345413202217356,-0.03149623498095121,-0.030498024281458494,-0.030423063346369832,-0.0311127940889239,-0.031013306884944646,-0.03212061826134385,-0.033939309489428776,-0.03144293547142844,-0.030431046089048338,-0.0330153385387201,-0.03553397493444219,-0.032257411970230104,-0.02566376967159815,-0.03102158892761296,-0.031517851498133,-0.025951352581163,-0.030200410603850245,-0.028307594487144476,-0.027517749995227943,-0.03166854812923205,-0.03204177658870966,-0.03296844867426296,-0.031150862928346852,-0.02214057094085501,-0.0327668029846467,-0.03125499821153667,-0.027165047284082502,-0.0307179599580567,-0.033913839017566436,-0.026479045024785992,-0.03093836274807424,-0.031206283084059722,-0.03150286874679497,-0.030140816461094434,-0.032740335735278535,-0.03449624498427102,-0.028413558758168752,-0.028614473628979342,-0.030550586805649364,-0.032694657023031,-0.030851536575747397,-0.03126173267637926,-0.031085055935892152,-0.03112988060476576,-0.0362132902679873,-0.03154557789884403,-0.031656393458169306,-0.03046877697852763,-0.03147333420500156,-0.03135678138129317,-0.031861585534357854,-0.03335691155500559,-0.029924826030827703,-0.031929289974470955,-0.03151262207464577,-0.03039307866225326,-0.02999699026625598,-0.032081526643371445,-0.029908758203788483,-0.028980024666037527,-0.036769512522216864,-0.03149302157496249,-0.02995405892333439,-0.031053004067456993,-0.03059411090493874,-0.024454626156381387,-0.030667105729557744,-0.02987882909553753,-0.0289772019911007,-0.03387417005614374,-0.03246337826017122,-0.03023607633264535,-0.030018779092503816,-0.02936746587706193,-0.031197091932278494,-0.03128963806361255,-0.03386605743873619,-0.03128803453230705,-0.03189777056730522,-0.03157709711710841,-0.029624666986240455,-0.03073874731621245,-0.029747155046312538,-0.0307120524994617,-0.029904089035916105,-0.032805933367566126,-0.030285783761206858,-0.03415124039435283,-0.028068820189241513,-0.03088546784949942,-0.030533202724392403,-0.029007157684055773,-0.03189106416198443,-0.030141806461391724,-0.03079961843578846,-0.03051648948076119,-0.03212433554468473,-0.03152566929486086,-0.030141745802440587,-0.030418834272887295,-0.03100674674838445,-0.03111255152614047,-0.032999142536500686,-0.030292011098564196,-0.022983225711270847,-0.03061608033384,-0.03129392969628968,-0.031091306979975246,-0.029141547871226622,-0.032860547587144594,-0.03125925409574117,-0.030206880634656097,-0.03117663223143144,-0.03307071168128721,-0.03821443064094274,-0.026286731521130098,-0.031210114637016378,-0.030980285361669784,-0.03131351823045358,-0.031762413709663595,-0.030703777984583628,-0.030080106077094295,-0.030006125309489293,-0.03149410447428858,-0.03565801771613664,-0.033428221564768254,-0.028287687369680015,-0.033783709068939294,-0.030544585353813426,-0.031076405347607985,-0.030450532140937375,-0.022318506612498307
stdev_2nd_person_start,-0.035842350617604275,-0.035789878547585405,-0.0360535566793246,-0.03580102578353886,-0.036471646949675626,-0.028894654402778653,-0.03713417645184,-0.03786499889602127,-0.03600422668199188,-0.036520080118835126,-0.03697152508810202,-0.03460412668178748,-0.035795568255202026,-0.03555080004196002,-0.03591003540594437,-0.03615531921555763,-0.03707521022958434,-0.03895188692218132,-0.035523073693108184,-0.035897355907029714,-0.03606819460327711,-0.03613038021986879,-0.03584858378525493,-0.036024367553160075,-0.03591392571047792,-0.035252602304633965,-0.0364553537382662,-0.03565545528292971,-0.03550920037369915,-0.035734260222730796,-0.035439636392694956,-0.03612566479850128,-0.0296615282147177,-0.03679867457521214,-0.036234232745091785,-0.03272383912176788,-0.03196531619439891,-0.037372735831917046,-0.03034590141604769,-0.03767650057250822,-0.03664486401088867,-0.03715204174819086,-0.03581081123319801,-0.029797238832969218,-0.03727522294355879,-0.034224776206012684,-0.035197078795663556,-0.03552690707648608,-0.03788684522261558,-0.03586951908103793,-0.034925615153702246,-0.03595972869978604,-0.03589047131823175,-0.03473072277356422,-0.036776563802413995,-0.03722040950933179,-0.03604752342574258,-0.03624507817515586,-0.03595273779743996,-0.03664692482527589,-0.035939388073408816,-0.035828719350833815,-0.03582405582040862,-0.035961916730602055,-0.03667275144153097,-0.03626946527310041,-0.03630833400981656,-0.03589376421825359,-0.03500316323406486,-0.0363975761169258,-0.03587355125657531,-0.03723787559425438,-0.03644855880676112,-0.035759610938563495,-0.03614376456662048,-0.03557622406344706,-0.03564586483772276,-0.03693364383558398,-0.03531908657943308,-0.03274386414220041,-0.03857372107397175,-0.036072075317308286,-0.035015429265777026,-0.03618717029258762,-0.03598875497692891,-0.030210295651618015,-0.03581352853241851,-0.033463115417515205,-0.035415161272123075,-0.033485350326468155,-0.03859324975438175,-0.034980567148146305,-0.03541762415426415,-0.0355529053746928,-0.03595009166417869,-0.03602193617358933,-0.03139000126290469,-0.03597190031568996,-0.036248643824291035,-0.035969388013121585,-0.03477644922074344,-0.03555978160620627,-0.03280850587826175,-0.03600880922794949,-0.03429055921171549,-0.03795257602267611,-0.035207627067833196,-0.03793574872041629,-0.03466429812454441,-0.034557333961955344,-0.03467951340081829,-0.03399998634960537,-0.03636854004490221,-0.03514059434434935,-0.037905433905873746,-0.0357751792320991,-0.03672187192337074,-0.03558454587170584,-0.03528145048605416,-0.0367701041316065,-0.035788470663251686,-0.03587421290757478,-0.036451131207544334,-0.034801049271037617,-0.029119815904349235,-0.03569037104164198,-0.03591896809175844,-0.03637672017867844,-0.03543783023762327,-0.03575927249415956,-0.035934618276262195,-0.035778864762152376,-0.03557806454106229,-0.03611425688952826,-0.04033249741295533,-0.03342569686896349,-0.0360040484174404,-0.036703567535739154,-0.036566354464396975,-0.03606223607592285,-0.03508513601711201,-0.03520644529658618,-0.03546708183345379,-0.033868429426834004,-0.03774630616221594,-0.036177181591877966,-0.029486665425579425,-0.038700973686314546,-0.03466356692100913,-0.03638863767616372,-0.036422599645045746,-0.028747945842179313
min_2nd_person_start,0.0,0.0,0.0,0.0,0.0,0.0,0.0,0.0,0.0,0.0,0.0,0.0,0.0,0.0,0.0,0.0,0.0,0.0,0.0,0.0,0.0,0.0,0.0,0.0,0.0,0.0,0.0,0.0,0.0,0.0,0.0,0.0,0.0,0.0,0.0,0.0,0.0,0.0,0.0,0.0,0.0,0.0,0.0,0.0,0.0,0.0,0.0,0.0,0.0,0.0,0.0,0.0,0.0,0.0,0.0,0.0,0.0,0.0,0.0,0.0,0.0,0.0,0.0,0.0,0.0,0.0,0.0,0.0,0.0,0.0,0.0,0.0,0.0,0.0,0.0,0.0,0.0,0.0,0.0,0.0,0.0,0.0,0.0,0.0,0.0,0.0,0.0,0.0,0.0,0.0,0.0,0.0,0.0,0.0,0.0,0.0,0.0,0.0,0.0,0.0,0.0,0.0,0.0,0.0,0.0,0.0,0.0,0.0,0.0,0.0,0.0,0.0,0.0,0.0,0.0,0.0,0.0,0.0,0.0,0.0,0.0,0.0,0.0,0.0,0.0,0.0,0.0,0.0,0.0,0.0,0.0,0.0,0.0,0.0,0.0,0.0,0.0,0.0,0.0,0.0,0.0,0.0,0.0,0.0,0.0,0.0,0.0,0.0,0.0,0.0,0.0,0.0
max_2nd_person_start,-0.02777711949593356,-0.026830278757448128,-0.02807512664351068,-0.02749517422742731,-0.030219934193889686,-0.017734142825839374,-0.029302796632963948,-0.02902959845477721,-0.028091298793265936,-0.02682115661348892,-0.028256711146336936,-0.02677068961802284,-0.027891295837942295,-0.03662225858195608,-0.02725624266992616,-0.027578722206713993,-0.02610779998316881,-0.02853547665717649,-0.027717251224764063,-0.028934947467807393,-0.027710782374276995,-0.02836628788812507,-0.02833296297589122,-0.027858769964945497,-0.027923261746381357,-0.025718094701203655,-0.024185446990644698,-0.027114680096532392,-0.026584563798996114,-0.026201202082635863,-0.02172681091961124,-0.027016505400720238,-0.022961014659786106,-0.02820646744147865,-0.02796498048198091,-0.026374406382916472,-0.024126054794252717,-0.03342851833890072,-0.021657441855705173,-0.030900961488611857,-0.028308324800655302,-0.027287484300075385,-0.027669038766474974,-0.02731358429583066,-0.02908779442409238,-0.023734014586730467,-0.029518510939483163,-0.027571722425318055,-0.02799705386133591,-0.03643095332642424,-0.026495469034207183,-0.027827213124859376,-0.02731140580404827,-0.027659755695740758,-0.027605653542275572,-0.027470809926173945,-0.02955149472720925,-0.03217081681195821,-0.028315066369589876,-0.02721330880577777,-0.027958071738315264,-0.028355144208480815,-0.027789797908097283,-0.02784372246195048,-0.026995090270262506,-0.028005094386641612,-0.02777425082336276,-0.028346482006980287,-0.026478841005442053,-0.02842758189268286,-0.02673464713342364,-0.027364420185219344,-0.029845807852861353,-0.026842067289199585,-0.027972455174527663,-0.02794517372886863,-0.029375885260305587,-0.029230290696602462,-0.0277252730870085,-0.02526202178095334,-0.02863767602401392,-0.02752357862808187,-0.028354180405081593,-0.028405218690216984,-0.0284157233910526,-0.024015457857328597,-0.028160111020481788,-0.025979863018794236,-0.029857100736100966,-0.021156088664224082,-0.031351010020874814,-0.02568253385763942,-0.028498508426440104,-0.02825045982518072,-0.02820068081859834,-0.02788382446350867,-0.01857060223146741,-0.02776440383880125,-0.027951951251677536,-0.02738510174132107,-0.026849926439211837,-0.027550371888104438,-0.024651161468656202,-0.027934541863186425,-0.026995811486634602,-0.029532727087904734,-0.0270883192378478,-0.0283706164612156,-0.03071687578154304,-0.02448447512928477,-0.026281714172813657,-0.026008669439713923,-0.027908528269550335,-0.02738923187955655,-0.029729350710604216,-0.029736392541456717,-0.02822941737011344,-0.026878057471858563,-0.027677552720551828,-0.029936551529105092,-0.027718759712867705,-0.027873054306657395,-0.02712091165122824,-0.026796357109802646,-0.024735022229360942,-0.028441234311233136,-0.027680228626952748,-0.02844491983771589,-0.029860162436612388,-0.025577518890008255,-0.02775478398719413,-0.02873842207567514,-0.027334800407011466,-0.027226558589643363,-0.02711598361497524,-0.02887291213984701,-0.02788999916569439,-0.029470141020548964,-0.02877410106213511,-0.027419979533990793,-0.027233560036090107,-0.02634616215817488,-0.028190656522138542,-0.024832100598258078,-0.028778941563415067,-0.026194757850118898,-0.02199991602017295,-0.030246690291064485,-0.026960343917513892,-0.028422550219543166,-0.029662889823239464,-0.02599983246782782
average_indirect_greeting,-0.022783984221695478,-0.02306998137562523,-0.02279324215089929,-0.022857131387994542,-0.019515327341376187,-0.030036940266994216,-0.02159720829360564,-0.022760687570869537,-0.02358414501811485,-0.021086229476399602,-0.021720524285497676,-0.022839497281339258,-0.023117413994374964,-0.02356558119191141,-0.023098165791402635,-0.02306716513246832,-0.02175466774899843,-0.020030456161129296,-0.022381773785278728,-0.022953683354919284,-0.023193691733142195,-0.021588334968324376,-0.021616688361964162,-0.022589023154526763,-0.02297731002906404,-0.02413176879539141,-0.028793020116371977,-0.02331557059170986,-0.023888657568815534,-0.022524510295396396,-0.02660861383033437,-0.02279391962728197,-0.030489102722920877,-0.023554862952202944,-0.023014491712688608,-0.02195819719776155,-0.02303315118402451,-0.019772679592773217,-0.02106860812912497,-0.02297883338918776,-0.022105703102820347,-0.020208695107984804,-0.022692454989969447,-0.02019511673041748,-0.02188011615138978,-0.017265419011420514,-0.022624299540924035,-0.0236493769261579,-0.023691351884577883,-0.022941711692617744,-0.02157656441713706,-0.0227798455037475,-0.022866783484025967,-0.02526201237578146,-0.020779843689980978,-0.023733213834055415,-0.022688917831677934,-0.02176582287432584,-0.022081143164239966,-0.02377015579220602,-0.022127899710569564,-0.022547933544801307,-0.022920627791786958,-0.022743649535140992,-0.023455724551979105,-0.02291076057323262,-0.021225993290236354,-0.02243427231700764,-0.022492510579274868,-0.02293481113217422,-0.023517588288041527,-0.022954945151068655,-0.02153502999114598,-0.023115945674227655,-0.023102633792221366,-0.02348589240062554,-0.018831481902046608,-0.02131946879127893,-0.023124847730811828,-0.011682931901169424,-0.01939672926377308,-0.023146223985694686,-0.024831269469346544,-0.023014854772915493,-0.02365995678353952,-0.025849503667864673,-0.023132570237073966,-0.024532556983807203,-0.023300221626213567,-0.021853837445063654,-0.022256847409520303,-0.017925500903096605,-0.02133613795180315,-0.023351135337978925,-0.021966793252754992,-0.022850954818078292,-0.02206709830743893,-0.022717172224392082,-0.022820439266065282,-0.022452712147350673,-0.02025701076027256,-0.02319710353531353,-0.023369385950736135,-0.022680655981569597,-0.02206315821125311,-0.01992956223907493,-0.023159249110973012,-0.023651750959302182,-0.02340605149471059,-0.02454556040620898,-0.019091373694357098,-0.02355698218701519,-0.022524481739680153,-0.02281160150277926,-0.02444094361304557,-0.025385329093709906,-0.02262788235153585,-0.022206118622626024,-0.02135139605494819,-0.02100895665886308,-0.0226538373926611,-0.022795647905292933,-0.02337015938959709,-0.02336461006552802,-0.02170607615807501,-0.02173663389045291,-0.022978153345519753,-0.02264613343846798,-0.02250886625254228,-0.022429609816681587,-0.02304855618479559,-0.024010368608086582,-0.02280596247146381,-0.020143507524366236,-0.02048216431576356,-0.02118775418280526,-0.022792216131680147,-0.022971860509742075,-0.022897791444521875,-0.02261840636606565,-0.023341221971928786,-0.021143532484110363,-0.02228329819111142,-0.025193158421487907,-0.022259178286815336,-0.022700390630822274,-0.024024367790512105,0.0044015315188318735,-0.02357207143674881,-0.022453413573916454,-0.023635227121418672,-0.0223013660527182
stdev_indirect_greeting,-0.014669660193369035,-0.014781688026855994,-0.014795656404001323,-0.01490460099363234,-0.012835223599216522,-0.019836277484089525,-0.015282582432330445,-0.015075611465408211,-0.015302985776820962,-0.01476522852270749,-0.014440410521202592,-0.014767978466272409,-0.014905442377422449,-0.01575161149689572,-0.014703592610670117,-0.014890077406900404,-0.015095913664900972,-0.013735818925963351,-0.015818179787449652,-0.01568061667827069,-0.01494034329667177,-0.013862709723207096,-0.013892803896902471,-0.01449492996724333,-0.014864409211805723,-0.015406574758238478,-0.012255391842706584,-0.014976705332129091,-0.014660786092755779,-0.014501672181921211,-0.013959432095299127,-0.014803651219549826,-0.017976190451921673,-0.01553767521575226,-0.014935333017836462,-0.01407353768221935,-0.015101943544091185,-0.013738367991667678,-0.013864024797503632,-0.014512634123203062,-0.015044308316379566,-0.013385710665793442,-0.014579451613461657,-0.015624191505645701,-0.014677782465562342,-0.014359263093795486,-0.014712379669982116,-0.015283220433191747,-0.01635109483017431,-0.0146902296842387,-0.01463815179034504,-0.014765203192608888,-0.014915988249005538,-0.01544762871168282,-0.014566089075608166,-0.015007199887396174,-0.021329842798440423,-0.014247636085619138,-0.014388015252413101,-0.015318043487794687,-0.014460637801917444,-0.014462039127493519,-0.014820773839313588,-0.014706827670899791,-0.015961599040835647,-0.014743392137437087,-0.013407041408413093,-0.014701310067800217,-0.012230595821451851,-0.01483053683780653,-0.015164668144235815,-0.014902428762827538,-0.014450370820618112,-0.014918456892074489,-0.015246197077255287,-0.015603826397542136,-0.013518827121493973,-0.014575509984907595,-0.014950889990753438,-0.007332881299546923,-0.014899034259046486,-0.0144445935840064,-0.016225913233089473,-0.01491535945364571,-0.014779833443779426,-0.01517023146392768,-0.015017425508233198,-0.015355477761960864,-0.014858821678076086,-0.014780737567208196,-0.014241633523723159,-0.010410307844439949,-0.013699602583173237,-0.014980209100466038,-0.014894758559865882,-0.014804879422480342,-0.014962131273846078,-0.014729669000164761,-0.014570680940877503,-0.014902831014380136,-0.013589716991771358,-0.014822814309067138,-0.01508123859201075,-0.014704903763552768,-0.014419625197097824,-0.012305270457881986,-0.014577801847162113,-0.015201009322856944,-0.012258129603184178,-0.01488082866066799,-0.014042238065839168,-0.015144391663283484,-0.014708049210041955,-0.014981777688253336,-0.01473410429449477,-0.014301621719880024,-0.014773876982547781,-0.014552324755246877,-0.013571694084065722,-0.01368998980789142,-0.014707662101910336,-0.014776341512971677,-0.014119493006206314,-0.014370730820202559,-0.014521315317290015,-0.014961740069868504,-0.014836572530027238,-0.014688304452002782,-0.015423251437455309,-0.014189324359133244,-0.014685173625398253,-0.01546406070167437,-0.014835172594658306,-0.013339139563396144,-0.0123252832939179,-0.01369901197253054,-0.01476081589082273,-0.01478586474265797,-0.014685185828011768,-0.014435093436820505,-0.014909368179204234,-0.014086965082449797,-0.01338111551363114,-0.01493204908862042,-0.014584495896522463,-0.01429887073717869,-0.016027495609733045,-0.0016027700050922477,-0.016610704415812513,-0.014411882517761918,-0.014869497486430246,-0.014568403434682027
min_indirect_greeting,0.0,0.0,0.0,0.0,0.0,0.0,0.0,0.0,0.0,0.0,0.0,0.0,0.0,0.0,0.0,0.0,0.0,0.0,0.0,0.0,0.0,0.0,0.0,0.0,0.0,0.0,0.0,0.0,0.0,0.0,0.0,0.0,0.0,0.0,0.0,0.0,0.0,0.0,0.0,0.0,0.0,0.0,0.0,0.0,0.0,0.0,0.0,0.0,0.0,0.0,0.0,0.0,0.0,0.0,0.0,0.0,0.0,0.0,0.0,0.0,0.0,0.0,0.0,0.0,0.0,0.0,0.0,0.0,0.0,0.0,0.0,0.0,0.0,0.0,0.0,0.0,0.0,0.0,0.0,0.0,0.0,0.0,0.0,0.0,0.0,0.0,0.0,0.0,0.0,0.0,0.0,0.0,0.0,0.0,0.0,0.0,0.0,0.0,0.0,0.0,0.0,0.0,0.0,0.0,0.0,0.0,0.0,0.0,0.0,0.0,0.0,0.0,0.0,0.0,0.0,0.0,0.0,0.0,0.0,0.0,0.0,0.0,0.0,0.0,0.0,0.0,0.0,0.0,0.0,0.0,0.0,0.0,0.0,0.0,0.0,0.0,0.0,0.0,0.0,0.0,0.0,0.0,0.0,0.0,0.0,0.0,0.0,0.0,0.0,0.0,0.0,0.0
max_indirect_greeting,-0.0148691862182476,-0.014884838522960415,-0.015045946086754323,-0.015202897680793434,-0.014881086192119352,-0.017419787831351664,-0.017470718290136276,-0.015725506431654344,-0.015042091713176997,-0.016354121032867895,-0.014048294321629446,-0.016143410020295672,-0.015011488023749825,-0.012760369886296995,-0.014653462564012402,-0.015127619548191452,-0.015732869724915097,-0.013459330660301244,-0.017155924217116085,-0.01715179236380681,-0.015028288977743016,-0.014513659131436641,-0.014705733319052668,-0.014395364222756538,-0.015062852465898929,-0.014318834938688628,-0.0006129355835300578,-0.015098014742766182,-0.013733331802882486,-0.014680228118002526,-0.011194112003009127,-0.015075411645216863,-0.014091790544308038,-0.014792986537782073,-0.015166802632885109,-0.014153531869725369,-0.015908251823105127,-0.015753171274788008,-0.013679058171604268,-0.014403594368295792,-0.01633165190220077,-0.014987927783715688,-0.014847453494743729,-0.020816393885860582,-0.015586002878449155,-0.01854470790886888,-0.015170760908119167,-0.015391384419262197,-0.015373640039943794,-0.014064785209031887,-0.01624158096492971,-0.015062197780792213,-0.015121713567636547,-0.014330775709114646,-0.016341780293434582,-0.01470404289299649,-0.02345481143028484,-0.015329367808351283,-0.015019585879766598,-0.015608068023824162,-0.015016450618127616,-0.01504605082223753,-0.015042085944429722,-0.01500362312593631,-0.013518895495243762,-0.014620221780120618,-0.013572976098143015,-0.015224460996379682,-0.012137877758829598,-0.015081113674232913,-0.014616310453250332,-0.015065632158408327,-0.015838936346485515,-0.015425482785014735,-0.015689197655715588,-0.01590264614452759,-0.015470931643872607,-0.016242787941166605,-0.014955555059895697,-0.011089326968676257,-0.019341049803425735,-0.013698080004285245,-0.016571490073263983,-0.01519110153370189,-0.014303208527397247,-0.01389478490701114,-0.015245815694547644,-0.014632558300120169,-0.014992771327530944,-0.015151369813607918,-0.014026659101529712,-0.010519990386336246,-0.013786978026227944,-0.015245671830497458,-0.01583685270606488,-0.015099921317173123,-0.017302624294076453,-0.015050643217005425,-0.014869622040699382,-0.01598374356771689,-0.015024377347595284,-0.014737272900990778,-0.0149142828861751,-0.01512566228526609,-0.015243940132912928,-0.012846899092651916,-0.014467897079785777,-0.015046315170628741,-0.010520465499309128,-0.014380289480605962,-0.016984113872967527,-0.014839834210859375,-0.015065913525874143,-0.0157544422911477,-0.013287492340718625,-0.012453594622667128,-0.01534473780968977,-0.01507744333760215,-0.014463030297254426,-0.014643230926578462,-0.015092269320295473,-0.015089920130806345,-0.013102895463884557,-0.013429179552322722,-0.015940847957478025,-0.016497171390906677,-0.015048887436022612,-0.014909564752672022,-0.01714496446223923,-0.01448208156050062,-0.014764010527511568,-0.016043831850146326,-0.015149639597616602,-0.014802216414414485,-0.010893067732526296,-0.015793524587811674,-0.015048816838299542,-0.01494217841589596,-0.014071192192918996,-0.014338364722824765,-0.015463716602438771,-0.016298097885299224,-0.013612268595984857,-0.015219577072753804,-0.015407737196536314,-0.01343310112208199,-0.015127295596860595,-0.012047474833281918,-0.019078147596141324,-0.014418651915070736,-0.014293082392508772,-0.015678958125067706
average_direct_question,0.009671038086332568,0.010264333490507871,0.009401807336716174,0.009593244357717207,0.008374182188463397,0.012941410712033787,0.006210560873540756,0.009365850170249653,0.008819287829697422,0.011807863013561758,0.013389549858230558,0.006812733120673629,0.009951783620799456,0.006036603892505214,0.010548217503642446,0.01009713267246268,0.009738202759935512,0.021181697424159214,0.005787853275898033,0.010552460403349846,0.009678875619774614,0.009669665460633903,0.00874022444833841,0.011069256268863532,0.010076829038284447,0.010685060362973476,0.011506542819309976,0.009583775570700698,0.01006468533562514,0.014765834865631247,0.013776570344216064,0.010301257451112683,0.012769893232877442,0.009237905140883164,0.00982100137753044,0.013028344762700405,0.008197002780373039,0.0020060787399496603,0.00950426198493774,0.008143331655941617,0.012015176047079384,0.009635708555038256,0.010203450170516541,0.010838972193349002,0.009274475418397078,0.00865752319450075,0.008642870806100409,0.010189488674515542,0.015730527334703884,0.007744017100640025,0.01009506929818571,0.010011306346068711,0.010193678839878779,0.002837600601435607,0.012425386274490236,0.011807961385788657,0.011629447021962287,0.011331988703376173,0.010472923367426251,0.011083738714693946,0.011738082461701646,-0.0011900002841025818,0.010097975231958344,0.010033643888107782,-0.001507159174381668,0.010617546163629055,0.008553687620519043,0.010607689365277166,0.008361130176189818,0.009670780320174335,0.010501263248667047,0.010762259602198145,0.01157750160571737,0.007719861510639504,0.010348709232643676,0.00943899321373941,0.009057666226929138,0.01153978387741166,0.010165250012162029,0.0155240440772188,-0.0004042188303307742,0.010907534893397897,0.0065743685586301896,0.009304225439069233,0.009085274716188797,0.008492835694724076,0.009869331509520136,0.012401031157406813,0.009178828071642338,0.007972881890940666,0.005780845636821156,0.01279445558191905,0.010689404362349896,0.008470788508344547,0.011582271739381237,0.009965117315268793,0.013625870672917345,0.010037410201551205,0.010679282042309708,0.010180122964862646,0.01080342468499491,0.009327551593468559,0.0020807043071640555,0.010261868423104496,0.010194734446219128,0.014430540088349195,0.008873310101269977,0.012953942915504852,0.003435050836369335,0.00985870634193764,0.008505838895460166,0.009744859374252957,0.010002999953202144,0.009988946239103489,0.01354724042554286,0.005402000565905299,0.00988369243733558,0.01054490477899512,0.010067683610188255,0.007866982756793964,0.010015978597275214,0.009942079691819983,0.009682956967251802,0.010137352981553684,0.009838257276368511,0.010576086465503664,0.009825467213522121,0.010644850120991927,0.01014509676111035,0.010874411870745138,0.009929481420109812,0.007940192767007914,0.010023438840942514,0.008590605478118435,0.012269466741825287,0.006684556099433078,0.01000605610915579,0.009016785881873074,0.010586059573582742,0.010526615718630561,0.010179791444524647,0.011897125364428867,0.009856044845823099,0.009344465018858335,0.008415614855708534,0.011571984501295748,0.0039593947318693375,0.010254295578703224,0.0062767205345945695,0.010991198118028758,0.008920645425615499,0.0034031101367039424
stdev_direct_question,-0.0007513935185869403,-0.0006929959927361035,-0.0010888799185009308,-0.0008509784513243655,-0.0010934920162215638,0.004583822491463942,-0.0030977213275402704,-8.987744146557106e-06,-0.0013825564008380885,-0.00070131894422607,0.002498413437718068,-0.002841995948253278,-0.0005295644653589161,-0.000553477596430452,-0.0007623672195921794,-0.00035162755111423603,-0.0019543725935924437,0.00859732534118298,-0.004021990159134077,0.000799156247719774,-0.0008753555974786754,-0.0006908930699443643,-0.0011266992523076488,-0.00038547843538364046,-0.00017901411735931662,-0.0003815517076011833,-0.0010606696109417089,-0.0011266334115940038,0.00044266545306979876,0.003289009592140797,0.0013023198961962905,-0.0004074100161401053,0.0005955858370712466,-0.0018964043019619355,-0.00024009792565757304,0.0013163838751678106,-0.000934514451050552,-0.0058113240832362145,0.00034418754544549533,-0.0018994094630643797,0.0004024959415402131,-0.0008827091794724254,-0.0003632786031347694,-0.0021394687597006135,-0.0010135323683823291,6.431833273258004e-05,-0.001617107285283484,-0.000469950459540118,0.001971154912056839,-5.792874049495057e-05,0.0005630202946110326,-0.0004817605377005329,-0.00029862244045998805,-0.005517048968706816,0.0012493706019972434,0.0010329764837539689,0.0024359855809733145,-0.001430611313968013,-0.00021165743715814353,0.0007042475200895008,0.0011753541502067654,-0.008102047826887481,-0.0003910426245409236,-0.00043681245832684,-0.010119502404271912,-2.1718413826400662e-05,-0.0021356247774299945,-0.00023767108380727542,-0.0020527457777965163,-0.0005190642706577632,-0.0002504683338175641,-0.00044344143497506393,0.0015496953606771204,-0.0016264057468917455,-7.796669308224313e-06,-0.0015044067962693818,0.002252782811688222,0.0014612660972183628,-0.00041024319514167476,-7.561658227297173e-05,-0.007306181273361773,-0.0003607129786661438,-0.00196149560026139,-0.000804326207940697,-0.0015334903643332183,-0.001485053199843267,-0.0010163492169667152,-0.0013170284870831495,4.290143622309034e-05,-0.0027778947600410817,-0.0008157309331824937,0.0005731728920769924,-1.1565338338525438e-05,-0.0016281066310165522,0.00010794505991536425,-0.0005162246043184642,0.00454933979142955,-0.0003845300209955032,-0.0005919706419543723,0.001829058105612319,0.0009507834013336644,-0.0009472010711024,-0.00964439402121552,-4.481727035947694e-05,-0.0010350438935770642,0.0032424052712403395,-0.0012116833362605418,0.001703415855844612,-0.0036375128235136833,-0.0010175996306864207,-0.005508290450656043,-0.0014059038896160683,-0.000533668352586128,-0.00021396213032883436,0.000784359080117019,-0.002328243505628373,-0.0007773079870129797,-0.00010051393743491441,-0.0004979464563244981,-0.0007795929984359823,-0.00041876587421202545,-0.0005679232577712624,-0.0016519134213225945,0.00048015024022277954,0.0008589517879811076,0.00010519480157204775,-0.0006421638296841038,0.000398790814539262,0.002283571483401921,0.0003032559249229426,-0.00035830923102445414,0.0004224029622264657,-0.00025354742760940255,-0.0017694212353698783,-0.001654457955625091,-0.002946422921800397,-0.00048735412520540915,-0.0017259720194056673,0.0003942545762171609,-5.193650240925898e-05,-0.0005693004324894349,-0.0015016394173340344,-0.00019826925103280484,-0.003529315817422999,-0.0013693719654978755,-0.0008715974317051178,-0.004385956276392263,0.0002991038126334243,-0.0048329843342822115,0.0023784968766050706,-0.0020434749338108255,-0.0056576557064857685
min_direct_question,0.0,0.0,0.0,0.0,0.0,0.0,0.0,0.0,0.0,0.0,0.0,0.0,0.0,0.0,0.0,0.0,0.0,0.0,0.0,0.0,0.0,0.0,0.0,0.0,0.0,0.0,0.0,0.0,0.0,0.0,0.0,0.0,0.0,0.0,0.0,0.0,0.0,0.0,0.0,0.0,0.0,0.0,0.0,0.0,0.0,0.0,0.0,0.0,0.0,0.0,0.0,0.0,0.0,0.0,0.0,0.0,0.0,0.0,0.0,0.0,0.0,0.0,0.0,0.0,0.0,0.0,0.0,0.0,0.0,0.0,0.0,0.0,0.0,0.0,0.0,0.0,0.0,0.0,0.0,0.0,0.0,0.0,0.0,0.0,0.0,0.0,0.0,0.0,0.0,0.0,0.0,0.0,0.0,0.0,0.0,0.0,0.0,0.0,0.0,0.0,0.0,0.0,0.0,0.0,0.0,0.0,0.0,0.0,0.0,0.0,0.0,0.0,0.0,0.0,0.0,0.0,0.0,0.0,0.0,0.0,0.0,0.0,0.0,0.0,0.0,0.0,0.0,0.0,0.0,0.0,0.0,0.0,0.0,0.0,0.0,0.0,0.0,0.0,0.0,0.0,0.0,0.0,0.0,0.0,0.0,0.0,0.0,0.0,0.0,0.0,0.0,0.0
max_direct_question,-0.006296127289192054,-0.006770523198507728,-0.006675256276775088,-0.006278094845194036,-0.00592822429605875,3.5769873468582784e-05,-0.007563349718746452,-0.00441527243385002,-0.006422568315835903,-0.008828712306171844,-0.004777633098145873,-0.007195292912469703,-0.006206373660095289,-0.00223456521463496,-0.006848188878872126,-0.00594094949308082,-0.009225237865758563,-0.0007245807110490832,-0.008041807031780372,-0.0038298864727499757,-0.0065386197888787495,-0.006266939818483747,-0.006082311471887961,-0.0070603793050247575,-0.005658495726999939,-0.00656334525872182,-0.009705375749661212,-0.0065977409119059305,-0.004386538396485746,-0.00373084897652521,-0.006425710413173226,-0.006322419725811015,-0.008007415240165726,-0.008468068823439357,-0.005451944452357036,-0.0059987743872240845,-0.0036244915875706333,-0.008212166516470719,-0.004137104513092467,-0.0069958659993389904,-0.0063929297022652445,-0.006545569518253943,-0.006069427983419589,-0.00952528948767797,-0.006192585373154936,-0.0038148568555088896,-0.006955214912740121,-0.006305705624628679,-0.00772417732729604,-0.002866079233706381,-0.004217992915136203,-0.0061212325667313015,-0.006000448655224812,-0.008687763080733919,-0.005405169557527217,-0.005868979599750274,-0.0030863531606737157,-0.009517990699981953,-0.0061068369494803165,-0.0054341853937319405,-0.004880372141619689,-0.01029992000251096,-0.0060126389615032805,-0.006065061094468024,-0.013230647792433806,-0.005674156584556259,-0.0076336954366313485,-0.00655242304532979,-0.006773424705789188,-0.005773103995031989,-0.006218712412655352,-0.0068893028821979795,-0.004533179573371437,-0.005931538226620969,-0.0058611258728151795,-0.0072739450850298586,-9.257808780999133e-05,-0.00469499074428207,-0.00594923547686152,-0.011078467841295493,-0.008566891174833328,-0.00740562927611315,-0.005676187519941374,-0.0060572059212517584,-0.007205616645782044,-0.007020240982815559,-0.006903195754074911,-0.010534451510717597,-0.003972648502749466,-0.00868722598334979,-0.0030980095382125133,-0.008337839857599574,-0.0068747384097888106,-0.006578359371619491,-0.006721117396231022,-0.006142455349631339,-0.0005856018590888398,-0.005977505923747961,-0.006991613311100698,-0.0007070789410176664,-0.00403506422737273,-0.006334845237452511,-0.014733189571805937,-0.005649297147710558,-0.007710638194177329,-0.003348377501475243,-0.006588144093124613,-0.005543500907777908,-0.005983633127854479,-0.006399866433197177,-0.014451945014082545,-0.007944248659170398,-0.006278823712730034,-0.005412118307669713,-0.009086868526994122,-0.0054677845667301436,-0.006551279201297902,-0.005946849929248807,-0.006165958215769894,-0.004855178471054341,-0.006069118169317897,-0.006220266692551456,-0.008231767717395132,-0.004880895044039853,-0.003881312355344637,-0.005717950791143173,-0.006185417873799108,-0.0053319134037533005,-5.020811749063131e-05,-0.005253256818623545,-0.0057599545432025605,-0.0024880434968857744,-0.005781348196494283,-0.006937119596472235,-0.010232190203923484,-0.007664052649935596,-0.006142110844970926,-0.007744401206636305,-0.0047882973771245195,-0.0059738352426950865,-0.006566867526688638,-0.010595838602990508,-0.005492246440584585,-0.011268261644807093,-0.0061543499573349925,-0.008561647613123089,-0.008447627726084591,-0.004883014179685861,-0.00927039454710168,-0.002292051859496526,-0.008241012386925917,-0.010214003119783772
average_direct_start,-0.016274676477209222,-0.015881524641065323,-0.01571844420072764,-0.016111253508965737,-0.017210530363162262,-0.016429486485048363,-0.015028813166796391,-0.014794063162910959,-0.013500977107772566,-0.016239580003268576,-0.015238191206651472,-0.011853960269861592,-0.015710935019870587,-0.011931558518708385,-0.016464038865537708,-0.015826466680420637,-0.02091479259397109,-0.027260179176556223,-0.017637563301857537,-0.021833510071310618,-0.015636976012907332,-0.015690020100415307,-0.017499504716014642,-0.016069693034009742,-0.016081529222291273,-0.015482955459336476,-0.015721577944272893,-0.01487829815513863,-0.015472217542351003,-0.016615276055761918,-0.016466357197188725,-0.015824338325752516,-0.01572996607794523,-0.01906537232530091,-0.0168381254708329,-0.016731898713035074,-0.013990277660676703,-0.014548167617587409,-0.012514179016888241,-0.01327933739776416,-0.015639647705700917,-0.01317811067338321,-0.015741568083053013,-0.01209122836401317,-0.012716438252280249,-0.015639540582550116,-0.01616230076229655,-0.015984051575548122,-0.012922628851596216,-0.019304667635151873,-0.016766281545949713,-0.01592572528432943,-0.016167429951460553,-0.014669516160419668,-0.030848758588232703,-0.01902916302201658,-0.02216982672885083,-0.016396497959451514,-0.016278961901458788,-0.015314527404954693,-0.015246457292065833,-0.01552280337638691,-0.0159460183483009,-0.015712626564929943,-0.01598732854499324,-0.015256737644637941,-0.016246115338282786,-0.015529316927216777,-0.019197564452891197,-0.015709014119296393,-0.017185768707886906,-0.0163175456480939,-0.01702386657531103,-0.016697513307882127,-0.019152304757819587,-0.01519592438813228,-0.01742003265131055,-0.01811817364544109,-0.016893337516205302,-0.00548112618682697,-0.022174585151212494,-0.016113698269724298,-0.015349146486310257,-0.016248148897270987,-0.015708339125843154,-0.012005781849679974,-0.016737764482881713,-0.01572873012384297,-0.015545650918692427,-0.01735959578215885,-0.015473947923805437,-0.0063820089396846025,-0.017686125046090087,-0.016922159289353995,-0.01619812347150785,-0.015851359355410075,-0.017734529272876984,-0.01579352843986833,-0.014950634510465497,-0.016852430822065563,-0.017210083458154918,-0.015107218729537793,-0.016094705788756696,-0.01681058716037518,-0.018279176183365414,-0.01511410680868783,-0.01665078762881954,-0.015911658317395907,-0.01040029837062015,-0.016247455774090792,-0.012827384484378042,-0.010132029594590784,-0.016557329579446965,-0.01652645085969284,-0.014639506067007558,-0.00965438335801508,-0.014671097232024557,-0.015315212506049768,-0.01735917757715165,-0.017387187945347438,-0.01648977517115354,-0.016193955079449342,-0.015497692011988666,-0.012893745310719566,-0.017177649163887566,-0.01787575972621156,-0.016324738905495437,-0.017408763564709634,-0.014261719380972296,-0.01625454807894939,-0.015152198487018658,-0.018044267438343545,-0.015839962080766542,-0.013837171699779766,-0.015946333767188084,-0.0147194556769304,-0.015888551707915404,-0.015462687701843078,-0.01577932292655776,-0.015994900763424184,-0.016157165159963717,-0.014075539611604713,-0.01622904501744801,-0.012795416630521706,-0.0159095618589357,-0.022642737472235247,-0.027278951095209128,-0.01845651498063542,-0.018361633003948035,-0.01552652978449779,-0.01547697769838245,-0.020179283044925535
stdev_direct_start,-0.012625702486740397,-0.011946123380523635,-0.011929117118940877,-0.012354919113086544,-0.010222108510456056,-0.010626400881160826,-0.012611616948299235,-0.009329721146456615,-0.010938755457518122,-0.01335852008377639,-0.009258378186515847,-0.010817746856236049,-0.012489022972437905,-0.010829550429062331,-0.014124020712240058,-0.01238932439745723,-0.013793230705393927,-0.0174328541192666,-0.01369898552238431,-0.013557979429747584,-0.012011741685538995,-0.01158982583361214,-0.012080931757847737,-0.013533651211979813,-0.012025748243533509,-0.012749828618413422,-0.013166659719312704,-0.012915605453168921,-0.010628437670971325,-0.012598616549902816,-0.006660062129812946,-0.012837575655480889,-0.010868778661174366,-0.011217161173310317,-0.012534893921999775,-0.0130875176028253,-0.013265984111983835,-0.01199822297400987,-0.006073839474606083,-0.011532532680918924,-0.010659424520187425,-0.006118828213668104,-0.011843357810162446,-0.010886182570140932,-0.010173087347967862,-0.008043230157333416,-0.012215897546575044,-0.01215483443666157,-0.006779920488673508,-0.01442387846340364,-0.01104148113267977,-0.012201822882353643,-0.012371148080135282,-0.015075444010400807,-0.013506870987448322,-0.014292207066609892,-0.015838176013264937,-0.012603812414301738,-0.012990986149520198,-0.009455382967888514,-0.01199889015431617,-0.013825881681747084,-0.012282274377656778,-0.011956080252899492,-0.015710179022613582,-0.011661855924281903,-0.01275606986498802,-0.012381732115892575,-0.012023929824825762,-0.011970687800412213,-0.012303909533784749,-0.011621388822799476,-0.010886493359482994,-0.008747996303961331,-0.014113556992127217,-0.012268652724830522,-0.012335112534169516,-0.012026123279384538,-0.012570204850410448,-0.006617491018313246,-0.012217703798149009,-0.011648936382950184,-0.01314825108907514,-0.012375836691527422,-0.01313186377474335,-0.010816017524370078,-0.012480458963094875,-0.010160738809415561,-0.012650682743459553,-0.014660914200222691,-0.011427104907125923,3.07551645642723e-05,-0.013729432964524411,-0.013127358669247632,-0.010625849175175084,-0.012075069527338568,-0.009051217265370599,-0.01216826475095443,-0.012121567294140146,-0.01206204577879045,-0.012656457606638312,-0.011315906622998983,-0.014255490679316004,-0.011361627178460032,-0.012592753054665482,-0.015829080742103253,-0.012714572185485929,-0.011569487655811051,-0.013419660851979586,-0.009170191075531018,-0.008373554285851785,-0.008882741943051125,-0.012593083783212049,-0.012677330920280994,-0.011042248144565938,-0.012597892733744797,-0.011735568707469465,-0.011697683698832662,-0.012605440005653883,-0.013764723166015456,-0.012624802259479644,-0.012462892268971439,-0.013000179215775062,-0.010716400355945958,-0.012568720186462535,-0.014318332408563443,-0.012320846916785212,-0.011732844791409769,-0.012880817065739406,-0.011338461942367024,-0.012020032938573361,-0.015107993489467578,-0.011942675248743755,-0.013277031352449111,-0.012654912553506346,-0.013255099182079514,-0.012147027785385723,-0.012319587029769749,-0.013250637111325032,-0.013728543308135211,-0.012246288855319183,-0.012877866811472382,-0.012680999696287824,-0.0065083009133283815,-0.012820942514272826,-0.01839431853017697,-0.028392370263229855,-0.01157559080160929,-0.016470411818469227,-0.011778022284491877,-0.013359008385645927,-0.012831776436691821
min_direct_start,0.0,0.0,0.0,0.0,0.0,0.0,0.0,0.0,0.0,0.0,0.0,0.0,0.0,0.0,0.0,0.0,0.0,0.0,0.0,0.0,0.0,0.0,0.0,0.0,0.0,0.0,0.0,0.0,0.0,0.0,0.0,0.0,0.0,0.0,0.0,0.0,0.0,0.0,0.0,0.0,0.0,0.0,0.0,0.0,0.0,0.0,0.0,0.0,0.0,0.0,0.0,0.0,0.0,0.0,0.0,0.0,0.0,0.0,0.0,0.0,0.0,0.0,0.0,0.0,0.0,0.0,0.0,0.0,0.0,0.0,0.0,0.0,0.0,0.0,0.0,0.0,0.0,0.0,0.0,0.0,0.0,0.0,0.0,0.0,0.0,0.0,0.0,0.0,0.0,0.0,0.0,0.0,0.0,0.0,0.0,0.0,0.0,0.0,0.0,0.0,0.0,0.0,0.0,0.0,0.0,0.0,0.0,0.0,0.0,0.0,0.0,0.0,0.0,0.0,0.0,0.0,0.0,0.0,0.0,0.0,0.0,0.0,0.0,0.0,0.0,0.0,0.0,0.0,0.0,0.0,0.0,0.0,0.0,0.0,0.0,0.0,0.0,0.0,0.0,0.0,0.0,0.0,0.0,0.0,0.0,0.0,0.0,0.0,0.0,0.0,0.0,0.0
max_direct_start,0.011661917281045792,0.01218337611300379,0.0123574881471064,0.012124807551530793,0.014234235511207779,0.014926345681622362,0.010535043564857637,0.016316389612894597,0.011983503482703828,0.008566223121439481,0.015574999154082548,0.010992767114082128,0.01198214951570438,0.01250107363214503,0.009576692149964178,0.011704682377943502,0.010549947596630908,0.006586116702951346,0.008866637253925447,0.010837227825903873,0.01230247072638861,0.0130049969306883,0.014032928972634917,0.00984124530769363,0.012562938854130628,0.008788782543047276,0.011284712445717928,0.010457374219707535,0.014049434141006768,0.011518069930181596,0.01713470754323669,0.010758111913737187,0.012597281446313256,0.015586083125372517,0.01222615996929985,0.010349774691966102,0.00535434945692676,0.013413263828986402,0.018502002107753983,0.01137352820759473,0.014636106838927904,0.017492747714176513,0.01236713512733233,0.010158918356316176,0.011761571927297598,0.015599411042778826,0.012471169746986123,0.012035881265849676,0.01648029044256395,0.011322629863665846,0.013560465049237934,0.012126133906137685,0.011731434120541433,0.009010902358308702,0.013500543015694193,0.009822596915227029,0.009873215902126663,0.012893236977715574,0.010891704692899384,0.014196944139044002,0.01150120998637394,0.009548184990728143,0.011996603113331502,0.01242522622060094,0.0015493194531582162,0.012817832532261271,0.011485692774314899,0.010961942707041124,0.01345018575979621,0.012599159996768519,0.012832550011245046,0.012985997223289029,0.015348781331157605,0.017607887565585487,0.010680232202627727,0.01148426932689841,0.010087420427028742,0.012292089639580391,0.012049157377521788,0.013330381159887996,0.013536286960483828,0.01237841275673938,0.010060230971284896,0.011881955649197327,0.010337962585429458,0.011498099529871351,0.012110274349844456,0.013150291583155248,0.011730076554382317,0.009121808563846298,0.014703734098960272,0.020254837262172476,0.009184475171189827,0.011447772360023017,0.013773883713341052,0.012245693133547815,0.01703689909016613,0.012131284406038422,0.011291400217616158,0.01308861229786697,0.011423561348696744,0.013037694529620314,0.009138901992206757,0.013924318119594893,0.012019630712676262,0.007843755790755854,0.01122859176156054,0.013309717334164306,0.008730234291629195,0.01577406989284337,0.011135046269957356,0.013887202389070008,0.011764967918998412,0.01110180817332021,0.011764595478664288,0.009135953613863927,0.011725171494631155,0.01234247269437358,0.012531841926752997,0.011488176628878948,0.01181653644810271,0.011797240302765445,0.009678016538684666,0.011280697852411932,0.013585076699374614,0.008753503925019663,0.012065065822277263,0.01380766195895872,0.009989593220009425,0.013986017645481847,0.012102284118901295,0.010492407637244051,0.01238151897721763,0.008920292476242129,0.011668921631036123,0.009588862132064939,0.012185710294945234,0.012142514170684966,0.010065476315933877,0.010515859042011121,0.011830082727557263,0.008481334375888536,0.01160449172547002,0.016718815931167644,0.011491127312260482,0.006762434610341985,-0.00531173421545332,0.013917318299496832,0.005742847065769692,0.012840709470174561,0.009515749352419164,0.010397087440825778
average_haspositive,0.002090742778614336,0.003622139577602857,0.0025984762469923144,0.0025657290776012033,0.004428633362671564,-0.0004624139020586622,0.006549472966831742,-2.2415248840997742e-07,0.0013696829338383423,0.0007268513402249486,0.0035919825181911485,-0.0010735293320116752,0.0028491822071613493,0.002385729375140474,0.0020656670698245526,0.0023769970531717912,0.006375054504169947,0.0070955028172791975,0.0038691547841463794,0.004009025363765274,0.002506881040073853,0.002707527654382021,0.0025390153610403135,0.002254799944821493,0.002132548972284141,0.0030853884063193155,0.001451600775518468,0.0033000990960101407,0.005360806240401778,0.00012218123617010676,0.005115857890719323,0.0018711957625572075,-0.0015478351531104054,0.004978463932175824,0.002211771335283246,0.0009264246272911751,0.007746957240109182,0.0026119992900004406,-0.007334180733240073,0.0028629051729546617,0.002084941398604781,-0.004453428871690203,0.0029039257326919183,-0.0032960361228986518,0.003796991729787833,0.0021028718941467992,0.0015678372081866163,0.002264428656486294,0.003173922020986965,0.0008789041762015549,0.004765242789321254,0.002337092606834482,0.0025829140132076905,-0.00020263581201076727,0.005516292203323989,-0.0021397615230572533,-0.003586240018238065,-0.00036719361407538953,0.0036509040140436577,0.0060837530266959206,0.005382559191357673,-0.0005606928006362966,0.002631774258588465,0.002325983221595538,-0.010877029920503562,0.0024165673480102115,0.0028812895558024782,0.0023977746612304255,0.007531259763736068,0.002295977336132967,0.002338896424325659,0.001843323025547702,0.0005558628984063023,-0.00010579660509637233,0.001964619910662019,0.0019416158562085197,0.005294954163013608,0.0009371511129393998,0.0016116161048636418,-0.004055605316888201,0.0031457014041345443,0.0017254922178636225,0.003408245545810361,0.002572151553712379,0.0017657519617134436,-0.002028832416132508,0.001955057542824816,0.0030837290060025113,0.0011380346810435458,-0.001260421148427969,-0.00043369027676419883,0.0024570795129368814,-0.0008853708582452647,0.0026726367573768808,0.0006991638840147711,0.002313402071090582,-0.0005991050997006253,0.002367427818945742,0.0030863977468796834,0.0031891205922575886,-0.004335225740774855,0.0014900042719002545,-0.0016453943990072228,0.002985252299766033,0.002389889937481314,-0.0011409163208006487,0.0021994237435890886,0.0014034081037680654,-0.0028165842778715474,0.006022942071951476,0.015075177305752347,-0.00010131953395623935,0.0028069715912686305,0.0033067494454338646,0.0018222055205964526,0.0008742298357481797,0.004731871156242953,0.0022087094739422627,0.0012522212862215686,-0.0033990821772175925,0.0018687030674349632,0.002212044280708577,-0.00016947274424960242,0.0008155115357650856,-0.0008992628756812945,0.0034074062979587124,0.0019304408643049447,0.001342560855081905,0.000411861489788291,0.002197964532477028,0.0037924339175380243,0.0025556566717489983,0.0025146318641933573,0.0018424659218942872,0.012076545437258914,0.0008904735283274887,0.0023681498412874502,0.0010295349376646685,0.004078148581070713,0.0016070946021712025,0.0015972994412298087,0.004651418926746961,0.0018895813261425387,0.007269429152280073,0.0018975451349492658,0.007911526417699571,-0.008429795312702156,0.0019450730434279013,0.005572707507882588,0.0007909728000587719,0.0014022300024899327,0.007912083833030978
stdev_haspositive,-0.023949447125182325,-0.022233668310994697,-0.023132639422079444,-0.022656714957200747,-0.024972137782255953,-0.01743988072156326,-0.018304992277898214,-0.020748573384841915,-0.022883264649600443,-0.029114715804746946,-0.025577954490783164,-0.02526900892168831,-0.023483366931664466,-0.01838366860486505,-0.02883514772606159,-0.024782444359411716,-0.02919610288524642,-0.027578387147216537,-0.02412807723135932,-0.01995262111675105,-0.023307676040351576,-0.022729051292043348,-0.02086549647179136,-0.026045549217166453,-0.023916730529833584,-0.019782623149183578,-0.021530489719214486,-0.022275921402571654,-0.022011225499260403,-0.023923193750191123,-0.018737218205142972,-0.024400644400865507,-0.018140479559424744,-0.01799164844463661,-0.023888567672015262,-0.02408137127041835,-0.021115134187500842,-0.013535357292159555,-0.02136354409304101,-0.02313984312485196,-0.0213586835518269,-0.0049420059190381435,-0.023717032088317595,-0.026797482587362764,-0.029159295313298028,-0.02677459010111905,-0.02411434833217247,-0.023945384349935053,-0.028775256323033176,-0.02061904719795929,-0.024266488164578937,-0.023742867104310977,-0.023923864811194785,-0.022575696671850852,-0.023686191562085162,-0.02455551642568337,-0.030769872863106056,-0.02426208371062331,-0.023736279383049036,-0.024119331809655413,-0.027062135682149376,-0.020754977524454918,-0.024555792882863463,-0.02357626042303132,-0.02496886081633245,-0.022212254108809885,-0.022706892746218888,-0.02440851342828368,-0.02336392673375225,-0.02383258202356198,-0.02511988519237461,-0.023049854932628764,-0.023216217504039106,-0.023932935943374888,-0.025150305714764197,-0.023578193812328098,-0.019423837986465513,-0.024854363173406557,-0.02186424207770033,-0.02823560756352011,-0.014608020711416066,-0.024243765584361816,-0.02601795332045953,-0.023348443809329364,-0.024471053296498166,-0.02244792897488075,-0.02549595631828177,-0.025227852115882413,-0.02251015427115614,-0.020207896965973603,-0.025442502947771894,-0.01450560016633199,-0.020495904643428084,-0.022947910155044465,-0.02621047547159802,-0.023792619588179242,-0.026923583668329726,-0.023505091106307566,-0.023436934963175338,-0.025488554151549978,-0.0178031788210593,-0.023776842164720542,-0.027704888447310838,-0.0229362530527379,-0.024570907875739435,-0.01777026557107111,-0.02310925052526174,-0.02050497373459094,-0.05421982248270483,-0.022196152218978357,-0.01932702792733493,-0.022459685900395175,-0.023541854687954524,-0.02371904699844373,-0.02291345865036222,-0.019239494937962308,-0.027742403166548416,-0.024097567050313944,-0.023702527257400886,-0.021131908786046837,-0.023251110452556595,-0.02379589616959569,-0.026321761635936934,-0.022812039657220833,-0.021930363230158297,-0.023942903385119382,-0.023132302864083493,-0.02310647733889247,-0.023682330404443792,-0.02333042897897724,-0.02370488613250755,-0.021537327792125655,-0.02367849365421537,-0.022631913052690744,-0.00815732642643329,-0.025563111945122802,-0.023679303558086767,-0.02322733931712307,-0.023448906074873457,-0.025087852643919138,-0.021682417008008083,-0.025338854796322852,-0.024323412860010878,-0.017351263852364407,-0.024071912919519156,-0.02063399783751814,-0.030107186469369707,-0.02605429290128436,-0.028543298588079136,-0.026988819067409846,-0.0253758870329171,-0.02391358577021293
min_haspositive,0.0,0.0,0.0,0.0,0.0,0.0,0.0,0.0,0.0,0.0,0.0,0.0,0.0,0.0,0.0,0.0,0.0,0.0,0.0,0.0,0.0,0.0,0.0,0.0,0.0,0.0,0.0,0.0,0.0,0.0,0.0,0.0,0.0,0.0,0.0,0.0,0.0,0.0,0.0,0.0,0.0,0.0,0.0,0.0,0.0,0.0,0.0,0.0,0.0,0.0,0.0,0.0,0.0,0.0,0.0,0.0,0.0,0.0,0.0,0.0,0.0,0.0,0.0,0.0,0.0,0.0,0.0,0.0,0.0,0.0,0.0,0.0,0.0,0.0,0.0,0.0,0.0,0.0,0.0,0.0,0.0,0.0,0.0,0.0,0.0,0.0,0.0,0.0,0.0,0.0,0.0,0.0,0.0,0.0,0.0,0.0,0.0,0.0,0.0,0.0,0.0,0.0,0.0,0.0,0.0,0.0,0.0,0.0,0.0,0.0,0.0,0.0,0.0,0.0,0.0,0.0,0.0,0.0,0.0,0.0,0.0,0.0,0.0,0.0,0.0,0.0,0.0,0.0,0.0,0.0,0.0,0.0,0.0,0.0,0.0,0.0,0.0,0.0,0.0,0.0,0.0,0.0,0.0,0.0,0.0,0.0,0.0,0.0,0.0,0.0,0.0,0.0
max_haspositive,0.12966278120437455,0.13057806660724075,0.1295667474892401,0.12923294989030018,0.12720808178256449,0.10658419920569112,0.1349278761707293,0.12914707271909986,0.12911426574848045,0.1333155563970642,0.11514912661651629,0.13365381943747578,0.12915520800623617,0.13499345477579056,0.13510677889923495,0.12983194509489832,0.12060880631365377,0.09838383792826408,0.1272268053587571,0.1302436701787329,0.12967624020054475,0.12994183397211814,0.1261299185289125,0.12700476558882046,0.12990343761605033,0.1276454623048084,0.1309751603086226,0.12852168474007958,0.13101008468504136,0.12941077063548295,0.13506561772025127,0.13131283949476438,0.12429995342579239,0.13320009944506625,0.12997905236099855,0.12910370807425653,0.127104256940768,0.1281156808332284,0.13828647265272181,0.12311752242224445,0.12955285507113756,0.12566917483985515,0.13011334899475216,0.1167516482705509,0.12943236719598317,0.12821212956153014,0.12886424610816177,0.12990822673533717,0.12893871475124866,0.12733010665090144,0.1294876511468756,0.12978570294417874,0.12965503624174846,0.13126246153598042,0.12583803919191014,0.128867511073484,0.12662201874658674,0.12849870161147567,0.1301898178008699,0.12540222654731045,0.129699897099952,0.13273437446911796,0.13024541075309048,0.12984360458744723,0.1176789363821869,0.12907436636930214,0.12763199306880127,0.12634214578033914,0.12229498299453129,0.12979113919935203,0.12958382792903927,0.13011251682404257,0.12930344644819572,0.1301395973532914,0.13124331607536038,0.13194779173648283,0.13257362080677995,0.12966626184601163,0.13126182829554486,0.1303613030258049,0.11741704829953846,0.12965467182483217,0.12605755379944852,0.12989812084112454,0.13019508185476264,0.1256244244107155,0.13097418087847687,0.13065467108130613,0.1297732856927142,0.13476019415762763,0.1302993511398897,0.1402663471664211,0.13448248172577365,0.12533415492849856,0.1314070473858973,0.12946505411055756,0.12317303585155935,0.12958987264482996,0.1310540266885569,0.1302100211651621,0.1298403720679983,0.12941499354493172,0.12712558046905098,0.12647493739436952,0.12647801617734555,0.12688606124004764,0.1309179370530103,0.13288603407715596,0.0579464419680303,0.1308841392291109,0.1346195132750617,0.13190851848436644,0.13011534393810714,0.13006612118089209,0.12693563459835885,0.145486613539115,0.13150914303934993,0.1292535017497091,0.12877791601756766,0.13419983659543797,0.13031448557281683,0.12948137797045198,0.13419163884849455,0.12981880715627833,0.13098255890742616,0.12887377712560155,0.12965684867948224,0.12965819610806115,0.12656099613007257,0.13128154905506909,0.12963995406663298,0.13176953722037746,0.12871347238733105,0.12978379217295583,0.1387984633288466,0.12476200694850638,0.1297501344985442,0.12766275747679134,0.1287166008621403,0.13059143630470188,0.1286830653921372,0.12862334809213696,0.12982347511083336,0.1264171272139391,0.1305755513534853,0.12699353819800424,0.12974704406094875,0.12382580237454038,0.1296701670264429,0.13136694127481638,0.13099561403074378,0.12372952082666883
average_hasnegative,0.03467361250713503,0.03418960066407295,0.034781216640651015,0.03613937849192836,0.037706703980726945,0.03073497363807432,0.03588616877400256,0.03399047428815571,0.036323678646769546,0.03624286278493398,0.035378555348836584,0.0343103526227959,0.0346201716428757,0.044887340515865966,0.03682306242658155,0.03416140572571705,0.036149683330760254,0.04219516763829961,0.03533650026540399,0.03527275954271918,0.035147088631263854,0.03467629742392875,0.03160439111430232,0.035210543040697165,0.03520277738658568,0.03911165971440085,0.036452996787964674,0.03366385424301907,0.03349304888984827,0.032922401350021356,0.03271678794692274,0.034827635889919384,0.03314619165145652,0.032755920063472374,0.03444430487852907,0.03734106377931379,0.03285966882895709,0.02757977206127659,0.03185757207548204,0.0339096171918149,0.03438400375426196,0.029203201452941432,0.03510082130336555,0.03289700646848258,0.036133582109760705,0.03368148292392732,0.03620183405672582,0.035462417337729125,0.03466216005995569,0.036283454252439666,0.034418468917451796,0.034955259852133116,0.034971116563519804,0.036304443873441075,0.037085129880496795,0.03384588564564269,0.030901224839016063,0.036172377554905016,0.0351409061739155,0.03755006556934971,0.03434232081049118,0.03490583613035705,0.0352138793715845,0.03442558026857308,0.04226389611858972,0.03353956387130913,0.03453495511604988,0.03385109871529089,0.03284310509719188,0.03489685936778315,0.034954731223014415,0.036056613897996526,0.03502064719487544,0.03355468579190662,0.037012612833122085,0.035766460101740845,0.030367683480265348,0.03498187673109893,0.0348522945251452,0.03552415251629713,0.033417322508021555,0.03576775194462883,0.036538490690818035,0.03479550371568197,0.03423047074670653,0.03334184507836557,0.035033403672378546,0.03905927347527688,0.036029136105851144,0.03102838796261165,0.03556794994415693,0.029252594967195872,0.03774391383293283,0.035056367518101844,0.03674815638653426,0.034872387219545706,0.03465719643549177,0.034850559223903524,0.03418437212131444,0.03278692688135631,0.03541734572934991,0.03502545846930767,0.03497522251356605,0.034322883951858785,0.035777933715301025,0.0308589208461536,0.03495499585927346,0.034556383800629246,0.03343523821202838,0.030835104332011955,0.03672816600393872,0.03418750360473497,0.03526418826929981,0.03407656415405742,0.03234259140695438,0.0364050140202485,0.0342493042201902,0.03493391308210065,0.033204863053178206,0.03457640736047445,0.03498241721276188,0.03479866395449952,0.035021822824268876,0.039388781313796244,0.03881395748098491,0.03602064530489484,0.03414610395384269,0.03512253877920897,0.03716713029047817,0.03465083926662006,0.035749068806348955,0.03185859808992024,0.0346533446850415,0.03329909993236097,0.03138703832691002,0.037092261556493714,0.03502043299749996,0.03309776966347662,0.03466492414195418,0.03400062937953319,0.034797443274632016,0.03364044013632176,0.03419407663838078,0.03219886221849548,0.03583354237838826,0.03442669783823014,0.02491582073109663,0.03385257501289855,0.03162069002900795,0.03458898274062514,0.03489475048293829,0.03896090311894266
stdev_hasnegative,0.04432349058076839,0.04359184262639507,0.0446286074668467,0.04486278837772831,0.04579632883712548,0.047879215960109994,0.04914841663667273,0.04368178330871195,0.042009922615504805,0.044984134662701646,0.04052179388926666,0.04670324017162636,0.044001744732296316,0.045284275452476666,0.04477259096533766,0.0438720328305941,0.0417189683407803,0.05302503091844419,0.045987043488927015,0.04707021161568335,0.044901394586399905,0.042660827732415765,0.04213536932179829,0.04363190490191913,0.0443584170902178,0.04413914722317802,0.04110045295823747,0.04446259325888579,0.04025780706915216,0.044716393659435395,0.04800698079329202,0.04340882464641626,0.037695886012652766,0.0386985993095606,0.04444014631585977,0.0429702071929989,0.04602772106203764,0.038729219723857795,0.039389725946933685,0.0445448464796141,0.04383075395341071,0.046246420010345866,0.04474345339256404,0.042050931919938,0.04455442490735663,0.04367130927111425,0.044055895496451676,0.04404631943933837,0.03937722471699494,0.04536048533890946,0.04490665574507952,0.044361319895356834,0.04428982097105899,0.048407980458833155,0.04659502844036206,0.042469746482800955,0.04548323083105049,0.04448040153108744,0.045175071313617546,0.048248095015746735,0.04308129727195444,0.04546143819126591,0.04432982973694053,0.044321751717899475,0.0442925002285104,0.04359069899398539,0.047133909706138795,0.04386269719504554,0.039843784718616104,0.04470433332090798,0.04425326068315779,0.045657641869048374,0.04500552201505535,0.04366148886269928,0.04418600037992083,0.04488970402936554,0.043698460307803194,0.04448685847769475,0.0429993068771484,0.04698997956024664,0.04404844002758364,0.04418894869755613,0.04306577376794218,0.04419868417061855,0.04299689383319413,0.03629030250266412,0.044208137874414334,0.04412352562232839,0.046748757530289536,0.0415496674926733,0.045588492077221626,0.03505220901250287,0.045519028824212535,0.04419237685923458,0.04449661520659025,0.04431232347962411,0.04652659905507006,0.04438466909833423,0.04424380890047919,0.04373304067458633,0.04627377959551135,0.045505997008660995,0.0481449255634493,0.043024547482639716,0.043687210559619404,0.04333267713760312,0.043335994630866015,0.04072894965220991,0.05184349265408242,0.044070653847950475,0.04082420073739526,0.04264064368091353,0.04460715104689665,0.04437214040652139,0.041655357178196295,0.05062398005321693,0.04581319471731989,0.044846812963313346,0.04340077941814452,0.046158881830806506,0.04475361220730944,0.04436605341558966,0.044454705750138074,0.042445148073901345,0.04952959021278498,0.045004031179309165,0.04436775517533475,0.04398319653106196,0.04636288542719705,0.04711343273362428,0.04356688994400399,0.044155654216731226,0.044563024158776124,0.04322672312950266,0.04276947781397859,0.046462763491943324,0.04442681616726158,0.044299312143906484,0.046133955889281666,0.043112964726385816,0.044007180011299454,0.04341682509899615,0.04534645997766662,0.0382511011176984,0.04420284323221853,0.04234337768945923,0.04887575449001214,0.04288438934543146,0.042866168821173785,0.04351011405843207,0.04244978561127073,0.03734725686693063
min_hasnegative,0.0,0.0,0.0,0.0,0.0,0.0,0.0,0.0,0.0,0.0,0.0,0.0,0.0,0.0,0.0,0.0,0.0,0.0,0.0,0.0,0.0,0.0,0.0,0.0,0.0,0.0,0.0,0.0,0.0,0.0,0.0,0.0,0.0,0.0,0.0,0.0,0.0,0.0,0.0,0.0,0.0,0.0,0.0,0.0,0.0,0.0,0.0,0.0,0.0,0.0,0.0,0.0,0.0,0.0,0.0,0.0,0.0,0.0,0.0,0.0,0.0,0.0,0.0,0.0,0.0,0.0,0.0,0.0,0.0,0.0,0.0,0.0,0.0,0.0,0.0,0.0,0.0,0.0,0.0,0.0,0.0,0.0,0.0,0.0,0.0,0.0,0.0,0.0,0.0,0.0,0.0,0.0,0.0,0.0,0.0,0.0,0.0,0.0,0.0,0.0,0.0,0.0,0.0,0.0,0.0,0.0,0.0,0.0,0.0,0.0,0.0,0.0,0.0,0.0,0.0,0.0,0.0,0.0,0.0,0.0,0.0,0.0,0.0,0.0,0.0,0.0,0.0,0.0,0.0,0.0,0.0,0.0,0.0,0.0,0.0,0.0,0.0,0.0,0.0,0.0,0.0,0.0,0.0,0.0,0.0,0.0,0.0,0.0,0.0,0.0,0.0,0.0
max_hasnegative,0.04307199658461599,0.042503530579034735,0.04341177079568156,0.043142159174430136,0.04311516151044272,0.0586740784302522,0.04957720049880567,0.04279495662072544,0.040008243387286244,0.04313672803760645,0.03631543718013199,0.047082548829286364,0.042978990294111154,0.03659419232074101,0.043282240432191844,0.04400133978746458,0.039506015477072734,0.05274073204202405,0.04251737283989921,0.04743800488787149,0.044045691965727524,0.04009952109627575,0.042028665430342976,0.04383013477726984,0.04320567308547159,0.03962201466075996,0.03652920740423716,0.04395851173836347,0.03884558174804161,0.0460112490660442,0.051278886493170264,0.04175831390765261,0.03304010237310609,0.03694699457691884,0.04373513391588957,0.04185653246863806,0.04381783836182905,0.03837005699744026,0.03287638291135829,0.04337018173379996,0.042439039366387786,0.04699766495941869,0.04380936821594101,0.039602071017503085,0.04217484447686578,0.042082953055663674,0.042141353055245544,0.04260707889507022,0.03605814770987479,0.041910475754844655,0.04434388539985491,0.04324212268122238,0.043259232709486055,0.048044862889967094,0.045809057826137894,0.04090819557374781,0.04670122859389249,0.04240449059347435,0.04326544293140551,0.04520912431898214,0.04219757994224432,0.04501753451636203,0.04316593445002876,0.04328585091603346,0.03484517130737241,0.0428510202446017,0.047661924441623385,0.043242198407208644,0.03895335955080499,0.04400168112154231,0.04268097821033791,0.044727487923303735,0.04530102964519091,0.04398824904278145,0.042772576338011556,0.04278916820791083,0.04302111518507291,0.04275356954492571,0.04176670158896528,0.04412939614159056,0.042305108275874206,0.04258996148811495,0.04008211738048052,0.04319754208424941,0.040305610813293744,0.029530963658794915,0.04338459241495203,0.04109720921485806,0.047026870889249145,0.042017003715936,0.044798316037982865,0.03387999206442358,0.04293222410165219,0.04225021702778588,0.04227459915904101,0.04327451547707255,0.04897575713746925,0.04332967237364888,0.04330991559038033,0.04588112866663417,0.04699031195050947,0.04481634756955269,0.050208380145650246,0.041430381889065795,0.041833410147398886,0.042887571800403354,0.042035780424759146,0.03823138586737862,0.056336967611517394,0.04588609648190339,0.03401893256986983,0.04117342260042009,0.04335002890785289,0.04411184343639418,0.04335097616434583,0.052083936700252215,0.0453204319602496,0.043998378415132336,0.04367132789109173,0.046566457250172645,0.04388528586682723,0.04334412212895941,0.04361556796824677,0.038646456430015644,0.047525749620724624,0.04382857406031741,0.04348623112938474,0.0423029702100627,0.04625828307579943,0.04945695577974042,0.04194910743947213,0.04886573353769386,0.04345048214159041,0.040855361247554206,0.045407016612252986,0.045031785018581336,0.04328294353793928,0.04405947524980078,0.04687694105718836,0.04213635872383903,0.04227679336071312,0.044120641148577514,0.045305227151982624,0.0352578328924665,0.04240501753538091,0.04036574438086016,0.0584845321497393,0.04145307913996086,0.04367346273738913,0.042130705509283106,0.0391054741031843,0.02760093008263252
average_subjunctive,0.0,0.0,0.0,0.0,0.0,0.0,0.0,0.0,0.0,0.0,0.0,0.0,0.0,0.0,0.0,0.0,0.0,0.0,0.0,0.0,0.0,0.0,0.0,0.0,0.0,0.0,0.0,0.0,0.0,0.0,0.0,0.0,0.0,0.0,0.0,0.0,0.0,0.0,0.0,0.0,0.0,0.0,0.0,0.0,0.0,0.0,0.0,0.0,0.0,0.0,0.0,0.0,0.0,0.0,0.0,0.0,0.0,0.0,0.0,0.0,0.0,0.0,0.0,0.0,0.0,0.0,0.0,0.0,0.0,0.0,0.0,0.0,0.0,0.0,0.0,0.0,0.0,0.0,0.0,0.0,0.0,0.0,0.0,0.0,0.0,0.0,0.0,0.0,0.0,0.0,0.0,0.0,0.0,0.0,0.0,0.0,0.0,0.0,0.0,0.0,0.0,0.0,0.0,0.0,0.0,0.0,0.0,0.0,0.0,0.0,0.0,0.0,0.0,0.0,0.0,0.0,0.0,0.0,0.0,0.0,0.0,0.0,0.0,0.0,0.0,0.0,0.0,0.0,0.0,0.0,0.0,0.0,0.0,0.0,0.0,0.0,0.0,0.0,0.0,0.0,0.0,0.0,0.0,0.0,0.0,0.0,0.0,0.0,0.0,0.0,0.0,0.0
stdev_subjunctive,0.0,0.0,0.0,0.0,0.0,0.0,0.0,0.0,0.0,0.0,0.0,0.0,0.0,0.0,0.0,0.0,0.0,0.0,0.0,0.0,0.0,0.0,0.0,0.0,0.0,0.0,0.0,0.0,0.0,0.0,0.0,0.0,0.0,0.0,0.0,0.0,0.0,0.0,0.0,0.0,0.0,0.0,0.0,0.0,0.0,0.0,0.0,0.0,0.0,0.0,0.0,0.0,0.0,0.0,0.0,0.0,0.0,0.0,0.0,0.0,0.0,0.0,0.0,0.0,0.0,0.0,0.0,0.0,0.0,0.0,0.0,0.0,0.0,0.0,0.0,0.0,0.0,0.0,0.0,0.0,0.0,0.0,0.0,0.0,0.0,0.0,0.0,0.0,0.0,0.0,0.0,0.0,0.0,0.0,0.0,0.0,0.0,0.0,0.0,0.0,0.0,0.0,0.0,0.0,0.0,0.0,0.0,0.0,0.0,0.0,0.0,0.0,0.0,0.0,0.0,0.0,0.0,0.0,0.0,0.0,0.0,0.0,0.0,0.0,0.0,0.0,0.0,0.0,0.0,0.0,0.0,0.0,0.0,0.0,0.0,0.0,0.0,0.0,0.0,0.0,0.0,0.0,0.0,0.0,0.0,0.0,0.0,0.0,0.0,0.0,0.0,0.0
min_subjunctive,0.0,0.0,0.0,0.0,0.0,0.0,0.0,0.0,0.0,0.0,0.0,0.0,0.0,0.0,0.0,0.0,0.0,0.0,0.0,0.0,0.0,0.0,0.0,0.0,0.0,0.0,0.0,0.0,0.0,0.0,0.0,0.0,0.0,0.0,0.0,0.0,0.0,0.0,0.0,0.0,0.0,0.0,0.0,0.0,0.0,0.0,0.0,0.0,0.0,0.0,0.0,0.0,0.0,0.0,0.0,0.0,0.0,0.0,0.0,0.0,0.0,0.0,0.0,0.0,0.0,0.0,0.0,0.0,0.0,0.0,0.0,0.0,0.0,0.0,0.0,0.0,0.0,0.0,0.0,0.0,0.0,0.0,0.0,0.0,0.0,0.0,0.0,0.0,0.0,0.0,0.0,0.0,0.0,0.0,0.0,0.0,0.0,0.0,0.0,0.0,0.0,0.0,0.0,0.0,0.0,0.0,0.0,0.0,0.0,0.0,0.0,0.0,0.0,0.0,0.0,0.0,0.0,0.0,0.0,0.0,0.0,0.0,0.0,0.0,0.0,0.0,0.0,0.0,0.0,0.0,0.0,0.0,0.0,0.0,0.0,0.0,0.0,0.0,0.0,0.0,0.0,0.0,0.0,0.0,0.0,0.0,0.0,0.0,0.0,0.0,0.0,0.0
max_subjunctive,0.0,0.0,0.0,0.0,0.0,0.0,0.0,0.0,0.0,0.0,0.0,0.0,0.0,0.0,0.0,0.0,0.0,0.0,0.0,0.0,0.0,0.0,0.0,0.0,0.0,0.0,0.0,0.0,0.0,0.0,0.0,0.0,0.0,0.0,0.0,0.0,0.0,0.0,0.0,0.0,0.0,0.0,0.0,0.0,0.0,0.0,0.0,0.0,0.0,0.0,0.0,0.0,0.0,0.0,0.0,0.0,0.0,0.0,0.0,0.0,0.0,0.0,0.0,0.0,0.0,0.0,0.0,0.0,0.0,0.0,0.0,0.0,0.0,0.0,0.0,0.0,0.0,0.0,0.0,0.0,0.0,0.0,0.0,0.0,0.0,0.0,0.0,0.0,0.0,0.0,0.0,0.0,0.0,0.0,0.0,0.0,0.0,0.0,0.0,0.0,0.0,0.0,0.0,0.0,0.0,0.0,0.0,0.0,0.0,0.0,0.0,0.0,0.0,0.0,0.0,0.0,0.0,0.0,0.0,0.0,0.0,0.0,0.0,0.0,0.0,0.0,0.0,0.0,0.0,0.0,0.0,0.0,0.0,0.0,0.0,0.0,0.0,0.0,0.0,0.0,0.0,0.0,0.0,0.0,0.0,0.0,0.0,0.0,0.0,0.0,0.0,0.0
average_indicative,-0.009909735384756407,-0.009910728816885999,-0.010210281438330773,-0.01017799966777009,-0.011707380911922813,-0.018181903051422595,-0.00998279140127294,-0.010061700229599513,-0.011695227035414825,-0.009837530820570383,-0.0051131987454859406,-0.010366075012289007,-0.010356417577374755,-0.01739429544346415,-0.010835120619719071,-0.010663104665380849,-0.009540621110582874,-0.009006875379430622,-0.011687326949313615,-0.01115742950939998,-0.010420081374620829,-0.010596586466257791,-0.009402644425887589,-0.010677879766833567,-0.010020506585644327,-0.010290735133790078,-0.00947432410890906,-0.009782498297915282,-0.010518317378549689,-0.011469401971393043,-0.015575883577835549,-0.010352948378874844,-0.010667224305582161,-0.010838336256495214,-0.009884761517415904,-0.009074249679300189,-0.016201071495914387,-0.006902723867308913,-0.013606972819280501,-0.010398483621720307,-0.010026221221133518,-0.011100166924110018,-0.010174820666816244,-0.014797620624144634,-0.012296267602347104,-0.012860898314563144,-0.010897286032113113,-0.010156270817470541,-0.01684100455728332,-0.010711358621296976,-0.008980643542497543,-0.010012083614012816,-0.009908396841858609,-0.011550300931226921,-0.009268505950635645,-0.01085413002991877,-0.006960486475480461,-0.010950101039620845,-0.010108699155154872,-0.009776581520812934,-0.010029291116834618,-0.008982440368465953,-0.010095062772281147,-0.010022903511973168,-0.01335836078243435,-0.010090899630216234,-0.009792784237173764,-0.009491173485510766,-0.013917801031125485,-0.010264645428290996,-0.00954953709505034,-0.010024675040063612,-0.011836330232627756,-0.010080002376400065,-0.010249668269286527,-0.010392117570069748,-0.011362122594874671,-0.010746062528519167,-0.01115451481457419,-0.010335744280380737,-0.007368417867041302,-0.010311845915436716,-0.012119154300912614,-0.00991302330788716,-0.009418789167586861,-0.010902834523167922,-0.011941690533515672,-0.01122397831941783,-0.010610047961483054,-0.00895792086552825,-0.010474443125963417,-0.020310631127246466,-0.008950226464511038,-0.009904377730415404,-0.013163111042858777,-0.009887639754536616,-0.009084408732850754,-0.009257423046138843,-0.00989874734454543,-0.009137664076143904,-0.009398059389489366,-0.010345712879451763,-0.011523230871435832,-0.009987887922052546,-0.01156368735305581,-0.010356837704737144,-0.009952095303209313,-0.008010289481902588,-0.003456237491886091,-0.011966596940959126,-0.01385682641766333,-0.010068989041302915,-0.009850492845596685,-0.010364837533483398,-0.01083434165213927,-0.00658423563563649,-0.010971959005310653,-0.010394320690181237,-0.009615191526619923,-0.009635892561921579,-0.009938630317227613,-0.010020958977801085,-0.009950296740478882,-0.010556659368622011,-0.011986062963777376,-0.010393467311757004,-0.009416839820180654,-0.010297902504007288,-0.008392088808367846,-0.010165657887285268,-0.010159724657646727,-0.009377044719904443,-0.009751234975618927,-0.01059277707571225,-0.00477850995854089,-0.010624758447988613,-0.009909613734817538,-0.010713414252868965,-0.009603447462387442,-0.009971404510125174,-0.009541448863323098,-0.00864538835293738,-0.0098487489745916,-0.006473847962487194,-0.01076403741247588,-0.010933285955951213,-0.008510877617883085,-0.008175454355215727,-0.012733897175448563,-0.009916366263774574,-0.009951534693603995,-0.015503926186556025
stdev_indicative,-0.010888452852034613,-0.01091223561692725,-0.011161629321472352,-0.011066875236113442,-0.012063801242195707,-0.014750489853820947,-0.011141725557402223,-0.010968472998305421,-0.011845459752504872,-0.010980731792191025,-0.008178667368661727,-0.011183230383784654,-0.011298898386614215,-0.016007980340249722,-0.011440399628384085,-0.011348334585969155,-0.010328433066466728,-0.010457373628033223,-0.012101875797173514,-0.011693466993845335,-0.011303392419341304,-0.0113185397744698,-0.010682453837475105,-0.011163423634833807,-0.011040361185171774,-0.011389383868280529,-0.010484544133757,-0.010778414657885172,-0.01157110854610607,-0.012011020291916051,-0.013548185989440475,-0.011206588217154928,-0.010664231346243547,-0.011353578284997674,-0.010974900332170596,-0.010452407476288941,-0.013454380469396095,-0.008819007297010106,-0.013196129192385619,-0.011329396612612399,-0.011106898243306055,-0.01199564720961605,-0.0111169907291538,-0.014558207900232118,-0.012600729284741954,-0.011927899465761494,-0.011573227796576737,-0.011195957508437677,-0.015858246660963277,-0.011696045341537318,-0.010398622025414223,-0.011004680438204698,-0.01089905212090665,-0.011877982180158326,-0.010577810876436822,-0.011912735267318224,-0.007688439195758892,-0.011191881558444758,-0.0110520881754178,-0.01113805464598126,-0.010775941969313155,-0.01060591893115536,-0.011058892893762187,-0.011006488462002565,-0.013892475862408146,-0.01101469067072517,-0.010934603093656306,-0.010647219573902548,-0.012568619728510071,-0.011136010353738339,-0.010820704033047041,-0.011056685218066676,-0.012177457074879246,-0.010814826848912652,-0.011222948666924384,-0.011288690545896667,-0.011861813104715357,-0.01149976410510489,-0.011557220701042918,-0.010287030297713858,-0.010794131690467354,-0.011131140721216216,-0.011918543254515659,-0.010926728347690547,-0.010467454961194049,-0.011333804605553346,-0.011079516405737573,-0.011666925734984889,-0.011362412416282929,-0.010442430796364961,-0.0115233351592556,-0.017035470763996457,-0.010220093288838338,-0.011021009240057916,-0.012707211290109372,-0.010916907950400777,-0.010929727843222055,-0.010519394264589102,-0.010930991674933704,-0.01056382003799703,-0.010786109225934556,-0.0112117576833246,-0.011996547267439164,-0.010796999760189907,-0.011663412579193046,-0.011668668030050369,-0.010944889127851375,-0.009580480951481014,-0.007863087988337382,-0.012170372341395135,-0.013713530040710332,-0.010810132468096825,-0.01093937721906795,-0.011126508045298153,-0.011736138957830457,-0.009188288326081423,-0.011681412490638981,-0.011180073592219942,-0.010736619677551552,-0.010893670836909375,-0.011000423037227017,-0.010990751831419081,-0.010918649603200032,-0.010769572348605422,-0.012185891480948821,-0.011260790945813635,-0.010577498399069981,-0.011165035737335368,-0.010530415502974273,-0.011223793154565325,-0.01102435436672987,-0.01049778310160251,-0.010884263617838959,-0.011163125108508089,-0.008261550478104791,-0.011743276424266603,-0.010956678032972544,-0.011428607121197176,-0.010730787655045058,-0.011095369160709957,-0.010681450980368868,-0.009945925429499652,-0.010741570003959033,-0.00908799768267604,-0.011357934364954476,-0.011023313074329235,-0.009802068995339759,-0.009823613383712881,-0.012661476336674022,-0.011023303229364338,-0.010824243868185637,-0.012693296828956011
min_indicative,0.0,0.0,0.0,0.0,0.0,0.0,0.0,0.0,0.0,0.0,0.0,0.0,0.0,0.0,0.0,0.0,0.0,0.0,0.0,0.0,0.0,0.0,0.0,0.0,0.0,0.0,0.0,0.0,0.0,0.0,0.0,0.0,0.0,0.0,0.0,0.0,0.0,0.0,0.0,0.0,0.0,0.0,0.0,0.0,0.0,0.0,0.0,0.0,0.0,0.0,0.0,0.0,0.0,0.0,0.0,0.0,0.0,0.0,0.0,0.0,0.0,0.0,0.0,0.0,0.0,0.0,0.0,0.0,0.0,0.0,0.0,0.0,0.0,0.0,0.0,0.0,0.0,0.0,0.0,0.0,0.0,0.0,0.0,0.0,0.0,0.0,0.0,0.0,0.0,0.0,0.0,0.0,0.0,0.0,0.0,0.0,0.0,0.0,0.0,0.0,0.0,0.0,0.0,0.0,0.0,0.0,0.0,0.0,0.0,0.0,0.0,0.0,0.0,0.0,0.0,0.0,0.0,0.0,0.0,0.0,0.0,0.0,0.0,0.0,0.0,0.0,0.0,0.0,0.0,0.0,0.0,0.0,0.0,0.0,0.0,0.0,0.0,0.0,0.0,0.0,0.0,0.0,0.0,0.0,0.0,0.0,0.0,0.0,0.0,0.0,0.0,0.0
max_indicative,-0.011630201710827667,-0.011672969757699304,-0.011878326514332462,-0.011731748622091968,-0.01227351729215585,-0.011755121512030023,-0.012033122569155055,-0.011649129440017851,-0.011883429139944324,-0.01186010022713349,-0.010695297803397027,-0.011786929103981273,-0.012007115703094113,-0.01472287710532341,-0.011864021388552599,-0.01183987072492551,-0.010913833983845954,-0.011599040328915497,-0.012360185895026297,-0.012056978569642782,-0.011961822623135972,-0.011841177445503195,-0.011678915946114485,-0.011488430665714191,-0.011815567597112678,-0.012228241885991944,-0.011255795052606491,-0.011535446185070531,-0.012370051201385637,-0.012376855941913546,-0.011742116420034867,-0.01184079110322978,-0.010582169933576907,-0.01170213899509223,-0.011809694326160537,-0.01153328290125414,-0.011044436518721721,-0.010364555551483263,-0.012752236270238701,-0.012027659506170858,-0.011932751602386566,-0.012659146518031456,-0.011826303603864555,-0.01424830489023258,-0.012762750336593794,-0.011054405946056535,-0.012055276396696794,-0.011986679370877698,-0.014913596111202654,-0.01243678966579601,-0.011513382328853617,-0.01175723297305933,-0.011650759968774509,-0.012064918664631476,-0.011599855168961308,-0.01271401854993081,-0.008243198546873255,-0.011311705045256363,-0.011762910134865485,-0.012199786310586056,-0.011323394110123945,-0.011891930158377221,-0.011786852236749388,-0.011751449770509643,-0.01423796850393815,-0.011709312387520097,-0.01181315343587514,-0.0115398766515105,-0.011340395156198769,-0.011785644029494457,-0.01180886780484192,-0.011841991029628235,-0.012373465654298508,-0.011352044595984856,-0.011957630689838017,-0.01195838186186968,-0.012193506202406201,-0.012047745924099197,-0.011809635100612814,-0.010169337376798284,-0.013594169725088458,-0.011737026947858253,-0.011660956410369346,-0.011697611420052056,-0.01127116092487804,-0.011611651752103576,-0.010271904793535104,-0.011952359404654472,-0.011910294410131583,-0.01161280807873153,-0.012319355524478832,-0.014154445728221124,-0.011211643814179035,-0.011877736000358956,-0.012229079245154695,-0.011700950735933805,-0.012399861002883941,-0.0115020731840913,-0.01171743192731721,-0.011684224254877744,-0.011872813399433779,-0.011856352871277787,-0.012305058396452276,-0.011396815884003124,-0.011660270043594835,-0.012684699105745607,-0.011698053297612188,-0.010829333866019825,-0.011509989042951804,-0.012250940192621029,-0.01349074806181838,-0.011352698597603064,-0.011773381369088377,-0.011683974762656235,-0.012406885684914827,-0.011309400967291057,-0.012190832862797426,-0.01175739072365492,-0.011599501018336924,-0.011870032333056741,-0.011811191510000946,-0.01172423327352684,-0.011651458024229688,-0.010868272240401482,-0.012263024791395795,-0.011906095712913737,-0.011474553995349548,-0.011810894644055353,-0.0122499060118995,-0.012029820092395735,-0.011669157501267435,-0.01136186592935501,-0.011755798088443816,-0.011559442944306837,-0.011128682920310044,-0.012596202034608813,-0.011755388234212743,-0.01194473920205753,-0.011598683706757734,-0.011957707426354554,-0.011560361963343684,-0.010965310421118472,-0.011412187436420664,-0.011218348600183484,-0.011772600499770632,-0.011016790287867943,-0.010814668574538541,-0.011136212705669482,-0.012506138179518837,-0.011871861107493015,-0.011477333345026373,-0.010235266521910367
sum_num_words,0.00989843330899425,0.009418134387586569,0.009403833994904097,0.009465361100436585,0.010122381419939059,0.010503251720716304,0.009821402189261128,0.010634381754212635,0.008781133958656089,0.00843264258288751,0.008349386900585152,0.00844384933132744,0.009534554679446632,0.012696978687553246,0.008972658933081686,0.009410128059282286,0.011210841298526612,0.006699014732450538,0.010268713845419112,0.007530929800990868,0.0095325158146118,0.010155672166688369,0.009864332217731179,0.009917332445794583,0.00975074254952164,0.010361584334220384,0.011103479125166267,0.009280015988328307,0.009405296034486765,0.009052229610980823,0.005514841827100405,0.008823686797082186,0.010702936693772579,0.010797658687655046,0.010240210253194285,0.008871936147152048,0.009838963275810929,0.008380423875763418,0.010965245002782377,0.00914881762176449,0.008222547257657852,0.007658388731335122,0.009335201192520435,0.006597803757902929,0.008734612674093404,0.011962918419774614,0.00932912271582545,0.009222872890884005,0.010545803873589814,0.011095624071199201,0.007877245729298685,0.009443340617202286,0.009243680431008327,0.011039094951862243,0.008776542653959434,0.010766952791569424,0.010546168434555764,0.010244541303262019,0.009628894135947443,0.008729941317209798,0.008525794887783333,0.010469604200769696,0.009392101816235125,0.009466420444147774,0.010463162005537818,0.009553542605300214,0.009489397838442215,0.008768201899031592,0.013443720759403793,0.009566061562371466,0.009493762156793406,0.008977520687300317,0.009426303097596987,0.01052213344269984,0.009198440836404892,0.009857524784841573,0.009989960704497255,0.008165681356662242,0.009577663926928636,0.0104717256887948,0.006689531091798176,0.009036432620591693,0.011896679947532527,0.009674123582974713,0.010541722410824551,0.010156361914431637,0.009862689338271398,0.005883735498525676,0.008831225703844762,0.009560362564071598,0.010523532309831551,0.005947414423558224,0.00908585309322787,0.009184178360795006,0.009469552322691671,0.009404347381467289,0.0073907289850797505,0.009398574982361987,0.008987589045175569,0.008719761626297694,0.008289333128010223,0.009757383573994,0.009215165694152174,0.01003279893873615,0.009420924080764628,0.010267272365551031,0.009853209169897872,0.010431497367920844,0.00944923591698321,0.008469011690694047,0.008521469052961337,0.010402102180661323,0.009778877487967599,0.008955287447270338,0.00822567592392601,0.00902169089943157,0.009312752149574513,0.00927735176664609,0.009051320824557316,0.009478672498907357,0.009437966843706572,0.009565192256761123,0.011084851046578003,0.010879736959944025,0.009738370344962017,0.010357041685268664,0.009710829417219716,0.00899562546328602,0.009776927298673114,0.009435618193825329,0.009295047225125848,0.010712598869271422,0.009416034219779143,0.010274226984616554,0.00823469478330862,0.010293040367917821,0.009420016862165918,0.011223785021025447,0.009443528194324338,0.01031236730971304,0.008706711931601585,0.007383445147768153,0.009710123218102513,0.007397085842151102,0.01016379789835167,0.008264136926660476,0.011822299390167993,0.007865413725423816,0.0081852434291727,0.009218671912734427,0.010344745431336823,0.011724416242032416
sum_num_chars,0.018724237006133283,0.018196051266867515,0.01824878956848957,0.018363638726059305,0.018547515790718564,0.017049597716705587,0.01860083224384062,0.019699059465478716,0.017629652165774994,0.017378984976701206,0.016698378842595642,0.01680689770952681,0.018369169378306845,0.02168085946577868,0.017781555460100976,0.018304987948047035,0.021154071753539165,0.01902771692965948,0.018887786700923413,0.016340051382545823,0.018384479375646783,0.0187503899630478,0.01813794981351917,0.018426882931235577,0.018478820215327544,0.01961888051186854,0.0210357192364886,0.018166450242362735,0.017518971250605656,0.01758259041825773,0.014104127090535898,0.01771763582679781,0.01957699444492897,0.018555977843121095,0.018913237379260185,0.01699989891946465,0.01908592774949656,0.01740611820940916,0.02063381695443289,0.017495813566138278,0.01732630849551342,0.01630767962593375,0.01822362878502872,0.014606290457322757,0.017486366314943068,0.021448660559545234,0.018204106260501365,0.017991892466813066,0.02018567920587439,0.021529931886335035,0.016895282018200827,0.01830146253831816,0.01809684826845829,0.01945340139878221,0.01760870348202119,0.01920375099665131,0.01945173836799352,0.019995330315504697,0.01809699764069715,0.017582489726299378,0.017765100564376825,0.01857695147906294,0.018242565541848894,0.018283752015348455,0.020874035159975074,0.018506365277692262,0.01837501042187692,0.017621898901537078,0.020691812355340906,0.018173771528062287,0.01854331046113101,0.017923763422469444,0.017968548756348283,0.01928729282615585,0.018070518283228223,0.01886750736051972,0.01820109973641157,0.01772548386280993,0.017948063525086398,0.01826731647435786,0.015716224434946333,0.01793227214006118,0.019968415104086968,0.018416800734697956,0.01878847477101547,0.01790652652866171,0.01877700949785123,0.014637890297242816,0.017508584608173824,0.01874963312231736,0.019489882673536053,0.014664168968415242,0.018646920782011214,0.018268817671078002,0.0189139191714415,0.01825440765831378,0.0163650028242598,0.018231848316298593,0.017953255065478263,0.017495054301129843,0.017232840143710668,0.018574657322860483,0.017623785354183963,0.018635568313200547,0.018665281355574704,0.017405729109440514,0.018264144591105917,0.019691058841245404,0.01774062966881271,0.016437083724112286,0.01790392285772737,0.019130978469281405,0.018614787523974816,0.0175161348997284,0.014460573558558783,0.017514167006945157,0.018263691053127504,0.018160238506383035,0.017869352642858306,0.018433465872473402,0.018283570337864014,0.0185047405606768,0.0192132821523914,0.019428034730990317,0.018218864548800996,0.018781618200510365,0.018451356122071945,0.018014302834825982,0.0193219648599345,0.018778068401152988,0.018199033972115863,0.018801061983283837,0.01834008418873509,0.019472072348342997,0.016036486805944744,0.01711540496153995,0.01825275800720576,0.01978593867255334,0.018644080536475035,0.018992691345944834,0.01764325768557075,0.016450334665175873,0.018272145144809498,0.015531561166146655,0.019317571854794057,0.01716640841516701,0.0199153847731708,0.017371029833830313,0.016148377069103336,0.017998114143219286,0.01853710316002523,0.018915855625676124
sum_num_messages,0.030295681957434692,0.02887516343739656,0.02978879176546871,0.029894994005636548,0.029864223305866355,0.026430691427880206,0.030267717762936987,0.02917178603867051,0.030109452831868232,0.030003514106651762,0.030349056005958355,0.02825187841144297,0.029888159444073352,0.028325561534566102,0.03115850372141485,0.0298243596774508,0.03148791846687457,0.02443374489785468,0.02778186021675598,0.024647234952295566,0.030205956039349387,0.03092989859950848,0.031023682599233014,0.03198602372228459,0.03040546802079285,0.02899054687245355,0.027994392835210526,0.02964697201344229,0.030090615023043922,0.03049830868096916,0.021323301798401917,0.028924865121662334,0.02762992845481047,0.033454960970071806,0.030373678738900088,0.028644964928081943,0.02751078308270862,0.030259522683157947,0.028304719488914214,0.029959326335155002,0.029623649105671224,0.02588634694486212,0.02994069526430529,0.029666988576164663,0.027886206262590058,0.029157578163635848,0.030595135414178052,0.02940009673547719,0.031122496802573365,0.024093278756978326,0.0292993760212461,0.030042554513839154,0.029418869018934406,0.03173607476151891,0.027140179534591687,0.0307690553479796,0.028644823479535873,0.03066070761420724,0.03045602752694206,0.03176963701730873,0.02946292396690475,0.03059076942997855,0.030139210769451294,0.03003631266989037,0.02682471281363997,0.030472922154106987,0.030342429103057796,0.02933987598625758,0.03375443574963728,0.030197957574850408,0.03042519620909332,0.03005672596535227,0.029755008118260526,0.030588962943280226,0.029604670382917257,0.03029769294908831,0.02983502620586566,0.02904945250100578,0.030228661909966224,0.027127121990803877,0.025614334507645428,0.0289189906656272,0.03093857135983489,0.03011163154368326,0.030705369882274073,0.028814576978160804,0.030248439071954587,0.026128793624265505,0.030074577219886933,0.027840723693570074,0.031307224797019834,0.020930336951966912,0.030025296121436763,0.029334048294665488,0.029135509092127188,0.030030305554864738,0.028842752884620692,0.030035937842215997,0.029413789215636695,0.03019381447569405,0.028869974975930468,0.029911477445152344,0.03203183802955172,0.030637445674794477,0.028861818384852515,0.031175378132579007,0.030299304082121156,0.028040464321580343,0.028786573565841238,0.028225614056806552,0.02685752701979403,0.0310879265233687,0.030127478170779383,0.029088858308654392,0.029941098114370523,0.029100880756502103,0.029769932542841063,0.029445257277251318,0.02925069742308989,0.030777226351081623,0.029999935471608227,0.030191145643104243,0.029027130293482757,0.028504097098707937,0.030843906889430714,0.029631261353116833,0.030045967660091752,0.02974991425572788,0.03195527815720808,0.028534484673683972,0.029930387657408422,0.0328314028547728,0.030095967688029197,0.030493743364342837,0.030270163308517305,0.029736673907216203,0.030034819231528072,0.031197917441635352,0.02968666335148594,0.03054751366127701,0.028485797257509722,0.02907972843799398,0.02982859524702586,0.026255519208821625,0.030990369101256153,0.03114583129191332,0.028767613051251164,0.030945188186950707,0.029559651398436762,0.030656179800660613,0.030532187687356813,0.025214438149879576
average_user_sum_num_words,0.00986904104675351,0.010032032429624298,0.009745957846507763,0.009771006957820764,0.009368878409283988,0.00992877573531692,0.010003777417253062,0.011404676585630071,0.009756156201766099,0.008954025169080889,0.008772200354987728,0.009550728957971648,0.010005478844965218,0.011994786467881883,0.0092650459952405,0.009893423124091513,0.009945074699174796,0.009552407875970878,0.010534613158170166,0.008833590153965516,0.009872637557235919,0.010278963322860555,0.009925381787073483,0.009967689973312441,0.009974339535661158,0.010431176542163054,0.011695600730531615,0.009938681587943064,0.010131777722912808,0.009237351124671365,0.009438359773800767,0.010156240731955975,0.011055538805675013,0.009959065798943106,0.009839135369319577,0.010406030841192744,0.008327249221321054,0.008358501442783432,0.0124145806918023,0.009303624955693451,0.009203203343265298,0.009880234635290659,0.009775197021090271,0.007397467758398007,0.009263330520923888,0.010594279060065633,0.009435049832842754,0.009820672572384396,0.009602233545442845,0.009699706616047618,0.008467182639666546,0.009795104526051914,0.009890809873424012,0.010004177748538484,0.009356124561973402,0.010619631738221641,0.010447125334202199,0.0104506470867042,0.009915162026054714,0.00862422418374574,0.008769508013557584,0.010238371856456329,0.009698251544524144,0.009849204725669233,0.007856327845022822,0.009746873108278348,0.009574021876573625,0.009334429264021754,0.011255395048415131,0.00986745805382334,0.009860419023475654,0.009897769426556811,0.010080959173985476,0.010836096709586619,0.009675487030901975,0.009904921308965177,0.008844575287541984,0.008844985558070392,0.010064221463894643,0.009213952322514821,0.009487571400302014,0.009648295200414077,0.009512177120011098,0.009732509788838849,0.009931876523135631,0.00954973149062498,0.009987467151561333,0.007280463407960157,0.009255481065371508,0.009825374927661081,0.010119073199606466,0.010647056768074533,0.010152640208243705,0.009364740882390386,0.009864649169484232,0.009770974596766596,0.00873858856520653,0.009777592624928453,0.009637960931218607,0.008808107583606166,0.008586806498902899,0.01005702255014853,0.00904837902639764,0.009936980073760385,0.009572149058522248,0.010332107322254876,0.009886630696649582,0.010490271592184224,0.006834394564665665,0.010111959387018163,0.010240997749308624,0.010952757557240754,0.009897418151920665,0.00947021092618465,0.008887168036477282,0.007911834620078353,0.009676587067084642,0.009957507828954498,0.009726813074001396,0.00889296443944922,0.009886225649285846,0.009813806564091494,0.01091919560184122,0.010696252877008738,0.009692177703519295,0.011197308006932305,0.009941205179348486,0.009589538670498542,0.009739857755371395,0.010150355527347842,0.00996977482409532,0.009531926313046286,0.009787999015415152,0.009847128037202184,0.01032336187827747,0.011427408493777682,0.009811317699158842,0.010823359859736325,0.009495678746928683,0.01053440080131453,0.009502202096022094,0.008885803056178625,0.009888799859816208,0.009330384504350597,0.009647085061314415,0.008614490372615293,0.00998026594716682,0.00855470636525446,0.007910876781029296,0.009516063767743306,0.010031145854172432,0.011410868878912232
stdev_user_sum_num_words,0.008836158413641982,0.009165634281840708,0.0087654622776876,0.008595529097330228,0.009141885506960903,0.014462493761813505,0.010073463687463284,0.00931411875254048,0.009733958953248176,0.007168873379385262,0.0059400179469677895,0.009649419222011636,0.008922070822961158,0.004789022899876538,0.00814606045148469,0.008533814572535017,0.00858161658087505,0.012653300565355127,0.007435220712192698,0.007558156017048309,0.00873209831372769,0.009169875328262373,0.009742338869539202,0.009965525031319786,0.00921854048968972,0.008088212397646531,0.009807088131022424,0.00960750908128594,0.008763504113591851,0.009055258643306821,0.008327583270291289,0.009023725934374296,0.009263371964960696,0.00901914833414054,0.00935346440321213,0.010034983402456725,0.009180504432514322,0.010183379761652105,0.007676873734735495,0.008193328910576607,0.009623515192809727,0.009164285407898666,0.008830743466872064,0.011314147925241822,0.009240265224155945,0.008826676360197142,0.00841613624565968,0.009158410005214588,0.008886420582529812,0.006658146981403153,0.00965579680719615,0.008962765781702114,0.009432061278865322,0.007719835864532213,0.008447896209833565,0.008649074230231615,0.010407765731885382,0.011756229305054305,0.009530974711278006,0.010918556166488227,0.00593020023578362,0.010423139611206556,0.008727604999930551,0.008994188270245609,0.006540541998001312,0.008832000654796598,0.009067391086834855,0.007761868944650398,0.009717935882326193,0.009140544759005852,0.00801761533290231,0.008840801715209625,0.01010936883517149,0.009787589552669243,0.009097258365521659,0.0086694395604636,0.007452096746306074,0.00843667885390895,0.009507021207077325,0.004296348382940391,0.010324221310259903,0.009017770206051656,0.00963907869361529,0.008932724949493674,0.008742114656987147,0.006342042117057032,0.008832207589232484,0.014078397682907268,0.00881968329986208,0.008119130383036119,0.007425183391305209,0.011051451048865247,0.00967730241526671,0.008679159371432368,0.008277377139995823,0.008959353876637922,0.004350300373609997,0.009001724306715909,0.009047758613197218,0.012868412515978204,0.00869992366438293,0.00857899375992185,0.007295603847043516,0.008299020363083397,0.008150347673890366,0.011379043571148804,0.00898595370453707,0.007756361926723649,0.00984856843548582,0.007480709218688054,0.005526387518780734,0.007135399801181677,0.009050189610281343,0.008985711440762538,0.009034258379601888,0.009459803148270093,0.009070400539221727,0.008602456070318273,0.00822103181926945,0.006554950469461642,0.008875757519636294,0.009037964209343725,0.008391061689768456,0.010121256826837313,0.010573506701045173,0.008317980954357145,0.009262804998842127,0.008698449236955334,0.011725911317653034,0.008902499154517136,0.00893955361557556,0.00951646681409008,0.009123583299705086,0.008157088620967963,0.0011746555820134064,0.010271923002925171,0.008992083201067615,0.008670657111957462,0.00818487159460377,0.009605020806486717,0.009820115910070789,0.009081238734210486,0.009126374860917573,0.008649042767463241,0.008295871115195419,0.0045832742975973235,0.006591206456899961,0.008881417983046267,0.01014513684508761,0.008786457645936382,0.008325422330996299,0.014603501810345372
min_user_sum_num_words,0.025204786103376675,0.025521878572299053,0.024981613169967998,0.025289680663293523,0.027073087274302143,0.016527086042000632,0.024903578598389264,0.02526011072296425,0.024456736847848465,0.021964748577099267,0.02830423955927861,0.025060250288162517,0.025653704605208168,0.025903707309383142,0.023854588335476466,0.025704284879732718,0.025663983116037764,0.015911352100863897,0.0237926574729394,0.025416104543972223,0.0249200648628057,0.025012177290943988,0.02480045772946722,0.024524435373763958,0.024703628789137372,0.022471166739239073,0.020927749420795734,0.024462840834323162,0.024422935711303616,0.027489936240570202,0.028365426143959913,0.024520826131362486,0.024557822999920827,0.02592248780578302,0.02463328198929646,0.025641987824016315,0.026809664781515304,0.02449182279498962,0.02555082617476386,0.024843296989177095,0.0241144129769063,0.02437360150296831,0.0247981489807272,0.025917904155535004,0.0250964687716032,0.021938617975245094,0.025083261637371523,0.024853881576963353,0.022970194850208597,0.021920595830551972,0.02393099196954348,0.02504976328019944,0.025057128747087983,0.023018662019603973,0.025200723558995,0.025868404402558928,0.022529323827340776,0.023506266684380633,0.024708044677504395,0.020036211533002026,0.026308521065380074,0.023416306595420905,0.025140401852673838,0.025143298368594302,0.01910782352207901,0.025046789390182178,0.02491009779460255,0.02502417104224855,0.02640893431752927,0.02495247994668919,0.024976362679305465,0.0247986567328691,0.024571259904184045,0.024461927964475272,0.024432311516888384,0.02445534943337548,0.01986640731581308,0.0261166253382545,0.024404172987270434,0.032656906831532544,0.028617026346414033,0.024545237051698872,0.026262270058468568,0.02526942079961776,0.02488137662057098,0.030220838402210962,0.025313082100304935,0.02525963641837177,0.021321885457993087,0.020639750492845194,0.024070017304882098,0.02303863677907356,0.018726361913912713,0.02805827311791194,0.025955462143085077,0.02492875255694836,0.028904403647213084,0.02499973022400541,0.025150987379510437,0.02133351599250132,0.025941089726967157,0.025365470025626554,0.020912024300781856,0.026011973628526433,0.026097603158786592,0.028942327235723306,0.024377425445385615,0.028209846621858367,0.027863037840589577,0.028379077062284586,0.02915163119130979,0.027355155539200062,0.024752058689854153,0.025582369282462936,0.027063018446113536,0.026570152275414382,0.02531744711977378,0.02497715952052588,0.02737861349553627,0.026609305856481903,0.024785914146986616,0.025166157846592378,0.026379461487282565,0.02037741276053302,0.023575469765828635,0.02470119605945807,0.025037503020771318,0.024534294282543206,0.022011348821883922,0.025209788779763972,0.025312278663753452,0.021505104227796442,0.024786627568480716,0.025146981265307445,0.03507900597014122,0.02738315164284174,0.025013655674979242,0.025173347280310693,0.02474437150645656,0.024571182018273387,0.025479579862836874,0.028796832280931814,0.0253565220241833,0.024784197096019492,0.025069202682789768,0.02720094082523936,0.018118247482829027,0.025040881888014798,0.02257628168400074,0.024175504461734564,0.025181015577752115,0.017278688756857768
max_user_sum_num_words,0.015094421722740885,0.015460959875386687,0.014907258551464665,0.014955745764377394,0.0158050454861444,0.016015315948694715,0.015770943777407672,0.015718589383835687,0.015454222507973684,0.013092383960504,0.014347560419605759,0.015321147525761768,0.015213407840697343,0.014962584118692628,0.013769856383514866,0.015017436265116561,0.015718866028362314,0.016652376367143402,0.013729927559125558,0.014409094154846681,0.01486740396735749,0.015192108407081285,0.015512278651584471,0.01576589850852846,0.01518045339388883,0.013863461425296675,0.015606813868189143,0.015428129352116383,0.014743403691290893,0.01587937096311439,0.014746578802435515,0.014860461031313086,0.015438861550523559,0.014860161250125264,0.015617395252181069,0.015564597664557884,0.016310621159927544,0.015360532117530593,0.014043871391391597,0.014431930025413344,0.015243227396413952,0.015108023939816143,0.014947114116543796,0.016311778877975858,0.015294537827620403,0.013311151225524336,0.014754048948988352,0.015203394689905784,0.014622475702763931,0.013657087866364196,0.014788218863618223,0.015096657965978613,0.015497863116902941,0.0136574000078084,0.014862275748485296,0.015079869441353968,0.016171705459200554,0.0166425766115107,0.014905750890439417,0.014644157340283412,0.013283938182343882,0.015868415296310154,0.014934995954613079,0.015142775648516515,0.01336576648872346,0.01506701724491473,0.015206330098771911,0.014245650769069688,0.016701985923269214,0.015213420820847444,0.014484110150013215,0.014768331118398943,0.015956131380552893,0.01581827493456108,0.015156896091427577,0.01432864479552003,0.012487722519390617,0.015051758847486892,0.015233795414981426,0.013888405545145435,0.016879327434983472,0.014900192321887884,0.01618113216238387,0.015082128083051014,0.014999608543767284,0.013846771976296107,0.015178611944859971,0.01752772026294734,0.014123946712627632,0.013641935823169188,0.014213513030632202,0.014569837317419636,0.013279421557909392,0.015949321069830928,0.01508156956097482,0.015054633317070383,0.012103110214827939,0.015089452441572128,0.015013065965818062,0.01675270157011805,0.015196652473468207,0.015051259877952961,0.012588994818200486,0.01493957112307802,0.014743342376616269,0.018057030813903367,0.014966234806796118,0.015083917012302588,0.017051778613341194,0.015236779106895167,0.012751307720325815,0.015199438372715722,0.015102572815334588,0.015279034583159249,0.014524098725143902,0.016198700328280566,0.01525163293083176,0.015062409415478734,0.015182759886581909,0.014105518549054546,0.014931942723172872,0.015185251883382354,0.015484497064169602,0.013666860994783044,0.015696929528399118,0.01476304216742777,0.01532525187004511,0.014793549281856316,0.016437788244939196,0.015424433090660595,0.015124795182593038,0.013694707796877204,0.015139583009140938,0.014601732294146666,0.013026637611294925,0.016658287941392402,0.01508783320832024,0.015006472382880841,0.014658506805386794,0.015571864183463947,0.015750630618304468,0.01621747525627591,0.015339036640603362,0.013528842879932852,0.014743062485942496,0.012094846052048256,0.011984399100952461,0.014698321206134056,0.015331112180612876,0.01471735088222469,0.014704291408431595,0.016346663050004425
average_user_sum_num_chars,0.018842588911376766,0.018991647778333405,0.018773510457985833,0.018839888744675536,0.017942981165257787,0.016672572076633557,0.01894261051162185,0.0206525724417861,0.018786377272905972,0.01808287563433587,0.017213988287374735,0.018084003540818367,0.018987237686496933,0.020991560476594753,0.018264811251967914,0.018947112560375887,0.019984916452982976,0.02211092694657718,0.01941126479044732,0.017860979247561644,0.018890937487176386,0.019082139159183796,0.018318437543458653,0.018677891128920203,0.018869769924645938,0.01990244350186935,0.021801917545985174,0.018993845205736735,0.01844021167483539,0.0178855982665531,0.018238537538866808,0.01926937796245045,0.02003332091092988,0.017850222353574217,0.018677816186221892,0.018737415896174205,0.017727287721599726,0.017436265857569758,0.022462767120930538,0.017743289916838764,0.018531385304956904,0.018744574969869147,0.018839227971237018,0.015545357732461351,0.018223981821748884,0.02076910833522401,0.018478341037290593,0.01876753737806144,0.019423989014138106,0.020235478712193583,0.017621062229922067,0.01882457285305011,0.018916859432445594,0.018467321314679624,0.018381349386614097,0.019220451497435585,0.019700866274967786,0.02033088727800276,0.018562075276527944,0.01755654558688214,0.01818057485180291,0.01843049927816627,0.01871732151052681,0.018838449167134327,0.01815371413663499,0.01886453916496928,0.018610175884056942,0.01836352018385704,0.018597719710194072,0.018643397448899004,0.019075474610399094,0.01904362128176149,0.018825148668530852,0.019762197770956124,0.01871588842528532,0.019114772906166963,0.01724987461130468,0.018579539547697317,0.01864986696343566,0.017118041120114016,0.018357002352002386,0.018724374411408916,0.017517251581679483,0.01862921589189359,0.018293086798625506,0.017459136443848708,0.019078915350008926,0.016175492788718725,0.018129919958832452,0.019204681666931046,0.019228789442274043,0.01947386853269406,0.019950000520819525,0.01862410909482729,0.019506988119518554,0.018788133625034842,0.017891147500067962,0.01878149172079921,0.018757008496949935,0.01777436512387492,0.017650883690589758,0.019051114253221455,0.017631073846869457,0.01873998657927953,0.01899529230556361,0.017640186037908463,0.018485571033637533,0.019951003704327324,0.01509494465324494,0.018289010154383487,0.019914549322434548,0.019818249749288627,0.018901451103017712,0.018205822611337855,0.015337939051237873,0.01645493677938524,0.018815411445412565,0.019020714280639794,0.018738079035658987,0.01796592273321127,0.018908525352807216,0.018918930706059878,0.01918092124379839,0.019436597446720067,0.018314704752599817,0.019814870376525733,0.01884532143644838,0.018777586241626953,0.019474193025889062,0.01971379555576243,0.019053987134239246,0.017774501245990393,0.018891631670593104,0.01923061953599582,0.018225581815168892,0.01838723115702915,0.018814200271297744,0.019528514601960256,0.018913723033829728,0.01939155729865341,0.018584010150166745,0.018174058302949055,0.018632170938709197,0.01755471786290879,0.01892877733516155,0.01761261453382823,0.018338019136910612,0.018290276596860697,0.016050100358453227,0.018456621291020957,0.018327233500628166,0.018879059348246886
stdev_user_sum_num_chars,0.02033122419344588,0.020899672858668377,0.020355831353396765,0.02047226988146469,0.018917127791177796,0.023505328466820435,0.02173714763821149,0.02012212231336123,0.02234927904478541,0.019474593366427186,0.01836732334736405,0.020771301656844432,0.021013885597642692,0.019134291439177876,0.020204958544735967,0.01991276513233751,0.02258827951602154,0.025287638995309263,0.017188813570045137,0.017471488991696947,0.02060448620933971,0.020281095876172682,0.020757469422152217,0.02178516158105777,0.020862642790286153,0.019586240347037986,0.023660700899034593,0.021242386186059562,0.02081499215898937,0.020899041693093923,0.01831322352132516,0.020088477806303594,0.022577924332150483,0.02081819314674008,0.021041370888303726,0.01992749524641416,0.02020646918102408,0.021178648249427966,0.01720600126347952,0.01956549209529133,0.02050954674489991,0.018705801058800202,0.02053685592705958,0.02219310645327681,0.02049071931614446,0.02131926820461263,0.020183132788414694,0.02080854806372074,0.020436562780175097,0.01959710150763363,0.0207004702201,0.020671381670448213,0.021007631009821746,0.01960696308831267,0.01891327968461458,0.020606041729088524,0.02329739251060543,0.02362342361878802,0.02016189988822803,0.020998311553541267,0.018015394886567733,0.021608157239966105,0.020499337415391616,0.02072056993287688,0.019042716286255666,0.020420332001990803,0.020589328791279084,0.019162248472515818,0.020552404600612376,0.020661774695636445,0.01987818257270263,0.0203845992361487,0.021116726282649698,0.02107041608914939,0.020772265736193087,0.020694060146332356,0.021103244127974916,0.020308685225785616,0.020492698627372533,0.018026694913970128,0.019075178235675987,0.02098317806700959,0.019706626584362782,0.020476366541311714,0.019399704500703985,0.018192898400409246,0.020709359494669816,0.025427342710774743,0.02058265589642111,0.020601497098433043,0.020050393487262494,0.023656805941149755,0.019430329663528915,0.021138934809433345,0.02073636590465472,0.020637943072528114,0.01674187890014636,0.020660736538637234,0.020862868522816623,0.021389017298561047,0.020275164960853822,0.020227294615645215,0.020589105071679496,0.019788420123223485,0.02056459220605004,0.020217389750899574,0.02078619656186723,0.020647723231045405,0.021156527155286445,0.018285393708773086,0.017495714116087913,0.019608369535307278,0.02079058512235265,0.020082237027840868,0.01900515451406374,0.020939659011370612,0.020812368315571372,0.020715241118713056,0.020191591654643244,0.019617839468865868,0.020489304536002506,0.020796625245586557,0.01877685360459092,0.02031785399498908,0.020910511935352833,0.019100108821709313,0.020491012840967555,0.020385298888801175,0.023060099211562365,0.020716984415539926,0.020889203519465875,0.021413992486232675,0.020831411347489254,0.019946556754104526,0.014015629385481213,0.019149607849281367,0.020654363435538538,0.019972122427762914,0.020673429471318623,0.021107046077023843,0.021230654983189403,0.021658086642335518,0.02048436713979786,0.020696034452183758,0.020363915065727815,0.016170136223369862,0.018079740722969168,0.02127386379132451,0.02093995854704721,0.020319523044656652,0.018962142830209083,0.01934677368774733
min_user_sum_num_chars,0.0267143275540588,0.026954804914752915,0.026387181811772315,0.026619134114906344,0.02931840284723418,0.019550918760829598,0.025743450382811103,0.028715901110935558,0.025373209098202936,0.023527658692949767,0.027898526409942767,0.0256869377729236,0.02666905607268194,0.02370540908679716,0.024876737948867758,0.02765451471162165,0.02539151110186965,0.024443994606939457,0.027351893844055394,0.028449324165696843,0.026087588925733082,0.026760399661763266,0.025726795572971587,0.02590340065863732,0.02594505587612919,0.025664869925438524,0.021140070359060344,0.026224377242188266,0.024648687258476985,0.027892614306074377,0.03129364473095558,0.026727255600181056,0.024824804437896343,0.02527397742173555,0.02567231452368214,0.02757525194337241,0.03025286762465915,0.025435577089394888,0.029857823572494772,0.025852368687542968,0.027112741333298575,0.027952045133421304,0.02626255653250052,0.027058686211825347,0.027036522979432348,0.02541243804087553,0.026419599737271746,0.02617343724523647,0.026293423237162772,0.023785782772709665,0.026116677734987555,0.026433791543437578,0.026625852355378964,0.022732207791751686,0.02763842292476629,0.027136560024000094,0.021811357481383787,0.026007839484897054,0.026502841413010084,0.022312601814573004,0.027905108161784965,0.0240550556268209,0.026330903885711944,0.02646035588646622,0.021156218059891114,0.026744379434059534,0.026124557864906726,0.026683867675354724,0.026025994194946875,0.026151349417830965,0.02651132395085561,0.026773565100153558,0.02628598622592112,0.025843977873613932,0.02560366847292826,0.02571941722174655,0.018025274554961626,0.028119453929698432,0.026200119854726207,0.02947089139748569,0.030580559121743428,0.02568846618366511,0.02678016961974266,0.02638927338871675,0.026302252621664187,0.03045463795409041,0.026664504330067437,0.026408889750097274,0.021911724876815777,0.02235003833887539,0.024161746777656444,0.023860853487015807,0.023356537648403612,0.028706170619293155,0.027754415702608285,0.026371830579461002,0.029273251043342316,0.02639691548374097,0.026455068592025743,0.025754187572598574,0.027217326743294214,0.02675453400066281,0.019888542746622488,0.027586134764038654,0.02727027230103244,0.030802477755310323,0.02521332011461414,0.02954303469864894,0.026976932512954452,0.029259124434691808,0.031080608035181895,0.027136812469583268,0.026169257284360183,0.026960858824158947,0.027886065190968763,0.025750730933148416,0.026457989988842488,0.026265643307058092,0.028885166267765397,0.02637735533878619,0.026127592111675486,0.02665266425826715,0.027715444471886612,0.023181772135154165,0.025370498714669513,0.026214051009710436,0.02659366254462885,0.026109639132106323,0.02577001699791151,0.027240483343925266,0.026491061546989332,0.021905746993282512,0.026382950044892165,0.027824838091632394,0.03139497083285111,0.028234953257735708,0.026378506204083198,0.026517149481812764,0.025852148496818387,0.025931782338862584,0.026910138080781347,0.029587123773939367,0.026440261663861566,0.025214720833406343,0.026572616443507537,0.0286797243414783,0.01690452695459279,0.02740366102486115,0.024205326709330538,0.02554691709572682,0.02637769462049696,0.0240653789112626
max_user_sum_num_chars,0.028179224491944294,0.02853188613155449,0.028038090288162353,0.02829338314767842,0.027514606463740175,0.027025080229230457,0.02879879253375454,0.02909322715437034,0.029328093257742098,0.026565335162412156,0.026917583126036357,0.027563673935325602,0.02859801788469277,0.029427465901355122,0.027089613870450384,0.0279357285657858,0.030205906487442095,0.032059535323680804,0.026085632501167896,0.02640367023974864,0.028069875303348264,0.028105599479203765,0.028009744042544686,0.029013208267901543,0.028297473427994674,0.027203207572724993,0.030450748759921337,0.028617766256435945,0.027785929566557413,0.028590954490521455,0.025701327908424942,0.027824069674228746,0.029421314757848073,0.02784176068791923,0.028662493335498508,0.027630055916740205,0.029135824571708907,0.028076625050905146,0.027095256870360185,0.026941681358208618,0.028267796793595982,0.026856664685932168,0.028161006447537995,0.028268725775335346,0.028074615315340144,0.02853107043626418,0.028118348807429312,0.028298362922203175,0.02835064612861693,0.028651292037217946,0.027551569334865737,0.0282879013742845,0.028613782786955727,0.02652471972950027,0.027195507161276326,0.028533092891388973,0.029790829111420905,0.03050819282494163,0.027359160273953874,0.026072971158077635,0.026659169406062375,0.02840389201954919,0.028131591430834477,0.028312683756519706,0.0271240384689648,0.02832688695490899,0.028197381226958123,0.027084333385724305,0.02826188761068813,0.028119368306867176,0.027787212798811724,0.027951442861943763,0.028693502862732017,0.028593999600965633,0.028226592217987755,0.02797641714396821,0.026659143394159385,0.028448581694420428,0.02803374841729313,0.0267727082549362,0.027852372786313483,0.028265565937044674,0.027606434781375637,0.028133745458672334,0.027353334352740077,0.027269523385429015,0.028500715610168467,0.030602041869545855,0.027280089582218576,0.027707038255079502,0.027858513297460905,0.027908704746432825,0.026095284339969278,0.030102771125088763,0.029136872489289423,0.02821915743570563,0.02498163778093939,0.028245467213264673,0.028272944337356703,0.028588550453149956,0.028340663452434568,0.028226405411105163,0.025987333675112804,0.028025691335882917,0.02854273872642126,0.028757809574821575,0.028112028726683044,0.02921124139572591,0.028721395646273924,0.027265496503436508,0.026204320461477207,0.028427814865838532,0.02829064373177237,0.027846013298721335,0.02582680809462759,0.0282678768708061,0.028423973634710536,0.02837448973003582,0.02857584598373101,0.0278630062447895,0.028101401306525456,0.028469609624061407,0.0272581464028023,0.026555713382829974,0.02835181373288031,0.027132595171732204,0.02818582024757008,0.028061972458076154,0.03048314724069512,0.02873860275278995,0.028502027058859306,0.026838619694554075,0.028398931857578344,0.027966333065611824,0.02506110436513811,0.027182918777189913,0.028234287231275912,0.02802827544312416,0.028414192126913502,0.02858995137250004,0.028677507032789797,0.02946711864559453,0.028083657208648628,0.025784859429736504,0.028254817389817808,0.024912196678510877,0.02489221011338144,0.028880255583049123,0.027265166911646127,0.027775512733280862,0.026902447172349686,0.02510335387991205
average_user_sum_num_messages,0.02370394255692776,0.023468665525298523,0.02350642217903348,0.02359784885343736,0.0226526214649152,0.019550414267835648,0.023726750132399894,0.023356722844287133,0.024228789783353466,0.023510012095751646,0.024662885253278838,0.02307677189674168,0.023713754376828555,0.020775895676889332,0.024622458724842457,0.023689734580573774,0.02385429428747312,0.022073290785355013,0.02177189821166824,0.020043927763357793,0.023809045003579263,0.024313943661896213,0.024259807616312416,0.02509591029794642,0.02395408418690772,0.021953861298009907,0.02191784277240304,0.023854173809517522,0.023920702526139453,0.024067402431144524,0.022620872532714238,0.024091610127463865,0.021835348024811893,0.025277980080143758,0.023499947558541578,0.02325971172649523,0.019464202868405677,0.022653332740514318,0.024124284190069376,0.023661189647670722,0.02366466116106744,0.023702533307040728,0.023706258943545784,0.023608187871733962,0.022345271272536923,0.02284786054248052,0.023819677199949048,0.023485721565703634,0.023231671598552307,0.01566632918181125,0.023270352494422525,0.023714668249315174,0.023530237904270793,0.02400561807377258,0.021587711355312445,0.024686233642821662,0.02090585393912262,0.023991178042027623,0.024118247522143012,0.024792993395971807,0.023105647981942982,0.02394902398880984,0.023736703013318636,0.023741100496434655,0.019888316325063098,0.023880609996376374,0.023768535484467942,0.02335208127853981,0.024117186877989288,0.023779837884283277,0.024265154183740523,0.024503507916173853,0.023857612766673975,0.024362931842713764,0.023613777547861828,0.02356769379167776,0.020989112039118664,0.02334388501143219,0.02401526792415622,0.02051819267429522,0.024050122967423284,0.022900788663903146,0.02281512352320845,0.02338918652859333,0.023618900480658952,0.021961120348410367,0.023743166758363063,0.021457881694868338,0.0235003656544271,0.022603712010654167,0.023857488831780817,0.0242249645543588,0.024411512173645927,0.02309222680702856,0.022951636918212545,0.023715405567646577,0.024063447777213743,0.023732114498344416,0.023484031472538688,0.02343951640356924,0.022088895412920206,0.023639237402641733,0.0247944318321009,0.023671994450681383,0.022575386308134156,0.02503834704930306,0.02362747383401334,0.021470087200755536,0.017931887910556252,0.024304204711392156,0.02322405962299858,0.02535365320695956,0.023603910071208524,0.023074669265804787,0.024167368521877845,0.020582831493044875,0.02355915850015737,0.023578124154466116,0.02339362025451938,0.02297760560852041,0.023752715047285787,0.023773255620095003,0.022849264486210823,0.022162971914179333,0.024025428390407912,0.024235583042172933,0.023655205091036437,0.023735143837249624,0.02507146752191602,0.022850332669772593,0.02387345964713092,0.02414420225981783,0.023817093467164954,0.02380972694228731,0.025543894178824265,0.0251429401262277,0.023748698113569933,0.024049524867624992,0.022067427955894232,0.024345532897752483,0.02301336251305863,0.024283400595724165,0.023211839616217395,0.022642434209449946,0.023979255829147346,0.025223011635698116,0.021014243334120594,0.02487399045561387,0.0226223021750047,0.02407411529795842,0.023748154367321497,0.02016928164466559
stdev_user_sum_num_messages,0.0408100905273105,0.041200916551790784,0.040745120876737054,0.040054755730792396,0.03907629309721989,0.03157899786923829,0.04019278477583052,0.038427415243195956,0.03974661570631193,0.03744586024444299,0.04439478131249057,0.039468740083841866,0.04103229950253533,0.0328190872454955,0.04007062458367265,0.04135902272064922,0.04050150168323997,0.03677049822644947,0.03939365839099063,0.04301749703534859,0.040626077827456294,0.04076437315930419,0.04157910239043749,0.04100215153029541,0.04143645144301646,0.03952716269148071,0.04134274554826986,0.04093772799629929,0.04133814570037273,0.039659822888651775,0.03173683249992772,0.04017046942290843,0.04349037297500788,0.04090093792405336,0.04089353063740244,0.04291601223356159,0.02693985303614858,0.04092693304473967,0.042586934387018646,0.03937750633690569,0.04168873567415832,0.03746728390553734,0.04094676912688036,0.03697172891088228,0.040454288143213904,0.04097904452009994,0.04140503018749593,0.040801449612003486,0.04152674378400137,0.03574361667380138,0.03960431229241839,0.04075356452895687,0.04095323070956733,0.04212378534765841,0.04145159351310741,0.04135267588220874,0.03294301227222048,0.04224964963381714,0.041441992414705725,0.04331950089539378,0.03959325843704528,0.041725635707564636,0.04075048666410664,0.04064976573123133,0.04513618905580144,0.04156496441026353,0.040707773110842144,0.03981581449193661,0.03438053787957344,0.041007498673682086,0.041338416723551825,0.04107728526216625,0.04377343250707156,0.04230394433841129,0.041067588528167526,0.041022988972148386,0.020943239309100636,0.04051049043058195,0.04140822980435148,0.036622730975050435,0.0366109994972116,0.04156888180530991,0.0429898295320279,0.040147764661429414,0.04063258985643742,0.04018289870219954,0.040862387272656696,0.035921433091774355,0.0409918266969664,0.036684776397928595,0.039765902450640093,0.03892193417522315,0.0441498095095221,0.04256298496580364,0.04210707383421311,0.040710353220687334,0.03897225113024397,0.040750971877229585,0.04020810841784922,0.04201951519096124,0.03901958369919149,0.04160626116928111,0.04192493552926619,0.04032561586017301,0.041952562430649855,0.04120308616532732,0.040951681078649285,0.03741452168781216,0.03954600764157455,0.039156514301350656,0.046138889282937454,0.039565165801075775,0.04086071699182503,0.04170346526739616,0.04534111445578087,0.04042497127270063,0.04031795227282581,0.039935179719286173,0.04094165037109267,0.03950461903643972,0.04090483116417622,0.04088331580887496,0.043981895140714475,0.04284930368343851,0.04427258082324577,0.04150345039301381,0.04059680073176966,0.04080632543065972,0.04650510483378119,0.04210535324303404,0.04090839348985861,0.04021301787872732,0.04087668996006952,0.03861228551499099,0.033771727591039455,0.045557182438642374,0.040902982300060675,0.04109463715892201,0.041571135213877244,0.04117813385322606,0.04037306055799235,0.03868585753719117,0.0394206797835597,0.0416330659652545,0.040986882060036756,0.03789027084444864,0.042233622512745095,0.04069433664365471,0.03943393194527334,0.04137961041091994,0.042181849295711886,0.04440485852931477
min_user_sum_num_messages,0.010778060344269482,0.010156469211235215,0.010832151705413897,0.011301822606576667,0.010759707176293775,0.01604332716518434,0.010671900269289927,0.011610448479393614,0.013120117883678287,0.011007751305922565,0.009896154272806355,0.011419965002819783,0.011062065902893149,0.015500028727492891,0.011530043900336122,0.009834995730218295,0.012877495846285815,0.0036444424463291485,0.010478300387492236,0.0014161401059902996,0.01131262124519013,0.012048872371617102,0.011647608837561198,0.011287286728431562,0.010737046913717619,0.0058101048389249885,0.007286341026280809,0.011556693378542602,0.011501000782090674,0.011164120766820093,0.006391649368412449,0.011012512457715222,0.008249351995248849,0.013078734718098096,0.010768900833707132,0.00859075562011775,0.018419054894661387,0.01124584147037962,0.006371367013571744,0.012887984382510351,0.009775491374750575,0.012182047177378075,0.010741120368948535,0.013431941346876416,0.00916345041474195,0.008209133472729786,0.010897679513422638,0.010272958257719383,0.01242668623788259,0.002087871289763142,0.01084080688145372,0.010937506954425398,0.0105633353805904,0.011466557134452781,0.005902410757405505,0.010391635570638439,0.009033013037271097,0.010526162088590555,0.010799351058157904,0.008602542281670032,0.010317987533901708,0.009949339744048678,0.011169640268762946,0.010999369080059808,0.00659404439260204,0.010734718534591299,0.010824451144837195,0.010352784349351215,0.016903128014196776,0.011157760100922148,0.010965326813708341,0.010764087246290091,0.00871245560268833,0.011102685672570887,0.00975951289071988,0.011422380199068587,0.020332608448922276,0.009967803315561203,0.01058767027320464,0.011620320648050407,0.012747711955821283,0.00914453490087639,0.009597694894048936,0.011546332267680887,0.011111610232026317,0.012919416266557581,0.010968351381654058,0.008604385328017574,0.011509649013149575,0.01215859989000756,0.013156256208815238,0.01432683833735623,0.009975375560925197,0.010914807660582657,0.00872792008376514,0.011031305608298424,0.009603155671991754,0.010960358710627649,0.01131217469361294,0.00703232567435686,0.01158912280170574,0.010236063695714906,0.012452032019762067,0.011530204019647682,0.010072835825851606,0.007971093252537134,0.010791280141119845,0.009973413516922491,0.0092746796074053,0.013075028738986652,0.008359156175763488,0.014543418382832123,0.010476575839312207,0.009339791548861144,0.00940937065893991,0.009813014487518083,0.01213048645338307,0.011258733509297021,0.009778088792669079,0.010862171164735339,0.010767493638653517,0.010718096416918326,0.005312350083858422,0.008005212994212344,0.011771903292211243,0.01034982068453753,0.010732328724470677,0.010750138543394964,0.006179256308439244,0.00702353555951055,0.01168458733365016,0.011641336738657963,0.010789225842348135,0.012192447620804405,0.01786694993587464,0.012083232082768465,0.010920259861324097,0.011581768312729574,0.008457968844438262,0.011469960020592116,0.010763813951551742,0.009500961558566196,0.010551519014657349,0.007312951142406619,0.011524637154721146,0.015331861193369347,0.0077920174429908055,0.013586181154877426,0.011691564923609017,0.011145633456651318,0.010548766966697876,0.003717668619570405
max_user_sum_num_messages,0.028380064633940168,0.028337773832427828,0.028269497326098306,0.02815139484134939,0.026905708733641863,0.024310632288065927,0.027288077739967404,0.027359658359561823,0.0288709843771243,0.02558294390748559,0.029697287730054048,0.028221658872432727,0.028622780506888303,0.02624241956950319,0.028136043827979178,0.028066814083230557,0.028928239547601257,0.02068854661682616,0.027247242735195937,0.024460951742057466,0.02866403372455161,0.029141107570609427,0.029387594460206806,0.02852754341679711,0.028641282999047748,0.025322913355083947,0.027478335184517394,0.029142955403074926,0.02939102651528217,0.0280963100180078,0.021814900263577422,0.027908787080893803,0.02946646197880674,0.02896479579839982,0.028220456462513536,0.02788725477169128,0.027575355094914773,0.029370050162735365,0.02605813958713088,0.02876223702932719,0.028711090616207188,0.027666175814937098,0.028436854102055223,0.02653873139527685,0.02708237188246937,0.027484325576788194,0.028614356139850472,0.02791810109612867,0.028665337481976794,0.020129724816441534,0.027435522277293622,0.028426741218977328,0.028307738937322344,0.030074130771373712,0.025720084537761468,0.028009668956650958,0.02282114481896232,0.028966092942312185,0.028506333237892388,0.028510621234971837,0.027488177506491934,0.028500302966456906,0.028557616889646295,0.028435025151969814,0.02983970661840478,0.029013458992002916,0.028081522978793502,0.02735613950934991,0.02826577628024918,0.028781398161127215,0.02867825764891834,0.028764629162830166,0.02819752900855612,0.030005609802827526,0.02759229673237874,0.029203514725949183,0.022619767158972477,0.027251697216865694,0.028398886445523876,0.026755340248492875,0.026623940162672693,0.027821418924654385,0.029121906625010296,0.028393260507544767,0.028283584667540575,0.029554750927509886,0.0284280166855619,0.024704484804234296,0.02890817239732729,0.027385580304390506,0.028500155137584374,0.030198237284944914,0.029761507414807913,0.02987905468489178,0.02769518704515541,0.0284772478735043,0.02650478412871706,0.028458728271549293,0.028373801973284974,0.02716956077166196,0.027844930027333646,0.028660787431221017,0.030196688890183756,0.028330918848958324,0.028350520427711568,0.02745923955322029,0.02843920889122498,0.025550374485455173,0.02736110300532585,0.029553615492755314,0.029389487725787443,0.029875331223409234,0.028189491831553188,0.027984172437459834,0.03104581897104438,0.02830927706677744,0.028916204617393755,0.028276890325834764,0.027683731712908555,0.02776332205028398,0.028359987876678965,0.02838965761450629,0.026600763244703795,0.028402345457708356,0.03102624493550972,0.028218038824921566,0.028366778750587834,0.02830723411057452,0.02824797636597101,0.026542219617325953,0.028885391418670477,0.028900381034735693,0.02841744778567027,0.027940400729356326,0.027543282413545936,0.031740846455657196,0.028505575388891938,0.02887740301809621,0.02776125528212977,0.028853508263669513,0.028194124463952253,0.025320200210123614,0.0275292634216431,0.027013242150877782,0.028863461678789455,0.029471015181857286,0.027164702080449715,0.028888165429013277,0.028503669344689467,0.029015837861886037,0.02900087110636014,0.02605487203226817
average_user_sum_info_exchange_zscore_chats,-0.0028207376837869136,-0.0023542473756137305,-0.0028268199641090135,-0.0027638516651921716,-0.002524959185094511,0.0013091904773910772,-0.00283961124266656,0.00016921788148918301,-0.003240387398906981,-0.004384654232718487,-0.00544341788379877,-0.0027870984199312027,-0.0025769276322525096,0.0041566781488021455,-0.004757644884923225,-0.0026948504258766963,-0.002953321994107888,-0.001734134924490669,0.00027777642892339374,-0.0010547014030757246,-0.002912304981508824,-0.0027473355949011284,-0.003410638480700297,-0.004080675593388189,-0.0029079555617762595,0.00033309885222861536,0.0021240060705203633,-0.002734158271580249,-0.0025032870773759007,-0.004297405392665893,-0.00249694363375885,-0.002569499972751279,0.0015962184025966955,-0.00487508805456958,-0.002656237220952794,-0.0012228530910114131,-0.0009444965646212269,-0.004662789312732729,0.0008227533652651695,-0.0036208796679317087,-0.003881224746468569,-0.0035549130874444196,-0.00291199866528868,-0.0065952263617616675,-0.0024950772872905543,-0.0017478137773770854,-0.0036666011151006966,-0.0026226780981214864,-0.002772702818130097,0.0053622732492634405,-0.00450493787530624,-0.002932930747695888,-0.0025085779981027,-0.0031214937155854064,-0.001801325388437863,-0.0029390827189280377,0.0007407382076534937,-0.0020338572725917365,-0.00316615509175607,-0.006230223982064545,-0.0041807635740875385,-0.0025337459445981987,-0.0031170526034422115,-0.002869617891624385,-0.002844331605768286,-0.003238742601506698,-0.0036015747190561113,-0.0033435703510367853,-0.0009263926801846142,-0.002875761501692481,-0.0033095999737949655,-0.0036800240930677016,-0.002684253398975842,-0.001983699084850331,-0.002992186930394149,-0.0027345946948493464,-0.0023398237032803094,-0.004280244332332821,-0.002827192528796013,-0.0014836336087721107,-0.00433893293192684,-0.002295064056712745,-0.002553275782476698,-0.002747004306733086,-0.002894370747953661,-0.0012035230657778577,-0.0026744743450644714,-0.005349789711732104,-0.0037015991808717168,-0.0017482692040625874,-0.0024366261618235675,-0.0028965532959159624,-0.003012954006614171,-0.0030288896206729877,-0.0019775876831377185,-0.0029674718140687882,-0.005676935016211328,-0.0029749930227599445,-0.002938376722700896,-0.004621845278604342,-0.0032626616723825047,-0.002381380581369036,-0.0056331087760509825,-0.002662458935933751,-0.0023692644636650025,-0.0037302271251068537,-0.0026778051986204136,0.0004746104210216146,-0.0022435062142524822,-0.0031033534285368255,-0.0022841907471860554,-0.0025207809279390045,-0.002678344488642944,-0.0028394887744285025,-0.005296466371011844,-0.00300561991038574,-0.0029822427064320088,-0.0024789815055478092,-0.002687284631198837,-0.0038122842844511406,-0.0028459950025856526,-0.0029447196166367045,-0.000545201921619237,0.00038132792749796113,-0.003442013934501013,-0.0011912109841213676,-0.002647830273093634,-0.0033198873707001716,-0.0043833583323186305,-0.0016060686231206406,-0.0027096763904019515,-0.004243168748095719,-0.003057851774116477,-0.003100270686182357,-0.00473821982030203,-0.0014580183605995521,-0.0029478194063777005,-0.0017231148622188176,-0.0015412812268333171,-0.0022856181290035115,-0.002799915468545207,-0.004924329623953457,-0.0022824936119718196,-0.0025478007401741696,-0.0035174691675712655,-0.006503061945209318,-0.001175037106338761,-0.006236374364975008,-0.004479465663269134,-0.003854993674953771,-0.002809459835055584,0.0032357320325723804
stdev_user_sum_info_exchange_zscore_chats,-0.020049781106380726,-0.019628308276144375,-0.020364931533764435,-0.02022201691230515,-0.01931491929191772,-0.020522707103203926,-0.020021548642557035,-0.02000586808184981,-0.01906856980940905,-0.018757302073598478,-0.020715266722379756,-0.018240853327588565,-0.01961868780692193,-0.005554934414420509,-0.02151012270697783,-0.020597242712099215,-0.01810446825382202,-0.013678018586998334,-0.018552943966440603,-0.017500314838575812,-0.020271653305502055,-0.020179786543820803,-0.01998874394969222,-0.02081625625193838,-0.02006615404375996,-0.018738343054071644,-0.017262772764777716,-0.019280064673661522,-0.019844133907130766,-0.019468367700887224,-0.028197605853625293,-0.020382286523100906,-0.015532361156391852,-0.019329521037289576,-0.020512286723111513,-0.020515481558944133,-0.007819426634715293,-0.021175848747202505,-0.017563492741551417,-0.022093675983659803,-0.020101171478470778,-0.01993574727860295,-0.020271076227661347,-0.015201789715379263,-0.017168819345279376,-0.021643543335099914,-0.020370416086958002,-0.019765354859659013,-0.018222964868903225,-0.012367286481440188,-0.01917108393521866,-0.019985430537000824,-0.01954012093926515,-0.02272877291582288,-0.01838255682326781,-0.021471018773189226,-0.014154296573766292,-0.018966953934550834,-0.02111119370103488,-0.020472273790751238,-0.021050922190338394,-0.019867164121084503,-0.020150301449579484,-0.01989912008686063,-0.012739159333652895,-0.020385309141593554,-0.019688673191313233,-0.020051049127758538,-0.02000431985639369,-0.020367216443790567,-0.0204315844721366,-0.020232510245696923,-0.01872508866541444,-0.019438490795192803,-0.01959158766425046,-0.020161246083001957,-0.010350794303388009,-0.019041599596943036,-0.021052574826348567,-0.017248491651049986,-0.016294887209314275,-0.01977994869762293,-0.017180102289091195,-0.019588884383308157,-0.02057520045946277,-0.0199099942195354,-0.019606817141162507,-0.016104177706072677,-0.021140532780176725,-0.019045005545621253,-0.01924830046344668,-0.019010242036992104,-0.014701916810373285,-0.01979966004259097,-0.019373000669022276,-0.0200812055375217,-0.019579237147377065,-0.02007328542133358,-0.020110911325827298,-0.019621355752742934,-0.017071668319902537,-0.020314327950228257,-0.020774598465468863,-0.02072100848136682,-0.018827453180289753,-0.019481740562398125,-0.019843966663327568,-0.019594166656352087,-0.017994437358196565,-0.021755459551499427,-0.02105643325066032,-0.02082370467255583,-0.0198222313163567,-0.02011343204686614,-0.022052200572799358,-0.017371197042018234,-0.02001214397813511,-0.019410083362813576,-0.02011897476873437,-0.019496102136851916,-0.020289793564852367,-0.01967291456537095,-0.019212557243366513,-0.02171681681860408,-0.020899040093967404,-0.02010660983890251,-0.019674322946102815,-0.020455518369198095,-0.022356338531510145,-0.019206918107403513,-0.019769926304951148,-0.02168100025531659,-0.020234644382908003,-0.0197211793075815,-0.01698270373957832,-0.01841544932306514,-0.019981390206092436,-0.019791440459858735,-0.018972629090381367,-0.01950107585572124,-0.019488882995913052,-0.017345877833483757,-0.019553430701177273,-0.02314278070817838,-0.020894301246508297,-0.02544182161839345,-0.01776389698178535,-0.01957230837516553,-0.019363849095430655,-0.02017356310396857,-0.020465186356440936,-0.015871228669840233
min_user_sum_info_exchange_zscore_chats,-0.0014188846789046586,-0.0008742287222514283,-0.0010077451558272044,-0.0010477997129927866,-0.001032818806594414,0.010518623040433394,0.0010668570943605134,0.002905327470635547,-0.0014805189261396304,-0.0018445008128030946,-0.00302267571457758,0.0022622150378441216,-0.0012913940118127812,-0.008963328406495807,-0.002517941635842475,0.0008805713249468976,-0.0010043051794655748,-0.005153083365490845,0.001225531117862496,0.00038706953267846414,-0.0009045002704810429,-0.0019786957536254528,-0.0005477132512270375,0.00016353247802887091,-0.000981391858710311,-0.0013666399497552321,-0.0013882140901183108,-0.001765726901931594,-6.104761409533518e-05,-0.0034901343632503887,0.005952163183587756,-9.718082871168834e-06,-0.0066279512122184026,-0.006326728270090757,-0.00029102741903264985,0.0025110935526902207,-0.011124905340144743,0.0006343733708977332,-0.004339366570384374,4.171097257688397e-05,-0.0033696205670930256,0.0013268077742956633,-0.0009937719023966618,0.0010878011093662081,-0.0008754244070374295,0.00020099981831917142,-0.00143247348190448,-0.0003984968757174308,-0.004183518903550239,-0.00018930487259560987,-0.0032373336952260766,-0.0011694302041674685,-0.0008737970287769469,-0.0005832393027472866,-0.0012708918154295899,-0.0009418932541770085,-0.0023845448963167593,0.001029457505071999,-0.0014283873583808317,-0.0023124563132430574,-0.0007895211433946083,-0.0007850970335926445,-0.0012629696439514088,-0.001144265430519804,-0.011141243318557023,-0.0027723478610638605,-0.0017742606414962985,-0.0013276182553559179,0.0024311861657095625,-0.00045162085788491395,-0.002928645792295948,-0.0014230037587728839,0.00015451985215676756,-0.00018893833572374355,-0.000985944082062224,-0.0015190502688193028,-0.01518620481785071,-0.003261239129030067,-0.0007573220871893924,0.0015753514481100638,-0.0008157118380630844,-0.0008208895592535497,0.00010200782820275756,-0.0009387855005411026,-0.00021044697315699898,0.0010502482951284253,-0.0012390772467153095,-0.0012401634745048407,-0.0011459207299530667,-0.0028706917641537176,-0.0015097793507619969,0.00035023679240612886,-0.007496062065558806,-0.002131166937212079,0.00047115129418320335,-0.0011726710870199573,0.0027799168862735583,-0.0011547687790776778,-0.0012066882690739168,0.00045941997632389583,-0.004499876115731778,-0.00037993127953411115,-0.0037492321435566925,-0.0008022570307858832,-0.0023007258113522198,0.001844348694959124,-0.001041898199688883,0.0021082017660438903,0.0017793034664994704,0.0022349776678703,-0.003017994956515554,0.0008987952316283822,-0.0012885710820560604,-0.0003608331459735818,0.002349776732916798,-0.0011408865286239248,-0.0005281509119880873,-0.0005331225971185079,-0.002007811325583638,-0.00400361896989072,-0.001355278473986062,-0.0018613458937183722,0.0014909265615878804,0.004520351393918322,-0.0010473742862972708,-0.000751367443634212,-0.0016931174064646719,-0.001317814713882032,0.002978575967798231,0.0009781512829049634,-0.0009242666162250172,0.000606136878677787,-0.0008772929305047375,-0.004451949677565785,-0.010943593815912204,-0.0022058067523091154,-0.0010687059605034403,-0.0032115704011764206,-0.000269385107288413,-3.1214842789471786e-05,-0.000677100154017455,-0.0027408188746399047,-0.00044147220922590574,0.0004405766312698678,-0.0019364030712084607,-0.004956161604009909,-0.008632821495166521,-0.0054810646070057485,-0.0019319030726245266,-0.000926379256030032,-0.002009312011223216,0.01159777159974303
max_user_sum_info_exchange_zscore_chats,-0.018738729663107176,-0.018256697117356717,-0.01909668566864832,-0.01881563834741034,-0.018179588884395588,-0.01707319976550039,-0.01844201666619592,-0.017459617582940307,-0.018445319964923695,-0.0179328449123077,-0.019286008257983107,-0.017251807703596054,-0.018536565898623406,-0.006225982360777742,-0.02080841489856062,-0.01874542617773573,-0.016151466983076988,-0.012959657689683053,-0.016383769644508685,-0.016135683977913085,-0.01904827110724801,-0.01923157833959476,-0.018953487876698143,-0.019421123407982334,-0.01881060075292664,-0.01699776248326483,-0.01444641676331505,-0.018452136613965754,-0.01857531657731775,-0.019073653175300288,-0.02498342249718892,-0.018911310541088324,-0.015351903460362845,-0.019907034448580403,-0.018452013599887202,-0.01815367868163847,-0.010294118505213055,-0.019793307228366957,-0.016241811898583442,-0.02039684595149438,-0.019697915036652327,-0.018567810219717592,-0.018980721933814025,-0.015622555381772464,-0.016363810945364817,-0.019220766355837707,-0.01950152241683065,-0.018424636078992997,-0.01753713413289263,-0.009948364884637306,-0.019042088204892307,-0.018811723869336713,-0.018276482360126592,-0.020861060362261104,-0.017016102308442138,-0.01952812467271621,-0.01304392468059154,-0.01742877487443238,-0.020077183575235424,-0.020462135617492112,-0.019760212809651567,-0.018442004168387066,-0.01900848782861281,-0.018760323622610382,-0.012794019182327296,-0.019452717934673385,-0.018716903085855684,-0.019021119549484895,-0.01791276124379161,-0.019070265001848365,-0.019462114144159017,-0.01937595556095714,-0.017632243830701146,-0.01819461355640406,-0.018388672210494228,-0.019025976973362183,-0.013200775884089595,-0.018706643785871023,-0.01957760319730077,-0.014710458759216324,-0.016199979305025397,-0.01832152902323806,-0.015460180431107539,-0.018443266614364164,-0.0187279553948489,-0.018281982239699165,-0.0185159383271254,-0.016738256251445267,-0.020120474523267106,-0.017665888094414068,-0.017898808003088653,-0.019549727967194265,-0.016386921407170362,-0.018781499916270525,-0.017484991964189105,-0.01891618605322882,-0.018517823913367256,-0.018880031808305962,-0.019102949850503943,-0.01833748471486024,-0.017376349712046706,-0.01868278503491306,-0.021227604508658883,-0.019079607677444585,-0.017843937134989597,-0.01674429812298559,-0.01852974416949589,-0.01653263404145485,-0.015570594680885017,-0.02016521577624558,-0.020635841095074124,-0.01875547496901119,-0.01853774465238662,-0.01874686746377567,-0.02101080139393905,-0.016319253125645812,-0.018901660577146456,-0.01798302144563259,-0.01928551122124454,-0.019212835771786778,-0.019096111437229085,-0.018683260274862428,-0.016799667717287338,-0.017924048358265318,-0.019573667785052526,-0.018481402204382165,-0.01858412939484331,-0.019357020383149685,-0.02020503763331547,-0.017527063657371923,-0.018677367202805877,-0.02025980574994519,-0.019016183130157696,-0.01935224513318236,-0.018242242053235398,-0.017762091525210508,-0.018800481725506406,-0.019054957278520374,-0.01734451201501264,-0.0179363781540632,-0.018275976386428777,-0.018076327681164298,-0.01834049189485736,-0.02174746981796996,-0.01975847142064698,-0.024277442392444486,-0.01710821176332325,-0.019705571228426727,-0.01902516693583199,-0.019222905477309378,-0.019050624355308948,-0.01094890586136881
average_user_sum_info_exchange_zscore_conversation,0.04508572154407574,0.044717603624853774,0.04543887708196617,0.04518397500704449,0.04342346573701626,0.0326633224231557,0.04488613033630284,0.04230614807461092,0.04234870861753595,0.046348059758711826,0.03758005972619879,0.04540195697662979,0.04421134490069965,0.04062228684768459,0.043058896066867816,0.04366073199383333,0.046712284651003036,0.0445054367645156,0.05327863830573255,0.04504619619930497,0.04577607107346563,0.047048595033459706,0.041582538995996586,0.04609380682245392,0.045251522812310804,0.049105531742918075,0.04742871034748816,0.04585081301595822,0.04725011614540897,0.04451470577660923,0.03737942487283597,0.045525375753114744,0.03919486836495529,0.04507643127756745,0.044580272732605584,0.04456448801524295,0.04562232223252825,0.03215683874422382,0.03539456322069881,0.043241082178232096,0.045603328976197226,0.04215483402174591,0.045497977634444034,0.03574794138233342,0.04307674849940314,0.0442082416209178,0.04432794087036244,0.044510812516722856,0.04788391017584571,0.050026823787166066,0.046351658707061226,0.045064298675876024,0.044708960265738194,0.04310409732953002,0.04612268059020824,0.04652547826145197,0.044029513082445654,0.04393702073948463,0.04338793224263185,0.04374832861946741,0.04838657184998708,0.04858497239238169,0.045072249597891086,0.04517075200724491,0.045280920490772494,0.043291467921524045,0.046991691710835545,0.04675771447380299,0.044457210480887376,0.04593447410284225,0.04547261599618967,0.04597267564923089,0.04654592896661504,0.040662790792391476,0.04552325541501193,0.04668790894610731,0.0470396777092994,0.04116660706686795,0.043806398008178975,0.043268165268134984,0.032847429781197694,0.04449860081270692,0.0412104297086816,0.04495957385209288,0.04272480431424333,0.04476390003311923,0.04514822090340794,0.04274805757297037,0.039477465852882684,0.04510597521544659,0.037349949631223824,0.03294711424738498,0.04592823213914727,0.04552409194644726,0.04496727053759158,0.04508281555577329,0.03570439992602369,0.04506821245305732,0.043922803626583684,0.04823832106039171,0.045293283305553704,0.045242860042208906,0.05200183638850217,0.04378789676473499,0.04658595966749506,0.0460529550360153,0.048730005140378306,0.042679129443344926,0.056472037009975745,0.04923438498240898,0.04353084612333729,0.04680206816951403,0.04550533413747806,0.04370460865627646,0.05771247081597719,0.05157627980248863,0.04585342348203132,0.0462994674090882,0.04425644860865307,0.04134201423035603,0.04462974389291807,0.045225425148286896,0.05449870777499934,0.049807116869314,0.047075365645110154,0.03952949477689577,0.04508882664392408,0.0442079862331594,0.0377237684176735,0.05729732402249744,0.04462167852202723,0.04425885079638476,0.04558187437828609,0.042612382183977615,0.039309478789497296,0.039559315923616306,0.0449655033048976,0.04424807836294893,0.04857567505766981,0.04653701308536794,0.046050327912535785,0.05096882589701502,0.04499464528164174,0.0377248156640163,0.04525069577707399,0.040927981929409094,0.053224626979757994,0.04274979781231692,0.04112881078996971,0.043957245540557015,0.041868318032366424,0.039950193850319254
stdev_user_sum_info_exchange_zscore_conversation,0.023958307090688396,0.022919445507172932,0.023600389226292387,0.02403023845185406,0.024106591009828517,0.011141273780397398,0.02291448997345341,0.021993908349533353,0.023534679928502195,0.027843507662831588,0.024966150969025006,0.021308794985520813,0.0236379394433674,0.021111058324031637,0.02651411890804945,0.0246379908490416,0.01900925126938243,0.0192677908672794,0.022451271687306935,0.028468774889706776,0.02371441146759793,0.023820646280650767,0.024518422713999878,0.025938652111403216,0.023978032704770266,0.020459441069680902,0.017762241578107067,0.023568584129075563,0.024608466117243297,0.025632049503644963,0.02494773002486136,0.023279332547006586,0.021373585628127252,0.028761338540346428,0.023065833645935545,0.025183159319540543,0.02804564510342803,0.02056840290809297,0.018560724570821016,0.022562961796613223,0.02356417477191469,0.019634247509726647,0.023817670337821426,0.024959623548173968,0.02610727845360917,0.017142544880078037,0.024036498863405517,0.023819724543706785,0.022876402514412388,0.019078686770416877,0.026629509107437967,0.023847947296566974,0.023972649971294266,0.020329808712185406,0.02528904990761603,0.023948661398547507,0.02160177263338054,0.023149810037815872,0.023255697293162677,0.019690674126812767,0.02299655797568848,0.025058460953266703,0.02404653695051377,0.02383148624254094,0.02509802067957887,0.024135952729028513,0.02429957617022315,0.022746058413869234,0.02240214533183617,0.023362820030290606,0.023876304469947634,0.024707155698830682,0.025518091787340456,0.02355705221094667,0.023830963180918638,0.02394285383045041,0.033390234467978605,0.025517644976080684,0.02401061520187756,0.017341201586686356,0.025051344002060254,0.02365594090864598,0.020899321350441202,0.02381963688157008,0.022561772713977468,0.020476392672996595,0.024249976009356165,0.028377911189521713,0.022994653025312176,0.01846939167420074,0.02032328689259861,0.025916610857663686,0.023788557735504267,0.023662418579112728,0.024301523940795405,0.023800835405054996,0.02075866959247978,0.02381324397780011,0.02410535894558541,0.02667511873209829,0.025954418599883112,0.02324332662794986,0.024598954206413164,0.0226765567631035,0.02209663532175802,0.027013091790608987,0.02336338095072851,0.02155567616043404,0.024467581903814525,0.023114212120774896,0.019910951814975875,0.021232673105935247,0.02348022602386203,0.025172088491206755,0.025466887218587222,0.027030950344524494,0.02290728595749212,0.023995579582845872,0.025199612622290132,0.023550221520339504,0.023562698366709794,0.024428858445134767,0.025823816726267605,0.023405659487786588,0.026052026070050274,0.023810762751891996,0.02377248686608568,0.02376848518144536,0.0199138668842712,0.02742465417667268,0.023616909843355346,0.0217330009119339,0.023610305135556658,0.022164502008813793,0.030243442401196686,0.022117695713971465,0.023870024116971162,0.02413455898785616,0.022660515590964443,0.023201803485761903,0.0238802646043127,0.02608614673886041,0.024009556150051906,0.01583743292404124,0.023850037653770376,0.025680173053548815,0.024207602435811926,0.026046229337157303,0.020755471454404154,0.024775622471438486,0.02207387143106345,0.011888811625872856
min_user_sum_info_exchange_zscore_conversation,-0.023785027386569835,-0.022353488397790083,-0.023436015160633775,-0.023701244331881276,-0.02663824752507825,-0.027686355593079366,-0.02452994679297501,-0.02282923699780588,-0.022057707531122395,-0.02584361223124358,-0.016633950202274546,-0.02065336778957718,-0.023751072311911665,-0.03591768007568385,-0.022567190701408113,-0.02325343370892572,-0.021415429627772722,-0.01964671411134462,-0.021905572495310454,-0.025024732885696503,-0.023308393269634242,-0.025098974570449867,-0.02401098704420867,-0.024026991724588706,-0.023325568297108815,-0.02065153837079553,-0.01702232988964382,-0.023683409415345764,-0.02170468541410734,-0.02663474240006524,-0.02274732837936725,-0.022141479761480124,-0.02465468757877225,-0.029232152751756797,-0.02298270201224259,-0.02596137362151619,-0.032953546521947,-0.015526126844704516,-0.026488793170500683,-0.020620390809842803,-0.02367206242363027,-0.01953648075317198,-0.02280778405678506,-0.02067293347672103,-0.022414601935870818,-0.02315737325796654,-0.023786868977396822,-0.02238193478156322,-0.025627774814439303,-0.027042400571976155,-0.02534466470378973,-0.02321684611924426,-0.02295943902505741,-0.022970974477898212,-0.024876821462344167,-0.025206300451974244,-0.024171943715587764,-0.02085996438508302,-0.02257271317715586,-0.015266699838272287,-0.021999506067624592,-0.02526727002959253,-0.023286541101524144,-0.02314321365508039,-0.027084805999575155,-0.02418629883894847,-0.025251628994718167,-0.023528498536110255,-0.024160025134608493,-0.02276518156967724,-0.023636382152167214,-0.02316583124633908,-0.02654365383754649,-0.0225889505645908,-0.023008506742687146,-0.023247494124579757,-0.039588758447036826,-0.024329367951153022,-0.024205757883203602,-0.02100782747985712,-0.02687444312436359,-0.022809200795548268,-0.020258542696853208,-0.023443064231086125,-0.021187325178296038,-0.018706956777972624,-0.02435590053079318,-0.023143043664679928,-0.022224740977669945,-0.021936098413454917,-0.02254853277587099,-0.023039617509310883,-0.026565432932740246,-0.024432794664201903,-0.023963396578228803,-0.02301691785970115,-0.015113730988674263,-0.02310134896161694,-0.02319654563354904,-0.023516389255928402,-0.028608842430652367,-0.02304496422486505,-0.025128837641875658,-0.022082950737815948,-0.023911391417177658,-0.025879547246661756,-0.022915493755107257,-0.019851328601976307,-0.013464308151657462,-0.01964870228524028,-0.026235968642112494,-0.022187318621480923,-0.02341123655587673,-0.022989179330444375,-0.02360136897338122,-0.018999773040950164,-0.02294825329124078,-0.023597704448080684,-0.025454444858618464,-0.027181551007239096,-0.023714803994285532,-0.024370355972711488,-0.02477385045463485,-0.024204178295099733,-0.02760695698314057,-0.02454183458589531,-0.023590223278148567,-0.02330029686264069,-0.01850566244718983,-0.025612724402764495,-0.022602148514695802,-0.018870281682965322,-0.02313570336249573,-0.024936777162331766,-0.027258921091402877,-0.025485665478627365,-0.023038090309879435,-0.027867173336322694,-0.022791936246779616,-0.02271207118165671,-0.023284759399680742,-0.026367973667229976,-0.023728127939851514,-0.012532796374936112,-0.02424757776026473,-0.026084161949127993,-0.04014790406138459,-0.027739221817151834,-0.019461466581449698,-0.0217455207787109,-0.022649420007791334,-0.005665098976752987
max_user_sum_info_exchange_zscore_conversation,0.013992812445347788,0.01309354728835073,0.013420716863771534,0.014257379369591039,0.01461598445620162,-0.007679259214193066,0.011456158728194048,0.010078760051799559,0.013665615527200357,0.018520648610086513,0.023794419366145188,0.007020765059747362,0.012952143726304023,0.0028531692026672033,0.017931333117074115,0.014771487695844066,0.009171118392052945,0.008064997847270466,0.010876062793488453,0.019891223475698553,0.013312474373646032,0.013349343545712657,0.01449121800337679,0.016808896345157816,0.014128022034414333,0.01072377734649949,0.008897968364865698,0.012418966012440913,0.01483565913152344,0.015621200827149684,0.012871060513552945,0.013015615856806474,0.010278205839467265,0.020161830943542427,0.013825495276711057,0.015360917293947797,0.01445509243247919,0.01417910044298969,0.008816282404635114,0.013441714218852506,0.01317495542271523,0.008249473554413815,0.013971524552059458,0.015650342033728705,0.017366968661126192,0.006273847107800795,0.013776204968824006,0.014045938564118498,0.013884379677353339,0.006396347521902302,0.01725633979015012,0.013815033385181294,0.014364992909288467,0.007930585908995882,0.016439747308186373,0.01365633951036479,0.010142507047506955,0.013353924279708239,0.01350799274821157,0.011520252982282007,0.013656015096776688,0.014901090755761789,0.014017245600158811,0.013713175089796675,0.016796167003930173,0.014490609899525952,0.013814202487673621,0.012601038964335178,0.012010940757854716,0.01313243430129267,0.014266798285755139,0.014511630898862987,0.014927241450815022,0.013237597205070692,0.01396952274391418,0.013577493240667069,0.020332359161745462,0.01644465627431501,0.01443166550875632,0.005051619780308336,0.012527382705418384,0.014182273424445403,0.012703143939772751,0.013775826284922082,0.01383364703094499,0.010696573721109421,0.01373668974948974,0.019545252409791332,0.0129901042074378,0.006612189109108281,0.009817902897079598,0.010581321692858017,0.01351972330700156,0.014024897326015544,0.014219069039544853,0.01382309097379033,0.01264084724184368,0.013843412796053372,0.013728413250690269,0.017931129677558177,0.013956418411800155,0.013565456223181374,0.012535744574652022,0.013978560740427906,0.011801219099705385,0.0181701118046263,0.01398433338878028,0.012938858045868386,0.022610276007291544,0.01256978150766118,0.007498133591379456,0.010407456759068349,0.013515475756934153,0.01610197928289344,0.015151486195178466,0.02152643028415218,0.011478342366339937,0.013263188001874609,0.014729268544792196,0.011477058996523678,0.013198627476337422,0.01417773029522491,0.015844173709009375,0.013794334302591277,0.01611276929971042,0.0139503271678568,0.013591787079366004,0.013693588296886109,0.010272693098096586,0.01681878179298333,0.013415028045158303,0.012592552958572065,0.013430789946431444,0.010722746428481105,0.024543002399135767,0.01314879299130135,0.013903802555058312,0.011959651328362804,0.012657287357083056,0.0130816821788732,0.013770214101929776,0.014046993196759587,0.013293638116855619,0.007166980924221571,0.013472047729475493,0.016428584355465674,0.009615937337864837,0.016645650859665954,0.011797949674618606,0.015707376587096013,0.012540349444188182,0.008308123503983262
average_user_sum_discrepancies,-0.02730869381025909,-0.027691979504692286,-0.02748337853942348,-0.027730541342037278,-0.02721464663016429,-0.023282353554332308,-0.02877960166652138,-0.02622096535827187,-0.027250997094352032,-0.028545822630569137,-0.02542052346657752,-0.02695288367747,-0.028133835974935045,-0.040583811029501184,-0.02672953498420636,-0.02840168555367443,-0.02682227051349826,-0.03719074205567105,-0.028671781003593994,-0.025689014399117117,-0.027896419043390616,-0.028336410845475224,-0.027275080524551513,-0.028112796377447728,-0.02754932022226783,-0.027706821061788803,-0.031455072551338524,-0.028230076412292034,-0.025018906305546255,-0.027094890605776134,-0.016259791467453558,-0.027708151600817126,-0.028642583527093694,-0.02412705002117367,-0.026557822289234194,-0.026315978265029634,-0.022200888839569437,-0.02658895605228022,-0.028721746146250213,-0.027965707327644078,-0.027724569465453194,-0.029894711373076963,-0.02723858414307309,-0.030242062867108406,-0.02665639054834012,-0.023066002506691954,-0.027006418241944434,-0.027957231670465134,-0.026962776680428582,-0.03015805105312523,-0.029004880466321527,-0.02761666598394446,-0.027872548096095198,-0.0290687832202874,-0.027226883700511136,-0.027991414017516814,-0.027286983864733168,-0.02545898584013924,-0.027304895134609368,-0.0228321561819158,-0.028294032754431514,-0.027329918434215034,-0.02758006616222114,-0.02753597691947355,-0.020912084951513886,-0.027371753360964035,-0.028874137113875757,-0.02819932164585049,-0.026861306736406278,-0.026513529093029786,-0.02715395461936928,-0.026077474244081987,-0.02775402240048582,-0.026925458954021257,-0.02832189308091331,-0.027538103053797724,-0.02748505437433233,-0.027315183341197577,-0.027980375278949185,-0.020006540146677132,-0.029296435563145172,-0.026926317957615256,-0.026133351564023494,-0.02711567489657278,-0.026560655234330335,-0.025650459403118366,-0.02756829734969081,-0.028163439125515347,-0.030170785668962835,-0.02473786413639683,-0.028762719705415066,-0.02189529757578485,-0.029536213515512034,-0.029087557784752527,-0.027186648584890248,-0.02749226234185436,-0.030039910786179826,-0.027545242484037773,-0.027243864957333858,-0.029253495754456918,-0.026270060694374597,-0.02778334310544494,-0.024131991280462617,-0.027547023872820056,-0.028120986168360035,-0.027259026237843903,-0.02633712935262169,-0.026779544387938614,-0.024105058839643895,-0.02614908579402287,-0.03441588352719677,-0.0306636223468357,-0.02752088650064781,-0.0276519336386166,-0.025736976135601386,-0.025134374367976393,-0.02716393662591026,-0.02803768419420076,-0.027411982114918597,-0.025132908131994786,-0.027772116783390956,-0.02776544072809714,-0.02548889236638112,-0.02080137605318387,-0.028245089399409416,-0.0283033530165673,-0.027648868922224505,-0.02757561664900654,-0.02976758036065346,-0.026759500446196995,-0.028022308555965554,-0.02194886174969491,-0.027438627565500348,-0.028529872033052246,-0.02955716435116809,-0.035628283869889504,-0.027536684110001833,-0.02693348937681367,-0.027958695400754775,-0.027002519081763238,-0.02905658125257784,-0.027134507199232993,-0.027197475877062186,-0.02646650562676261,-0.02769538662008647,-0.03389034967610534,-0.026738531973490527,-0.026442776952934254,-0.02630806449806284,-0.027357847415314208,-0.026864276824039676,-0.0413423724996847
stdev_user_sum_discrepancies,-0.016969597641793434,-0.016900841390802238,-0.016391768240286816,-0.016417254409113555,-0.019381798914624555,-0.0151625645545632,-0.01830116931435875,-0.018565982656660058,-0.017057818037668412,-0.014230619467440378,-0.01887762526207662,-0.013449860690608922,-0.016221512649776663,-0.017206359221104257,-0.013738777184388977,-0.01628532522316101,-0.019785317389453966,-0.018150171609577256,-0.015507574372275025,-0.015587279593067856,-0.017565688813880743,-0.019015919075203898,-0.018113030690921388,-0.017297655060692675,-0.016861885345487916,-0.01990644441570688,-0.023179838256999662,-0.016427202555801983,-0.017537431489485354,-0.016972275183701875,-0.01901520309643311,-0.017037222002306663,-0.012589920338568948,-0.019130166844749653,-0.01636316936045596,-0.01601210120989979,-0.009733586732022917,-0.015103526555435107,-0.02162776350726238,-0.017580824902687957,-0.018727069045346337,-0.022069808909816663,-0.017000529048852558,-0.0093372871302107,-0.014971069514379398,-0.02375971780939956,-0.016804148429725253,-0.017195523638087906,-0.023585760891564216,-0.015074050366772188,-0.020002438054792408,-0.017179503177684283,-0.017305360232182338,-0.01342013135563774,-0.017340082334251238,-0.01724613414911808,-0.019238517978985827,-0.014843473424139145,-0.016038812600391614,-0.015486891548361926,-0.02005108235056765,-0.014792293707888055,-0.01686090743749127,-0.017436456071276918,-0.006719908966008435,-0.018289480211126842,-0.019611434966851825,-0.01658359990631489,-0.014501915619234782,-0.016609421804869982,-0.01712740781132025,-0.01620222744040819,-0.0169286900434119,-0.01958917840880013,-0.016533700816350423,-0.01729538081698656,-0.01733813346032449,-0.019936716644970365,-0.017586948719134955,-0.02185679077874099,-0.018608291754573944,-0.018426330714786325,-0.01670784886070845,-0.017293800836750785,-0.014538483093394457,-0.016529006188757113,-0.016901889823698227,-0.01894172698880317,-0.0154770801309773,-0.021855370527733394,-0.019834620756842943,-0.0217808509556726,-0.016344204376360427,-0.017371199261915514,-0.01671178890526923,-0.017100295646551973,-0.017780082488416074,-0.017159860438607528,-0.016804804901508527,-0.01692233285284804,-0.01718769671283147,-0.017782657022987557,-0.01173128392319793,-0.017613384416266177,-0.015114895206444798,-0.02186333390229367,-0.01574042307501726,-0.016999636635496987,-0.005643398425771242,-0.015391547268547943,-0.025026770942928,-0.019704916155309567,-0.017469608614846546,-0.017709729977727507,-0.01621621153964954,-0.008451826871037349,-0.017658117747793623,-0.016308302557003263,-0.018024223362434713,-0.018396289228361923,-0.016924920831375655,-0.017374413178250732,-0.017930144164490677,-0.01855041701042178,-0.018025411790531968,-0.01922754838540617,-0.01701104635213341,-0.0197795555945349,-0.017934115951284507,-0.017330932776448305,-0.016749044199103735,-0.008335920781306369,-0.018088794423091914,-0.017546207040300417,-0.0175425778844619,-0.012527136760797428,-0.016994550787806404,-0.017992373083427486,-0.01829013652451627,-0.01708661993448323,-0.01695177510207569,-0.016999901799366716,-0.016083846830315916,-0.01258509932959081,-0.016344351550153353,-0.03012018263683699,-0.02071009858603335,-0.02035616025474973,-0.015329445922422776,-0.016222712039703477,-0.01676295325526727,-0.003300007832066444
min_user_sum_discrepancies,-0.004290211752331366,-0.0044457553469574446,-0.005115212309473691,-0.004109951284972893,-0.004971298721428624,-0.007232670611550508,-0.005169792391756217,-0.0034849885585450935,-0.002766591499791596,-0.011300467187336835,0.002324831554000581,-0.005020312200888208,-0.0060587901783780845,-0.012834107531742411,-0.004145975236324623,-0.004562294637870154,-0.0008631410685562974,-0.013366894237760413,-0.010266270670418916,-0.004887214460978076,-0.004444431774696611,-0.0036839620845404847,-0.005958048723815751,-0.0039181173129029245,-0.0045770765378877615,-0.0042092445637830905,-0.005653425989811986,-0.004548339186647363,-0.0029514470237618495,-0.0033425490471060276,0.012616766967556148,-0.004097388896231652,-0.004578030980707984,-0.002093307920815912,-0.004524470512454609,-0.003534729723925392,-0.0037350738414427195,-0.0038178455568187372,-0.004110270791463894,-0.0028257408585561777,-0.004936523042584795,-0.003983559041944182,-0.004356431664892871,-0.01000841526694713,-0.004747130109417852,0.004794810988319652,-0.004688750211275905,-0.005155766841888523,-0.004533195073502472,-0.009611056687027601,-0.003628622354795441,-0.004606820337128684,-0.004644081607569545,-0.008841329026393757,-0.0031630678484305466,-0.002821047091216375,-0.00947705283007192,-0.0078858161210235,-0.00470608755084706,-0.005723414725291545,-0.0006713434122058021,-0.006126729370447025,-0.004776137688365489,-0.00456741141442199,0.0029742009433758113,-0.004006378420020051,-0.004181176719020255,-0.0029145086138098325,-0.00650454872508488,-0.004636645682799659,-0.0039026374967111727,-0.0037034259863827357,-0.005052850730429451,-0.0037237381178882034,-0.005554164536932388,-0.004796923286704516,-0.011778174714947354,3.189006681089679e-05,-0.004221884601529585,-0.002733216082580703,-0.0022201287412713655,-0.00321058719233544,-0.0019985253666426617,-0.004732704465946161,-0.004733216722058231,-0.0026699134384040937,-0.004628392849092472,-0.011713780405871024,-0.00957223754214409,-0.005034625586279956,-0.0057059102873477235,0.010432573432554049,-0.009147927138998417,-0.005386871460846709,-0.004694774471304716,-0.0044071756298798,-0.00802101731044376,-0.0046261410267508934,-0.003133300624814539,-0.0057010849876571595,-0.0026696665877428694,-0.004470746265033937,-0.004699660306039834,-0.005091029413968551,-0.007494571460180913,-0.0031096435041726295,-0.004938904686281442,-0.008166720638247735,-0.0058269667806509495,-0.0030715779315909353,-0.0037237548427874467,-0.0026552254523164454,-0.004442443000925764,-0.004676299625355776,-0.00085877084313149,-0.005788460741543024,-0.00452369252510787,-0.006295351454430317,-0.005290536741700172,-0.0017952954865486925,-0.004881426796570651,-0.0044005918493057045,0.0009759568872223859,0.00530225906541721,-0.004964276807285686,-0.00632006413351098,-0.004882857047679504,-0.0034334387353087553,-0.006638263371822786,-0.003696270496023474,-0.004986380727021469,-0.006871965251251028,-0.0038703103361118346,-0.004081566792591862,0.0008839074678110986,-0.007494223967505931,-0.004675770697604498,-0.004199568019222222,-0.005152871383844959,-0.004394134044334322,-0.004841814849348203,-0.0023924254875734713,-0.005055284378901889,8.734154864145638e-06,-0.005637939300438613,-0.00035393047119442606,-0.010668455012759454,-0.006099816219192783,0.00953071246617617,-0.005216431681195059,-0.002803590763548053,-0.03546532394501075
max_user_sum_discrepancies,-0.017280147654902774,-0.017560354097326623,-0.01708460165577391,-0.0167477622888963,-0.019093058385735537,-0.01523217141513826,-0.01851722109580993,-0.0180987152410694,-0.017383174402214322,-0.017288196355753616,-0.017530517277562895,-0.0139594877820475,-0.017307617020969467,-0.020049341393173194,-0.014430071701195892,-0.01710050853064947,-0.01884728312883345,-0.024748599389219455,-0.0171833381479861,-0.015935625945937483,-0.017843771159339265,-0.018698426947860145,-0.018646537510090613,-0.017567515517772126,-0.017316857251743627,-0.01986235880913308,-0.023661204946404592,-0.016950873749786096,-0.016709022260896503,-0.017377131612065465,-0.015289155647923262,-0.01756143469078038,-0.014151113546468419,-0.01764585896219693,-0.016801302732519473,-0.01602428648302216,-0.009851975411798707,-0.015155135269769773,-0.02237959201605131,-0.017206800160251324,-0.01922750085145937,-0.02223137489757571,-0.01738848301787861,-0.01335554521044606,-0.015920818405903068,-0.019865582660082932,-0.01692662128933788,-0.017887973427565464,-0.02403357562802766,-0.016687046665757724,-0.020620464838332866,-0.017587909267393616,-0.017832069213038274,-0.015488934121489013,-0.017468804467109744,-0.018068154525634074,-0.019149951796815272,-0.016506968127055734,-0.016539490973263057,-0.017281813541993117,-0.01917460442061949,-0.015543796201099407,-0.01732765842977345,-0.017774380493300858,-0.007362864946821113,-0.018497243668831112,-0.019526840913399936,-0.016750536453894384,-0.015005520567443462,-0.016832495324855715,-0.01758285470383597,-0.016427561143889543,-0.01757598651941309,-0.0192199065564657,-0.017371784098137322,-0.01732886369471103,-0.01837072049434565,-0.019419117420577177,-0.01789593846355823,-0.02041835681615927,-0.020152760334089685,-0.01838192068031704,-0.015206759414622715,-0.01732230301501913,-0.015456749375462635,-0.01552727411378581,-0.01746281640015461,-0.022425468048124484,-0.017378514289858014,-0.02243077435039728,-0.020222121202997958,-0.018372834458292447,-0.018608546621250353,-0.017698552187434883,-0.017905563910165095,-0.01744140328769308,-0.01995973210235217,-0.017529259954458084,-0.017025531034746074,-0.017384130048436496,-0.017041603186176393,-0.018142004169909843,-0.012397242380131363,-0.01771849214737949,-0.016787294647423255,-0.020299181669959424,-0.0160021347496537,-0.017790265179486453,-0.004319364447121818,-0.01552436744218423,-0.027045291029545192,-0.019771617003841068,-0.01778849205768477,-0.018022353414723913,-0.014314431408814096,-0.00838846509748313,-0.01774234546619165,-0.017596768912038284,-0.018695676352596006,-0.017177894691999054,-0.017508185152478893,-0.017710174902687035,-0.016697988450891828,-0.015071045998388079,-0.01849813573958048,-0.019665072579125364,-0.017469455735697595,-0.019885617920227774,-0.01928781962810149,-0.01718091526264987,-0.017373587695162555,-0.008091388894786208,-0.018185421263458647,-0.018530343113988837,-0.01683846615965418,-0.014174697157723916,-0.01743675575931259,-0.01797741038527668,-0.01789854960440597,-0.017448626607523405,-0.017895000972515097,-0.01773835222174286,-0.016220700317871657,-0.013363293952840676,-0.01738159305794901,-0.027750067254030647,-0.020890117609919184,-0.021481305858754778,-0.01246360605334007,-0.016977999635561666,-0.0170132660678857,-0.013355054037942998
average_user_sum_hear,0.001407406708735584,0.0025362987845189647,0.0015544726626745588,0.0017625537243941367,0.004228726778651867,0.007762508928045815,0.0009758163245467532,0.0028958179401450106,0.0028243214298597653,-0.0063228272873211665,-0.0005666283054003313,0.005215447859638575,0.0016284935565988121,-0.002448283209159288,-9.705329208383774e-05,0.004613064627652262,0.002227324717399743,0.002827457921013134,-0.0017595197189385695,0.0027413469044081304,0.0015535436225593124,0.00184860933909314,0.0025454382323325895,0.0019425778191905982,0.0016676698912061506,0.0024852447692307583,-0.0036029714576566226,0.0025363721716694185,0.0008272575995069836,0.002228174283607989,0.001460057617051761,0.0014627560076398358,0.0009022926593999798,-0.0027195575453065786,0.0011697785388038295,-0.0002489681338689459,0.006857258421225627,0.0023186184390200076,0.0006617508025575456,0.0012807193021500043,0.0020762609508448854,0.0052934654465439535,0.001741990279163906,0.0037187719198435642,0.003194347158973895,0.003549443812527975,0.0014235178734724636,0.0021371478117692827,-0.00213312124185212,0.001981341783104291,0.003268831417091186,0.001770003408652087,0.0018039801416983373,0.004432519013814995,0.0006231394296857314,-0.0026855850890330837,0.0024235111013935773,0.0035071446105937997,0.0011336278909852317,-0.0013749837691459845,0.002880370590146437,0.0025582521103369414,0.001477165935036575,0.001781416052883164,0.002936259879289761,0.0014931665460660402,0.001617572822252885,0.0013306929451778107,0.0011874656086788941,0.002328874333074809,-0.0012241404597376614,0.0008333207162624749,0.0008959918900781835,0.0016019091590152353,0.002958001242993037,0.0017982052601746637,-0.005750366264771406,0.0027750097170112682,0.002090741174169153,0.005750319985932444,0.0032178669692982838,0.0013376807034288403,0.004160843662439578,0.001506873283265495,0.0008622592437767269,0.0034326080214181955,0.002352287636952159,0.007089857953966973,0.0019638261812770837,0.009452684733760557,0.0026845593604391295,0.0055147760810778535,0.0008757808649332583,0.003570697226935343,0.003242336235618915,0.0017124249461027106,0.0031537253302770206,0.0017269460600064044,0.0010165619499931545,0.0042565838967051055,0.00215178667357758,0.0021317350330086696,0.002379258821060392,0.000764255655965258,0.0016118531911362508,0.004482893277228653,0.0021177678605431363,0.0026861147072986882,0.003922710396383224,0.00250335895929972,-0.001647490147116959,0.0015104989891410563,0.0014467903537959386,0.0026987452622624416,-0.003981122937836673,0.004236658592468625,0.0016786880528483275,0.002127416172441783,0.002585221939268004,0.004090343446469009,0.0021213644650609157,0.0016395564540349992,0.0006876554003748866,0.0003041877167697434,0.002063134604079071,0.002396782143433758,0.0018870542798957064,0.0018513228386207153,0.0007834010432083184,0.0008858778990113413,0.0020220891986589985,0.001257442480583128,0.0015490787340144835,0.0010188017201069079,-0.006106028537230246,0.0013473944605403593,0.0017467913403022874,0.0005375634428378857,-6.022763870724111e-05,0.0021970255770492556,0.0028639946865402967,0.004989049885097026,0.0032204448678929375,0.0016472319920704179,0.0033711264254246195,0.0015953972589636545,0.002855616403738291,-0.00024671862815078827,0.002540470411862535,0.0015720611200948885,0.0018346216625034044,0.0019755398772777627
stdev_user_sum_hear,-0.0005927216950513195,-9.007635428613832e-05,-0.0007430218605744728,-0.0006610891355398121,0.003398688986442404,0.0026054109750544233,0.0025481537438071626,-0.0006761939324226706,0.00016952355653669302,-0.005703880029552678,-0.004784415129472917,0.00230595141758445,-0.0005448316253131753,-0.005453742956318104,-0.0011925755766584514,-0.0034429363747769653,-0.0019022188168684694,-0.004235874872127027,-0.0028750150161862623,0.001729498937746347,-0.0005848130052568852,0.0002542899356556931,0.0011612081441597644,0.0024144077126930785,-0.00020377324190041374,-0.0010726455415066474,-0.006858977186288582,-0.0001495852726324451,0.00010269493591845598,0.00043458837482813,-0.010101524886855517,-0.0008961711662826763,0.003239242712705358,-0.0008621296219070099,-0.0004522026064207058,0.0001262177034213243,0.003075201082951262,0.0010275226690822838,0.0010448953571527558,0.0018646044122871581,-0.0013987370756377675,0.0020377391123603816,-0.0007074998684843577,0.0044869157909733885,0.0011498033597690405,0.0019091912844702227,-0.00045524345027262575,0.00011696978292798782,-0.005412193935057558,0.0011363613418120828,0.00038879970836993953,-0.0003329104822706458,-0.0007875080319671469,-0.00039312394031499297,-0.0004994291122328385,-0.00345886243406094,0.00447511810839956,0.00199585991339884,0.0002769640759547644,-0.002796638147536253,-6.668255889798191e-05,0.0014001017980831872,-0.00042824942948227127,-0.00033130986299183783,-0.0051048082686266545,-0.0006336232724925908,-0.00042185397111870436,-0.0005151512264601303,0.0013841906069520533,0.0006612848717293379,-0.004484117528988661,-0.0015701135769266954,-0.000457437614113744,-0.0021091701593382306,0.001136754717367459,0.0005777454066820675,-0.0037416207862206313,0.0018910402691659361,-0.00010706956130348416,0.0030555606174760813,-0.00019971723083116177,-0.000797976022416028,0.002087164732632046,-9.617300737912657e-05,0.0005944041090471391,0.0013227585546369235,0.00015955067570403055,0.010180788279582005,-0.0019664706699759737,-0.0040167606076611205,-0.001046735556253094,-0.0021183074203640186,-0.0017709314899582562,0.00041196763668453935,0.0021003996112910726,-0.00032288344236666537,0.0023427116901963384,-0.0003518555736102581,-0.0008824631744227367,0.0037739367664418287,-0.0017037756029613105,-0.0005458835442891732,-0.0007750167952511617,-0.0003999898056717688,0.0011985427606948113,0.00844614340614256,0.00011920166657312936,0.0020951432054743986,0.0015255415767730998,-0.0009227829213211934,-0.003125133228669838,-0.0012819767218188224,-0.000729196436343435,0.0010326195363541749,0.0020101602775141492,0.0011395863039872136,-0.00022466310325371282,-0.0006834244096753581,-0.0008152497715213404,0.0004928020125630657,-0.0002763149379343688,-0.00041960790224625927,0.0015167765803212087,-0.003326349811348061,-0.00011485264287684413,2.773250711316476e-05,-0.00037856058927122557,-0.0006966242383321993,0.0014629336463570907,-3.970593291721322e-05,-0.0003047385771119838,0.0022183912170637334,-0.0003119275945955152,-0.00148466297284317,-0.011073744873166093,0.0017423450799379531,-0.0002822597888192599,-0.0006811343805976696,-0.0003776146983925973,-0.0006256442915111154,0.0009731263304753671,0.0011820052637749566,0.0023436773929588796,0.0005969468209849615,-3.860842255427009e-05,0.0019460764333416383,-0.0013065707758435092,-0.003728200716890352,-0.0010854076053104303,-0.00043692716282846614,0.00026638827163051604,0.005392618498010828
min_user_sum_hear,-0.01524622181405302,-0.015032520589757358,-0.015414675048784634,-0.015028736191831107,-0.01779281037532775,-0.011367305171466707,-0.01943012980453941,-0.015199431613542752,-0.014532921555761472,-0.00816440178773009,-0.009158741820762107,-0.013001936382979966,-0.015343455807453974,-0.009657064239363914,-0.013782854333279656,-6.485569087724017e-32,-0.011577564829301782,-0.016397036441796915,-0.01792252118280614,-0.01507307755943403,-0.014900084273153896,-0.014793136513374583,-0.015878582159535796,-0.014266733737817755,-0.015098238814563038,-0.012895470065155486,-0.016329495151191614,-0.014659057657444512,-0.016271103148883716,-0.013724415848241224,-0.006527497848304151,-0.015329286722092038,-0.020654118639770413,-0.016554910395513895,-0.0157412170895396,-0.01640469382540095,-0.010192167910586214,-0.016260478031879244,-0.023306592398526844,-0.015994056213078273,-0.014266461024818905,-0.01843228152281004,-0.014959131730211926,-0.012404711554877794,-0.013705366450101425,-0.02107855651267916,-0.01570084974249466,-0.015436145070685988,-0.013955044814951448,-0.018732531089647994,-0.010770670693224297,-0.015234172936571446,-0.015421255473025237,-0.013360843714164586,-0.015182359451426543,-0.016626383001838215,-0.020618356189077855,-0.017736904698808315,-0.015386538869610625,-0.014256404544029988,-0.014952627750987657,-0.014650693583341274,-0.01527740281826799,-0.015168997765999151,-0.011794015845536871,-0.01617954978935408,-0.014186174486543007,-0.014733640735371553,-0.0150958596694592,-0.015489448115326526,-0.014640292422705007,-0.01556045811798566,-0.014666832725599668,-0.014468787439216622,-0.01587343194407908,-0.015367891357717645,-0.01952970721011461,-0.015175365471833752,-0.014778698272039535,-0.023791016039784244,-0.016153076767010215,-0.01549629598100302,-0.013186252283337443,-0.015664296968161545,-0.016670280000437646,-0.016102920541801524,-0.014405733614024748,-0.01975227813495649,-0.015460964340068988,-0.018531120470665602,-0.014795108098764165,-0.008139112809137278,-0.017865661162274858,-0.01666298232024533,-0.015572263320320863,-0.01526295624592363,-0.013432154337970584,-0.015340360454693752,-0.015301894520827669,-0.014069312574790637,-0.015026893277929512,-0.015539827961543306,-0.010721021923234438,-0.01681591723920382,-0.01801374298312658,-0.01479196123767423,-0.01513754445453175,-0.019358185401722818,-0.016257080116106375,-0.01570821209103732,-0.017672298556435394,-0.013395620332782632,-0.015482973771579431,-0.014520856728355682,-0.013626983136134429,-0.015801785403805866,-0.016097208893583508,-0.013775873445220313,-0.015033021739892918,-0.015342636704341392,-0.015126025891347667,-0.01508500866034147,-0.017016159375188807,-0.015388716804110407,-0.015208475650225622,-0.01429781398719291,-0.015387882905297289,-0.015710098293139966,-0.020847989671917228,-0.015601587214027709,-0.014802415597923075,-0.017337419043023074,-0.015326004824785928,-0.015728843760590402,-0.010218944356453343,-0.013222721153528032,-0.015133534007513636,-0.01703476628811539,-0.01590159645900154,-0.014633486151032719,-0.014927341788064633,-0.009392836547475764,-0.015453887171100168,-0.01563956230981861,-0.014319198009781325,-0.014465461176051794,-0.023387141778305143,-0.017371041120114478,-0.005997531911154151,-0.013972250295416426,-0.015835216179264693,-0.019364222700031613
max_user_sum_hear,-0.0035825162846853734,-0.003106827691573978,-0.003829387484952115,-0.0036751985920449506,-9.633165845197161e-05,0.00033377427944886705,-0.0013361182122758573,-0.0036984902992503593,-0.0028455264160271512,-0.0074938032029021676,-0.006619612316569807,-0.00043385990522634005,-0.00362757556352793,-0.007503141502406455,-0.0039692851762848525,-0.003685534131346124,-0.0042830747442616154,-0.007494123896087996,-0.006279121779080885,-0.0013432966888304518,-0.0035945400524238728,-0.0027353971425490946,-0.0020132207423583237,-0.0005288561597544938,-0.0032313763725828008,-0.003704765602285347,-0.010015163345352485,-0.0030941659690859134,-0.003240428602266322,-0.002343969148642648,-0.011459145170319871,-0.003943204808169579,-0.0007814255803018054,-0.004143230368140235,-0.003423545534228859,-0.003132036184492244,0.0010449387096968452,-0.002226436932425975,-0.003506321149050773,-0.0012971369526526642,-0.004400209382669929,-0.0015657082433182482,-0.0037085555639110278,0.0018183749799978253,-0.0016539843247663846,-0.0022610015215287407,-0.0036084550549409095,-0.002976077171249994,-0.008177220197668228,-0.002430766426941988,-0.0018565904795888565,-0.0033931234452808674,-0.0038890198362558272,-0.003028954633747581,-0.0035158606951743946,-0.006543345315711924,0.00038821630988147664,-0.0015507863211375542,-0.0027864966588359904,-0.0056084574634851486,-0.0030937950406617672,-0.0015156155863421065,-0.0034957157665787397,-0.003384181766999733,-0.006889577124344532,-0.0038446273537743516,-0.0032685799728012447,-0.003478403253341311,-0.0016832533225332041,-0.0024594604376480655,-0.007351024120422505,-0.004692237135438607,-0.003429020204459284,-0.0050307150333414995,-0.0020402112860851175,-0.002508763442644505,-0.007491891596443265,-0.0012140965077788654,-0.003108675282363733,-0.0013341352059122492,-0.003256235530338167,-0.003908483233535279,-0.0006230255073499669,-0.003225750850902086,-0.0025668990817973806,-0.001795212687131927,-0.0027487820136574293,0.006179316671983216,-0.0051437155834091345,-0.00757902191420402,-0.003959678590483491,-0.0038596568047903398,-0.005395690128624132,-0.002963749307425498,-0.001044652803439074,-0.0033880326165826504,-0.0004921272098334564,-0.003430982531923237,-0.003957735625451958,0.0009632227001135276,-0.004738529778471926,-0.0036552881731843,-0.0030739121495703663,-0.0037324238553962316,-0.00239331906497337,0.005365635701682426,-0.00290690837429893,-0.0017011470705169604,-0.0018213980675280041,-0.004091849741631371,-0.0066431914013755445,-0.003974247004531079,-0.003811401596523413,-0.0019271923954248676,-0.0008504335871270634,-0.002098935721286433,-0.00345615943487358,-0.003497222449833184,-0.003922769572011483,-0.002627754460278877,-0.003317590798857536,-0.003433839246990261,-0.0017895168831315,-0.0063093379403685295,-0.003122655953785641,-0.0028976460053535807,-0.003444107433009262,-0.003833920073851513,-0.002627136309943913,-0.003242648132273011,-0.003317594060489438,-0.001280898701588342,-0.0033949932809451133,-0.0045299502392494185,-0.0132300110847761,-0.0009066225747715508,-0.0033257686296944058,-0.004011662326842257,-0.0036414398983193683,-0.0035617817774582575,-0.002022266063363424,-0.0008511188670134347,-0.0007703605449783796,-0.0025480905395120178,-0.002908446284169546,-0.0009029537961551398,-0.005699206301039568,-0.007199807053799811,-0.002499893456236378,-0.003256959433889376,-0.002783673157958036,0.0015482642223438514
average_user_sum_home,-0.00670219290940929,-0.006320794853367669,-0.006035726388989651,-0.006232558762841314,-0.004587621272335936,-0.009587093092434523,-0.005449161671071491,-0.00574919578755315,-0.008249329756745282,-0.006525887048808923,-0.0032459319892022033,-0.006298224924002832,-0.006494486943477084,0.005631748368491231,-0.008613953341575433,-0.006889499243424746,-0.003003488345497721,-0.014251485927808978,-0.0019766775003757075,-0.005011955995708008,-0.006718834398710434,-0.004475695010677098,-0.007416771779642312,-0.007751784918471914,-0.006223539550844223,-0.005470119811107935,-0.005750973297963953,-0.007150910151717382,-0.003527286854614786,-0.005789792686964666,-0.004832302951929421,-0.0068240746628568695,-0.005797676460459129,-0.0069677786999326335,-0.007287852062968192,-0.008516851935212226,-0.011554538581269959,-0.0066447324101807075,-0.004604846677998241,-0.008146447410293713,-0.007605549342510336,-0.004311470531490589,-0.007380246957843966,-0.012412352094571671,-0.007114442976094619,-0.0001086288373524473,-0.006098652419870386,-0.006091513817547354,-0.007479984947743238,-0.008009471479781887,-0.007747985558536702,-0.006628450721793617,-0.0064612816052822455,-0.0063309214588717876,-0.005201628411735389,-0.0083748479888296,-0.001851463836302289,-0.00533823985151316,-0.006943823975219471,-0.007431419482135184,-0.008286383725055918,-0.007083018987769772,-0.006585691331432466,-0.006375605970297996,-0.0031773712688783415,-0.007064798899410616,-0.007185974078283646,-0.006964212288266686,-0.006286384949177546,-0.0065215225089043875,-0.006170850727141837,-0.005829808981214112,-0.006816103905988932,-0.007218722583216888,-0.006370937916552943,-0.006310549907434786,-0.006460673272734663,-0.006707391089976152,-0.006987814518327433,-0.0005305509072924099,-0.0043969094403456446,-0.006759256262586508,-0.0020856692166787965,-0.006270510579677369,-0.008085261467511786,-0.0038272704802743245,-0.006484330251202345,-0.009911582704460133,-0.006500987669103654,-0.0015953539126023347,-0.005559417519582006,0.0006154103207240899,-0.0061744324591923565,-0.004004290957639822,-0.006921873272917295,-0.0068343874825163835,-0.004035877688084078,-0.006675848740957099,-0.007385158502805172,-0.012590376382951008,-0.004033088199660384,-0.006037498019670094,-0.005233734877085687,-0.00668352664137296,-0.006561983084253016,-0.00843604958391514,-0.006207806327511873,-0.0072642143419701845,-0.011179247237249054,-0.004522893566374005,-0.007009401709400567,-0.006054165832297209,-0.006478654153877307,-0.006426504292965761,-0.004512512872894434,-0.009327264670124683,-0.005722736508176254,-0.006339854818374877,-0.006830065947780748,-0.004003768927115589,-0.00659157440516475,-0.006730703613538985,-0.003803306755660496,-0.005245313901211852,-0.00626214998066045,0.00021246556882868056,-0.0067501220885788915,-0.006170409193435677,-0.009216538627470284,-0.002996860522328299,-0.0070252155693158735,-0.008868029222524765,-0.0065361164001660355,-0.00946476942446035,-0.00480262857809435,-0.006823561245726939,-0.0065260314937322025,-0.007074762102115668,-0.008225521888536497,-0.006423484851306515,-0.007663157437306388,-0.0038239572512528807,-0.006532899563126724,-0.010311244544650938,-0.007981969610853193,-0.014313145559284177,-0.006806132396777827,-0.0044321400283289705,-0.013125617682810793,-0.006727655654584204,-0.007467249755615033,-0.008116633546319208
stdev_user_sum_home,0.010957912362652079,0.011660533110556634,0.011302221810031625,0.01054133026437129,0.011586609284112908,0.015486434778683632,0.010346202919712767,0.010262210468699844,0.007574171236500456,0.008873439248771252,0.013926478102100355,0.009409657709156404,0.011435733951314744,0.004155964736823919,0.010705972020121041,0.010542888457846594,0.012589839365192278,0.010203699112562711,0.009167481501718401,0.010002578583218447,0.01048161930251341,0.012400724827495447,0.009287047236042281,0.010443707769549395,0.010930543021379613,0.010673720484929613,0.009987223611021471,0.010402274084783876,0.011174666236421403,0.014109866890424243,0.017858604905444306,0.010257909517467181,0.013225866748214554,0.011221477888844967,0.01042928844164817,0.007954725140635568,0.003433633431848696,0.012724034442147187,0.011765611614606162,0.009312139133644766,0.009833087175216625,0.011575503430524707,0.011148171445539036,0.005021176046354237,0.009147626857854472,0.014408510194634242,0.010248901738296231,0.011404511799825552,0.00979648680770795,0.004704477443508416,0.011740601412844828,0.01073830385588621,0.011010251010440963,0.011488237834516486,0.011132752604429554,0.012054431419116721,0.008208525373028481,0.01230509202624119,0.01064168716653685,0.010847652850489532,0.010006763253849044,0.009345171201652446,0.010635088073517499,0.010870619016064304,0.004559076409820416,0.011049500355853612,0.00990680395755955,0.009637251393826233,0.007769794729084243,0.01058364311269434,0.011187334971285727,0.011489009786954624,0.00980402098123442,0.008711356012084528,0.010564948172408987,0.01052947538629296,0.0065383657285494855,0.010211892296435529,0.010930612137082553,0.014601856902274083,0.01039854548326928,0.009753984025637971,0.0094460478225538,0.010231622960509888,0.009656297557046481,0.010793115526893445,0.010890376012633183,0.014986272654498235,0.009313385151757461,0.016273648640863322,0.010570961406068592,0.01456485272102678,0.007581946317083447,0.01206373082660828,0.009559100988636384,0.010581188846818707,0.013445399197438083,0.010729705695393912,0.01080198368814769,0.008659631453470533,0.011959669142496,0.010761704711930815,0.010223099839371459,0.011017462421196642,0.011307098936966204,0.00878317921538469,0.01068095022524184,0.012420465242573892,0.0036391868526932207,0.012144605116061807,0.012411186417451021,0.009614770338250252,0.010771203324142125,0.010987756555425013,0.01319740568226585,0.006840655632977699,0.011037949576280869,0.010403212919460978,0.012513984972163245,0.011393730333050455,0.010962638230818434,0.010920393156542616,0.011606619508228963,0.007929060768775864,0.009602319193459392,0.015010962304117447,0.010657934925581652,0.010942439703118255,0.008433395259401073,0.013953169337591963,0.010462371137257401,0.010932461644293328,0.01110102663727986,0.01158454317576066,0.010307728403045984,0.010032876678637727,0.010761262985875226,0.009651484839026338,0.0080959114749624,0.009557219009270838,0.010528492583907558,0.01652618388280274,0.010604014616005405,0.015758841987220516,0.010382657705982627,0.009697553470613926,0.008387239257108887,0.01173145947703631,0.008445538249408904,0.011389270252882586,0.008932990496335893,0.0027209390298594607
min_user_sum_home,0.006957187764977356,0.006963970053011481,0.007132288117883943,0.007655044074595714,0.008200052078210156,0.003178688427144706,0.008900641391667088,0.007518877992783255,0.005631306350582688,0.008040212395019087,0.007045168225021856,0.008591050161929719,0.0074821942975064944,0.0038932225474874486,0.007529002474210327,0.006563413695970703,0.006888396220304432,-0.00017933206426355968,0.002717529187449396,0.005932773504076392,0.0070073232852076155,0.007342763942145036,0.007081949754828041,0.007600980171841697,0.00708552588868977,0.00551803473641773,0.007750696681687035,0.007485043140301652,0.007485437530336778,0.005532438329159938,0.005928520575441704,0.006566511739040047,0.008703883768549733,0.010129946023271235,0.006440161041229882,0.011125426350942071,0.0037955820151467754,0.006077268747238721,0.010242213290845674,0.007055411205162678,0.0074157963464069445,0.013131183933994879,5.3938075504995024e-30,0.009914523427888516,0.007139586959565799,0.007487470709167409,0.007760227079544889,0.006816867804176986,0.006011099788217604,0.007607242284718557,0.005941539709870283,0.006995646638083368,0.005534156105964514,0.007328228031956384,0.003978882883191724,0.007257536507845232,0.011720123338480519,0.0058590864152810755,0.007763233642436325,0.003223730541479036,0.0076379240000109755,0.008674635943398113,0.006726559115623179,0.006850199678145539,0.005620213643732936,0.006744032701414238,0.009141233589506054,0.00818175017586287,0.01388815792668581,0.007064335482061947,0.006568037826530168,0.0061768027392262205,0.0074763861350110455,0.006984471949258768,0.007554505486680405,0.0074021345244049165,0.010127525865442003,0.008365942432495558,0.007113915113065491,0.005975396595877784,0.014507785473989157,0.006352245148067337,0.013043399293764774,0.0073845678558116055,0.00615454866640908,0.005986533837992633,0.006782424484727295,0.009285895388036388,0.006347438666375176,0.006822247389468055,0.006581957885441678,0.005809173451237118,0.005716205500167639,0.008788307550489462,0.006720507803197644,0.006894583086585394,0.005799254102938543,0.007052767251480423,0.007337313058493232,0.005825128218869527,0.009275694962780055,0.006557878564243944,0.0066691524310537546,0.00796080506004939,0.010157811706760903,0.012198775927783442,0.006603840296739846,0.010250602284618212,0.00741944064773716,0.006798190618989104,0.0025412158512643974,0.007758229004893848,0.007748728445485048,0.00711820014018962,0.009110364182163575,0.006249622109565589,0.0067838564040320695,0.006480907647790471,0.006927383849327458,0.007789364359506213,0.006859032841898574,0.00694249466706829,0.008553616655296956,-0.0001596720276913796,0.004765333412848011,0.007126089794888961,0.007138113293366144,0.007586973097154358,0.00730660582853291,0.008906027354055174,0.006077543133066429,0.005607553258242291,0.007509671851825971,0.009077872702250156,0.016714114891973737,0.007437827612134669,0.007025556098597174,0.00840012880164321,0.007016445798146248,0.008197440233328251,0.005724013925582623,0.008158728753370079,0.006943406829012287,0.005780451817182562,0.007432568293522589,0.012637474041150582,0.00953263739900919,0.008529183825929255,0.006158447038968461,0.0065449011767703055,0.006418623496940391,0.004675269955749819
max_user_sum_home,0.009840344207295433,0.010514712654697745,0.010234101360127736,0.00964494996065758,0.01081343500914059,0.013001289913934167,0.009413393787102717,0.009338059172322784,0.006745885634703229,0.00817491549887923,0.012736708103283884,0.0086813908853926,0.010343729632869215,0.0032356575591122663,0.009611190623197931,0.009430579907930938,0.011318028735380924,0.007828254244559817,0.009737408710818869,0.009465189171454159,0.009502582588145268,0.011476631249299318,0.007958761335953175,0.00911618974385182,0.009883269414716414,0.009616328977452666,0.009109401850892531,0.009381743658845546,0.010509003824722885,0.012221805446891642,0.0160213695016186,0.009366353652660324,0.012564653092397243,0.010471727697490914,0.009443916461682267,0.007519702341574867,0.0024438380877946937,0.011552799762412757,0.010349432903915615,0.008446213165755116,0.00874396508890566,0.011220190050521602,0.009562926891193594,0.004650945230449285,0.008209031331001596,0.013411333171599068,0.009361704117475292,0.010328911877937162,0.00897319404661982,0.00396889928096735,0.010281127024180393,0.00967825502447631,0.009928342037013886,0.00998455592929122,0.010221688264029877,0.010575316230754061,0.008102642068989778,0.011044864439770381,0.009703052429975571,0.009184914668351035,0.008658637387701649,0.008689938972105234,0.009594242432263029,0.00982175904579826,0.004926795775864272,0.009847933355374422,0.008992515251077492,0.008667182944325695,0.007355629716687458,0.009546806945611988,0.010188623499997853,0.010500385259896008,0.008856620104061554,0.007785326771828957,0.009683970049603762,0.009580362198857575,0.006276273388894395,0.009322808689529371,0.009940383122566614,0.013669535265250835,0.009995708231766789,0.00887826922236677,0.009249660846828926,0.00933794650964926,0.008514330513327872,0.010188382039285371,0.00983027598594836,0.012531507095508708,0.008501612468024456,0.014826088155508428,0.009398584537490158,0.014378837064144345,0.006735760566367837,0.010849699874270046,0.008603392907036931,0.009536820827739994,0.011720103829807236,0.00966771740724269,0.009709347664755556,0.0059416936576068054,0.010851341005675736,0.009709798332304587,0.009449196475127998,0.010031125817252202,0.01061750279258862,0.007593274276016195,0.009785045451125372,0.011514677938039014,0.0025932593056034493,0.011395696101971898,0.01167058423987405,0.008977166552353075,0.009756453424400147,0.009991568462701196,0.011944788975662337,0.005535580158576917,0.010054363492428338,0.009368418313457853,0.011143906227944648,0.010346852859665545,0.009851524536314674,0.00979522118225446,0.011332725969136271,0.006570838911944829,0.008580763628512993,0.015245645205816056,0.009568523011845907,0.00994872974412973,0.007110992266621286,0.013102567407733296,0.009388291365146666,0.009111822060248489,0.010026595927555384,0.009701766303131458,0.010728753850377852,0.009258923181418657,0.009716763699444674,0.008722256350557879,0.007167847152293063,0.008687126054136669,0.00923859658152399,0.015261876079387504,0.009531740150717949,0.013488753473214123,0.009326436370752141,0.009644575224723353,0.008106390607340799,0.01082092524680305,0.007345625521873058,0.01004789276232201,0.008230234741324623,0.0035272574867126916
average_user_sum_conjunction,0.002371469237937171,0.0014950320082201193,0.001689643093094325,0.0024082048442432454,0.001538684890663014,0.008113182274263907,0.003933346483542811,-0.001597343205112109,0.002603831435823961,0.0009143712206301571,0.002842467278985565,0.001881955278457987,0.002198591119039913,0.004807513649456328,0.0024760634292500285,0.0011447328321842268,0.0011806367567872011,0.0018824872509339424,0.001642959824640241,-0.0002937805376653814,0.0016211779427336426,0.001891389284426219,0.0015469934036668673,5.6097400519275475e-05,0.0018769873051871395,0.0010661143695070673,0.007016623573128648,0.0019064436694564042,-0.0005012134234512085,0.0023466882221655355,-0.001289346230528187,0.002603635511377562,0.0024764281160869137,0.003968508765172348,0.002278766343805045,0.0020626383494022765,0.0021364884236678115,0.00048488737408428767,0.0017740782633935033,0.0023473731961299073,0.00021024651224927152,0.0013175171541268578,0.0018846516705339038,0.0007493611123942957,-0.0003074312201253003,-0.006549371549886853,0.0017713145151214832,0.0017308514266396735,0.0013407614575722433,0.0024757535722678727,0.0038455501413557323,0.0018330937663613572,0.00201517527798431,0.0035426419499471756,-0.0003671697208594629,0.0009971001000182618,0.0016215284219085156,0.002141910433318489,0.0021070962995044656,-0.00016981302484775015,0.001421090233694286,0.0034037617360079403,0.0018273716981036282,0.0017990477278422672,0.008045425996239666,0.0020105857898368787,0.0027967354323035418,0.0029148223557173385,-0.001010862707409195,0.0022398139137309488,0.0026830809571371725,0.0013043669802341798,0.002711485100173737,0.0029998926506212727,0.0015249188388682007,0.0014882952415801523,0.004381039717580613,0.0021107395371638762,0.0027595305616193097,0.0023585523758736272,0.003494704191799654,0.00271969535829052,0.0048820985182666116,0.0015903018175092362,0.003622259561480729,0.003113492193136818,0.0017476545857156613,0.006885907490390527,0.001117592727086187,0.0019904603361763744,0.002295368505811777,0.0016122498121011637,-0.00014836814806509432,0.00251000038289962,0.0012810486531359862,0.0017939120591163524,-0.005438140498981024,0.0018508940483850447,0.001378138035905304,0.002482196160427396,0.0013858852548538116,0.0016346333087327199,0.0018029643613435772,0.0012783278644152608,0.001849532320685219,0.0030118797165421887,0.0019493835315494215,0.0018780095619994122,0.0048298019497446144,0.0018593551566690701,-0.0010651536324415185,0.004194431769232624,0.001748328705321843,0.0016493217323686402,0.0008450989650111845,0.004686215221397727,0.0017664682023271067,0.0018058960949319768,6.646232386266909e-05,0.0020491499886830487,0.0017869829645803283,0.0018023601085741421,0.002878176799086637,0.00023111590300263496,0.0025271795664347577,0.004661741905190829,0.0018949674362027727,0.0012822910890064529,0.003247325300488362,-0.0007609289271094319,0.0021264298101829233,0.0012645167644950023,0.0022229265272984966,0.0002348601121492204,0.006678370249644541,0.00426226867673268,0.0018415607108230002,0.0009097274198006239,0.0006293320447875242,0.0018632461293902475,0.0005969323179339063,-0.0014852695088759353,0.0012025264293403781,-0.0011695824421286763,0.002545623646705575,0.006109733742993364,0.00043457768715251047,0.0012045715228671608,0.001720298572691504,0.0018540122081484867,0.004986599646266871,0.00264633815164523
stdev_user_sum_conjunction,0.009541654952034285,0.008852533914448476,0.009158173148064304,0.009773647134098654,0.008446975259048042,0.020439496359012856,0.01253378377033721,0.011320500470565683,0.00716926750404543,0.011095700579929983,0.010604165754652072,0.011248382022527394,0.00885424237957248,0.013481610880813807,0.00948665657960334,0.008595969135254984,0.012780546417847687,0.014999922956497049,0.010893278582843788,0.008361112323244452,0.009049394663841677,0.01060247777996772,0.009694142402259461,0.008077739957710581,0.008619811926459962,0.009777153938260019,0.012218566482456786,0.00917653822543101,0.011215901146039256,0.0068474990353263755,0.005223383429873843,0.010599992885138455,0.01094849488948428,0.0074326031104450276,0.009663423088872084,0.008478599053092978,0.015619268394191978,0.001662052953101234,0.014090387647821823,0.0067789002807832205,0.01110148854124881,0.008585983495595749,0.00919068061682294,0.005946846561453195,0.00590230176918477,0.012530213299737237,0.00981393544053203,0.00937144128211022,0.011213260842721428,0.010224466242468191,0.011741536229561842,0.009293141394434334,0.009391629466245064,0.008163367685661303,0.008485841019632658,0.00850376146965242,0.009294484443726684,0.01009723454883255,0.009233548283365128,0.007813534701541502,0.00929445320214335,0.007494720410175354,0.009058493825769707,0.009446776294055942,0.007192140179456807,0.008855454857320377,0.008148606988791511,0.009545369483690513,0.0032187788285302707,0.009421612517104145,0.00915750501901897,0.009861425789694046,0.013080268447047239,0.0075404773108353074,0.008527355865523702,0.010132776795075004,0.01035970507098789,0.01026036518024501,0.007913788782227198,0.009884796834510693,0.011329581148645552,0.009705290387378673,0.010414856708073714,0.008794898068548829,0.011150903995719498,0.014900053064858306,0.009750266018315903,0.010302803963286266,0.006712848310101051,0.009191088272051921,0.010326990063198697,0.00014666584467865583,0.010334727821184119,0.012270432632414782,0.01101315836226044,0.009201956179753737,0.007067975704563436,0.00923809586899174,0.008648398685550632,0.014256459492325617,0.008188144711838805,0.008796997862834343,0.002206830622436295,0.009394037028588986,0.011365571462395259,0.01375458786412627,0.008946689353057702,0.012131545962637073,0.0046847719537707905,0.00976944007731891,0.006733098847766761,0.010072141034235675,0.009243333898575932,0.008694893915863887,0.010125007549532748,0.0056059542529757755,0.00976842577925787,0.009525099798700472,0.007826633256600758,0.011052242406061324,0.009303062187599213,0.009302011420967997,0.009333658007535123,0.00465619416926384,0.00951195563525148,0.008292609450404505,0.00891660334422919,0.008876723637766449,0.011030003704091514,0.007620606785099881,0.009944345191029283,0.014304702520906673,0.01005327725048782,0.008210261055213174,0.007399060939866482,0.007155461700158213,0.009257843086582661,0.008828194700968251,0.00912191905894142,0.010416849308995163,0.007062904231287239,0.008786704233115797,0.00872034553617335,0.009871651226971402,0.009089687112431862,0.013242862839182672,0.000829055866544158,0.01031595260042219,0.00703074813144129,0.009339522429501024,0.01080121562196382,0.004777268423273917
min_user_sum_conjunction,-0.0014633937899104395,-0.0016796061096814759,-0.0021751695779895063,-0.002235938139070099,-0.002956345940274198,-6.649994069162987e-05,-0.0031957945869704497,-0.005551664870491215,0.0013019036133579479,-0.004793436425562139,0.0034263063344377523,-0.002922602315025927,-0.001059318161057931,-0.013030967522944725,-0.002274316427920182,-0.0018759844655299625,-0.005170122787425234,-0.009492750663239749,-0.0006268196998862243,-0.006603832312107805,-0.0019478187805915398,-0.0025080161818883447,-0.0024687545961443874,-0.0016457046650404303,-0.0011795237649183579,-0.0032052113187635133,-0.0018012384364915549,-0.001514545804023059,-0.005255232834494843,-0.0018983268609344631,-0.0022248489836371385,-0.0013641580902116236,-0.0027375114857503217,0.002266978123637178,-0.002052962490624286,0.00016001605247800005,-0.0239886466267512,0.0006168905073872903,-0.009023359761947555,0.00012618964607175563,-0.005272776747990385,0.0014426345819803996,-0.0016636421150324088,0.0031835870837770962,-0.003710597467154589,-0.019094910655155485,-0.002025790184395809,-0.0015048074942336162,-0.0029304495697335658,-0.00950198667887329,-0.002494792014556822,-0.0020133602443774268,-0.0020119041224088783,-0.0030227942163225437,-0.003930944707759256,-0.00021153570639984194,-0.0005428049305117016,-0.00044180673295875217,-0.0006485888370190603,0.0014968720716145023,-0.003597313502067965,0.0005705238595398072,-0.002200763987057746,-0.0018930538866704476,-0.0005645967189369747,-0.0019923854430504272,-0.0006398093449211054,-0.0011961921057532902,0.0013678216699290584,-0.0015180621569895972,-7.375534456324426e-05,-0.0010476445262600602,-0.0020549941712691474,-0.002645070493678646,-0.001423565754271685,-0.004072629270028657,-0.005284603253812739,-0.003156400200101231,-3.187885107698053e-05,0.006003234492996239,-0.005116647859556074,-0.000827506121762564,-0.0029579294530897426,-0.002532357974927719,0.0014399858112307436,0.001207716164299889,-0.0035962720400735167,0.0012466504797042817,-0.005159540436357199,-0.0009481253745990716,-0.002151009577556857,0.00939514518603536,-0.0020210532162777475,-0.0065090088955110925,-0.006373645305765837,-0.002069628430406787,-0.0033784745811459467,-0.001814457853371516,-0.0027734120601278847,-0.008668566586096682,-0.004042929067198213,-0.0023262359038729967,0.003587236838234321,-0.0014828306947341982,-0.004954141015985215,-0.0022076458532494514,-0.0016632327247670421,-0.0025695983877280313,-0.0031371037567969468,-0.005046539774547044,0.002333780918145319,-0.0014066269780810617,-0.00148587747573071,-0.003043716921385496,0.00529205880668944,-0.004467780983374135,-0.0027948867143751943,-0.0023291271286982537,-0.0005943678619066313,-0.002806155393160774,-0.0018432746387939559,-0.0025154145884617018,-0.002093669300606251,0.006248345532049834,-0.00021902167721193043,0.002203157410986806,-0.001594593543524878,-0.0011930270824158443,-0.0022258325214407973,-0.005756359876700871,-0.0023888341772666643,-0.008456490234238764,-0.002163915988936258,-0.0053256913193743816,-0.0022369040443234317,0.002356778063872699,-0.0018834807439116422,-0.0008390759974217579,-0.005854930564198155,-0.0023019889458559695,-0.0025516404032626897,0.0014068788511540087,-0.0015912545976468333,-0.0008530118801993655,-0.002037454714973644,-0.0014875635116289882,-0.0033723832206605797,-0.0038297776900128224,-0.003767061136682787,-0.0027311469042839744,0.002086497037790302,0.0073359635644660946
max_user_sum_conjunction,0.004115534999481873,0.003375435047100646,0.003599598600759823,0.004128820226962204,0.003123395427266959,0.016928488130475358,0.006298462458153593,0.003606043955989669,0.0025353402160975674,0.0039852533749452045,0.006407213894211377,0.005063324803416279,0.0034252861463096446,0.005036133763397163,0.003965232634186466,0.0031425483147529618,0.006286364676098152,0.005901486355322765,0.005458000638188049,0.0019083142542146055,0.0035549979916492634,0.004725182472607226,0.0037317930950842813,0.0024962972635021972,0.0033500319030348447,0.004137263413424703,0.0075081449755776825,0.003604863813544197,0.004512610451542179,0.0018759809159786013,0.0011938596691536754,0.004681182967826263,0.004856663450137869,0.004042977485512366,0.004219980580050013,0.002995680095968248,0.005472372468630662,-0.002635843810445959,0.004499816784050571,0.002518931335438311,0.0035855137547292186,0.003577548662859996,0.0036764602323949014,0.0006047910601042483,0.0003350273623493223,0.002673180247451643,0.00423169720005185,0.0038296095943372924,0.005009662650677284,0.0031515052588368155,0.005596195971563064,0.0036764266998330943,0.0038312908374412737,0.0032481869157308385,0.002346128151894278,0.00348836612880225,0.004641007335875576,0.0044034957368407,0.003770332793954303,0.00267763307231967,0.00352600383621475,0.0032933795244655603,0.003497664530231759,0.0038252400034187346,0.005442572172443972,0.0032828456792451804,0.0031977678593384344,0.0043812963260345325,-0.0009138408564530638,0.004056464562012904,0.004164140267824853,0.004301725540131803,0.006785813181086606,0.0028272806982851152,0.003125378331705217,0.00413294141420309,0.004361619387109255,0.0038350714858382783,0.003174443837942985,0.006585095798425384,0.0038745211577404758,0.0042546019735470834,0.0047240490549578795,0.003232402858845629,0.005836947901762157,0.008776121384236286,0.003732678308601727,0.004667451929546727,0.0010622739439989197,0.004203873495282732,0.004534019137097993,-0.00010780095912130659,0.003397298055036078,0.005530726579788196,0.0039588595431951125,0.0035845831654135463,-0.0004372585664849521,0.003683931714790308,0.0028534323664331854,0.006528015908069833,0.0024210971160496635,0.003204974432351019,0.00021536542198467845,0.003594698483596885,0.004912250022345379,0.006772451708012845,0.0038075366642815744,0.00611170233442818,0.0025682149653379737,0.0044519845085533825,0.0003219091416238086,0.005206617004645964,0.0037209092346898905,0.002984663189398079,0.006331729010609716,0.0023502507629424227,0.003906388605950214,0.0038304121478466777,0.0021487049152263613,0.005093442488870559,0.0036476644986430697,0.00362565434002533,0.003707010951825629,0.0012949685638160152,0.004080227032895189,0.0037573378401688055,0.0034824154406286924,0.0032419077047327535,0.004978722452310867,0.001325968666843317,0.004135442640503872,0.00776383571960218,0.004372795576498511,0.0023132465730917665,0.002664155526746974,0.0027781200553939484,0.0036688114222376937,0.0033185970454993885,0.0027825151948007547,0.004575017527035763,0.0014504983430696679,0.0031009544615289673,0.0032304744477248404,0.0036671820815090232,0.003958697111319465,0.007233987887528992,-0.0033586966020094106,0.003944655296140118,0.0018281858574538574,0.0038291710582085553,0.0058400390658123955,0.0018121429283596913
average_user_sum_certainty,0.006072498836386216,0.0052388044003473435,0.005810223855651227,0.005821366358415781,0.003596676529719584,0.0058890723971851775,0.003731637464509866,0.0064448177159771615,0.005122022466166066,-0.0005721334140379331,0.004939801692947041,0.0050279002796204935,0.005605512908509686,0.010452237915965085,0.00748107840709712,0.00742898705704937,0.00642811708142375,0.011283427811898021,0.0075166649668224825,0.004560523413116083,0.006457900750818847,0.0055918679890620635,0.004479728224241565,0.005765772897276795,0.00601284241469658,0.00536629022814449,0.00684879972493972,0.005585165545527914,0.004647568314242647,0.00210450839572238,-0.007588267345573328,0.0061687647864061106,0.0027821822084394283,0.004367571442798576,0.007034831747683237,0.005159078679190127,0.017184587556139698,0.010254254861858415,0.0011403437206371735,0.009609102768610798,0.0031427422697331755,0.0071968739907025524,0.005830138876538309,0.008634837198544716,0.005057723767069396,0.009332311916135733,0.006127674429095134,0.005662456175227789,0.007486900591981224,0.006863323238405156,0.003755400827428826,0.005877505237436931,0.005241990475988731,0.005594608482909286,0.003944118878813175,0.007995715598385033,0.006750837246633005,0.009792858579176474,0.0056583427321737975,0.006050699887577714,0.0045951041300128295,0.00531872204099689,0.005770216725886557,0.005838698184018727,0.0034388940942600248,0.005501260264969341,0.006585977759382647,0.005453644722722551,0.0047700701814883395,0.005977378907850019,0.005481082273032832,0.007036535030930425,0.007306044039976145,0.005504563253188049,0.006077569752582286,0.005609715273881266,0.0069809916247794875,0.0032836761839267273,0.005848145664074997,0.004440747986181531,-0.0013062518061315656,0.00592589306240055,0.0032656219903612928,0.005566330408022652,0.004447891844228228,0.01063521123763331,0.0061037705927635445,0.005575742399266049,0.007535144723644246,0.0076724461671270755,0.008326009059937637,0.002947765464105738,0.001239236793665846,0.00451685978822162,0.0056073266488887875,0.00595387334871118,0.004746216758108225,0.005839581415632346,0.005622709551870183,0.007377857346386723,0.0019380718647874842,0.006017250892409412,0.004895470290867988,0.006924310204057146,0.006515369058531038,0.0026162949117436666,0.005951191019380247,0.005859300387908668,0.003856890136285117,0.004158782653161202,0.0047676912562984505,0.004717093378260356,0.006041032372070846,0.0045111488612342154,0.004691857456479593,0.0032126058935028796,0.004815411865062784,0.006578396110490502,0.005687486088157799,0.003063515483939804,0.006127351061385268,0.005815778033568808,-0.00022164953081563882,0.011405717823486115,0.009797383674723215,0.009310045473275666,0.00577438132237742,0.0061656209590487746,0.009640215412709284,0.0018563159226471799,0.005599843150112381,0.0065166481601182935,0.005485817220546004,0.006351002029553859,-0.002962842922794773,0.005440754105428398,0.005838922155413732,0.005157475248651278,0.00526428381942287,0.00508896923112764,0.005758004645223105,0.006082095053247166,0.0056812782292275325,0.0038932192493924232,0.00524694253388578,0.0092355024368595,0.012484948783485302,0.007000312319431552,0.004083427405665845,0.005405734974534514,0.004300325325831925,0.01099914585623163
stdev_user_sum_certainty,0.02975068318114329,0.030054656566807038,0.029440869188947356,0.02976270403115536,0.033868308801444334,0.02756429933626515,0.03169528666726918,0.026438933543574367,0.02645063535654678,0.02687637276200599,0.030758141055065885,0.029157592842298092,0.02864533386277549,0.023172600011641568,0.030569764046008835,0.02917778402942561,0.030140496007902036,0.029963466566019743,0.029802052590418373,0.029724140237887428,0.030782559957218736,0.03145928829964749,0.02968135701186277,0.029578231247726124,0.02956632145889808,0.028823021161671986,0.02881522848791099,0.03007429381346241,0.02898991026387844,0.02836418743621849,0.03599154656896741,0.030137964547486407,0.02867900124848554,0.03229976459511986,0.030216153227177123,0.02673394326288369,0.03354470335642086,0.026450947680430697,0.013129644453905756,0.032775321617932375,0.027096471202038702,0.03318392687101184,0.02957084782170203,0.029241769460668966,0.027795403696324907,0.030148526820334295,0.030511447512821574,0.029837274333914084,0.03474561144179403,0.022443636821547597,0.028309580574792353,0.02979349132251695,0.029913552754083875,0.026945297471735644,0.03114974449996913,0.028620660582325874,0.027120281744103407,0.030585717302711382,0.03058597545270901,0.03361670755200241,0.03180581868543966,0.03136908057240702,0.029571707573333602,0.029949728669977076,0.026894889699058823,0.02953630796227214,0.030322056819075266,0.03298764583086482,0.03283298181797629,0.030255630096777116,0.029843867720645706,0.031878862193576954,0.031335682953384715,0.028121228766608934,0.030154311298917335,0.028884190618244425,0.019693708284923353,0.03079883165333696,0.02932225529639841,0.03306165693492934,0.023846622124871205,0.03031189277805773,0.029974846074883953,0.029841130672404067,0.029864858071112096,0.033687965448479525,0.030203742956026493,0.025336393564282158,0.03120652633722617,0.033436005982742656,0.027137066378805082,0.0363559388417017,0.024215029824411767,0.03011363892515936,0.027819722128931138,0.02982195360841132,0.018798027613628913,0.029724480912337835,0.030207128193968084,0.0257536967151124,0.025670874163671732,0.029794432535134623,0.03256122615101647,0.029217957993156754,0.031214222892999237,0.02879210483191533,0.03229295345836074,0.02840876173936055,0.030584340526250166,0.0343708652669142,0.030495514002037056,0.03034553544776486,0.02998895921070427,0.029466818244303302,0.029199345933593815,0.030780662251100595,0.02985099442894676,0.030087879613037823,0.030002392351915295,0.028343429342408216,0.029663600917633207,0.0295670072970521,0.02202842592526788,0.03210198268287956,0.03195703342794101,0.03140939239172383,0.030081981139743648,0.030194700013708844,0.018675742272112515,0.02151018702916043,0.028959122104069805,0.025772614915969497,0.02993277377595182,0.03014751463246248,0.023658838989186783,0.03245219287503111,0.02973510027778188,0.029796770715430736,0.027403457226214324,0.02992890119328526,0.030272818537450792,0.031066311605392694,0.030105163959076274,0.03375956234409039,0.02950241025447279,0.038289924584275714,0.033580120605861616,0.028115476224326297,0.03359634009640465,0.028166228778094736,0.029449075017477892,0.03668987966654469
min_user_sum_certainty,-0.07550403367260196,-0.07647981052247985,-0.07561859658923857,-0.07610584279731551,-0.0751914214484102,-0.07376938624731028,-0.07610172265667939,-0.0731527302947474,-0.07294481543003754,-0.08604903888830424,-0.07957293934012583,-0.07194261217591132,-0.07546717731123383,-0.06894381673101616,-0.07571742475253798,-0.06927179435669632,-0.07789718129603708,-0.06561613587684059,-0.0737322988667153,-0.07493844966648051,-0.07621262697904171,-0.07662458202438846,-0.07643123928162471,-0.07480882213937796,-0.07565619256686369,-0.07342940528084188,-0.07944080591823313,-0.07569822280727842,-0.07636986808714787,-0.07618039245440816,-0.07028557128535125,-0.07615030971720442,-0.07865251869507521,-0.07903368255697694,-0.07558079003185957,-0.0750909904719419,-0.062349360009302586,-0.07174110599699615,-0.07035200827560635,-0.0762720688862148,-0.07613817475870738,-0.07251789112788803,-0.07582995565402442,-0.068702800330552,-0.07437407234490806,-0.07097491992760752,-0.07482749094000038,-0.0753604006108017,-0.08093173739918672,-0.0716068308321735,-0.07108710710427289,-0.07584449022065275,-0.07661157514597404,-0.07576861932914657,-0.0777286279332132,-0.07248389268516142,-0.07410413580838002,-0.0734943343932105,-0.07564806657988346,-0.07718183221778696,-0.07837629446729114,-0.0751494970116231,-0.07606529010471497,-0.07591113570945814,-0.07885220445567828,-0.07606201781915999,-0.07520676881953031,-0.0781259450383963,-0.07588497572390238,-0.0763361120658883,-0.0771257329455009,-0.07754372299268016,-0.07543424897233494,-0.07537913664481606,-0.07612047679231536,-0.07551520915454857,-0.05059093718005459,-0.07664730068751269,-0.07498352235430202,-0.08253700938846324,-0.07265571016477723,-0.07627837037575848,-0.07735003995466481,-0.07645196416591313,-0.0767752580031618,-0.07495879308858124,-0.07583182412796767,-0.07176166010963407,-0.07339030351660548,-0.07767015314609621,-0.07465708504159001,-0.07679004832601076,-0.0789290060814455,-0.07523980679975967,-0.07757177862840609,-0.0759642427910204,-0.06944042943388831,-0.07586198486228855,-0.0764519166192595,-0.06813555852905101,-0.0736162815142039,-0.07632330307176877,-0.07887644019016293,-0.07539442482757208,-0.07682790338438529,-0.07282878164350459,-0.07669702915609813,-0.07870116300595113,-0.07586303530361939,-0.07638036368091314,-0.07312948811444754,-0.07585759436886849,-0.07594836217936074,-0.07493129927511441,-0.07338114840779102,-0.07785110528854665,-0.07536386989029827,-0.0757064845041919,-0.07412093068064456,-0.07540969610146617,-0.07565794579086711,-0.07553947686905536,-0.07465018873288788,-0.07555446484637247,-0.07550922295985771,-0.07503362666397319,-0.07558918702252648,-0.07621305955888169,-0.05603723019086452,-0.07419879535872904,-0.07564218387137236,-0.06974125084253689,-0.07630384696343706,-0.07480285201406914,-0.07964080989756622,-0.07754030818458563,-0.07595799157583819,-0.07733786134259145,-0.07507940995989454,-0.07641941164804827,-0.07594038825017269,-0.0717525315730208,-0.07488398991711676,-0.0747292730462701,-0.0751407861326068,-0.08059810824195945,-0.08235803753276023,-0.07694708315205111,-0.07115462861261475,-0.0764613237703519,-0.07652171315444259,-0.07062765295311159
max_user_sum_certainty,0.00967510212105326,0.009681747706467587,0.00934400302618851,0.009602833379469405,0.013673746357142856,0.007579238932178442,0.011088030587439294,0.006906142238677001,0.006043555851766452,0.004357045478980687,0.009454759793914531,0.009637252857460712,0.008511405161766853,0.0063936763398757986,0.010228864090110475,0.010466807155680075,0.009789640175846003,0.01321755498115824,0.00998074301355351,0.009917280171493173,0.010442285599078992,0.010837585513160535,0.008939906700182902,0.009515435699083084,0.009358653406635681,0.009838591824982075,0.008790853841218457,0.009893790466554414,0.008227261171061154,0.00815202507833882,0.01665947960275469,0.009774889501857323,0.007533488936246193,0.010998042038873277,0.00999679489317995,0.006333901944936004,0.016654223585818938,0.007675307156422079,-0.004831929043280735,0.0134259575410462,0.006960253200221974,0.013425197163776374,0.00929010349015381,0.010878630211452014,0.008332608704046817,0.010141188353749244,0.010327370732022794,0.009716117700971132,0.013387465719954514,0.004395324445496163,0.00817296127729189,0.009539332592456795,0.009493582203149711,0.007539518423073134,0.01023144227237469,0.008784011746916252,0.007682851185015344,0.011250270278866504,0.010282601868600812,0.012501429708518804,0.011018851208456828,0.011101537798349645,0.009312812615429638,0.009674033814895355,0.007929093480612728,0.009319527115630399,0.01048827190392522,0.012007807620812957,0.012955151469609412,0.009785080897383152,0.009377294577568442,0.011011714233233376,0.010844013288687417,0.008260393534553047,0.010051250699234519,0.008710923333345815,0.0053315539826261586,0.010173374391311746,0.009185956568269087,0.009903726064220221,0.0039292184506895984,0.009876827591239729,0.009683804505616138,0.009425243931942636,0.008850583607109972,0.012637189729176032,0.009879933685324234,0.005322354288846606,0.012039853186720633,0.012161380409204024,0.007608069790277443,0.014782338062410907,0.002639905635931486,0.010145818528933372,0.0070021555829585195,0.009572408202610582,0.0004344471747358865,0.009484328979225694,0.0097924318871239,0.007331277270116798,0.0061955204149716295,0.009488454004648888,0.011705246019742054,0.008871479881603129,0.0108893580031583,0.01034537559003396,0.011446333550913564,0.007447693492215898,0.011744433892240145,0.014080062573062872,0.010339274906215798,0.01060443218629814,0.009721507258761138,0.009469498323853074,0.007624772343866442,0.010687873639059587,0.009756384194072636,0.009958498979407074,0.010197820616014989,0.008285275772209057,0.009543861064259437,0.009429177730748951,0.0026358552885254165,0.01110296346936536,0.011664568260384214,0.012081261399843475,0.009924501476884279,0.009753415766309979,0.0041361504479104205,0.0030188871719089364,0.008712196836427114,0.007350509115445136,0.009628698989623975,0.010379562590019114,0.0031304685643786315,0.012009126871823098,0.009453665117329884,0.009522206506936172,0.007796484427462584,0.009440220060822575,0.009948722831354114,0.011669613254234708,0.010022223246875057,0.01358351073289072,0.009566945490182544,0.017253056542161464,0.013019717093424286,0.007667923475539769,0.013319458915409609,0.007645957857143476,0.008435919584015364,0.01665811462928394
average_user_sum_inclusive,0.028061224511667128,0.028381353351690414,0.028245680771552865,0.02815835481652585,0.02778635498870804,0.02069282767910535,0.02779138527118829,0.029544367621528136,0.025946394555857285,0.025197609324210578,0.026187308637548378,0.02837414559542907,0.028227567693797095,0.025993741625479242,0.028401505801997243,0.027548942169579288,0.024180890240187266,0.030331812721855828,0.03059431050934394,0.031107608230578176,0.027930790447348593,0.02829142222302288,0.028607881524933633,0.025815126311950917,0.02791634393989137,0.022394210434083687,0.024341567223668654,0.029092765192049085,0.02963008310693719,0.027924535055037655,0.02831463488340716,0.02840439627929408,0.031050751206137085,0.025161785130378315,0.028271804038175204,0.02871735764631092,0.025115834756196706,0.028816216591403463,0.02312815669446521,0.027164940865533695,0.027516881857678855,0.025186031585837522,0.028203399602894037,0.02996235631857591,0.02569623052664276,0.02375864799422202,0.02871983694842254,0.028290488274365477,0.024072721876707743,0.029940318546296828,0.02886710706259639,0.02817961824886419,0.027677080535582124,0.028688620409744386,0.027626467337140373,0.028115084720828378,0.023285166702967583,0.023354731098701786,0.026938806014018768,0.024672163245891464,0.02716417289616886,0.030760060678539033,0.028161711889941474,0.02813743653736856,0.013759969103235067,0.028528830454160315,0.02716749491635267,0.027636591926859938,0.025039534515883446,0.02803576095718655,0.02722467180545235,0.027539156556693194,0.029580141569826978,0.02976649857717919,0.02875853181053342,0.02825257782831362,0.02331090295549473,0.027029411265851237,0.029481310595666842,0.02038730994680605,0.03107932069540037,0.026923423812153454,0.0283813837804058,0.028118543597488693,0.028069198355593312,0.02931073355039942,0.027699198505068728,0.02702966013026391,0.028123205592681305,0.02669981884867363,0.028054287566872168,0.024942876959492342,0.024580547607660454,0.0318086894843948,0.02638151285583094,0.028200901422554922,0.022628838960900025,0.02826566171586784,0.028362292645094715,0.03046533202617184,0.028968617823721527,0.027853200855390847,0.02517679590532858,0.028162962690616467,0.028886279736224523,0.025759307322785637,0.028044423665017967,0.02782513891924755,0.031917759187977686,0.03031055274484145,0.0197860329654805,0.028443783207588825,0.027563051527366832,0.029322086934769096,0.02558608280075538,0.03179131524078703,0.02748236434385721,0.028141558852932458,0.02973602369890447,0.028495446296108576,0.028289498091158098,0.028001704711191892,0.02897790724223269,0.02450850202783202,0.02870971665406185,0.03016955304247428,0.02823710327529111,0.02820927339410062,0.02840208979136729,0.02896274004402566,0.028710637499957864,0.025541502688544115,0.027871040582507237,0.027198062692323315,0.0343197890366715,0.03261907102185449,0.028221195403899457,0.02623696398374227,0.027761195968781897,0.027681830046345075,0.029571233416734614,0.02644942459555106,0.028686116648787143,0.03180186736357106,0.028067308425298382,0.03302245212107918,0.03316446945109549,0.025846115494033043,0.03105996963077501,0.027323613310630313,0.028422312601827697,0.030149937730629517
stdev_user_sum_inclusive,0.04435318172875544,0.04381681748765266,0.04400531122220562,0.043536830107700986,0.045448605050646365,0.04346891364177397,0.04950776827058513,0.04493691393904348,0.04360624021050738,0.04321489280561627,0.040389561149366496,0.04679067638173415,0.0444708913913249,0.037238495658102534,0.04244266398628613,0.04398669444394304,0.04465254886493401,0.04785078588686778,0.045593698377379144,0.045061943621028874,0.04403147358682915,0.04364350354532197,0.0439460380860488,0.042297571237246034,0.043406954312043264,0.04291741224794246,0.0389879062944504,0.043098312822394014,0.04288618738969867,0.04432907392853712,0.04112954598871291,0.04373792965681868,0.03931635378205209,0.04539866748213064,0.04328210662733979,0.04384340293988288,0.03879716626137337,0.04518514157840843,0.03748100377142262,0.042268067964406394,0.04346506409556849,0.04283057133489146,0.044117985368889084,0.04332112315167164,0.04217608712067227,0.043759994104473614,0.04470737306138908,0.043631786464586,0.044184292562714875,0.0393118140857502,0.044912008352129024,0.04401162943011326,0.04311598920553522,0.04379257152973209,0.0451965660508291,0.04442003878136236,0.03401549186425239,0.040653809567746495,0.043507101133637864,0.0455087171328491,0.04383080235374902,0.047457189141135794,0.04397980104005221,0.043914123009636125,0.04245200283824153,0.043083692416932565,0.043744402434804104,0.04342118364532771,0.032925290828582664,0.04351208251549478,0.043720341510831914,0.04567923955190588,0.04744529800470382,0.04600432358652806,0.04461784100770989,0.04355411619398851,0.03984906840279055,0.045075343663651034,0.0445699886919661,0.04064292649057684,0.049135634732240134,0.04445778698032925,0.04459910582317814,0.04490175721563776,0.04518982656117091,0.04586577550185206,0.04332208096945579,0.040092788777251455,0.040881192728810134,0.04202363394559131,0.043526489724756215,0.0491770741495068,0.0429448150931139,0.04266429246589482,0.04311237945908996,0.04397730805178013,0.04401301975025982,0.04407792727695592,0.044811919948778645,0.047189885790193335,0.04562718645933443,0.04270823900119731,0.04199118395269957,0.04298396962666009,0.045483201205606734,0.04190601249392679,0.04333750233397378,0.04280628260266253,0.045188887796444595,0.039836520081492355,0.03767460355038739,0.042768900014235535,0.04416007594605981,0.04389551088795659,0.043905379628083316,0.045924228025728674,0.04422836014448335,0.04303712470906733,0.043761846623434776,0.04546943854601135,0.043815561265463446,0.04390088624758112,0.04486531840698241,0.04588427311834947,0.04299785801247054,0.0422751047561119,0.04385529699395015,0.04367461424413566,0.04118923127888709,0.043813120212747136,0.04388988613244652,0.04396104486921693,0.04349046762439377,0.045226924579653854,0.037664180728128945,0.04223445622387456,0.04410660714994308,0.041182251892331045,0.04743351762918688,0.04415496049928877,0.04600200475323563,0.04593637832929566,0.04331670962577246,0.05186706574141968,0.04448540193640771,0.04358522652645343,0.03992973921087964,0.04520635977873419,0.04150070611040104,0.0449134785468762,0.044784075458380666,0.045023080987863354
min_user_sum_inclusive,-0.048139048202557114,-0.046178994707237055,-0.046992406719270775,-0.04707635609911959,-0.04739163052028873,-0.03169311671990514,-0.050412655577785695,-0.04569984514900649,-0.050469614992724364,-0.05028153539032679,-0.04503030420809885,-0.04860988397724614,-0.04730547405769073,-0.044388146677953516,-0.047630258230605405,-0.04824439809921977,-0.046354037378650445,-0.03884243216879801,-0.04616082438494219,-0.045661716608602604,-0.04730222277697525,-0.0474114638641779,-0.04748323005434956,-0.04667796280184403,-0.04738710593677216,-0.05319875090427521,-0.04865398975602955,-0.04435675490533009,-0.04470561932745748,-0.04653478737807799,-0.04738274539208999,-0.04727416568745116,-0.04043763953485917,-0.04793505653085695,-0.04635379876320363,-0.045859599371398004,-0.04514334768082887,-0.055476124091299164,-0.0450352799609991,-0.04625326785972827,-0.046951334900445285,-0.04793781795350184,-0.04756186843357266,-0.04002411278123003,-0.04695658517980085,-0.05411536854812926,-0.0477692554009266,-0.04651582408071313,-0.0455716275038704,-0.04506878813398134,-0.04652372991513824,-0.04724094319670403,-0.04640874260811766,-0.04786677727060156,-0.04787102122431656,-0.048868936390678394,-0.04143957972826198,-0.048771206197601724,-0.04905899266093104,-0.0488074654232207,-0.04976362391049153,-0.05010287627686759,-0.047496318472378646,-0.047170590110528154,-0.06519958877395153,-0.0460052235353515,-0.045777470960087024,-0.049136240524223634,-0.04138547830653679,-0.046319787106175334,-0.04831952914976625,-0.04912195532052227,-0.04629421434720442,-0.045735530822598264,-0.046995752332788826,-0.04790160826471558,-0.05691698349752286,-0.051118034895017164,-0.04788884636567645,-0.047565518705736984,-0.04617850106689801,-0.048831227244347186,-0.04809408042966487,-0.04814124637765556,-0.05168906774986539,-0.045758273955565844,-0.04786024821631175,-0.031904555887944844,-0.04682251924672001,-0.04118226204254824,-0.046854274622184854,-0.055402503985990025,-0.046426611332806095,-0.04122715777632512,-0.049743010822427804,-0.047189018699380594,-0.04365552444090791,-0.04711978091771904,-0.04731127046182869,-0.04281682252552368,-0.04587206628632902,-0.04692415910460229,-0.04735384867112614,-0.04673751874259285,-0.04671245827230883,-0.04816702307646249,-0.04765980087290401,-0.04489991187151547,-0.04621958538173675,-0.04262478019842846,-0.04726300227715427,-0.044690020843356264,-0.04750501439624546,-0.046085012478829096,-0.03913844166635903,-0.04771272140109295,-0.047144001974574946,-0.0449165770426797,-0.045306307164892305,-0.04861450796288527,-0.0473896128075051,-0.04756075256235459,-0.04843892614478582,-0.05199251356431841,-0.04849738274486463,-0.04189618524750217,-0.04724975334342825,-0.04707743793220387,-0.03952965784007557,-0.045584235609594057,-0.04705333806541544,-0.05257933332797892,-0.04689195449894216,-0.04715985373876433,-0.034592152528751946,-0.04350739632699617,-0.047333277935765555,-0.048021401214646806,-0.04971697326358321,-0.047189346655081156,-0.047419958891311884,-0.043093775198079054,-0.046556712782337306,-0.04160801859525624,-0.04839691178248602,-0.04256722724792515,-0.035963043789847236,-0.046788377030541034,-0.04533394329733394,-0.048301295775882866,-0.049982482338319326,-0.051845906469130495
max_user_sum_inclusive,0.034330308776866617,0.034534883123771065,0.03449627138955378,0.034028793038347147,0.03581017494068669,0.03457516398521259,0.03812298628424776,0.03554171196552619,0.033068590037725824,0.03189379232914795,0.03143553435034421,0.035772939458693934,0.03462195646892133,0.02974309472861934,0.03249218039603095,0.033949773600879266,0.034460627053511245,0.03904383373226193,0.036547729589534166,0.03619036207697126,0.03431326085230399,0.034217227266416454,0.03412141514276596,0.03278607209857168,0.03381628087178775,0.03102574440683809,0.02993003151003163,0.034248968389814435,0.03427630439101258,0.03480613229867637,0.03166182644535097,0.03402317373669682,0.032338141934137865,0.03468256815317028,0.034166794160827844,0.03512008596778888,0.029070605824834363,0.033319761492416805,0.027598020185641232,0.03297193294132375,0.033984796286192276,0.03247402068454977,0.03437255907146401,0.034925437938780744,0.03227716559445543,0.03263858219501954,0.03511856423468537,0.03425488739368826,0.03439433245681136,0.03123058009192354,0.035156035979503925,0.03436250946517673,0.03380739711915716,0.03357129510285736,0.035267750267945194,0.03389801598028514,0.027681851281466774,0.030295877536003435,0.033402680787467776,0.034162516459767193,0.03367532970430419,0.03715835354882713,0.03427944938176055,0.034266126890905926,0.026538425562589795,0.034063637946767596,0.034292782132527636,0.033715952559573305,0.026507404346487275,0.034264525392673655,0.03347573678215586,0.03503952206539947,0.03773788349525315,0.03614814131012322,0.03509800189183693,0.03382407141848943,0.02707213010791332,0.03411596927494839,0.03520931170290958,0.029952463546730517,0.03789576303764856,0.034365033736876535,0.03454432791710643,0.03487892052808242,0.03434229572631617,0.03600823927501086,0.03368325139987991,0.03371480185570579,0.03214919678204116,0.03363704170574021,0.033717628968795446,0.03664712184199115,0.03295687440772643,0.03543196037796453,0.032910732951590554,0.034322319510763435,0.032900690958710455,0.034431113169288645,0.034951699773006634,0.0377677450639207,0.03639697104151849,0.033458772717223806,0.03182980022737941,0.03364973832289919,0.03555908402117945,0.03231491238277984,0.033699223244405954,0.03372507941227265,0.03613456964685079,0.03242218320095759,0.02865048488897395,0.034242448473586595,0.03429682790276368,0.03486436867819272,0.03701946518414418,0.03643276299344429,0.034344500958069374,0.034069308225126785,0.03497558280516922,0.03526362737301192,0.03418236975276047,0.03410843706194861,0.034714767398330154,0.034749870593275715,0.03357684976519322,0.034613676720364445,0.03418900597804391,0.0342008872775642,0.033535616813207395,0.034560769138639785,0.03433508727729322,0.03150645299686959,0.033897280268819996,0.03475283892149855,0.03280937711123215,0.03484318349402414,0.03441190685225881,0.031673688168784735,0.03662283477988508,0.034341918039123336,0.03639946308661825,0.036559162542958525,0.03406530347807664,0.04069040830309397,0.03439049310477074,0.03546885992890897,0.03470910044269615,0.03483393193803788,0.03332881783216621,0.03445995160979758,0.03438310803498175,0.034827467651938414
average_user_sum_bio,-0.01433954417822521,-0.014568055379745846,-0.014470290581249476,-0.014216687961958253,-0.015054594539852327,-0.024718040044178154,-0.010808326350655543,-0.014411471653331046,-0.013381548591447842,-0.013103452765214433,-0.017378419216958808,-0.014387531050982253,-0.014038533446762176,-0.020909686725888527,-0.014552000841591015,-0.014053410565363484,-0.015263739759756374,-0.012222211716820032,-0.015028738738673343,-0.012643344346780988,-0.01436915666324701,-0.014638294445079946,-0.013514327562768106,-0.015323522361219024,-0.01433071694254239,-0.015326892769661735,-0.015262932602472605,-0.01403759639458205,-0.01468298559925696,-0.01517876071012714,-0.009581681224750536,-0.013016016779323514,-0.013194822046654663,-0.013791617447025766,-0.01367153046109014,-0.013220409548066657,-0.014042348020168113,-0.009186703774634515,-0.015741992669044108,-0.013648173937990279,-0.013253708023315068,-0.015522090443592552,-0.014296895996371777,-0.012149700165172181,-0.015947361215294095,-0.013003423555197216,-0.014546846013522885,-0.014430812020611875,-0.014468795186270773,-0.01325757773239742,-0.01345118626126673,-0.014283445997745054,-0.014699568891164244,-0.013252490896992044,-0.015218815985828764,-0.012590677991269403,-0.01593761685136489,-0.015181734213022052,-0.013748001268142967,-0.014045506328364755,-0.007495677838899149,-0.009372215199781559,-0.014223261744596365,-0.014371578755204293,-0.013846620695831474,-0.01453444235461821,-0.016073818223189283,-0.014302602986604192,-0.01470784832861563,-0.014323619632566377,-0.014373966858034557,-0.013807153477655874,-0.014244292632723386,-0.014359256166927454,-0.014538215667245898,-0.014023244811209729,-0.01611059087292955,-0.014095992784768623,-0.014247702041667332,-0.01963297518542765,-0.010044685774328599,-0.014293990146588196,-0.012835449010352816,-0.0140186300770493,-0.014834448744659652,-0.013685542796099187,-0.01437532475406337,-0.013292068383000382,-0.013595889411244637,-0.012810817702800941,-0.01552856574793983,-0.007312334135300341,-0.013148705074986366,-0.013729244380228831,-0.01446260581712347,-0.014094226405976455,-0.017942862323266355,-0.014212989457892063,-0.013614136032052367,-0.014202662622573053,-0.014590364731633838,-0.01438014503188375,-0.015689589447681913,-0.014402434128700167,-0.013356328709070088,-0.018926457316447775,-0.014304707423571126,-0.014508476432510789,-0.01682833568742345,-0.014919974835858307,-0.010302792469979047,-0.014709810354468975,-0.014431229294059558,-0.014007793068565078,-0.013593794749764064,-0.01507930442235418,-0.014087666411903446,-0.014429525858211546,-0.015379709578578342,-0.01498798718941571,-0.014143125666237774,-0.01438491125968424,-0.017259901523475486,-0.012479682361350056,-0.012549060246293703,-0.010996566933066125,-0.014374136429079525,-0.014126841947652981,-0.01359290442363259,-0.017675496848486207,-0.0140537965044028,-0.012263075337691488,-0.013790311755874477,-0.014211755584508469,-0.018967569080280147,-0.012662579075096492,-0.01424584492237905,-0.012535991688046188,-0.013609888297312356,-0.014623551768429265,-0.014490093357622155,-0.013081356979190835,-0.014404605375444433,-0.013778562598832242,-0.01426441033816304,-0.01231068684637273,-0.011371074566569671,-0.014294740856649517,-0.014141281202658642,-0.014532007298223818,-0.013765152629648433,-0.014468882696157585
stdev_user_sum_bio,0.020864650708495518,0.021260187043552058,0.02122789354806298,0.021094308389213053,0.018659292579179993,-0.019580674491368803,0.02054094363658929,0.02146765100610319,0.021975722577814855,0.023699068993535483,0.021398242469149672,0.019430454005999815,0.02086417220420688,0.01421418329697355,0.019929425639669283,0.021901653045011325,0.018440693640942564,0.021910470787282872,0.018774589694031292,0.023660772290052243,0.02101393023146305,0.021707592674209034,0.02139316609060477,0.018987689446835626,0.021153912701866284,0.021363519943019015,0.018059411144393297,0.02044683462846132,0.021618744375541177,0.0210097127146597,0.024268661688753086,0.02189840772302204,0.02456450218970691,0.01996760591241297,0.02090345016053863,0.022753320947631144,0.02069105372708411,0.02404999017824553,0.011565007203354526,0.019321153526302565,0.024526039756139796,0.02178034958000611,0.021074578407556527,0.018083546231933183,0.020720033270160747,0.020675860814286295,0.02038188167251421,0.020617051566154895,0.016096316454164282,0.02130305987165136,0.021876389972907112,0.02110735271101269,0.02114879447194483,0.019821402811972578,0.02115003861387339,0.02138137072144205,0.020231567149509626,0.019157495750234153,0.021278562226969295,0.021260708552304,0.019708333702568817,0.02330221870200283,0.021018489460493964,0.021021571960711263,0.022086299922136926,0.02021703922751602,0.020871409743645174,0.027163689922523142,0.019430248175663866,0.021259468580196145,0.020712849483749733,0.021129937094710765,0.0203704326004445,0.019577041640852617,0.020994152294297075,0.02084801713393188,0.023590325228617703,0.020696076970750918,0.02041300564144335,0.016991966811540443,0.024540553180837574,0.020647604062314872,0.02163714405988307,0.021005034156822495,0.020645130466958133,0.022883010974017185,0.020428993036586563,0.02212372670338082,0.020515997881717426,0.02201170243009199,0.01925388384953066,0.019284623257673737,0.020372411051266713,0.020352317455915904,0.021288262515363046,0.021022847529875065,0.022325200146728483,0.02115908774848382,0.02179528969191524,0.020804397133352054,0.019228290132307698,0.021089661021796068,0.01873083488248123,0.02101240460046415,0.01940721604056504,0.0224954196584661,0.020744821058775408,0.0211174812318936,0.013015534631925027,0.018959536286810942,0.02075171528440204,0.019970834528810755,0.020856650957335743,0.021795553541797144,0.023198554088217496,0.016396275481760723,0.020768438140059436,0.02125366817412866,0.021074319560212176,0.02072728797069006,0.020847285572769065,0.020843082660703456,0.023190878892175297,0.023755274463479935,0.019835135985341534,0.0232493910692377,0.021122173262802725,0.021460541503248637,0.02025011951891453,0.022658575698654478,0.021064923057403595,0.016711469641421783,0.021052067713969003,0.018944679013306598,0.020081718969508867,0.018919737204105298,0.021136697300373878,0.018999733068196772,0.02162689387118246,0.021026396232898894,0.022860388657789308,0.02316111504610342,0.021602245125733034,0.018422749930304183,0.020749744372969336,0.01979487275021464,0.009416034156404466,0.020304498971383353,0.019067665951662652,0.02021848787132405,0.02183690652064938,0.01759068642540168
min_user_sum_bio,-0.00394215478866183,-0.00292232419810696,-0.004333210873304752,-0.0037738296159046665,-0.005344896378366782,-0.0038464411958571473,-0.009165885995014311,0.0006155585533298836,-0.0029679971895715802,-0.006239319098147542,-0.006202110297113628,-0.0021370968282466048,-0.003739914409409731,-0.0029880111977395,-0.003924562229074354,-0.0039350744124292784,-0.009327369744776607,-0.007326981513548755,-0.002492752119473813,-0.0020664865334749554,-0.003924761333532957,-0.004141205864900376,-0.004340080780960163,-0.0027417110943461598,-0.0038777248024687693,-0.005755728461528805,-0.0035654991585585072,-0.0034130959209271315,-0.0012331672785320471,-0.003535005540762412,-0.006640411006268568,-0.006230191019515122,-0.01143664891460728,-0.005434511042625533,-0.003530319871333466,-0.005156679244042074,-0.005367091191021304,-0.0035981608631087845,0.006445532914045135,-0.003011579749754515,-0.0037722888953143205,-0.007037706370500697,-0.003579550625747018,-0.010202764823405904,-0.0024518466905360716,-0.0012930940559620677,-0.0040714969078545,-0.003761307876875425,-0.0008138338097281803,-0.004465030326996085,-0.003344607417511061,-0.0037838030768421313,-0.003354708240225102,-0.0035864881777628956,-0.003831432558796567,-0.003921187531931277,-0.0046868508380051065,-0.0029174814788722877,-0.0035327727226415525,-0.006693153047775662,0.013889843901980068,-0.004113851622376332,-0.00387050264105423,-0.003674834583181425,-0.005995451131663887,-0.003187332469299031,-0.006879776793193576,-0.022862842683568183,-0.0004871379185198148,-0.003434869988409909,-0.004123273446888331,-0.0032917996057642575,-0.004373785611337194,-0.0031286144729673416,-0.003908202626458844,-0.0035443298581085904,-0.005128943020377608,-0.004049316726870263,-0.0031896872113313392,-0.003893329167756383,-0.007073581708269176,-0.004031501759979673,-0.005318399645630308,-0.0038236488689192536,-0.004798694063921095,-0.005434214792994886,-0.0033916545185459345,-0.0014017241415499424,-0.0033331106603452978,-0.0015365444324831447,-0.003154239898462366,0.0015976263302647817,-0.004169741431411578,-0.00019404680631161667,-0.0030194524734399914,-0.0038168798714103775,0.0015166301323477644,-0.0038425719173907327,-0.004741104550407401,-0.0004997215661046075,-0.0028509379416748796,-0.0037601197386678054,-0.0026481518077092854,-0.002386508646092962,-0.004626691987539944,0.0028762126130043274,-0.004623970072277574,-0.004851890298255194,-0.0035554098777996596,-0.004852510884654274,0.0003226926273959519,-0.005865395455627249,-0.0037598801453463497,-0.003539983860474242,-0.003270612689757559,-0.0010079537610012375,-0.003970950081972339,-0.0040637117316989334,-0.0026154768003821462,-0.004052923120911073,-0.0038712732906152356,-0.003776260541491166,-0.004458439797183224,-0.004866473861967058,-0.0008123874742155491,-0.0038471162280879247,-0.004225383150992299,-0.0036824058779938653,-0.0036383886529306308,-0.0024858419449800646,-0.0034821892579175585,-0.001522864839399304,-0.00365305131005329,-0.002552440768477609,-0.008336195975139217,-0.0030653549462151927,-0.003820204768139535,-0.0049403234864850674,-0.002354840775520653,-0.004150856454507153,-0.0038731790704540085,-0.004876182118378428,-0.003894930555158512,-0.0011151999915707234,-0.0040506756559826815,-0.0012831205276981634,0.004416960812890903,-0.0038011942957603467,-0.0015337952865819896,-0.003162689603625828,-0.005239548648869493,-0.003734674870234567
max_user_sum_bio,0.017754408996924372,0.01820884524798869,0.01814947695739221,0.01807344478186361,0.016308395432802096,-0.01896865753665316,0.019686444750931287,0.018941764816049558,0.019018575793259468,0.02022325040859565,0.017619289507784054,0.016470955940645047,0.01782414536803064,0.011740218975257937,0.01686036547612631,0.01866403262546455,0.016079726538906495,0.01884773501684732,0.016234802339046547,0.020896421854608816,0.01795718786550045,0.018680980894192154,0.017936743393815676,0.016107484552885718,0.018089167216094153,0.018245578354789356,0.014530183264715984,0.01733287656345226,0.018863689727071434,0.01744735625263681,0.020656422858679538,0.018297476051152572,0.019073507003278492,0.016963118874878922,0.017966174731871492,0.018675223672853816,0.01665637841696031,0.021423500744738935,0.009487443071596529,0.01631272269768924,0.020815084844136893,0.018280067692223304,0.018049141315132904,0.011398066761827783,0.017382499754979998,0.018624563253101148,0.017590674104342847,0.017600460990336297,0.01502432541902231,0.018199429375266765,0.019245618362699696,0.018051944421765633,0.018177955832163036,0.01667768718845411,0.018370792027926616,0.018494313698347076,0.01641505399340444,0.01620670384878512,0.018253448435386482,0.018399755411081627,0.020566111666116618,0.021048150872944614,0.017954661674039876,0.017966952359058604,0.018609836034086072,0.017248374089630016,0.017419721970830863,0.021171159167919562,0.017181470229708295,0.01823804944738965,0.017537122866485844,0.018144833490546325,0.01722853239588116,0.016949914798014727,0.01785874906407407,0.017937527005624843,0.020172663306431658,0.017675933888830264,0.017362514568885525,0.014305601777920078,0.02218013927025412,0.017534807336853205,0.018590339995756537,0.01813332508923699,0.017239733499079278,0.019481030510621656,0.017477488527862323,0.01890857479983452,0.017703256728525775,0.019506283116908385,0.01591682693754052,0.017870177573490693,0.01736169374783908,0.018378308630832566,0.01813042126259544,0.0179748552736569,0.01958120998632369,0.01808246066745954,0.018567538277028332,0.018529074243697943,0.01656007753203331,0.017977734107878753,0.014927466050996896,0.01804571267400716,0.016701766537910424,0.01706809661646933,0.017760448603425044,0.017603173314735175,0.010561923777324941,0.01597283600618105,0.020095076915837572,0.016569982917429518,0.017875993752451413,0.018776182932139417,0.019974580641493253,0.014361028402508358,0.017921030955819428,0.01811582757737473,0.01755483200223384,0.017853186852013238,0.01776810374496795,0.017808737208075857,0.019879107558959518,0.02041120844669208,0.017307545423081997,0.02087064242730482,0.017840391480565748,0.01834759995579825,0.017391645316526823,0.01981433183635866,0.018001142522117604,0.014308968884748807,0.0179366934768665,0.01619836260692529,0.016961335021061674,0.016203781414683916,0.01806639887587367,0.01584072628569896,0.01899120162736339,0.017864876752045462,0.019532763580887777,0.020087992877827417,0.01839754945395735,0.01652080569643851,0.017975243782056963,0.016634799388271355,0.00866779676349219,0.01751471870930751,0.017022940829470666,0.01743285099355331,0.018498405013281552,0.014078168535014195
average_user_sum_achievement,-0.0014303005674393614,-0.0013330473290488727,-0.0012927958583803228,-0.0009657600345018033,-0.0006850175297948248,0.004347727618252082,-0.002067287396347075,-8.4004335196247e-05,-0.0005368270759175653,-0.002145993114346717,0.0008118740837889829,-0.003137703797593578,-0.0018180892142560237,-0.0016558112264007858,-0.0008843603186124158,-0.0019165739142142984,-0.0023025036594525837,-0.008816981174869263,-0.004355775982527726,-0.0012755658557696697,-0.0010653346710263211,-0.0005651332078244263,-0.00432858777308398,0.00032582110939647583,-0.001228835861581136,0.002646321193977165,0.001536965582442046,-0.002470596515764265,-0.001262279782793846,0.0002920646489894445,0.0031221760647992497,-0.0026640900602201414,4.369855498921344e-05,0.0034230063359713806,-0.0014999244487528983,-0.0035705549208774317,-0.007305132438562354,-0.0038705063782753695,0.009179960702336,0.003295902281147363,-0.003873719460684332,0.0039874102139491555,-0.0018132374927258442,-0.005996075395674944,-0.0019705279254742638,-0.0013729752479504928,-0.0018325758826946855,-0.0014995549284159194,-0.00011066961827682631,0.00037495987017866547,-0.005595646771117373,-0.0015578506976433111,-0.00118585074910702,-0.0022631115152917697,-0.0016368941669639325,-0.004542170492186309,-0.0015287411320515152,-0.0017454240891977067,-0.0019253860024355048,-0.005591762541915423,-0.0017537271232738187,0.00019511241292850898,-0.0014619795741614007,-0.0013996707664466605,0.00421587471929461,-0.001091298109289686,-0.0007255852163684578,-0.003454412992077456,0.004172666506773556,-2.3591274161913114e-05,-0.0017190615635186502,-0.0028448541016839655,-0.0013965892647356502,-0.0010480036233775961,-0.0018817103848833205,-0.0019257574769168785,-0.010684250468541176,0.0005765492055874056,-0.000831889323988937,-0.005774538324584196,-0.0076271141717406815,-0.0017692260059873743,-0.0015680597386578295,-0.0010231260983283824,-0.0034500017582207755,-0.003063740208072659,-0.0010617274149246356,-0.007121091922832026,-0.0006634710965953408,-0.004600404027203565,0.00020709568005007487,0.002023533809856387,-0.00283963176965881,-0.001700786656835603,-0.0038817934599343776,-0.0014839303843102608,0.0014743551146087202,-0.001645327250130391,-0.001757028001416196,-0.003586494462481453,-0.0008284142058298466,-0.0009636658572612037,0.0027132349135227714,-0.0012768964895756552,-0.0036338916158424627,-0.0027003384605856894,-0.0006425954088383865,-0.0010670057009759069,-0.0004735582809956519,0.003480867104986077,0.00018001353063020614,0.0019368744037785665,-0.0013715911316984713,-0.0007316069364625912,0.0013250900669102054,-0.0005769200067918261,-0.0008030547742634364,-0.0023198135072715225,-0.0027674766367359977,-0.0007748715372774559,-0.0015610003670095698,-0.0012180577258417155,-0.002493409444887937,-0.003798254499932846,-0.0029193134478716996,-0.002018375371248995,-0.0014050923722470211,-0.0021267696941426164,0.000929750260229077,-0.00045220505070034736,-0.001837013578347277,-0.0011120401824049825,-0.0019838301455684373,-0.0018246410993603564,-0.0018214821645933842,-0.004152220858427268,-0.001646149410726533,-0.0003331251563009996,-0.0007000829346329902,-0.0020349240711974395,-0.001245545374468771,-0.001384042892833475,-0.0011426848865316954,0.0007271068542649261,-0.0011752969872441004,-0.001992617394510152,-0.0035975581811278617,-0.006085448355221993,-0.0016014671515241197,-0.0013839430286654575,-0.0030885858967677794,-0.005566394444054623
stdev_user_sum_achievement,-0.014553972824764463,-0.01384882810766974,-0.014923160485600422,-0.014997515281445477,-0.01630558557836545,-0.0207538450679426,-0.02024094154830548,-0.01713143311418568,-0.014412316972642721,-0.009104890750971407,-0.015383291764853996,-0.014037726575016013,-0.014370058874862812,-0.017371441561561892,-0.011987700397470338,-0.014543643893258424,-0.01616188884439997,-0.005058009341048531,-0.008302989345279609,-0.012905656605458884,-0.014763482918698962,-0.016227618872348002,-0.0170536252758533,-0.014678624758611113,-0.014460307843775074,-0.01155208741484809,-0.015209886836262846,-0.01452519612565985,-0.015599655256228674,-0.015370458445953309,-0.020428417724645147,-0.013985809239564145,-0.010722301615698659,-0.01625641004843528,-0.014928813714389545,-0.013563478816628532,0.006369717659967992,-0.008030172468764502,0.002300973083295162,-0.01565561665514091,-0.012222763026234488,-0.012891503472418376,-0.015062408800523352,-0.009738308589635035,-0.01373469423395003,-0.009884092780723852,-0.015284178135925319,-0.015424625408806542,-0.015620093862282879,-0.012388483831186271,-0.01582974489110979,-0.014659962157852795,-0.015019635003070905,-0.01465701741143563,-0.012563456717132337,-0.014139078287510477,-0.008888820555812249,-0.017925643326738905,-0.015037506994431555,-0.01941868644222438,-0.016474895321579,-0.012503950691389695,-0.01448037511531082,-0.014532107620671877,-0.004586705828486333,-0.014520277955440393,-0.01476910963204129,-0.01539947464870971,-0.012038836758950903,-0.015420202225716047,-0.013710658881508617,-0.015387068161510194,-0.016067928334615705,-0.014226899390243576,-0.01434110078404554,-0.014261380617980813,-0.008375376240016202,-0.014888111881497825,-0.014734690224499625,-0.015701589545021166,-0.025605286445956645,-0.015488663453800016,-0.017268963925410878,-0.01448912236447927,-0.014904708796847514,-0.015033997684345907,-0.013995022170446847,-0.02145483467413435,-0.013367318736601973,-0.016212758924098514,-0.01450873294387791,-0.016046479979062694,-0.006040440290126804,-0.01940956315439444,-0.014682164151883106,-0.014439226971399311,-0.017554409341329756,-0.014793908537773976,-0.014045370988335191,-0.018349747810159404,-0.01473558073609005,-0.0149976015121078,-0.006582798804568953,-0.014221084916566082,-0.015021351365430112,-0.02286454367396179,-0.012499145952424132,-0.01568246830781229,-0.014252196127747143,-0.012475305593248429,-0.01580044814720248,-0.018962587205952845,-0.014681832429829338,-0.013832873652091371,-0.02426081002636672,-0.014992447785185811,-0.012799585935774169,-0.014168080958756882,-0.013513689295540383,-0.01330779888647353,-0.014106006001827561,-0.014358523021277495,-0.01407318096814651,-0.016882234101898003,-0.02121219885002186,-0.013289719092689964,-0.014466543002422973,-0.01529471315523128,-0.011932390390080972,-0.014609865848855094,-0.014430640153289629,-0.013183014967718794,-0.015321431441729701,-0.01770345260735181,-0.00938078934230566,-0.016362819882208,-0.014670807068779282,-0.013549735323154496,-0.014967556748539702,-0.015252541421998033,-0.014559584617458744,-0.016053165228818743,-0.014168551500752122,-0.015571256307058733,-0.015265240520855067,-0.012279375982566676,-0.014884313399163927,-0.014280423868152137,-0.003747786668397965,-0.014035541260626255,-0.014048914341813027,-0.005068805458126484
min_user_sum_achievement,0.021059223450016658,0.019505407718999918,0.02088248128245853,0.021096750892888535,0.019771860898940438,0.014693223140017444,0.01716421290053353,0.021467292391491574,0.020316127813773458,0.019123572474969562,0.023903264986992155,0.021120932417894082,0.020543667012548138,0.011527359961527437,0.020677892463862896,0.020015703519586488,0.023554825782758713,0.02332017498338738,0.01452873848060758,0.02202153074078559,0.020872170182495344,0.01974818024755161,0.022502660038891526,0.02027329721214539,0.020329130653655363,0.021827855836176448,0.02209977854968998,0.020285452227785647,0.02180360387828089,0.02549551625185957,0.016884366236240046,0.019584633525544008,0.026647539324534886,0.020082028993050564,0.021046975470867042,0.022841660489349356,-0.004175478588236261,0.02154625414845066,0.021901845365726626,0.021567404841143327,0.02117307863461406,0.01989547632839788,0.021018264996752075,0.0307388984716439,0.02062852312307402,0.004386858767184546,0.02002538657699772,0.02182100242506617,0.021276362287800776,0.021985147604858868,0.021808032150282326,0.02103524288433998,0.02049402557643127,0.01620587237607439,0.021345406296222637,0.01579753446203164,0.022696580412630972,0.025626472977746763,0.02063543254879069,0.02430423915982603,0.020298124234551802,0.02023768455546835,0.021152388030714175,0.020869056630295986,0.017061284522648247,0.021521097099150528,0.021492313386364835,0.02068025920507105,0.02519223322040486,0.02281594719097796,0.02061152774384218,0.02032070052993533,0.020791794456066444,0.019391102978578417,0.021181706066792663,0.01833757380805765,0.01227034404778238,0.02950936564350838,0.020317399538518487,0.012761126616968033,0.025276884525829567,0.022597633976938404,0.024346816282953834,0.02094443099055851,0.020216597520059255,0.021314446146971394,0.020641534602687205,0.028278585476527514,0.020979831331292546,0.019646180671655605,0.024480574176991992,0.012150073260303205,0.02176389699521286,0.024527339959667264,0.017899506672477913,0.021192704845257856,0.03418081660214218,0.0210802054668773,0.020254494889777794,0.02213621438401521,0.022676682965854067,0.021520185573373866,0.015594973555472158,0.021124350273353222,0.02399801963970819,0.01401128482000143,0.019402237811380025,0.021212380370243984,0.02687086179450304,0.01857523032540611,0.011606971904867983,0.018385438852664075,0.0214033733015207,0.02174650216154826,0.023911084093124375,0.02485289488958052,0.02090437290031302,0.018805719794506053,0.02048112321307553,0.02044120982922354,0.020901289720960274,0.021306305564259803,0.020508693322327104,0.013525819052681496,0.028158801230650413,0.019660056238320896,0.02170686843498613,0.021630573438189613,0.02137927013905175,0.020816371771108753,0.02073504095443128,0.022747959427435325,0.020897052028358704,0.019303453525284453,0.012875177416341366,0.01144277506357343,0.021041041468556457,0.019592923235151834,0.020889318366386744,0.02145850305658714,0.020573060653857788,0.025304533347323493,0.022347111748195703,0.022824662201103945,0.02209297780847841,0.019894947901338597,0.014361766374315747,0.015155555062837438,0.01748493927146081,0.02163794933783631,0.021523039644037893,0.0228945931696541
max_user_sum_achievement,-0.00844316974633569,-0.008719326535185376,-0.008862251904470387,-0.00871897163301686,-0.00922887472138321,-0.0120122946520888,-0.013296790585135996,-0.010002928440232671,-0.008054800328231098,-0.004424943367522782,-0.008244791725154481,-0.009329307589262243,-0.008585591182048286,-0.011625892047890215,-0.00652879719682805,-0.008694538283993374,-0.008857340358637888,-0.00392754826798002,-0.00625125447088171,-0.007396016328330111,-0.008479661130518703,-0.010144323887073432,-0.01029933817931382,-0.008170866522266902,-0.00842344185810827,-0.005560360037347661,-0.009042208600629395,-0.009187767538775135,-0.009746066535505159,-0.007668824522284879,-0.015199990468910872,-0.009004567566198645,-0.004504561599475729,-0.008418640999927701,-0.008576195192496614,-0.008442858450035146,0.0013118124908126838,-0.0018412218995000791,0.006126037869920285,-0.0071728760502099195,-0.007640694510135879,-0.006177938769146232,-0.009051595049833529,-0.0030692717847355267,-0.008755191648409932,-0.009658002363647321,-0.009117849621708553,-0.00929021114304043,-0.009011788879309406,-0.005382480972857394,-0.009826835424659987,-0.008593823271712799,-0.009055299977051665,-0.008992846465641614,-0.007148192791482938,-0.009599399090795201,-0.0035726230175597996,-0.010083995173136665,-0.009253880022243208,-0.011709815845125565,-0.01017193146268524,-0.0060103019219025725,-0.008379607940210072,-0.008519360597170055,-0.00014241465509114495,-0.00814237137926834,-0.008222264257958158,-0.009634055035302288,-0.002205050544091908,-0.00840008296364085,-0.008212216811039539,-0.0099986231389287,-0.009297499987034146,-0.008356309425170093,-0.008569603060454853,-0.009326648813908028,-0.007865756117916867,-0.006337818445632214,-0.008822545119305218,-0.012702837661817727,-0.01509572211192471,-0.009065608261830891,-0.008604009256953437,-0.008194326454366324,-0.009389357953734221,-0.008619768813531773,-0.00794311922370899,-0.013445790067350787,-0.007503331630217191,-0.01135112959328287,-0.006643915932529186,-0.0125307610430817,-0.002712570823938409,-0.01180297331641967,-0.009606748052836744,-0.008320616424918093,-0.007697218427994552,-0.008724150958239175,-0.008263328231096623,-0.011863248861524187,-0.007968432831590747,-0.00848449287925141,-0.0022516354582877533,-0.00807711332508311,-0.008847588242761398,-0.016642384836686626,-0.006931559798343073,-0.009047245430386661,-0.0053715756341088,-0.00609426570823219,-0.011818942128406881,-0.01083345737458866,-0.008508565904129899,-0.007555943480761423,-0.014378141070779513,-0.007354537568620732,-0.007146892332216261,-0.008926843530797767,-0.00831576776930791,-0.006910227075685649,-0.008129774477434107,-0.008170326475509016,-0.009315265731616673,-0.01244848382986561,-0.011689634059153088,-0.008185966262199664,-0.008307256519969894,-0.00887811259323833,-0.005291125302870868,-0.008888189563961606,-0.008691956013530545,-0.006898801923800335,-0.009163211635070726,-0.011295405096559345,-0.006876754177439668,-0.012807752016715735,-0.008642124503181227,-0.0070338499398396705,-0.009016060127155851,-0.009405523399182582,-0.008443680436143373,-0.009929950893300895,-0.007876886376457472,-0.010302645978732202,-0.008269741575072147,-0.006690981253344438,-0.009735916809056564,-0.0095964691410412,-0.0004043974132746063,-0.007688361158108073,-0.008379393856278929,-0.001819834944626667
average_user_sum_adverbs,0.014687656778662642,0.013836255774150458,0.014818495357998614,0.014688277265902022,0.014979311893653018,0.018377184407014385,0.012087335885654922,0.01331948080317311,0.015221189910430175,0.016933303576513972,0.017646751454665474,0.01378436844101226,0.014734391071269826,0.0214521322305892,0.014451259097059133,0.014778705284278871,0.012159585774656784,0.014362582898760443,0.0131685925661892,0.015759603618052908,0.014394840414206956,0.01480350618413143,0.01372021308355579,0.014515301992286064,0.014635521441200512,0.014394661365149688,0.015538531856787378,0.014112104555234786,0.013129916137717239,0.014545879343007287,0.010559867965640332,0.01436673593368366,0.012676119007332187,0.013318218942583962,0.014316990131974214,0.01686994524996254,0.019552847223352286,0.021774958305116682,0.011580181694828946,0.01760839651264648,0.013118303394285376,0.01329405944323335,0.014637112819941664,0.015520012078907401,0.01424370437392079,0.013877249467890089,0.014573957644598127,0.014287216364638592,0.012757313277852126,0.02204170702335906,0.014273319483625212,0.014454615045202273,0.014094510486027174,0.017387185248523354,0.014244272640991356,0.01505705473948762,0.018032295336462504,0.012559347854733782,0.01508111466113208,0.01369171620744528,0.016115370402453665,0.014461487795539647,0.014639849876561414,0.014372094417025846,0.028160263369507593,0.014228109579108063,0.01446778782535238,0.015340481681620017,0.012572367691708379,0.013772420640987632,0.014397782578588592,0.01409628942440977,0.01262728126559956,0.015550924886109357,0.014663003378838663,0.014545123707327391,0.009758925210472693,0.010958031828142763,0.014259496784261718,0.010349659174383782,0.022375571965145908,0.01413045788231887,0.013826909392916663,0.014778997715903394,0.015234252740483352,0.017150202280477603,0.014517220784112897,0.013168978886726898,0.014138909112588405,0.010064584796785275,0.016621253021248134,0.0048292708776419245,0.011412613618090619,0.013777889980124677,0.01602378758826913,0.014547846589874402,0.013270503870847647,0.014434643849247204,0.014424662759916735,0.01399041106037252,0.013302053325478062,0.014327369051225603,0.014039829672185259,0.014500145856861504,0.015359358360141795,0.010846517114968358,0.01349868130586434,0.01417944065730651,0.015866671303066484,0.013258480426076798,0.01290304735533735,0.015630840886788684,0.014307111950782863,0.014043757725988822,0.007953084805604659,0.013845178802823186,0.012541044216031694,0.014233484267458463,0.011794618443391754,0.013768088938745732,0.014517030476116962,0.014920700647555036,0.014684420322859774,0.018574824861647604,0.016149927765907016,0.0161332329413484,0.014346686122842591,0.014315769720784702,0.018511135996308395,0.011681061679004696,0.015153326576735873,0.01249376679604389,0.014656040429759449,0.013151240813048796,0.014353118854030324,0.015482749832925781,0.014458757558133872,0.01416517677309476,0.01445119733398613,0.012884048707792275,0.015659399480892667,0.013107825270005487,0.014283715552377018,0.01089631336619503,0.014328471016450264,0.01669180853213276,0.01571233358172422,0.01704627829013848,0.018458886410478423,0.016729836078705256,0.016884115154638057,0.018941341911395237
stdev_user_sum_adverbs,0.059217811052909554,0.058632425526987414,0.059145491407992114,0.05969148623577815,0.06159510952949451,0.056699799816073,0.058508308433352425,0.05823960626039623,0.060991966998361756,0.05802856062551305,0.058817597056746176,0.05809416804587665,0.05885789211289824,0.06416952194116529,0.05686618882086037,0.058985826066846395,0.06370636236170138,0.04393302121040341,0.05946402386927497,0.054605808592696564,0.05874610730630123,0.06051062709322338,0.05535773188029525,0.06222458600129969,0.05955517916207393,0.0636942807036532,0.059780193864897156,0.058843282183968074,0.05645593881709159,0.05876797442097867,0.057255417664976896,0.05830655936840632,0.058395031326725556,0.062171954014059005,0.05896277477166383,0.05792699929261752,0.05697620549510945,0.05701026471504228,0.053259504356034056,0.06296183575606204,0.056413490471028185,0.054806311791410614,0.05936144997523904,0.0559999811169541,0.06297753092908487,0.06497712562801125,0.05986250216061201,0.05940330754049617,0.06376611688800735,0.06536956807831357,0.056219806474577916,0.058913334444129856,0.059632750155665944,0.0623088897623347,0.06037654879603297,0.05677280055314673,0.06039872141082409,0.059507938571259564,0.06109045661586692,0.05545250551629111,0.05799181715439183,0.057735287680839485,0.05897119115122155,0.058870091210830144,0.0751574603576603,0.05846853560368115,0.058552027577642586,0.059369041956938484,0.05405538790819783,0.05851975669636873,0.05845142629035621,0.05750127622721519,0.05708344845916713,0.057942578772348284,0.05851245211539429,0.05978120130478616,0.053214017930629985,0.0573945544611104,0.06016134992775454,0.05282567256049615,0.04772199085632431,0.05861753750298519,0.06187595047789069,0.05910462628855372,0.058857359724496267,0.058735035411377,0.059853294315090184,0.04396666970548431,0.061337917649499044,0.05568739780149927,0.05998187221009221,0.057111075478516626,0.05696110177091701,0.0591307592969619,0.06082999678240105,0.05885019472115379,0.047828164921191456,0.05875570824938298,0.05856322766444443,0.05588626248998465,0.058472514348476654,0.058942452503091644,0.06377067155765796,0.05865218647420438,0.059217018034668535,0.06045375359390989,0.058903341900780636,0.05616785752313089,0.06154026714136171,0.05704176479424698,0.06242114238951131,0.06297984524257616,0.05832706229840429,0.05792935542699416,0.051758347462888904,0.06007347527057989,0.058588640184574915,0.05912571467905501,0.058191245901750295,0.059988316120113364,0.0586269049648208,0.059443627440329494,0.054990627297247255,0.058348906002017226,0.05828335423970375,0.06072700830772214,0.059045303714416186,0.05712758065360439,0.05807772377724445,0.053295467669538577,0.05947760570073767,0.05534562033099374,0.05962016371833048,0.06002859390468322,0.053449830308915244,0.06420006926834884,0.05879747730274054,0.05914257054893008,0.06136051746811643,0.058778587238067705,0.05908086733831685,0.05829118208518098,0.05853253685621725,0.05352126493501191,0.05992031658507738,0.05504072115753861,0.05484007259389313,0.06195203558047132,0.0698258809628822,0.059094871237177896,0.060444057417072455,0.07352612695381847
min_user_sum_adverbs,-0.004523428654958844,-0.004034865026824543,-0.0037626552545210416,-0.004768872455283941,-0.0037380960731741592,0.0006604613958663408,-0.006119802044719567,-0.006049719684321596,-0.0045455861250877656,0.0005511670573644604,-0.0004904050373227883,-0.00394587638813268,-0.003759039474254664,-0.003666033826101922,-0.004263457352976202,-0.004302724791808991,-0.007067254757117921,0.0005671628347463393,-0.0061528899401916935,-0.0032469927991433042,-0.004569823073723188,-0.005084692465169436,-0.003839106850865529,-0.0049264198777500875,-0.005082922449094113,-0.005512830506876252,-0.006932434843060713,-0.005005153025399044,-0.003756480745823401,-0.0038157242975991722,-0.004390388406705368,-0.0035595265149394612,-0.011709119216914239,-0.01151421695193597,-0.0049128111642996915,-0.0024366241929036046,0.004712839743019736,0.0015657505899871835,0.00044120707850959714,-0.0039560033744740625,-0.001281215475092556,-0.004646073816427751,-0.004643459238873328,-0.006289343472253992,-0.006418254100545223,-0.004425160774779084,-0.005414138789267449,-0.004648482657312521,-0.008189962029142347,-0.0021849824705507497,-0.004228237349007576,-0.0044067127095341555,-0.005447260198324989,-0.003347671745199045,-0.007537223295484624,-0.0038689799576221255,-0.0003864191546804757,-0.0061433220484714505,-0.005775516881612841,-0.0038613040909543424,-0.003795946081808256,-0.0027556534241480017,-0.004450809246766094,-0.004484307257789115,-0.0024806550350866055,-0.004441525515588449,-0.005209825566409049,-0.005358908661336306,0.0024646407945189477,-0.004895627422820684,-0.0033375493730800343,-0.004344954552208315,-0.0065658372412520614,-0.004760334976734884,-0.003969877407018173,-0.005706023438158753,-0.005584164625138256,-0.0079395417560018,-0.0062560987431267145,0.003356155798124866,0.008612326468406786,-0.004732805196581919,-0.006808749454317191,-0.00455006059590949,-0.0046160174112304525,-0.0035879840054654118,-0.005089778061195092,0.0019801031594948153,-0.008041481523859677,0.0012011918621466448,-0.00445423646855205,-0.02292951506413341,-0.007796979299795613,-0.00616770116722587,-0.005984444018102497,-0.0041003709819997895,0.00011472409123347224,-0.00430175672093115,-0.00482343944516074,-0.008500646917096373,-0.006028920688605794,-0.004179273178058964,-0.0071292624190837945,-0.003195396424159386,-0.0029760864907974246,-0.012655960841058255,-0.004946552427429064,-0.0001904683777190653,-0.004095182729861294,-0.0033802560324382065,-0.008367344949802062,-0.004622719625139805,-0.0034794865265999203,-0.004275630380079984,-0.005088384172454118,-0.005291924673205916,-0.004927573097021855,-0.004001026022910066,-0.006176738854583435,-0.004697105514231803,-0.004194592287056114,-0.004312486987011931,-0.0001255539348110398,0.0006248253357104099,-0.007362673617632622,-0.005938724726565842,-0.004778488033985805,-0.0045540058834790086,0.0042630031980897334,-0.0005495233827515905,-0.00431574885059755,-0.0040819843044191916,-0.00466137611144553,-0.0011599469147744804,0.00013237409453767217,-0.010349807458389218,-0.0044454277075450365,-0.0023176070328055423,-0.006126721529693329,-0.0049036590502971565,-0.005403381228008524,-0.0015324996303729653,-0.004389224578508988,-0.0024950372683459864,-0.004587095664205357,-0.005670390336473883,0.005007151819301826,-0.000917157402850196,-0.0010587886409191734,-0.004431579687566486,-0.0037689382086815073,-0.005760148439147953
max_user_sum_adverbs,0.045621607991597354,0.045141185392967735,0.04578622415882653,0.04587017123701904,0.04749564049836028,0.04431420732601545,0.04335435524485528,0.04356851431156573,0.04672616471025904,0.04561153969563355,0.04648432185370516,0.044457765942780295,0.0456451098390192,0.051155870973350656,0.04329128456304684,0.045469813007302504,0.047471426408371785,0.036340301074588514,0.043258462848342866,0.041887028038790165,0.045113181632002064,0.045902703080420916,0.04305408481279581,0.04745405705677546,0.04548670055899407,0.04880404020590268,0.04575753697142791,0.04500964940545422,0.043104568187374286,0.04644400133781848,0.045967674735651644,0.04468026292196368,0.04373124724338729,0.04602652102139936,0.045138635231239566,0.045901431604264645,0.04689574863475624,0.0469178600772589,0.0393616611700323,0.05013733761428621,0.043761979871517885,0.040357825062115306,0.045571077877321155,0.04399332520183167,0.04751484694605379,0.04671949782596727,0.04537489540314347,0.0456046885813975,0.04791386428994935,0.05221360686980033,0.04355951782609271,0.045262556956471155,0.045425560099649376,0.049177674083856475,0.04504573425980063,0.043611227367784465,0.04671814212710667,0.045056067569390755,0.046694753145159806,0.042782258314963205,0.045623418494015903,0.04554041251776893,0.04536739592139566,0.04516669819178826,0.06095981080198942,0.04490828402858555,0.044783543568025566,0.045747922621581096,0.04403059515173377,0.04469055640497668,0.045264009405898774,0.043779192730399645,0.04278541552484475,0.044852368297020245,0.04531960438912339,0.04538940381591613,0.04040593009267912,0.042963637172768084,0.04562520009091007,0.04252198934862607,0.04186577762353303,0.045225971767943234,0.04714607316004908,0.04550381246036293,0.04556659509281925,0.04550058215848071,0.04580087086996826,0.036304291989436084,0.04597736100170346,0.04261113921612496,0.04620608251274467,0.03643862347181548,0.041734745082113237,0.044687164381246265,0.04600256706937909,0.0453321815342411,0.03677960466414845,0.04516807862210614,0.0450864917207745,0.04101975804825576,0.04477046053922555,0.04522918507076498,0.04842654558807832,0.0453890400593804,0.046405442666774946,0.0440290781814103,0.04484894619165469,0.04421068615981332,0.05091769443344206,0.0438000046702091,0.046347681207695134,0.048230350770362175,0.045128265308022206,0.04448773527269943,0.03816899471629582,0.04766908453561726,0.04424656925206856,0.045263497653103404,0.04436616057030397,0.04582837205943659,0.045122016642243454,0.04585824237692456,0.04351318934864627,0.047415732726563804,0.04497142920000714,0.0458965590173665,0.04524377476097133,0.043965750385268454,0.0465967706495542,0.04117634459956179,0.045866397932868196,0.04214890548027123,0.04583246264912206,0.04684854364353397,0.04291122030867703,0.04862196195762022,0.04516066665548242,0.04595684159847526,0.047015370753558106,0.04452692403288618,0.04583391137654185,0.04559517959328306,0.04501556392583038,0.04315244011125966,0.04610675702199751,0.04391676214554373,0.04421029796435066,0.04779268836990501,0.054078259092716685,0.045175133273804034,0.047325810661926655,0.05600204815644116
average_user_sum_anxiety,-6.333223944708817e-05,0.0005404706953753653,-0.00019666764204491483,6.1122765648482374e-06,-0.0007538603891906444,-0.0017239257838966094,-0.0017641491931193508,-0.0001506112382343378,-0.0010106665606715182,-0.00404921025940133,-0.005418642734059903,0.0016422697529568072,-0.0004280617058766041,-0.0067106536448391894,0.0010845385354495314,-0.0009222830620691817,-0.0024713189647149695,0.002962918409815952,0.0006984745599397163,0.002643148859034751,-0.0004990480703284065,-3.2501770192089677e-06,-0.00037960749930413245,0.0009197736589423976,6.182885118336152e-05,0.0005976174073698244,0.0016146439245492,0.0006945668485816448,0.00021027685960959587,-1.6510215895134198e-05,0.006716765876509377,0.0003416873088301058,0.0002795989216699815,-0.0015839088439220956,-0.00016094017786796866,-2.111300569737455e-05,-0.006752702822867478,0.001904221583337213,0.0072686155196168105,0.00025337783183591346,0.0010222884581747782,0.0025966934672276712,-0.0004151334244420178,0.0067632436712592135,0.006409616372933312,0.0042345377414330495,-0.0003658306572922928,-9.169633211420208e-05,-0.0008654200171736648,-0.004277660571916086,-0.0071096425426784605,-0.00010946615284437682,0.0003049832945648612,0.000598463927657591,-8.053636728825014e-05,0.0007371202209062351,0.0022599945498390107,-0.0015646864061923194,4.902045663516229e-05,-0.0009864217888295506,0.0013289154831890686,-0.001764935970147631,-9.079152833613678e-05,-0.00025386503626137306,-0.0007038512225125302,-0.0003763589241420461,0.0006371185633184135,-3.665266611818478e-05,-0.0009181662438407347,-0.0003604976656977439,-0.0006756763071267165,0.0006273305909641844,-0.000637121619938584,-0.001125706964380491,0.0005023260967086211,5.862755295689935e-05,0.0041650343532859575,-0.0026312021549013496,0.001328185316601502,-0.0065236878324505575,-0.0021134131096146314,0.00023217920167235232,-0.0002931418395995186,-0.0003071193515178849,-0.0010613489275973541,0.001198337024250042,0.00017677274631838422,0.01713640853008826,0.0027145831215320505,0.001322500889348717,-0.0002807998969280856,0.0006211022327439137,0.005518873366915617,5.975541827011113e-05,0.0020160119012404415,-8.740899846592775e-05,-0.00044799402995286414,-0.00018873902295517796,-0.00033674515613232956,0.0007163175795159467,-0.0002767238077643168,-5.759271230943667e-05,0.0008624452767943313,-0.0010876147945198238,0.0008791354773583279,0.004169902803492577,0.00033097269961011345,0.0002488592893329011,-0.0012180176012764263,-0.0007390344909878072,-0.0018898528427667202,-0.0031774024789500265,-7.836556642476945e-05,0.0007598355623273439,-0.0009057655546210845,-0.00021033321848236072,0.0004443236945687089,-0.0014314337953056852,-2.800659872145405e-05,-0.0013151094521670348,-0.00030446529777463077,-0.0003743031731494378,0.0012193239114784765,-0.002104183760677829,-0.0009063955788845297,-0.0015570196660851477,0.0001084622250901177,-0.00019236901683277775,-0.003134221917065168,0.002396533005383555,-0.0006855221883020008,0.0007067432357724338,-9.152234888865421e-06,0.002220829695777504,-0.010479391475678704,0.0008282893799097099,-0.00011112472624770584,-0.0009586144289968034,-0.00036534596467026337,6.147653660734317e-05,0.0002849710915959888,0.0025997212743238563,0.00012382366505073964,-6.745307452498545e-05,-0.0002751576158299355,-0.001957146243976777,0.005881888673245341,-0.001168199362034196,-0.0011346168328921448,-0.00036324000866856665,-0.000992367389181275,0.0025912219839181946
stdev_user_sum_anxiety,0.016140469643666003,0.01647459591706129,0.01592587343382819,0.01637146789271229,0.018321486875135698,0.008071992721179823,0.01652421643264204,0.0166020131754836,0.013967462613107773,0.012911269013946243,0.012583090807143274,0.016914408672129337,0.015518584777765698,0.007779334415858324,0.015971469318250234,0.016373749775913524,0.016665507574377396,0.015773826275914532,0.018379072565171857,0.017109919832621806,0.015679943025460157,0.016835711773579752,0.016212156441006747,0.015496659213654358,0.016194539245757034,0.017564611472989617,0.014957130828192257,0.016362445913663037,0.017113436670578665,0.01609586107511103,0.022759577103178122,0.01633579387945207,0.015042303630477032,0.013385866198842461,0.0160288880262899,0.01662022143761559,0.0061282132286301074,0.017716130986054734,0.022967064470437254,0.016671537436885434,0.016086557884821873,0.01711648465503969,0.01592913956075791,0.019663170571763415,0.02143654138641728,0.020317711839192926,0.015693934980158204,0.015870222074102002,0.016023890986828673,0.008534681156621805,0.015481879740543223,0.016043872320380625,0.016560351751197723,0.014456470228724446,0.01683313729665413,0.015501710748761135,0.016667453926391424,0.011533043335061905,0.016746250533504963,0.01708870425045818,0.018275885530537814,0.015133491157948008,0.016023286249637857,0.01587732486285906,0.012948682240011812,0.015756400316731867,0.01676048037110646,0.0167870727758173,0.014281571430149964,0.015826250739709696,0.015977547580601954,0.01615856965502888,0.015294697205634663,0.013963028040441021,0.015640157134747954,0.01582371017513247,0.02299488867830646,0.015990754603801383,0.017379966281932724,0.007048925505213648,0.015281639089594276,0.016206191158611043,0.015615342201995857,0.015857388217201496,0.01665274669206682,0.013116604530486952,0.01603337643339095,0.014130893864937823,0.018037075222138425,0.016107987500268678,0.01627005114124511,0.01498153116614996,0.023621526287641723,0.015283344372762537,0.018151102804517406,0.01605586664737494,0.012621945881249385,0.016001838985754056,0.015546533890064653,0.015700316661786506,0.016889461472233747,0.01609621760710163,0.015320461677017245,0.015613827574679374,0.016435833389783338,0.018211222525590112,0.016734600876787922,0.014790923555176068,0.016749703086808947,0.015037053647065285,0.015147546907358464,0.014215947453105048,0.01621413907658608,0.017238525476742428,0.012703244103742507,0.017065231398811873,0.016303315596322546,0.015174752394955629,0.014841550836155218,0.015596817969266458,0.015624978428205864,0.015691654104193493,0.01791237080276043,0.013985589414774314,0.015211049578390791,0.015070181437491009,0.0161237470854838,0.016215757192312885,0.011425809874204766,0.01736308711464065,0.015328924491783559,0.01575820301294604,0.016188532308516274,0.018424292853344834,0.008627820151772908,0.01923162935833385,0.01605591933034827,0.014576562600756519,0.017034332861267456,0.0166846793561437,0.0158732937913197,0.017873731360668374,0.016069081508987237,0.016751817098985874,0.01619605912938828,0.013066203758673036,0.01630910331491517,0.016719121425239132,0.021280681618374635,0.015886773634463267,0.016944157217159396,0.019995622598705395
min_user_sum_anxiety,0.0,0.0,0.0,0.0,0.0,0.0,0.0,0.0,0.0,0.0,0.0,0.0,0.0,0.0,0.0,0.0,0.0,0.0,0.0,0.0,0.0,0.0,0.0,0.0,0.0,0.0,0.0,0.0,0.0,0.0,0.0,0.0,0.0,0.0,0.0,0.0,0.0,0.0,0.0,0.0,0.0,0.0,0.0,0.0,0.0,0.0,0.0,0.0,0.0,0.0,0.0,0.0,0.0,0.0,0.0,0.0,0.0,0.0,0.0,0.0,0.0,0.0,0.0,0.0,0.0,0.0,0.0,0.0,0.0,0.0,0.0,0.0,0.0,0.0,0.0,0.0,0.0,0.0,0.0,0.0,0.0,0.0,0.0,0.0,0.0,0.0,0.0,0.0,0.0,0.0,0.0,0.0,0.0,0.0,0.0,0.0,0.0,0.0,0.0,0.0,0.0,0.0,0.0,0.0,0.0,0.0,0.0,0.0,0.0,0.0,0.0,0.0,0.0,0.0,0.0,0.0,0.0,0.0,0.0,0.0,0.0,0.0,0.0,0.0,0.0,0.0,0.0,0.0,0.0,0.0,0.0,0.0,0.0,0.0,0.0,0.0,0.0,0.0,0.0,0.0,0.0,0.0,0.0,0.0,0.0,0.0,0.0,0.0,0.0,0.0,0.0,0.0
max_user_sum_anxiety,0.016182617495443124,0.01651761627781472,0.01596746090728643,0.016414218953700575,0.018369330050098866,0.008093071237497244,0.01656736636819608,0.016645366262845455,0.01400393605885721,0.012944984405423023,0.012615949221919581,0.016958577522562426,0.0155591086922145,0.007799648709130033,0.016013175856929112,0.01641650679561784,0.016709026465620547,0.015815016706336584,0.018427066114515833,0.017154599224296577,0.015720888297134444,0.016879675121614923,0.016254491489598816,0.015537125873547013,0.01623682829030146,0.01761047820780159,0.014996188609475903,0.016405173415421394,0.01715812524582542,0.016137892439860406,0.022819009530079717,0.016378451784351558,0.01508158382478364,0.013420820913104908,0.016070744503306943,0.01666362207248688,0.006144215924246629,0.017762393386056043,0.023027038712230087,0.016715072073999422,0.016128564956010172,0.017161181189534164,0.015970735563102717,0.01971451730559615,0.02149251895020053,0.02037076778650765,0.015734916789234794,0.015911664224325363,0.0160657344150012,0.00855696789822828,0.015522307806574862,0.016085767926110793,0.01660359604745404,0.014494220627434775,0.016877093921918888,0.01554219059980357,0.01671097790017298,0.011563159745039756,0.016789980270054825,0.017133328241563283,0.01832360962602223,0.015173009471620182,0.016065128098651037,0.015918785560701844,0.012982495329209896,0.015797545242483797,0.01680424726624584,0.01683090911210411,0.014318865112990149,0.01586757806692448,0.01601926999153895,0.01620076477163859,0.015334636479090153,0.013999489906124016,0.01568099851292587,0.01586503086813274,0.023054935577872904,0.01603251150243723,0.01742535084997286,0.007067332470682278,0.015321544264194471,0.0162485106299712,0.015656118780565664,0.015898796854180858,0.016696232260625513,0.013150856117694343,0.01607524463105312,0.014167794081179727,0.01808417570866326,0.016150050530934934,0.01631253737114098,0.01502065266440393,0.023683209535447048,0.015323254000394377,0.018198501052987676,0.016097793574072036,0.012654905758866686,0.016043624829203622,0.015587130788451892,0.01574131513544456,0.01693356517766756,0.016138249902868357,0.015360468229625451,0.015654600198080043,0.01647875252936474,0.018258777765594605,0.016778300192413526,0.014829547316901283,0.016793441839063297,0.015076320132011045,0.015187101925021136,0.014253069771064329,0.01625647930246432,0.017283540698275056,0.01273641627663409,0.01710979409490552,0.01634588869019156,0.015214378454718295,0.014880306801662723,0.015637546175228015,0.01566578016999852,0.015732629957184288,0.017959145646754424,0.01402211019531431,0.015250770421535876,0.015109534429535491,0.016165851269392566,0.01625810164360111,0.01145564626382923,0.017408427605856765,0.01536895314346752,0.015799352646105796,0.016230805667054888,0.018472404487109274,0.008650350108641777,0.01928184920208838,0.016097846394617213,0.014614626598488927,0.017078814871544078,0.016728248310949642,0.015914743962764603,0.01792040530490455,0.016111042943851742,0.016795561371592146,0.0162383521428278,0.013100323733584995,0.01635169152234111,0.016762780319139553,0.021336252183195296,0.015928259006025864,0.016988403750416742,0.02004783746952942
average_user_sum_third_person,0.02519466840319092,0.02507024819456766,0.02535931395775704,0.025162541907318363,0.024817969630935993,0.028582460590179385,0.025195362187245676,0.025146154174374605,0.025077826356687358,0.024786261938358756,0.024184265877853744,0.02505632162595315,0.025509450876303366,0.021333565265589105,0.024787659998214435,0.025557318860346297,0.025119011304827032,0.027935015937128077,0.022049215120831685,0.022264113031702365,0.025284454808283407,0.025982090469422632,0.02557457268551444,0.024837397129484656,0.02546653958163969,0.02717205955288013,0.024365761709249492,0.025373237872184297,0.025107865967129078,0.025547145859527855,0.023437164421956057,0.0250675851747042,0.02620467418201255,0.02557338550544307,0.025462639116634152,0.026016279903081845,0.02451656839672726,0.02402188815629454,0.025142962157426056,0.025757402980696967,0.025865346050058833,0.02477473624307509,0.025197179217509264,0.025123223930181876,0.023771281688544157,0.02361061695321646,0.02457333996093633,0.02485339195001418,0.027090968726500447,0.014087622920329938,0.026459550927646625,0.025296649203289442,0.025363458698533636,0.025726897477165656,0.024747137397159315,0.02560711359367695,0.021547444148636498,0.02618646483722925,0.025206665381912508,0.026750235296617315,0.025144677990597452,0.024952596477961702,0.025137296291346686,0.02526700639882518,0.025607018826093928,0.02511898090020512,0.025452629150696352,0.025414842622462783,0.02629890906253001,0.025469714232565863,0.025392951283113044,0.023170231743380326,0.02497642805173221,0.0246595389271788,0.024892036040590416,0.025141604907062725,0.02348194037176822,0.025220266381496444,0.025381869084262633,0.027486634092342022,0.02411106089209166,0.025850971554755773,0.024622801222624963,0.02521948984672077,0.02542228879834759,0.023423869342252733,0.0249127085101401,0.023278537650557464,0.02546093287613426,0.02531690600830518,0.027015369932472548,0.0211732505986449,0.022907405954247277,0.024879999762344403,0.024775796804611346,0.025285654765616204,0.02476106483523075,0.0253497024382562,0.02547756790113241,0.024398430323787093,0.024505663688951643,0.025210998062710138,0.022646747063795804,0.0253867428815927,0.02490831730543613,0.026075992062109327,0.025018202436808072,0.027505959314385528,0.02092005355079193,0.02408741229448282,0.024706399723764375,0.026350156541005913,0.025575262118816493,0.02280967427165137,0.02543872293288428,0.022219010163650466,0.025055978355007374,0.025269621590643138,0.025196010444936995,0.024915244821569663,0.02539713477856969,0.025138936785176286,0.02517813715139265,0.027004144981719318,0.023837950389573946,0.023940790594840333,0.02518505124414992,0.025265820409462535,0.023748944160615217,0.025119139735951722,0.02545685629463125,0.025292124216495983,0.025280096552558178,0.025813860075646986,0.023581325282161752,0.025383864159414397,0.02529481030390469,0.025227854583694757,0.024470945125612167,0.025310713484848864,0.025793932539571175,0.02550486101554762,0.02474729725374223,0.02771603008692113,0.025347230784299637,0.02578312345628228,0.018148808288644954,0.026267105666576668,0.024875972675924934,0.025255011050074615,0.025487595407297958,0.02215086495200102
stdev_user_sum_third_person,0.02519466840319092,0.02507024819456766,0.02535931395775704,0.025162541907318363,0.024817969630935993,0.028582460590179385,0.025195362187245676,0.025146154174374605,0.025077826356687358,0.024786261938358756,0.024184265877853744,0.02505632162595315,0.025509450876303366,0.021333565265589105,0.024787659998214435,0.025557318860346297,0.025119011304827032,0.027935015937128077,0.022049215120831685,0.022264113031702365,0.025284454808283407,0.025982090469422632,0.02557457268551444,0.024837397129484656,0.02546653958163969,0.02717205955288013,0.024365761709249492,0.025373237872184297,0.025107865967129078,0.025547145859527855,0.023437164421956057,0.0250675851747042,0.02620467418201255,0.02557338550544307,0.025462639116634152,0.026016279903081845,0.02451656839672726,0.02402188815629454,0.025142962157426056,0.025757402980696967,0.025865346050058833,0.02477473624307509,0.025197179217509264,0.025123223930181876,0.023771281688544157,0.02361061695321646,0.02457333996093633,0.02485339195001418,0.027090968726500447,0.014087622920329938,0.026459550927646625,0.025296649203289442,0.025363458698533636,0.025726897477165656,0.024747137397159315,0.02560711359367695,0.021547444148636498,0.02618646483722925,0.025206665381912508,0.026750235296617315,0.025144677990597452,0.024952596477961702,0.025137296291346686,0.02526700639882518,0.025607018826093928,0.02511898090020512,0.025452629150696352,0.025414842622462783,0.02629890906253001,0.025469714232565863,0.025392951283113044,0.023170231743380326,0.02497642805173221,0.0246595389271788,0.024892036040590416,0.025141604907062725,0.02348194037176822,0.025220266381496444,0.025381869084262633,0.027486634092342022,0.02411106089209166,0.025850971554755773,0.024622801222624963,0.02521948984672077,0.02542228879834759,0.023423869342252733,0.0249127085101401,0.023278537650557464,0.02546093287613426,0.02531690600830518,0.027015369932472548,0.0211732505986449,0.022907405954247277,0.024879999762344403,0.024775796804611346,0.025285654765616204,0.02476106483523075,0.0253497024382562,0.02547756790113241,0.024398430323787093,0.024505663688951643,0.025210998062710138,0.022646747063795804,0.0253867428815927,0.02490831730543613,0.026075992062109327,0.025018202436808072,0.027505959314385528,0.02092005355079193,0.02408741229448282,0.024706399723764375,0.026350156541005913,0.025575262118816493,0.022809674271651363,0.02543872293288428,0.022219010163650466,0.025055978355007374,0.025269621590643138,0.025196010444936995,0.024915244821569663,0.02539713477856969,0.025138936785176286,0.02517813715139265,0.027004144981719318,0.023837950389573946,0.023940790594840333,0.02518505124414992,0.025265820409462535,0.023748944160615217,0.025119139735951722,0.02545685629463125,0.025292124216495983,0.025280096552558178,0.025813860075646986,0.023581325282161752,0.025383864159414397,0.02529481030390469,0.025227854583694757,0.024470945125612167,0.025310713484848864,0.025793932539571175,0.02550486101554762,0.02474729725374223,0.02771603008692113,0.025347230784299637,0.02578312345628228,0.018148808288644954,0.026267105666576668,0.024875972675924934,0.025255011050074615,0.025487595407297958,0.02215086495200102
min_user_sum_third_person,0.0,0.0,0.0,0.0,0.0,0.0,0.0,0.0,0.0,0.0,0.0,0.0,0.0,0.0,0.0,0.0,0.0,0.0,0.0,0.0,0.0,0.0,0.0,0.0,0.0,0.0,0.0,0.0,0.0,0.0,0.0,0.0,0.0,0.0,0.0,0.0,0.0,0.0,0.0,0.0,0.0,0.0,0.0,0.0,0.0,0.0,0.0,0.0,0.0,0.0,0.0,0.0,0.0,0.0,0.0,0.0,0.0,0.0,0.0,0.0,0.0,0.0,0.0,0.0,0.0,0.0,0.0,0.0,0.0,0.0,0.0,0.0,0.0,0.0,0.0,0.0,0.0,0.0,0.0,0.0,0.0,0.0,0.0,0.0,0.0,0.0,0.0,0.0,0.0,0.0,0.0,0.0,0.0,0.0,0.0,0.0,0.0,0.0,0.0,0.0,0.0,0.0,0.0,0.0,0.0,0.0,0.0,0.0,0.0,0.0,0.0,0.0,0.0,0.0,0.0,0.0,0.0,0.0,0.0,0.0,0.0,0.0,0.0,0.0,0.0,0.0,0.0,0.0,0.0,0.0,0.0,0.0,0.0,0.0,0.0,0.0,0.0,0.0,0.0,0.0,0.0,0.0,0.0,0.0,0.0,0.0,0.0,0.0,0.0,0.0,0.0,0.0
max_user_sum_third_person,0.025194668403190842,0.02507024819456761,0.02535931395775697,0.025162541907318283,0.024817969630935983,0.028582460590179132,0.025195362187245607,0.02514615417437447,0.025077826356687247,0.02478626193835866,0.02418426587785366,0.025056321625953094,0.02550945087630327,0.021333565265588928,0.024787659998214348,0.025557318860346224,0.02511901130482688,0.027935015937127994,0.02204921512083164,0.022264113031702514,0.025284454808283313,0.02598209046942255,0.02557457268551437,0.024837397129484566,0.0254665395816396,0.027172059552879994,0.02436576170924931,0.02537323787218423,0.025107865967129016,0.025547145859527814,0.02343716442195609,0.025067585174704116,0.026204674182012486,0.025573385505443018,0.02546263911663407,0.02601627990308178,0.024516568396727136,0.024021888156294396,0.025142962157426032,0.0257574029806969,0.02586534605005876,0.02477473624307505,0.02519717921750919,0.025123223930181838,0.023771281688544154,0.02361061695321642,0.024573339960936247,0.024853391950014115,0.027090968726500353,0.014087622920329779,0.026459550927646572,0.025296649203289365,0.025363458698533573,0.02572689747716549,0.024747137397159304,0.025607113593676813,0.021547444148636456,0.026186464837229154,0.025206665381912463,0.026750235296617225,0.025144677990597414,0.024952596477961636,0.025137296291346596,0.025267006398825103,0.025607018826093706,0.025118980900205028,0.02545262915069626,0.0254148426224627,0.026298909062529973,0.025469714232565808,0.02539295128311294,0.02317023174338017,0.024976428051732166,0.024659538927178766,0.02489203604059034,0.025141604907062638,0.02348194037176807,0.025220266381496444,0.025381869084262574,0.027486634092341644,0.0241110608920916,0.02585097155475569,0.024622801222624936,0.025219489846720677,0.025422288798347514,0.02342386934225265,0.024912708510140012,0.023278537650557415,0.025460932876134212,0.02531690600830503,0.02701536993247241,0.021173250598644913,0.022907405954247163,0.024879999762344358,0.024775796804611276,0.025285654765616113,0.02476106483523062,0.025349702438256135,0.02547756790113234,0.024398430323787045,0.024505663688951605,0.025210998062710065,0.022646747063795696,0.025386742881592636,0.024908317305436092,0.02607599206210927,0.025018202436807996,0.027505959314385414,0.020920053550791896,0.02408741229448282,0.02470639972376439,0.02635015654100583,0.025575262118816423,0.022809674271651422,0.02543872293288421,0.022219010163650427,0.025055978355007308,0.025269621590643068,0.025196010444936974,0.024915244821569572,0.025397134778569627,0.025138936785176202,0.0251781371513926,0.027004144981719165,0.02383795038957384,0.02394079059484027,0.025185051244149857,0.025265820409462462,0.023748944160615182,0.025119139735951663,0.025456856294631163,0.025292124216495883,0.025280096552558088,0.025813860075646886,0.02358132528216171,0.025383864159414366,0.025294810303904625,0.02522785458369468,0.024470945125612126,0.025310713484848778,0.025793932539571126,0.025504861015547598,0.024747297253742178,0.02771603008692114,0.025347230784299554,0.0257831234562822,0.0181488082886449,0.026267105666576574,0.02487597267592486,0.02525501105007453,0.025487595407297878,0.022150864952000977
average_user_sum_negation,-0.009924272591654775,-0.009962404506128095,-0.010234299722789837,-0.010957593141674427,-0.013643941315642819,-0.008930611512172417,-0.008766325195370074,-0.009609311762361548,-0.009865016253441734,-0.0063964100334006225,-0.015822730323168333,-0.0070503690888003056,-0.009890308238893242,-0.012282754917946006,-0.009125183588434699,-0.010276275716202998,-0.007449643730336458,0.0005601932561006863,-0.010372046890075017,-0.009332438193624587,-0.009982348333096351,-0.010960098584964925,-0.01191348174699831,-0.010710049530563247,-0.010736609692641,-0.013626310618476752,-0.006432749103444584,-0.008731247059399531,-0.0125911353616162,-0.009468953851643303,-0.014523726775414589,-0.009951361972356403,-0.011681822538804282,-0.008607521922703537,-0.009675302723024054,-0.011949440628652386,-0.006189509266738764,-0.013390052945877012,-0.006736354312577706,-0.009250359339435769,-0.010175864361940578,-0.007796614319738355,-0.01050986691219679,-0.008423866829150497,-0.01252472137201773,-0.005580483705046887,-0.010653849292136353,-0.010755760881352248,-0.009826105804101034,-0.009076534677144844,-0.01320220180725476,-0.010119432286843755,-0.010277691457568764,-0.00946323522505736,-0.008739616420627193,-0.007575430495173333,-0.009420151191837853,-0.007890651462149071,-0.01063456055469602,-0.008806879106388558,-0.011413066814463128,-0.008796516496924787,-0.010326768186971246,-0.010201846519529578,-0.009368463769925672,-0.010025833773762281,-0.009039148923089272,-0.010858787922594957,-0.009483859674026844,-0.010407072937761296,-0.010506408182873996,-0.009701716219352823,-0.011331959981290805,-0.01185026803518526,-0.01011075436573388,-0.007882749307074942,0.0027628012558182985,-0.01037286946629996,-0.010458864574654822,-0.009881116403080287,-0.00816872216302662,-0.011353388430128574,-0.009859514035561397,-0.010026659931089846,-0.010213165159520447,-0.01115296995802647,-0.01042198060021904,-0.009053206213511604,-0.00830795767344814,-0.006840284345562759,-0.012143614885747913,0.004026591326864386,-0.010105552652354546,-0.012128461627458214,-0.010721513017552451,-0.010121692360525384,-0.011683773685512442,-0.010067457599603667,-0.00838381454777222,-0.009805830277796922,-0.011507098631977783,-0.011062662357000314,-0.009070259896098611,-0.011073004073540326,-0.009158131159534838,-0.00425664820039833,-0.010120472860159473,-0.008266322457689238,-0.013431932701555634,-0.010454957497948331,-0.009157675879824162,-0.008936158471663047,-0.009774348389864454,-0.010328572304853567,-0.0059894101563220115,-0.012648603899395611,-0.009735506413071752,-0.009900725554549489,-0.0076774517538017485,-0.01111161510464314,-0.009747580282355575,-0.009828322062055932,-0.011645865264728964,-0.012388426153401577,-0.01234047294581174,-0.008399434879514193,-0.010018464082354874,-0.01127577739260352,-0.01088082719188694,-0.010408863723544578,-0.01060914020499391,-0.008505745474856767,-0.010053636099690417,-0.009384925602792762,-0.011706132573029274,-0.009713177589437847,-0.010138253632244252,-0.010279077943381398,-0.010137128041744978,-0.010275930514224818,-0.008961190153384063,-0.008696768010712562,-0.010438111037299927,-0.010292081086438502,-0.010365666151295812,-0.009659776858546349,0.003695816947908539,-0.010021806639198962,-0.011382521895950666,-0.01220964861417864,-0.011143442812716706,-0.007569351660593634
stdev_user_sum_negation,-0.025261614575831023,-0.025410494662484476,-0.02573845377490239,-0.025218232293417596,-0.025842834405789595,-0.009985682664073816,-0.025176256104162405,-0.02557144136657303,-0.02278284629218107,-0.02103677418340334,-0.027428653754827524,-0.022505510777366636,-0.02564743487289021,-0.03017541049947621,-0.023848916822894486,-0.02581104423104167,-0.022253951661139276,-0.016860691734139108,-0.026191059370406406,-0.01855208193043272,-0.02410324160068035,-0.026199236838734864,-0.02570438926495827,-0.020981444289586756,-0.025086449458909157,-0.03268902094132853,-0.018606546550527965,-0.025765915354344537,-0.027879478826927515,-0.026034615694976254,-0.03667644891751053,-0.024876591084214278,-0.023924334759409645,-0.02154358306700033,-0.025450350553886492,-0.025693166477551214,-0.03250430488402405,-0.02135969862925357,-0.01704823177384898,-0.025085121209334454,-0.02623080671881795,-0.02400015861062393,-0.025171073268270686,-0.02242735746206156,-0.027480635852007926,-0.024529534618703518,-0.02510372614785454,-0.02589949955532903,-0.02642147599735345,-0.028201726535991352,-0.023977330080341724,-0.02520437374687136,-0.024786789308224307,-0.022698636164018626,-0.022496539532141882,-0.02389553873315309,-0.019940385489709125,-0.024806056055072148,-0.02608140140428881,-0.026072089188821458,-0.02566587341921135,-0.02442778561291788,-0.02542808777696793,-0.02528563551673215,-0.03566122574277097,-0.02585610821197152,-0.02399525750412291,-0.025680339923606976,-0.019507045932534054,-0.0255553773419933,-0.02557168984684638,-0.023399697657143264,-0.02388755122928919,-0.025243206359372907,-0.023397672587777016,-0.0258582080738151,-0.01525887080722194,-0.022478227134596504,-0.024990835975364643,-0.02427798512237598,-0.014997033351252007,-0.0243490631621762,-0.021170471466099884,-0.02454974345693055,-0.025239280502560572,-0.023325740444858557,-0.02476411840713307,-0.017846731824520276,-0.025395440041365805,-0.026533565180104957,-0.024184335621430308,-0.032740284375569785,-0.022381253514050084,-0.028156693639073672,-0.026036282017484674,-0.0251523782283914,-0.021257845835240798,-0.025324830445824086,-0.025462932309264736,-0.024886260410590715,-0.02655822222731071,-0.025464665005257524,-0.023604342210180117,-0.02413674913650733,-0.023786114520499165,-0.02265699711333973,-0.024961551255143013,-0.022927556983890436,-0.024997806439991332,-0.02448268259857738,-0.021839638834832975,-0.02135836621881517,-0.024840429931863015,-0.02441986636863335,-0.01763227102769129,-0.02476991839104757,-0.026209833040200158,-0.025460821753255508,-0.02369287230417172,-0.026321059002787084,-0.02497093856196647,-0.025283006625627432,-0.02367003015235515,-0.027193256916090258,-0.027324071963047536,-0.023725871134528627,-0.02525259677569925,-0.02615631914127467,-0.02089440264768152,-0.024544830045171533,-0.025217502336602853,-0.01851230200767205,-0.02547893254289725,-0.026571128187338443,-0.022878794272033202,-0.024092768345726275,-0.02523624380568457,-0.025320022901522916,-0.027377681396032215,-0.02546136794174509,-0.025031684903439707,-0.018352803054502105,-0.024957639681436876,-0.02253071056624749,-0.026110080598539746,-0.02163515137676821,-0.013107050007212646,-0.02794312684704791,-0.02512899979351188,-0.02569006575958745,-0.025461172466744994,-0.023440523740617756
min_user_sum_negation,0.011983798754832936,0.011788468030171822,0.011491741210604261,0.010875728516445275,0.005035273551867817,0.00571180932351883,0.011506709537739293,0.014624175570843837,0.011673374488065928,0.01137524859688911,0.009768558560365584,0.013033368041472032,0.012129406652691115,0.013850971157903604,0.01122145433861208,0.013157297574464537,0.00877469560167947,0.01609520798208396,0.015382488646152635,0.011217297048723814,0.011688965320169449,0.010584861284085017,0.01156830409077286,0.008185922917262223,0.010075371388417374,0.016582619505753855,0.008693540041069509,0.014448059260391319,0.01572926856356663,0.0087966772011669,0.009256360454666716,0.011719667542742895,0.012225015563176563,0.00691623284185831,0.012648502969641276,0.010548673959577395,0.02791045685596682,0.009796858746136694,0.0023124346378807625,0.015086733198410411,0.013693928633817002,0.01351850151134135,0.011567579865177804,0.012500128254331236,0.010060945607438813,0.005656196181506238,0.011866322979974295,0.012227530068727505,0.015041892388594571,0.01748199298232592,0.005939859679439208,0.011865762605318525,0.011859659930751942,0.011566409398852442,0.011271872041909527,0.012795373303171705,-0.005361521316462689,0.014336104803272007,0.011027911730858302,0.02059388908268528,0.009686453893530277,0.012094992472728274,0.011966821957882522,0.011809164818439603,0.025364034990305588,0.012207242327864567,0.010007054734839956,0.010203016492572298,0.008237447497053903,0.011472785442827177,0.011293001899912183,0.010803391472011358,0.009448679512951079,0.007792785129250596,0.009916176749881942,0.012566497364569508,-0.0011750172644513172,0.009396853948532697,0.009995847780295969,0.008509691536550705,0.009584813959096187,0.009116067187487191,0.01014849288744872,0.01170572943564712,0.00988987310546747,0.017682209650914684,0.011261244046916318,0.009889326820455957,0.012465285620992072,0.01105046812951153,0.011206361083633801,0.03662828310651814,0.008375810385628814,0.013966786763190676,0.013569949084049683,0.012140076958530087,0.016187043735181046,0.012018106947709299,0.013362573089666867,0.014343500821243887,0.010398873571810185,0.012206010490588448,0.0077435992217699395,0.010040298583285505,0.012088204019843393,0.012800314502604621,0.01063343313113506,0.011244982725466155,0.00834336221813497,0.010371056597941096,0.006996955871736225,0.009661712699466429,0.01145663282889338,0.011744909848238259,0.007047476554673157,0.007873576013226047,0.012098036055220442,0.01225207852450197,0.011405574739160844,0.010746685294697706,0.011976147112734217,0.012409532992104684,0.008158790442865294,0.00876972388896528,0.012614220365148686,0.012765636597098475,0.01128601357068872,0.012785622771243043,0.011063923355662782,0.0119669367353859,0.012392895605743246,0.012948733271994079,0.012058726262452956,0.012929318202554173,0.002393891284882526,0.009611999160087304,0.012050774083051267,0.010811534267200367,0.01304335265895829,0.01082387183384756,0.013696000609157146,0.0057713807902312585,0.010429077477019242,0.009814724701618715,0.012887806826876402,0.012431942337281784,0.002786430264559189,0.011433008267635653,0.007314376020152743,0.011676011363353677,0.010373191111481191,0.010342831187434506
max_user_sum_negation,-0.01459423996928624,-0.014541982458307704,-0.015208222784903743,-0.014975158167415457,-0.01735884737634602,-0.001818239203512048,-0.015918149444077347,-0.014400708963671223,-0.012407576699785233,-0.011214135064666285,-0.016721429493975114,-0.01270924608607478,-0.01473213228883771,-0.019909035153432023,-0.013386034061183296,-0.014771805385115052,-0.013087060951467337,-0.0044558284329598435,-0.015420768130373965,-0.009920277337380861,-0.01376584082588813,-0.016209588969563624,-0.014958931642130253,-0.01195353559732595,-0.014938515221957771,-0.020973590858760827,-0.007949412160416645,-0.014407559147968315,-0.01656183243232195,-0.01588477411457684,-0.025747617132835417,-0.014479232750675874,-0.01278343156277929,-0.012505488685166016,-0.014378137544004715,-0.015276307147938513,-0.018863163678714857,-0.011772103153246238,-0.009834955414831214,-0.013857261227592928,-0.01498042464555303,-0.012880697393558295,-0.014637605644145192,-0.011477658656056731,-0.017733794311181016,-0.01629422649688294,-0.014617366010276654,-0.01515346197475806,-0.014129276228485671,-0.016815652153419805,-0.015022431498100555,-0.014574738301646486,-0.014273371846098568,-0.012885160925612675,-0.012461030082433199,-0.013051141108213291,-0.013944231896766359,-0.01371001414616314,-0.015495565402031806,-0.013712382364462249,-0.015480801416803948,-0.014053888198545824,-0.014819187536899193,-0.014681256855579049,-0.0223538865974703,-0.014727774909403798,-0.013752452049555414,-0.015599694885493178,-0.010013870032713482,-0.015012700222104323,-0.01481265596441956,-0.013359489815608196,-0.014127736621060576,-0.01593239947415328,-0.01344725730409882,-0.015305092992552671,-0.010755912544239419,-0.012290044330988983,-0.01462163836023163,-0.016119367724091054,-0.008795712398144013,-0.014252654126844618,-0.012544757623218359,-0.014174024056429323,-0.014797091637064401,-0.011354252432193526,-0.014388925228042075,-0.009011457874024147,-0.014477212537653508,-0.014836488174206564,-0.01344185624425279,-0.014382243214768267,-0.012640583226895628,-0.017242490244595784,-0.01498126635411246,-0.014457563953115145,-0.011251789254846281,-0.014626679837942911,-0.01426107090268798,-0.01416215017785553,-0.01603016951470005,-0.014757564165296801,-0.014169300562449253,-0.013574345639792422,-0.013593706156690899,-0.011996827905304106,-0.014688680934639816,-0.01242047062306835,-0.015518717820237376,-0.014602885123927717,-0.01273789917520907,-0.01231949580128533,-0.014261829293883518,-0.013929270455953584,-0.008992527802540201,-0.0154902255228921,-0.015581568866782164,-0.014830115264450128,-0.011890835955131797,-0.015832981039386056,-0.014254404671173296,-0.014490450947791358,-0.015080528930402584,-0.01766291695874916,-0.016222088979656664,-0.013111081370376096,-0.014697434867451741,-0.014913579289838861,-0.011355328730084581,-0.014783511679994603,-0.01457480788661428,-0.009396381074996322,-0.014804050411981764,-0.016026165936076274,-0.015094964793186153,-0.013943539447501811,-0.014564597073436688,-0.014910399082494898,-0.016524477359297046,-0.014976668703422041,-0.013931229128817245,-0.010233683815922412,-0.01479797838732207,-0.012629023396581392,-0.015260568423949268,-0.009906636625758513,-0.004352529793835684,-0.01719434699426623,-0.015330608140170222,-0.015061942031882365,-0.01510190645635038,-0.012847868934764518
average_user_sum_swear,0.010787214088760115,0.010444385450191135,0.010912125954845664,0.010117161668091434,0.01061633492278592,0.008191398310397838,0.009993230573904438,0.008974734472916126,0.010133594179364562,0.014485335708015735,0.008699973037352836,0.01062874475912933,0.010652488934364459,0.007712394743189299,0.011946946073075008,0.010900474917328817,0.010838931798439911,0.010968954343893247,0.010534373591184575,0.010049760226592819,0.010472074434152953,0.010381009475582254,0.008476229880543733,0.009480643789317381,0.010792267409037912,0.011709042008838693,0.007241596926732669,0.010957878195781475,0.010710635287277162,0.0110844049057937,0.009175100553216839,0.01082248101917652,0.00899193092276792,0.00830990583694497,0.009169822363984401,0.010938387509283387,0.012906695350293434,0.011164789431806252,0.01580931337018315,0.009723763855414852,0.011335194186445696,0.008003624427672135,0.010741150900021342,0.010972454804161522,0.010803428003209726,0.01347052334843036,0.010756364342207074,0.010296892662585131,0.012856891511157159,0.014370561573255152,0.011436477147978467,0.01066560257722634,0.010879453386268497,0.007808888007462532,0.01046564873801276,0.011179542255701965,0.009803140114394334,0.011684973668957693,0.010735587190819736,0.010596700513162124,0.011619794316589046,0.010221460159556706,0.010891409447405367,0.010587004720688015,0.006329946444662622,0.010870596499870345,0.010243316565354139,0.010859824155287605,0.0075769803988215405,0.01050931029037535,0.011304927715290765,0.009687554802249327,0.010370603727110784,0.011937731174255822,0.0108602610151056,0.010867583397503195,0.012785109503207196,0.012434727370294569,0.010788474785194237,0.006730474723181459,0.009006613860927661,0.010832152260283019,0.011998423190178069,0.010723171489809783,0.010268695393786366,0.006928274688975725,0.010580012377256337,0.005286927890534197,0.010201418927031794,0.013147315753330278,0.011405080880709123,0.014527395848119863,0.0141865770022249,0.011308760519162428,0.011265379221532174,0.010627672930392238,0.009695219580364657,0.010708725223879946,0.011345590898461027,0.007230573277277077,0.01107625813034953,0.01082067470393013,0.010356378715313558,0.010239127316145935,0.011385034633290325,0.007349282455873897,0.011278557991303895,0.009863043315205593,0.012295368130423647,0.011188481005827876,0.010815026460596747,0.011135435727491998,0.010811496926155248,0.01071987821809651,0.010006342142842971,0.012443815221128926,0.011464725749628611,0.010519802869698627,0.011360824090664924,0.01123998523437619,0.01063096974981941,0.01092369007953413,0.009784203695673052,0.009514703750257144,0.011160606166527387,0.01722698219276321,0.010765036167764924,0.010598927857031806,0.012252965397028985,0.008196282783279298,0.010437216921255781,0.014368035627639521,0.011288937632297808,0.011609011423845987,0.0036868222163524023,0.010164815996802214,0.010724588509570698,0.010276321756875373,0.01068151702405517,0.011161896113327985,0.009854921354954346,0.011815861422250573,0.010429829334115986,0.010967234659341237,0.01091488314497498,0.0030591448336727226,0.013100891857433206,0.0131077947628755,0.010109554670401179,0.010650762293753353,0.011970968230003438,0.00991315718251436
stdev_user_sum_swear,0.022537747006753796,0.021947464027495305,0.022579884570515928,0.021402919311429503,0.02211816594593729,0.019057781896688667,0.02099529333629833,0.020357990025735413,0.021858626738774086,0.025572885205659347,0.02008905274761529,0.02223210361441337,0.022618818509325345,0.020475992561856983,0.024722513901468082,0.022480668335917407,0.022513100441822847,0.01877174963885173,0.023115293748890143,0.019933281089398694,0.02204028487226976,0.021085594933511156,0.02073772709485637,0.020420082315300028,0.022474176053833055,0.02102307345547532,0.019275345696092957,0.02251313882685898,0.022606393972919872,0.02354443684542465,0.018517968608409468,0.02194308606096597,0.02074142740909092,0.01921965631137218,0.02167633935439249,0.02299475097258738,0.024827222145856927,0.02450915763216885,0.026925708370924204,0.02023840651428261,0.022801095440409237,0.01865306039860477,0.02253556741068288,0.022028066505435064,0.021533523891207322,0.02372575288600093,0.022462559574993615,0.02171489309471944,0.023266169162669343,0.026790828884117393,0.0230600648276765,0.022322171202831392,0.02231956125877925,0.020368485291842632,0.020988260841360046,0.023736724515373585,0.021976601701654094,0.02336466220574377,0.021804878304950627,0.022277639769782028,0.023655860064016154,0.021552722282921905,0.022559960402532643,0.022237330098908617,0.015068547495480842,0.022712259408035704,0.02159899597971149,0.022689992308073163,0.019339232634143888,0.022133238069563816,0.022791027071227772,0.02065777868902951,0.021716759606729877,0.023503339171155435,0.022512327764166704,0.02278104470129088,0.024770994578195454,0.023911499614264586,0.021787608059154348,0.017866008725582763,0.019026205306298165,0.02249438235156509,0.022619570023536994,0.022224692452695954,0.022861020292229722,0.018678178097767915,0.022265346460927912,0.016174893402416814,0.020841184816833093,0.025761609386835166,0.023339321702662744,0.025854834512909798,0.024323019274469004,0.02227787905571458,0.023076334609942965,0.022274482115772667,0.02044527740850135,0.022352524107296892,0.0230468632198833,0.018459797412644596,0.02339068998259115,0.022126985802450132,0.020346198579024113,0.022067550582178543,0.022724986360811945,0.016172706143815007,0.022897596047033467,0.02223882912539048,0.023158890029837974,0.022568823748622704,0.02102150977626276,0.022614197632906556,0.022403508409141785,0.02218357242743564,0.021760754096769343,0.024544518979323218,0.02320855856915302,0.02233611654385611,0.022822619662041133,0.023071198768507883,0.02226733441086683,0.022605969558729917,0.019712383139087526,0.021615623546733756,0.02208191554080717,0.02166560570489259,0.02250382088045757,0.022144856732064837,0.023628918063158914,0.018529889676206293,0.02196009972356331,0.02681773850071629,0.0214727251143211,0.023078817057518575,0.01524331821119781,0.020728025508299063,0.02237860326703986,0.022081117669571715,0.022169401791254352,0.023147024534770345,0.022032172558889222,0.02284975275265724,0.022255424134477078,0.024899435900478568,0.02217140496253732,0.011156997125229214,0.022485737946513845,0.02415874086581194,0.02276332286510364,0.022422762602150027,0.023428873607805052,0.019631692882187468
min_user_sum_swear,-0.018633009105994726,-0.01816139809227978,-0.018379313242461896,-0.01788947064440932,-0.01710170480273905,-0.015557795657277499,-0.01770254216325265,-0.0179405711326373,-0.01805128034842993,-0.016890658907989735,-0.017384858935981285,-0.020568243654128134,-0.018833109901483683,-0.019973379510403556,-0.01850789680462047,-0.01823933099145515,-0.01870823775893274,-0.013384890012211761,-0.01921162786233201,-0.01605400430417954,-0.018406062132430758,-0.017249854949074973,-0.021052158420281002,-0.01867811897245441,-0.018346172854861544,-0.014396732914905468,-0.021366881004180924,-0.01843420282505846,-0.018704104139724724,-0.01938398312309178,-0.01848803994717562,-0.01753415950160302,-0.020305960498077716,-0.017747907638436457,-0.018640922583994163,-0.01823124110027231,-0.016336633809133867,-0.019267039287421326,-0.014723060085624566,-0.0171559768269192,-0.01804373357921298,-0.016735992157435556,-0.01851893413224825,-0.020872306053853363,-0.017735011715806864,-0.0160441417571307,-0.018501300025413735,-0.018315761914424813,-0.014278423042548763,-0.018548920930055644,-0.01878152458630842,-0.01850721000612934,-0.01784704953610325,-0.021170530773547646,-0.016688431060104945,-0.01826834869504397,-0.020406468307061398,-0.01868195151927986,-0.017760557755996883,-0.019337075515699294,-0.018140518215126397,-0.01823099396353691,-0.018394422450042604,-0.01857085152123593,-0.012543479156905768,-0.018424104711635116,-0.01778024265254493,-0.01823752662409864,-0.018534869883838307,-0.018455746839876476,-0.01814075486282956,-0.01776428177619142,-0.0182053293984956,-0.017923090324433233,-0.017773728104916134,-0.018862877587894594,-0.018203808811335837,-0.018452757338635672,-0.017197796502079976,-0.017391073903303418,-0.01616426154133616,-0.01836888357522228,-0.016380209654120976,-0.018089788231852207,-0.02046381186355523,-0.02232138360952545,-0.01841128555204642,-0.021191383875526167,-0.016618970542252996,-0.0179418066085355,-0.01884149616584247,-0.015292509599408833,-0.014776390671099638,-0.018578560842853708,-0.018836752456015498,-0.018457603612323143,-0.015061250370915748,-0.018515933272852683,-0.01847308881964941,-0.018733899280728782,-0.01930518313196476,-0.017899838345388965,-0.019413675025441446,-0.018719869518523256,-0.017980631157371803,-0.019229108738310418,-0.01814753699292301,-0.018977444962527356,-0.02130554663523239,-0.01858258467117707,-0.013811661775022388,-0.018589973413548355,-0.01811505240961392,-0.018155365545439228,-0.01885382258219843,-0.020850987340986272,-0.019040640161016625,-0.018323102354928525,-0.018670137730398044,-0.019821312078800026,-0.018473337674580703,-0.018504522656516118,-0.014768515483452035,-0.017484702643175157,-0.016928404048958602,-2.250916178027999e-29,-0.018719395196656972,-0.018441896814682675,-0.016992394493565967,-0.016683148549892352,-0.01855757078386806,-0.019534152247537396,-0.018253690799885987,-0.019469274760478755,-0.01581341254098841,-0.015578266582772097,-0.018491743410260882,-0.018984663515183953,-0.019377427655157077,-0.018781474524963118,-0.018907410380263685,-0.017548966910965347,-0.01893224923820636,-0.02116259057816154,-0.018302503002998162,-0.016245863708654783,-0.012623251867132132,-0.01629676499830565,-0.020127307645695643,-0.018803988409020478,-0.017208846991800714,-0.016756299829815517
max_user_sum_swear,0.018569152468002826,0.018084511629922945,0.018647175138508054,0.017601612429924977,0.018426319179982997,0.015825641623004018,0.01723390771234464,0.016607253679253677,0.018012351244395854,0.02169962186346922,0.016422446492933847,0.017979969619392373,0.018611309494993435,0.016343985521506052,0.02065677697402697,0.01856775370201306,0.018516003261250205,0.01575380849563475,0.019073520998028885,0.016480548574204,0.01812315167031314,0.017392867809808452,0.01650529843412121,0.0165310660006448,0.018554564901157616,0.01770291370928022,0.015072136423251776,0.018577434315320024,0.018621100359258548,0.01942654053720388,0.014722997844847064,0.01816970228040185,0.016573587967415683,0.015549332811885691,0.017894593127161275,0.01907737763905966,0.02114180052472537,0.02034583536892129,0.0233083731456296,0.016590780807705253,0.018883908223765258,0.015178365283951362,0.01858730130378542,0.017775628662452084,0.017728681773677035,0.020140317588228894,0.018512075410266504,0.017841889923318144,0.019918169308731443,0.022625110288505557,0.01904581087245388,0.01838257186239199,0.01847529233205305,0.01610112639716299,0.017402663026618418,0.01982685373312419,0.01781321196740672,0.01934292341326537,0.018006579927093966,0.01823976897073304,0.01970898174020517,0.017705940286757354,0.01862428861253704,0.01829180359969595,0.012448209128149578,0.01876657424066913,0.017809787000972705,0.018769154817932246,0.015551696370193222,0.01821643451934056,0.01888252738686059,0.01690609575886088,0.017860931097729703,0.019590017451866205,0.018676709625166533,0.01876798785394377,0.020752346108268767,0.019892781372885852,0.018059049288922855,0.014352615018964874,0.015616375815605285,0.018563042804500284,0.018903609527436367,0.018355533420900787,0.01862387152410816,0.014372296718312163,0.018340296316554795,0.012138755560564391,0.017247257697958467,0.021766305808418963,0.019317686096863594,0.02222307597855699,0.02078932720379601,0.018313887158935078,0.019057715747200263,0.018345497099824623,0.01708298432043876,0.018410724082124186,0.019071809863357055,0.01469594031941681,0.019268963518115315,0.018284722668013027,0.01630872795403328,0.01812022200706705,0.0188389506902768,0.012361116633824155,0.01899790953545205,0.018251019309838478,0.018683664257076654,0.018620063231314224,0.017821108684569036,0.01863047708662531,0.018520461199351374,0.01830582254381167,0.01777167783191632,0.02009871138139553,0.01914302744115527,0.018426695802664393,0.01880333855478334,0.018869087073532926,0.018333834616123233,0.01865520934767218,0.01646624878869305,0.01784603144450246,0.018391335531540442,0.02046202151597081,0.018522227847564906,0.01822769575501271,0.019862200291140535,0.015053826740812421,0.018021381979375205,0.022496437498567293,0.01760974523588351,0.01895202050080101,0.012013553987327577,0.017324174460518545,0.01843858905391748,0.018081133760818168,0.018097846606066177,0.019130791546556204,0.018064573637253285,0.019051171764921458,0.018262272891275546,0.020485619154788998,0.01826335050818075,0.008063661228785404,0.019479022257637257,0.020444452267940283,0.018568960069927865,0.018429480928968497,0.019631748395068295,0.01605293855069573
average_user_sum_death,0.019195806631103714,0.018912489068731345,0.01951680267151087,0.019081412313829153,0.018408367984383604,0.022631387170537986,0.018148443734208142,0.016679834048395667,0.020354164888506433,0.01711143231256067,0.01719479778130601,0.018804319490642308,0.019395992954832915,0.019490003445462048,0.018858116573634003,0.019315181628903454,0.02092556253452536,0.019276343726590466,0.020199237287496785,0.018992862338762784,0.019223742234598135,0.019272465848148977,0.018989353963564208,0.019473276803649874,0.019133683595178717,0.01930464294363373,0.018879657524221233,0.019757249023721318,0.01927359790988534,0.019009233751289826,0.018703681352702544,0.01924144876570255,0.019233525218940523,0.01931076519244247,0.018934074355235198,0.018531920112517666,0.024850043749919684,0.018842679769504607,0.020537365836161635,0.019062918073505297,0.018283056413672488,0.018022414594012194,0.019343600059654718,0.020959824777828227,0.017707093918036855,0.020680612450095847,0.018820723271118087,0.01899287500400495,0.018763619709026937,0.019564857015901486,0.019763311718104283,0.0192645983954313,0.0193289850223195,0.019089848377644082,0.01945382226861627,0.017965573566307062,0.021159276456191083,0.019795236774373313,0.018356816508035653,0.019789285949012535,0.018756888653749842,0.019198944245556283,0.019279030969637297,0.01923909177499177,0.014866607048585027,0.019515762673245368,0.01823699342317474,0.01889273029510161,0.018320193031548488,0.019328818567560614,0.019086010278439865,0.019212125961597236,0.01999938276319243,0.01902724511889449,0.01923104253627208,0.019474257347087947,0.01936869478524434,0.01943041214260787,0.019435498591001632,0.011832561211366829,0.018554061235186707,0.019852070188307064,0.017583360642059006,0.01931414102930196,0.0177077676352603,0.020642295434177303,0.019196993756352324,0.02270750544807677,0.019692755905097448,0.018604087931638244,0.018833148121965956,0.0207416172509826,0.01959064532323525,0.01962040227888032,0.018875389513327206,0.019222223532820694,0.016828051445897708,0.019285787036178517,0.019246743325050903,0.021377003714459167,0.01940581476995531,0.018826152766207947,0.021187093149058853,0.019033335632525815,0.019487170107041703,0.01850241680624396,0.01889774022987567,0.018041748006767923,0.021329030933584604,0.01873276072641622,0.018493960742707326,0.018106838678874037,0.019101717086790565,0.019238442352320306,0.02081081694355393,0.02036343855856689,0.01936230004775716,0.01981472454216919,0.018885218743819116,0.018982648617896433,0.019298734376608798,0.01930786582797752,0.016176843616328054,0.020647509696028573,0.02037531209377062,0.017535401932295164,0.019669592793481704,0.019153725867276275,0.0169238532717065,0.004732547742325208,0.019471064983620515,0.019843275561879217,0.01934303791881739,0.019639854705395025,0.012859644656222795,0.020201605971589057,0.019246888019403018,0.01904091129306381,0.019643143082861674,0.018580767764837653,0.01951399509314197,0.019848428172282745,0.01924251063491624,0.020726933141582884,0.01911834999679227,0.01920670181958931,0.017584888790271133,0.020698760137534064,0.01846260550275831,0.01984835462223606,0.014766580929574126,0.019930763989191518
stdev_user_sum_death,0.01919580663110372,0.018912489068731345,0.01951680267151088,0.019081412313829163,0.01840836798438361,0.022631387170538,0.018148443734208125,0.01667983404839568,0.02035416488850643,0.01711143231256069,0.017194797781306018,0.01880431949064232,0.01939599295483292,0.019490003445462065,0.01885811657363403,0.01931518162890345,0.020925562534525398,0.019276343726590477,0.020199237287496785,0.01899286233876279,0.01922374223459812,0.019272465848148984,0.018989353963564208,0.019473276803649874,0.019133683595178714,0.019304642943633734,0.018879657524221244,0.019757249023721328,0.019273597909885327,0.019009233751289836,0.01870368135270254,0.019241448765702565,0.01923352521894053,0.019310765192442486,0.018934074355235225,0.018531920112517676,0.0248500437499197,0.018842679769504614,0.020537365836161635,0.01906291807350531,0.018283056413672488,0.0180224145940122,0.019343600059654728,0.02095982477782823,0.017707093918036855,0.020680612450095854,0.018820723271118094,0.01899287500400497,0.018763619709026937,0.019564857015901497,0.019763311718104276,0.01926459839543131,0.019328985022319504,0.019089848377644082,0.019453822268616274,0.017965573566307062,0.021159276456191086,0.01979523677437332,0.01835681650803566,0.01978928594901254,0.018756888653749852,0.019198944245556297,0.019279030969637297,0.019239091774991765,0.014866607048585025,0.019515762673245368,0.018236993423174738,0.018892730295101627,0.018320193031548502,0.019328818567560628,0.019086010278439876,0.019212125961597236,0.01999938276319243,0.01902724511889449,0.019231042536272093,0.019474257347087943,0.019368694785244354,0.01943041214260786,0.019435498591001632,0.011832561211366834,0.01855406123518672,0.019852070188307078,0.01758336064205901,0.019314141029301964,0.01770776763526031,0.020642295434177296,0.01919699375635233,0.02270750544807678,0.01969275590509745,0.018604087931638248,0.018833148121965966,0.020741617250982596,0.019590645323235262,0.019620402278880313,0.018875389513327217,0.019222223532820715,0.016828051445897697,0.0192857870361785,0.0192467433250509,0.02137700371445918,0.01940581476995532,0.018826152766207964,0.021187093149058867,0.0190333356325258,0.01948717010704171,0.018502416806243958,0.018897740229875688,0.018041748006767926,0.021329030933584618,0.01873276072641621,0.018493960742707323,0.018106838678874037,0.019101717086790565,0.019238442352320306,0.02081081694355394,0.020363438558566885,0.01936230004775716,0.019814724542169194,0.018885218743819116,0.018982648617896437,0.01929873437660881,0.019307865827977513,0.01617684361632806,0.02064750969602859,0.02037531209377063,0.01753540193229519,0.01966959279348169,0.01915372586727629,0.016923853271706514,0.004732547742325212,0.01947106498362052,0.019843275561879214,0.01934303791881741,0.019639854705395032,0.012859644656222797,0.02020160597158907,0.019246888019403007,0.019040911293063817,0.019643143082861685,0.018580767764837663,0.01951399509314197,0.019848428172282745,0.019242510634916242,0.020726933141582894,0.019118349996792277,0.019206701819589334,0.017584888790271147,0.020698760137534078,0.018462605502758314,0.01984835462223607,0.014766580929574122,0.019930763989191528
min_user_sum_death,0.0,0.0,0.0,0.0,0.0,0.0,0.0,0.0,0.0,0.0,0.0,0.0,0.0,0.0,0.0,0.0,0.0,0.0,0.0,0.0,0.0,0.0,0.0,0.0,0.0,0.0,0.0,0.0,0.0,0.0,0.0,0.0,0.0,0.0,0.0,0.0,0.0,0.0,0.0,0.0,0.0,0.0,0.0,0.0,0.0,0.0,0.0,0.0,0.0,0.0,0.0,0.0,0.0,0.0,0.0,0.0,0.0,0.0,0.0,0.0,0.0,0.0,0.0,0.0,0.0,0.0,0.0,0.0,0.0,0.0,0.0,0.0,0.0,0.0,0.0,0.0,0.0,0.0,0.0,0.0,0.0,0.0,0.0,0.0,0.0,0.0,0.0,0.0,0.0,0.0,0.0,0.0,0.0,0.0,0.0,0.0,0.0,0.0,0.0,0.0,0.0,0.0,0.0,0.0,0.0,0.0,0.0,0.0,0.0,0.0,0.0,0.0,0.0,0.0,0.0,0.0,0.0,0.0,0.0,0.0,0.0,0.0,0.0,0.0,0.0,0.0,0.0,0.0,0.0,0.0,0.0,0.0,0.0,0.0,0.0,0.0,0.0,0.0,0.0,0.0,0.0,0.0,0.0,0.0,0.0,0.0,0.0,0.0,0.0,0.0,0.0,0.0
max_user_sum_death,0.01919580663110372,0.018912489068731348,0.019516802671510878,0.019081412313829156,0.01840836798438361,0.02263138717053799,0.018148443734208132,0.016679834048395674,0.02035416488850643,0.01711143231256068,0.017194797781306025,0.01880431949064231,0.019395992954832915,0.019490003445462062,0.01885811657363401,0.019315181628903458,0.020925562534525384,0.019276343726590463,0.020199237287496778,0.018992862338762795,0.01922374223459812,0.01927246584814897,0.01898935396356421,0.01947327680364988,0.019133683595178724,0.019304642943633724,0.01887965752422124,0.01975724902372132,0.01927359790988533,0.01900923375128983,0.018703681352702544,0.019241448765702565,0.01923352521894052,0.01931076519244248,0.018934074355235204,0.018531920112517673,0.024850043749919698,0.01884267976950462,0.020537365836161635,0.01906291807350529,0.018283056413672488,0.0180224145940122,0.01934360005965472,0.02095982477782823,0.017707093918036855,0.02068061245009585,0.018820723271118098,0.01899287500400496,0.018763619709026944,0.019564857015901493,0.019763311718104276,0.01926459839543131,0.019328985022319507,0.019089848377644082,0.019453822268616278,0.01796557356630706,0.02115927645619109,0.019795236774373316,0.018356816508035653,0.019789285949012535,0.018756888653749852,0.01919894424555629,0.019279030969637293,0.01923909177499177,0.01486660704858504,0.019515762673245375,0.01823699342317474,0.018892730295101617,0.018320193031548502,0.019328818567560618,0.019086010278439865,0.01921212596159723,0.019999382763192446,0.019027245118894493,0.019231042536272072,0.01947425734708795,0.019368694785244348,0.01943041214260787,0.019435498591001632,0.011832561211366832,0.018554061235186707,0.019852070188307064,0.01758336064205901,0.019314141029301964,0.017707767635260305,0.020642295434177296,0.019196993756352327,0.022707505448076787,0.019692755905097444,0.01860408793163825,0.01883314812196596,0.020741617250982596,0.01959064532323527,0.019620402278880324,0.018875389513327213,0.0192222235328207,0.016828051445897697,0.019285787036178503,0.0192467433250509,0.021377003714459164,0.019405814769955308,0.018826152766207957,0.021187093149058856,0.019033335632525822,0.019487170107041707,0.018502416806243968,0.018897740229875677,0.01804174800676793,0.0213290309335846,0.018732760726416213,0.018493960742707323,0.01810683867887404,0.01910171708679058,0.019238442352320306,0.020810816943553932,0.02036343855856689,0.01936230004775716,0.01981472454216919,0.01888521874381912,0.018982648617896433,0.01929873437660881,0.019307865827977517,0.01617684361632806,0.020647509696028597,0.02037531209377063,0.017535401932295185,0.019669592793481693,0.019153725867276275,0.016923853271706514,0.004732547742325212,0.01947106498362052,0.019843275561879217,0.01934303791881741,0.01963985470539503,0.012859644656222798,0.020201605971589074,0.019246888019403014,0.019040911293063824,0.01964314308286167,0.018580767764837667,0.019513995093141973,0.019848428172282745,0.019242510634916242,0.020726933141582877,0.01911834999679227,0.019206701819589316,0.017584888790271133,0.020698760137534078,0.01846260550275831,0.019848354622236074,0.014766580929574129,0.019930763989191528
average_user_sum_health,-0.010920416402401064,-0.011020624217201435,-0.011158678660552547,-0.010648681073964538,-0.010919816944658817,-0.026655086847346406,-0.005987999030758305,-0.01269803045417604,-0.010815254616981873,-0.010901119233074876,-0.013176862189329924,-0.011519781584141764,-0.010432048711073017,-0.017537998549504302,-0.011187485511846193,-0.010498087361456559,-0.010652689471626897,-0.014104972244002714,-0.012620528851823229,-0.010761108014559565,-0.010821704880527621,-0.01111393144966678,-0.008894111577131932,-0.011291743192535618,-0.010924154594155777,-0.011517813790581309,-0.008383681289072107,-0.010867950920573652,-0.01101626398955276,-0.010806900637137911,-0.0061762724140090805,-0.011185619693073127,-0.011442933446108517,-0.008304480539333943,-0.010176706416585678,-0.011048941386814292,-0.012968011542323766,-0.00471096884732547,-0.009461554553130924,-0.010357235148227197,-0.010996806702111785,-0.01214852036016617,-0.01119022026881137,-0.007072188998761844,-0.012018425456054218,-0.010893491092781434,-0.010911769598728699,-0.011193177794705206,-0.011415107487118074,-0.009581792111980167,-0.009460785247864454,-0.010900535685415765,-0.011500651560817482,-0.008004255296399244,-0.011972629073845902,-0.009156774131209905,-0.011608494793310699,-0.012410445239542312,-0.010651629489917285,-0.011385063501838223,-0.0031298772593000464,-0.0030405741555774995,-0.010831992634485112,-0.010975026722934357,-0.013534434986556123,-0.011129322011179634,-0.012145930812947498,-0.00895039601623123,-0.01099855660379906,-0.010869046329096403,-0.011178271336010907,-0.011274523186252026,-0.01099953610307757,-0.011020987768947613,-0.011294506878989105,-0.010777569732341159,-0.013363642460578357,-0.009115395684475986,-0.0110377581988349,-0.019561432974674553,-0.004403393432129388,-0.010215522265975129,-0.00878869229427261,-0.01052906495321621,-0.011412855859977634,-0.01307114651793805,-0.01116079496279614,-0.008414154530411845,-0.011261796507230049,-0.012803119940168995,-0.011973477012301082,-0.006246215414076292,-0.010936897632157546,-0.009389856282885408,-0.011084209796879525,-0.010650231840020407,-0.0176391979030333,-0.010768135589751756,-0.010873403611812698,-0.01253243408575836,-0.010566248610419333,-0.010733750498723015,-0.0108674080766469,-0.010909714449328624,-0.009295443713464569,-0.017862070003602085,-0.010456181230855538,-0.011708435873520254,-0.008680019480692735,-0.010885281313122318,-0.0109014333374276,-0.01088225623323157,-0.011262482636106123,-0.010433572042199073,-0.01003391433942869,-0.00878454482697081,-0.01086024594900226,-0.01130623949506259,-0.011179405535286869,-0.010316336525787185,-0.01074425383792213,-0.010850393081319529,-0.012800989209274144,-0.01402725176330172,-0.008878269114845872,-0.011579596747767498,-0.010905567881506486,-0.010734197096371852,-0.010397992276178988,-0.012810318384774954,-0.010970821933018288,-0.007414947330842289,-0.010400687308531614,-0.010506532462469638,-0.011260483124706002,-0.007138260712511871,-0.010815882562172021,-0.009323220814090625,-0.0112597136153784,-0.011179133124647793,-0.01170337932026345,-0.009906910760534089,-0.011334517910705931,-0.007950322058817372,-0.010746452420911726,-0.008349255107269726,-0.006154729045614019,-0.01059847115713023,-0.011197046872043337,-0.010753153388847981,-0.010929978006992646,-0.012916910637166771
stdev_user_sum_health,0.049347778128002735,0.049722981805402466,0.049050993228149806,0.049079164790321976,0.04683292669658369,-0.0020618119908454684,0.04554083744246257,0.051485834536015074,0.050490553154042724,0.04810415876848527,0.04808727260304679,0.045395707368775656,0.0495715334285999,0.043990799069195764,0.04762688880066399,0.0499687532042416,0.04390875168103388,0.037181660220335734,0.04896693801329021,0.04939274844333788,0.049186674167666686,0.05061537972945214,0.05087538448737982,0.04865195099410327,0.049132810160046225,0.050717970981614624,0.050576788128527436,0.04892223403213819,0.050690674944964535,0.048788738399892936,0.04502060968923324,0.04822065280306452,0.04802355938861298,0.05182759179555722,0.048794061747245564,0.048887486439506016,0.047393456096765436,0.05148524149551965,0.05741796425002705,0.048726006923926486,0.05232411519783114,0.0470608589950859,0.0490265240834405,0.0388900205891522,0.04941920064613542,0.04710113810189935,0.048585987583142504,0.04834235516099067,0.04540745555841407,0.05038438919877738,0.04984843406795096,0.049234155260143825,0.04981861181258167,0.05253724215057389,0.04828481880549126,0.050177097933955125,0.047597672295013146,0.04707143447854628,0.04985367531746459,0.047486172179328684,0.04370204545605182,0.05357620842298151,0.049128845325624865,0.04927140470468378,0.047332192493815275,0.05007174774732612,0.04788091947455679,0.0447876498831702,0.05028003276211039,0.04942246042347663,0.049055410610033594,0.048300180639349675,0.04807752711584652,0.04753562065089069,0.04888985063897707,0.04859783619933457,0.04892525079337379,0.05023250594653267,0.04842705087362189,0.03583572261112391,0.05536953679001746,0.04961359151157166,0.048944387262264556,0.049271239464225416,0.049741603657880135,0.04868861274595293,0.048632772917687944,0.051494563297662645,0.04652451964299801,0.046711825187149086,0.04910743243516795,0.04070902122031268,0.05038421763971229,0.049439206232094586,0.048760156958567905,0.04921670374623245,0.04900702784697179,0.049300602049779756,0.049137643544092176,0.04676594358262306,0.04725762388701298,0.049822784879440064,0.0491356266786939,0.05072060539187461,0.047013278422259615,0.05118755476898766,0.048389555008728075,0.04773867262297659,0.04224448464843244,0.04506132854829764,0.050371529268362095,0.04794069387722349,0.04889961440769386,0.049835815273343076,0.05158969952678648,0.04568228207314913,0.04807626431599375,0.04828405089425902,0.05050612775370279,0.05039250342949484,0.049232328991625954,0.04917011997698484,0.04683840800672376,0.04636521780105403,0.04954066868335945,0.04822113488998243,0.0497640223349672,0.0497355281593032,0.0486801682435573,0.04474949550861536,0.04928009409927628,0.04560395907622486,0.04921776194407858,0.049049122308281234,0.05214431239976646,0.05076598513354896,0.04929287153042743,0.05083351040984396,0.04800303279659801,0.04881276266996197,0.04958256554977517,0.04935814487294408,0.04902409187643062,0.04664035008799976,0.04900439599511229,0.04931138954209913,0.04421014197792558,0.04886315634437447,0.045131900552825635,0.04886099825614907,0.0507789171246501,0.043672245175208145
min_user_sum_health,-0.044817152510796245,-0.044421219254686964,-0.04461598224688711,-0.04383327541490241,-0.039995340301768906,-0.04270438996287912,-0.049287013026647467,-0.04450915811348273,-0.0450430364379867,-0.04478260976551593,-0.03920070826991433,-0.04519298270161839,-0.04520749118504187,-0.039752327824016824,-0.04622478024009539,-0.04456475032607466,-0.043130941988738056,-0.03289818691571397,-0.05127264953325795,-0.04335344833856441,-0.04437615446289596,-0.043409153320339726,-0.04456492419199533,-0.04470940849753888,-0.04453655543337366,-0.043705845732421506,-0.044275954792146036,-0.044645131509702715,-0.04642362585250242,-0.04174083395971595,-0.03725688959968492,-0.045495913633139554,-0.047418949179146734,-0.04929429548109809,-0.044518773196507995,-0.04481960510962871,-0.04753786270937751,-0.043042397011921966,-0.046629225258070506,-0.04339894838833806,-0.04738754965241396,-0.037769596599672925,-0.04482344935465026,-0.040154544678452746,-0.04254374216095914,-0.04118898813165764,-0.04395835358762096,-0.04497492523423002,-0.04127443379067661,-0.045932119943642075,-0.04371800644159126,-0.0445973113921165,-0.04501668282574284,-0.04853117827218961,-0.04473594370067567,-0.047342047103974376,-0.03469252761157717,-0.04515348172611704,-0.045103796140810525,-0.04568573353271883,-2.014619018326268e-30,-0.045723340646286456,-0.04487621511949727,-0.04485397314932812,-0.03525315194227599,-0.044953109259433965,-0.045320100138069266,-0.032247743255745906,-0.04264661232328325,-0.0443191340419312,-0.045005874143256644,-0.044880451856709316,-0.0442197233199106,-0.04497031711065476,-0.044634748815425646,-0.04443346183599476,-0.04311946613939968,-0.04376945209519707,-0.044130619137193766,-0.03441256840126391,-0.047105032092248936,-0.0436890403165402,-0.04356068510969425,-0.04443931601337165,-0.044128090286704356,-0.049880396893544406,-0.04435916379026489,-0.045346673322595864,-0.044277429921408325,-0.043107979805755765,-0.045653182078376785,-0.031963233162987305,-0.043754184955339705,-0.04482227958241997,-0.043362392323351484,-0.044768162998042905,-0.04881454952768794,-0.04470602838925275,-0.04502977703308958,-0.04026720321635434,-0.04440015513342921,-0.045076939806340324,-0.04394121603015208,-0.04570586349266966,-0.04552301504192127,-0.03959049499791553,-0.04454670171468765,-0.042401213538841236,-0.04512917316154517,-0.04397746220451004,-0.04257926052114874,-0.04311274198623487,-0.04423040605908519,-0.043956317313204325,-0.045945177537221125,-0.04502415246440843,-0.0438543917017887,-0.04373021296922575,-0.04563587123315027,-0.04367216526798,-0.04463178405688328,-0.044761166742801124,-0.043352836052650126,-0.04137916102436738,-0.044292916198007286,-0.044151195133000205,-0.04503542698238344,-0.04402972413699447,-0.04999466306624866,-0.0429265907232396,-0.04481474476091219,-0.04508833551060438,-0.04501424390348865,-0.04531038696063531,-0.04221826884761973,-0.04312256432304405,-0.04476966268714694,-0.044481273912106566,-0.044323138462516315,-0.04485426921056691,-0.04424219997789368,-0.043489976421937325,-0.04340165872282699,-0.04368906799293251,-0.04399131871078226,-0.039518493080593464,-0.04595000212599814,-0.0436352021319873,-0.04327860808686841,-0.04325541027990283,-0.045051315645812294,-0.05315796165105979
max_user_sum_health,0.04077390523320753,0.04099572721194117,0.04065177397952885,0.040689665239936786,0.03997778812129711,-0.0060870374871942225,0.04078700639049791,0.042711594615550935,0.041870382710303494,0.03981645810445418,0.03970606770616164,0.03685285253917888,0.04096776304653165,0.036328705591897784,0.03903934551641877,0.0412686479069116,0.0376940645514649,0.0314278047821302,0.04024124014312663,0.04116195306980779,0.040713399472279484,0.042256006602344395,0.04196655613735943,0.03999196432314736,0.04063269101829962,0.04248988823935315,0.04130758820075391,0.040260400883942,0.041764689013375995,0.039799314594716584,0.03813416604701443,0.039784472101894744,0.037949771094078835,0.04277641536095564,0.040432444182717873,0.039570281548642984,0.03756288654098225,0.043750409806494736,0.04682671232113973,0.04004507581379772,0.042694930631000244,0.03969712158788185,0.04051179531691865,0.027916140778732654,0.040429907140556706,0.03982791049546826,0.040514381817730864,0.039884351639987756,0.03881108336588793,0.041698533850361645,0.04192535086134261,0.0407339186159571,0.04124363555621437,0.043254799136956096,0.04008683243126364,0.04166027006583927,0.039604445180996956,0.038367788982854104,0.04127129203831295,0.03993955720893139,0.04170455999871493,0.045950329750552174,0.04059307837820921,0.04071157178986709,0.03969773520896882,0.041396016878320764,0.03940178783715283,0.038695986196033344,0.04212520584757039,0.04090275680884825,0.040419485680312915,0.03983143249525005,0.03965032567185178,0.039333618668475345,0.04031503597664311,0.04028520107803749,0.04054362613979977,0.041844586257009375,0.03977562195641214,0.029335321334981998,0.04831741707429889,0.0411558897021493,0.040773584970153154,0.04099106670142396,0.04110428857990149,0.03990914210012765,0.04019485704223556,0.042276557054618955,0.038245756780295334,0.03884516026549753,0.03982337828151964,0.034701065655600175,0.041871561380587244,0.0413775981810991,0.040148339144839396,0.0407064481761404,0.03928108396220609,0.04077216428074256,0.04062805201020309,0.03926116126515419,0.038989833747827725,0.04112392037979171,0.03920011024318122,0.041835436481847794,0.038987868030533064,0.03863396847752509,0.040170990081173884,0.039213841339390224,0.033801586689506016,0.037146399408629245,0.04426127995326573,0.039627282999736446,0.040514943220982265,0.04139021411304716,0.04254268906963701,0.037539925513635,0.040085879135334214,0.03988752729226176,0.04084001429841502,0.04210964368908414,0.04070468687680559,0.040659175421146984,0.038440285965368234,0.0384639882401235,0.04088712835266018,0.03998313482884695,0.040983442116028466,0.04121654509028539,0.03976735121979704,0.03672527554558947,0.0407117192088018,0.03718824341112287,0.040556067593592406,0.04050688261188584,0.04445441836471514,0.0423732744542467,0.04075973166908624,0.04221765561930545,0.03990766416027579,0.0402616765818127,0.04089454184729771,0.041344191680879314,0.0405626664878962,0.039153515496887656,0.04095755188940337,0.04053397704809232,0.03590492012949411,0.040675134356335504,0.03780478372509428,0.040670123106814,0.04208234487359834,0.03377918914924668
average_user_sum_see,-0.006651118537357793,-0.007363137731283803,-0.006628853737702525,-0.006903084900659684,-0.006949679631585343,6.0742526736763496e-05,-0.007930629192046491,-0.006676138494206077,-0.006847972209852606,-0.004538771598791655,-0.00563347936890533,-0.006059176634942592,-0.007296188468178422,-0.0015602642626245545,-0.0064391107925660055,-0.006439644278093261,-0.006904164039881934,-0.005953032130095704,-0.005850970664815174,-0.007863247656933917,-0.007123239121066384,-0.005795763792553905,-0.008109188608616614,-0.006207455682825963,-0.006667699043696745,-0.005752602499893102,-0.0013431170441113782,-0.006501442452463987,-0.006175038524903692,-0.0062882971157180384,0.00045526579625864566,-0.005236612429723632,-0.007150651903904972,-0.004607518270161228,-0.006952811044915554,-0.005855011507314781,-0.007392786521734434,-0.018154630300466528,-0.0009690538002617346,-0.008738927413807546,-0.004099412613250636,-0.008710469398807614,-0.00705573448774572,-0.008460064947458105,-0.007433562967408308,-0.003663247982977202,-0.007083665939092629,-0.006975461603827474,-0.004205024738618279,-0.004514012990286437,-0.009056729109179939,-0.006845151287795167,-0.006977545860032997,-0.007803376375438183,-0.007507516848960418,-0.009308692381455975,-0.0018494108409679681,-0.005181708917161246,-0.006350338103106016,-0.0037575015529368776,-0.007298475685033258,-0.00871644540518879,-0.006940084512257203,-0.0068469318071682226,0.00048647638111566725,-0.006333945780432689,-0.006148600827040515,-0.006253594662846033,-0.00873103153455634,-0.005747690758829896,-0.005526470334236424,-0.007367135501483386,-0.006941360272275177,-0.0075799810632944395,-0.006552196840912416,-0.005380279811408045,-0.000407794986991181,-0.008054859133684582,-0.005822586517203652,-0.004282263209960586,-0.012842618143724296,-0.00532150110513982,-0.008178692429046036,-0.007137553664082889,-0.00726661935614018,-0.009730203471573398,-0.0064181751123430185,-0.007574961823630675,-0.00496096343328554,0.001680579231418824,-0.007948870917143656,-0.0022651971507223,-0.005095236967947218,-0.008777356958599299,-0.007785502349070395,-0.006979401013740626,-0.014623598100412683,-0.0069066450347474865,-0.006256124998149989,-0.007053191019452449,-0.006881239250500978,-0.0078933863668362,-0.003952247758462896,-0.008144937405513926,-0.007616726321648308,-0.0030172085272241276,-0.006677792532360373,-0.007136502293469052,-0.01605770337860174,-0.00718676485653502,-0.01247321132875659,-0.0066639541588524726,-0.006372720312641423,-0.007061185877937937,-0.005212430185462013,-0.01187013597058979,-0.006321980706203113,-0.007037532938439346,-0.008430928180117196,-0.007571788948938413,-0.007033955995447865,-0.006809556887828584,-0.003895948285412925,0.00029247051773315016,-0.008822728070223378,-0.0048028069407116064,-0.006831619665898053,-0.006929504116045639,-0.006745500486956343,-0.00565005453082208,-0.00737756581512573,-0.012312841679247927,-0.007251505645562633,-0.006164210171579733,-0.0038078785666931913,-0.010773087262329376,-0.006944250063172012,-0.006095323639096808,-0.005149739885474783,-0.005416837741960632,-0.0084228081441392,-0.007312605594014038,-0.007574006530957998,-0.008199403967583455,-0.007346186708510443,-0.005435862465804996,-0.0008112891640860891,-0.005098105543350337,-0.010842585305380022,-0.007853046803230967,-0.006002655215311389,-0.01104618530028551
stdev_user_sum_see,-0.03196768882171063,-0.03250333588553718,-0.03143822030036886,-0.03326039143995464,-0.02767603900123919,-0.027934359484108457,-0.034449996929619656,-0.032812394586652756,-0.03262799936675594,-0.03050786162314362,-0.03143679413202875,-0.030314860819589253,-0.03218053236217161,-0.025531772272285806,-0.03200490198754407,-0.03192714471951015,-0.033131115275993,-0.02771956889489927,-0.03369293508471403,-0.03097171121043222,-0.03188502271048261,-0.03074320521397645,-0.03213582692483513,-0.029768388607798596,-0.03157270073541277,-0.029240671408918836,-0.027260569038008078,-0.033381561899908145,-0.03238518899243109,-0.030138083612329544,-0.029768845821509203,-0.0312717393432213,-0.035946553003653424,-0.03222651801696834,-0.03219585521519687,-0.031345754777776846,-0.03516080212830971,-0.0356628072220605,-0.029040100653896284,-0.03289778944356274,-0.031112839822393608,-0.032410862109516596,-0.03177058917379775,-0.02732601654129668,-0.03302833784359545,-0.02754865722808643,-0.031528035880020726,-0.03210568377544548,-0.03829147421931116,-0.0308899274299493,-0.03068676244434345,-0.03185653326562564,-0.03225406980632461,-0.03071894343984166,-0.031683098147098916,-0.03445120044412326,-0.019264025896985976,-0.030745118567215787,-0.03156347961918124,-0.032205909863547495,-0.030983627058953828,-0.0331794369381983,-0.031866015091313454,-0.0317768556510334,-0.031943590743873984,-0.031383014060793656,-0.03135610227281068,-0.031496399415021345,-0.034384481703078104,-0.03019386186245125,-0.03267730184876225,-0.031635451392101714,-0.031976103773206824,-0.03474219347869614,-0.031913341614263596,-0.03118689450761948,-0.01738454417316418,-0.033384338886391876,-0.030510745523621114,-0.029039321381800667,-0.034774706830341985,-0.03044925057572856,-0.033103059941419974,-0.032037739184570486,-0.031062728435583734,-0.03747659046860085,-0.03251290399168047,-0.03152277711132152,-0.03038779205871043,-0.027643324764873786,-0.031430446534404584,-0.03630144513071889,-0.033493085399112214,-0.03585766302734848,-0.03339930449534309,-0.03220691567737309,-0.03620702044080293,-0.03173968696625903,-0.0328278167084798,-0.031764028936035714,-0.03384127498245838,-0.03223652427939678,-0.028923644046255702,-0.032960920814107834,-0.032859085081105945,-0.020812522062528205,-0.0321348596166523,-0.031132099094697385,-0.029888820103298283,-0.03236580935371361,-0.03215353555206839,-0.029370364111922474,-0.03170435848469234,-0.03167312249414428,-0.025835813275379975,-0.03171386518778079,-0.03217625664474169,-0.03198635883500724,-0.03198885246729866,-0.031060851793693795,-0.03200768500923359,-0.031985009511501676,-0.03395275115346423,-0.02770751327754917,-0.03267209984667139,-0.0310216944034526,-0.031690399396331406,-0.03162921660756431,-0.03461675417946931,-0.03411854378451539,-0.03203155022484317,-0.035195335167381644,-0.03169675865203455,-0.03263304565625181,-0.026173528003638338,-0.03303595432692736,-0.03198230110686596,-0.032689974106132225,-0.029994182021756962,-0.03237515684858569,-0.03252524717614773,-0.036285657592168306,-0.031137757559646338,-0.036664676696890844,-0.03236287573534037,-0.027702062423554486,-0.023553607921279626,-0.0289153641920231,-0.03263000823975096,-0.031727914031182275,-0.031230915138988943,-0.02593229952728359
min_user_sum_see,0.002739494855307633,0.001525491905067052,0.0010559587865659383,0.0035704059444979005,0.001992782965859397,0.0035033502217581463,0.005010328599764858,-0.0013108428605945917,0.00028939396416393075,0.006196010985007453,0.0056362425083720585,0.0022030738234553064,0.0022855213016496935,0.0015369363100625807,0.004369626430832008,0.0014207808906908283,-0.0017090625397001716,0.0040942046188925255,-0.004796503377766867,-0.0018173075426125987,0.0020776945244322447,0.002005480554136749,0.004225783137351503,0.001932284822992454,0.0028343088223588423,-0.005013309968446494,-0.001846106582531211,0.002909752696195288,0.0003796565608038382,0.003686250868331291,0.0022657514128033088,0.0012682312386043566,0.00588252849371886,0.0027183391772420537,0.0016345202271355278,-0.000739854538712623,0.0029415121329483887,0.004875998845870692,0.0010006545710255915,0.003799922583434214,0.000705479247843162,0.0017759244202019886,0.0022616718726379157,0.011076863104317712,0.002206861147023755,-0.01052950738717854,0.002023787371335288,0.002220308747597862,0.0012876436399681685,0.007505979782757077,-0.0006125011882286268,0.0022462754308727947,0.0019775505196953725,0.004317054868088324,0.00013572176198375398,0.003978499561060318,-0.00440713686584943,0.0034008612177244945,0.003738087429864855,0.01460863486919117,0.0022138262672879976,0.0018341837442321877,0.0022616179464023207,0.0021802897974723574,0.00011330197695390981,0.0014133908811886225,0.003883115252218886,0.003105992366677324,0.007860494736540682,0.001620098080900332,0.0030639115447460607,-0.0010892708414572674,0.0014925885874514534,0.0014717234691632806,0.0020124688553979217,0.0010477984158345395,0.0010161200974964767,0.0037079776875773383,0.00017959283194224438,-0.0027805843358902566,0.01134723075164314,0.0010921732785262768,0.003871216239161426,0.0021193295940751125,0.0005232416418108586,0.001217013830681236,0.0024525562049242935,0.004086844610420581,0.002883576024466059,-0.004527553607375054,0.005150272432211138,-0.003923961434260249,-0.0006545953821188956,0.0036338451882797504,0.001361153425999551,0.00245316743986038,0.00815550463774388,0.0022093487805176443,0.0042553458294215755,0.0009700525330734611,0.0027002319658876433,0.0014624621891218834,0.0010929429092176183,0.0019096695160355842,0.0028231002650734227,0.0050884355041978125,0.0024015854493945497,0.00037222338926442763,0.0043542494364295185,0.003095829685786115,0.002787796357744893,0.003340795261378547,0.002117936357599626,0.002424298172729538,-0.003185503097128067,0.0015865174857297906,0.002060345283948559,0.0018513315474276678,0.0010943135333253227,0.002445883773509137,0.0022806562078076607,0.00306442932285413,0.013306443710733296,-0.003933910885561442,0.003921364002008348,0.00410050017299904,0.0020139730862879356,0.002521802966679431,0.006234548917319678,0.008180937805697428,0.0016332698807766596,0.0010150758971311782,0.0023952092980321507,0.0034803084278342998,0.005545736853889063,0.007808938328142835,0.0022896544939196165,0.001996088061159586,-0.0017274647026822533,0.0016963823759334924,0.005651531703827713,0.006553192208929033,0.0026117892885522435,0.011663577519130492,0.003540345733825144,0.004573881045412584,0.005909824885934053,-0.00030113432283949883,0.004604802043705393,0.0025738907634133565,0.003275395595489094,0.003437521549589952
max_user_sum_see,-0.03395869000498002,-0.03469113282307816,-0.03377614901782519,-0.034876120098312015,-0.029379105540909684,-0.029264052462583512,-0.035888213282794776,-0.03494682298396614,-0.03463269809180563,-0.03113899950690563,-0.03199875810061731,-0.03338598449504932,-0.03428078501225154,-0.027176826005591022,-0.033996587293466655,-0.03383341095827416,-0.03445405984957379,-0.02833499892052077,-0.03764060424585287,-0.03517521551825099,-0.033953723742700184,-0.03266460829683375,-0.03393262778365514,-0.032240956297325866,-0.03353630066184045,-0.03155204638461987,-0.02898594513539882,-0.03524458143096472,-0.034282123556596114,-0.031862140368943206,-0.03140026509102132,-0.034011043703541216,-0.03762928151648514,-0.03322622088726499,-0.034300709856641826,-0.034902404734157316,-0.03607444553311737,-0.03827380481978522,-0.032682201192913686,-0.034723390564234805,-0.032552213432498034,-0.03480622548144932,-0.033833195319000225,-0.03006643468558267,-0.03496827260473319,-0.03269343303150541,-0.033569566555771424,-0.034185861647471914,-0.03605511359770865,-0.031816859640310564,-0.03331427924448373,-0.033897364297330944,-0.03420145674744065,-0.032722800139139335,-0.03439313751260635,-0.03675188818878649,-0.02381299848424535,-0.03204738069596679,-0.033336042854849514,-0.030972293543550126,-0.03269827098836611,-0.03566399462355299,-0.033956406248806005,-0.033814846159023894,-0.03177256909253368,-0.033530497697114164,-0.032960608801256466,-0.03342719523600575,-0.03434544406472296,-0.032258302863387184,-0.034268296377185814,-0.0346701773073118,-0.03478925203452378,-0.036547795622752816,-0.034311474289544446,-0.03319507585474824,-0.020309957596225454,-0.03483028265108272,-0.03307584298521603,-0.03058201809761667,-0.03693475755329133,-0.032581559662298386,-0.03435620688498123,-0.0340181731034761,-0.03386471025091581,-0.03992445026317761,-0.03432520031105705,-0.03346409300282564,-0.032331177910085086,-0.02887273379447185,-0.032590997944626755,-0.03769162642433333,-0.03506806135549426,-0.03715890131000142,-0.03554084167306985,-0.034171406548830295,-0.03774149809062918,-0.03383047653731887,-0.034446277121750045,-0.03440753635402208,-0.03532678076838026,-0.03445610525836871,-0.03141025447266704,-0.03507754966308972,-0.034974813371540764,-0.023374050033074075,-0.034021455651854014,-0.03330509218662167,-0.03296141282326688,-0.034661350148144796,-0.033896258807935835,-0.03171770054379414,-0.033703005608677214,-0.03391545797051299,-0.02994553486919167,-0.034503536311295394,-0.033878579259531076,-0.03406877913714289,-0.034372337606196963,-0.03269740881144546,-0.03414012322095675,-0.033870710268869376,-0.03362236239086596,-0.03091639550375192,-0.03480227756466243,-0.03241345748278928,-0.033862620198723846,-0.033484763334725366,-0.036175392674867524,-0.034804789318815796,-0.0342589965665176,-0.03777248329834269,-0.033760826566102964,-0.034390375028794926,-0.0278815920498585,-0.03593595227832568,-0.03402827728277985,-0.03483767886894406,-0.03279319066770218,-0.03415352107929451,-0.034420881992640345,-0.03727625388208372,-0.033593260698561216,-0.03666101696652479,-0.03373755736813561,-0.02983387407316879,-0.028377691225955202,-0.031041012468180005,-0.034359816498865034,-0.03365459289962401,-0.0330004538448824,-0.029228285287713783
average_user_sum_body,0.015137005231572877,0.014810465579537576,0.014901054738422442,0.014880462639577888,0.013623353471578267,0.01240550370529397,0.014800437562928054,0.01673989961470845,0.015025373997372566,0.016504299958423556,0.012677230163246114,0.016033362143415133,0.015069476438414043,0.012788910608378789,0.013685408905103405,0.015242754376581511,0.011924712323103204,0.02219021113766437,0.01697880790560255,0.017381104134369326,0.014631969359333275,0.014178748610162549,0.014694305864685842,0.013688214115713204,0.014952235583724355,0.01502391968440928,0.010277535036792863,0.015162009915518922,0.014568544095345293,0.013059394693580174,0.015158815266913723,0.01774266165033183,0.020356738273122794,0.011357406113077742,0.015007104637839615,0.01683714496058395,0.01646371174603286,0.016150318065157133,0.007171890695223615,0.0139702412825346,0.01833644423754927,0.014954589175193708,0.01528020356289733,0.013271021015151038,0.013760507160386223,0.01246956691878304,0.015124152008387142,0.015479868019719525,0.01392795809791802,0.014720188104892397,0.014698529850975172,0.015100630279042055,0.014818243806645894,0.01448951959739167,0.014881107008475716,0.015754236396398634,0.014175137047172943,0.01474144682995224,0.01564069972456808,0.01532096222489884,0.01721048673790576,0.014135741812350595,0.015012736951970352,0.015049178039930652,0.01381483122958874,0.01488985737791954,0.01286794558924664,0.012202046796339253,0.015008419063597983,0.014740820039672291,0.015163700787532153,0.015929256536950355,0.01488380722681499,0.01493080883318338,0.015348189205752883,0.01482780348446969,0.011980862907721242,0.015106639698334192,0.014308774021536722,0.01376042256479731,0.016272740891883603,0.013661786758840333,0.012791143722728514,0.014720067002882836,0.015376000620421323,0.018430827763666398,0.015021513632106662,0.013841461522178355,0.01543742394348683,0.01614291064540312,0.01486893770122226,0.010903808910391366,0.013441395411224296,0.014690360410231328,0.015290290649394979,0.015156957564172239,0.015625420691088125,0.015111179116416884,0.015101661288809024,0.017393591307654332,0.015261897606748998,0.014904583920771595,0.01034161278683935,0.015327324726382999,0.015133598821079517,0.014529484633667652,0.014688519005814157,0.016644042438479376,0.009912538286578051,0.015662918351073682,0.017733414610470715,0.015553784146435178,0.01500398975470683,0.015293543700204037,0.013217464443516565,0.012115080783642302,0.015084214781857945,0.015449927013097081,0.013924389986571618,0.014587806164737753,0.01528444504243276,0.015005584719701263,0.011250190725778235,0.011798840096951375,0.01466553861416482,0.014896184966816807,0.0151429081376594,0.0152176551989441,0.01612810021724929,0.010597759207601351,0.015686457389642958,0.015947272510862316,0.015173056261988388,0.014908909831947825,0.010136007717530995,0.013513180187317442,0.015081576722156117,0.014988235274170208,0.01362419796631753,0.014740845180104167,0.015403959217334725,0.01737501462382695,0.01572277636824889,0.014725513299520182,0.0153526283130871,0.011633872413203999,0.010881963923568758,0.013653097492027953,0.01694791793531756,0.014916433290055701,0.01584646020735946,0.013538101273783291
stdev_user_sum_body,0.011319448256326045,0.011144988444256917,0.011270623458534353,0.011197318326756687,0.011214500647996187,0.008744391655837916,0.010901851822507386,0.01102120529194014,0.010943934945648354,0.012747150883221836,0.011245453286621722,0.01108396445208214,0.01144577868589221,0.010820460373153852,0.008599132694436646,0.011593132725879125,0.010668715663280388,0.020196786316348792,0.00917229234244302,0.01306805664100594,0.011090174523269027,0.010833261420191236,0.011807647632563579,0.00974782503756862,0.011381494743497811,0.01095216339436479,0.005774521142973037,0.010896781492828116,0.010038000399076888,0.011078511360089761,0.009444526872501854,0.011855014897695597,0.019902388394090885,0.008516230660589784,0.01106616211932944,0.012263386992351662,0.012587022662807354,0.013701097530604217,-0.005208773411764763,0.010370775565556115,0.014537769386954075,0.011767328253759032,0.011385057457011202,0.011935899754891628,0.009659052022567283,0.0074122914735093035,0.011938512351019344,0.011297160384298253,0.010312567262742184,0.011608825422896223,0.011303711752260474,0.011356894678266666,0.01066668289949313,0.010282776374545135,0.011242537250191934,0.01075110836850883,0.01180412418884631,0.011217264979418797,0.011287325788797403,0.01186098487527824,0.018302756903957808,0.01077954263561551,0.011269072722951306,0.011243264175559245,0.012128775746629832,0.010902222002348683,0.010203923175891874,0.015435102956366301,0.011154253050627796,0.011108531342600165,0.01106360470880658,0.011415896441197865,0.011067041047493075,0.011151143315238926,0.011266559574805272,0.011062727546890624,0.009137719608209405,0.01158658518807788,0.010391820814272014,0.011909873607541893,0.01035507757789673,0.009768694513896857,0.010196680423080086,0.011159491861146016,0.01193632634321604,0.013988780883320074,0.011115508735597104,0.009215870265047412,0.011999235902360336,0.011680051115887609,0.01102851342407659,0.008562501409429893,0.009111801162750656,0.011085631481645462,0.011657254130998424,0.011387366291474932,0.008864417675066238,0.011378030854018444,0.011512296451204464,0.013194062111944575,0.012323571401013268,0.011021304121929879,0.0072646062892273485,0.0109704496243836,0.011693289393275484,0.010445364571020209,0.011133988663169522,0.013818815841181,0.010625405432334534,0.011075078906055833,0.011421095063316063,0.012343553977267444,0.011286822500237319,0.011785523720936466,0.010014772122198475,0.010082701716475061,0.011099661763100555,0.011973112924775849,0.010664252332788133,0.012713458307938682,0.011466529045252003,0.011227171500191278,0.0068773666934345895,0.00789346712360342,0.01049616169181166,0.010415099196310399,0.011545035949520997,0.011393425054517629,0.010480687683799688,0.0060744536325371265,0.011513348867589514,0.01292759060185329,0.011204264213879501,0.010617945351362994,0.00748671636619298,0.009128050689780115,0.011310108621488011,0.011771812252463827,0.00963887276901006,0.010928253761194377,0.012049036176743156,0.013961341767093988,0.012269687035241079,0.01149097718386066,0.012029769154676174,0.0072378826577668975,0.0037324679444734775,0.009862222932399991,0.01277855358557095,0.011567489111716579,0.012405465739290506,0.005202179541578972
min_user_sum_body,0.0,0.0,0.0,0.0,0.0,0.0,0.0,0.0,0.0,0.0,0.0,0.0,0.0,0.0,0.0,0.0,0.0,0.0,0.0,0.0,0.0,0.0,0.0,0.0,0.0,0.0,0.0,0.0,0.0,0.0,0.0,0.0,0.0,0.0,0.0,0.0,0.0,0.0,0.0,0.0,0.0,0.0,0.0,0.0,0.0,0.0,0.0,0.0,0.0,0.0,0.0,0.0,0.0,0.0,0.0,0.0,0.0,0.0,0.0,0.0,0.0,0.0,0.0,0.0,0.0,0.0,0.0,0.0,0.0,0.0,0.0,0.0,0.0,0.0,0.0,0.0,0.0,0.0,0.0,0.0,0.0,0.0,0.0,0.0,0.0,0.0,0.0,0.0,0.0,0.0,0.0,0.0,0.0,0.0,0.0,0.0,0.0,0.0,0.0,0.0,0.0,0.0,0.0,0.0,0.0,0.0,0.0,0.0,0.0,0.0,0.0,0.0,0.0,0.0,0.0,0.0,0.0,0.0,0.0,0.0,0.0,0.0,0.0,0.0,0.0,0.0,0.0,0.0,0.0,0.0,0.0,0.0,0.0,0.0,0.0,0.0,0.0,0.0,0.0,0.0,0.0,0.0,0.0,0.0,0.0,0.0,0.0,0.0,0.0,0.0,0.0,0.0
max_user_sum_body,0.011775707555085665,0.011656528128040631,0.011734022216740712,0.011653507326664165,0.011689036204691378,0.009190619458144957,0.011265044621400783,0.011367709708123064,0.011409914475536216,0.013104032271272038,0.011810819545404997,0.011454359757011019,0.01195024570398991,0.011455875084973812,0.008928013072099086,0.012065507747673395,0.011252356783559573,0.020363785841301482,0.009285643778778335,0.013466854180369612,0.011578605351647096,0.011317002275446856,0.012378168750301479,0.010245976876574005,0.011869426493687893,0.011265902257287977,0.006176602546775077,0.011305156904088294,0.010555187982668378,0.011745134780337417,0.00929631525493542,0.011915205443613236,0.02056204192521542,0.009216890912419527,0.01151410546531079,0.012545343236063721,0.01304329616308882,0.014307264893148406,-0.0054309516582735605,0.010866062725883963,0.01504924232882004,0.011983117167563614,0.011843934989842046,0.012372977787570114,0.010082142104016343,0.007717920294778476,0.012455429341521596,0.011709776635109366,0.010834393864931274,0.012181512061377181,0.011817342531740221,0.011824210246895108,0.011107807999462887,0.010811935231524994,0.01172908426757777,0.011105630688405078,0.012151464710817936,0.011771316318048437,0.011687069006768165,0.012279171453213944,0.01887278782304793,0.011330743112054821,0.011741774071350648,0.01171407463856987,0.012540488745394844,0.011371298929429813,0.010740841616929604,0.01578789955040463,0.011685238288295003,0.011601428983560008,0.011477029085084559,0.011793368956468021,0.011490570977465166,0.011652676530873308,0.011678966638033087,0.011534555213526402,0.00966487480504653,0.012050961962982658,0.010852332176719916,0.01236037162051147,0.010436708731703992,0.010191092750121127,0.010757225812636955,0.011650410880397864,0.01238942398636447,0.014411173278249142,0.011569394292810693,0.009687739988529906,0.012516614200108838,0.012083329602760652,0.011540733664698911,0.009123103979346056,0.00946965071434873,0.01173091977709912,0.012134176026496513,0.011854065729971986,0.009233842863512594,0.011847525355732868,0.011975046524746008,0.013583520851450348,0.012937879300996435,0.011485309877270762,0.007899196962313722,0.011437272752532144,0.012196275169011499,0.01099689409614555,0.011596282679907251,0.014296091422147727,0.011806440935784734,0.011353767983219026,0.011604745667500128,0.012754542489945175,0.011749134409131052,0.012276308858385016,0.01063765380099957,0.010950279553436781,0.011503126915360568,0.012438814837231651,0.01129029150734999,0.013416357942530474,0.011918890106211406,0.011695461370469125,0.007225583190414221,0.008229545219272185,0.011019586800110295,0.010762616201303036,0.01202755837255234,0.011835704686111018,0.010828069142742387,0.006475728044756226,0.01193225405647863,0.013598577659414024,0.011656074159576446,0.011079743389539588,0.007900544368008557,0.009504255367760199,0.01177713867465921,0.01226506598562746,0.010135797747285036,0.011381371284498535,0.012555460476376607,0.014377992002450934,0.012733652497116828,0.01211826478234403,0.012526662466963542,0.007598026618605779,0.004125414184070435,0.010307307430388945,0.013221732387690005,0.01207970690983537,0.012862833294692691,0.005274931291649249
average_user_sum_family,0.0,0.0,0.0,0.0,0.0,0.0,0.0,0.0,0.0,0.0,0.0,0.0,0.0,0.0,0.0,0.0,0.0,0.0,0.0,0.0,0.0,0.0,0.0,0.0,0.0,0.0,0.0,0.0,0.0,0.0,0.0,0.0,0.0,0.0,0.0,0.0,0.0,0.0,0.0,0.0,0.0,0.0,0.0,0.0,0.0,0.0,0.0,0.0,0.0,0.0,0.0,0.0,0.0,0.0,0.0,0.0,0.0,0.0,0.0,0.0,0.0,0.0,0.0,0.0,0.0,0.0,0.0,0.0,0.0,0.0,0.0,0.0,0.0,0.0,0.0,0.0,0.0,0.0,0.0,0.0,0.0,0.0,0.0,0.0,0.0,0.0,0.0,0.0,0.0,0.0,0.0,0.0,0.0,0.0,0.0,0.0,0.0,0.0,0.0,0.0,0.0,0.0,0.0,0.0,0.0,0.0,0.0,0.0,0.0,0.0,0.0,0.0,0.0,0.0,0.0,0.0,0.0,0.0,0.0,0.0,0.0,0.0,0.0,0.0,0.0,0.0,0.0,0.0,0.0,0.0,0.0,0.0,0.0,0.0,0.0,0.0,0.0,0.0,0.0,0.0,0.0,0.0,0.0,0.0,0.0,0.0,0.0,0.0,0.0,0.0,0.0,0.0
stdev_user_sum_family,0.0,0.0,0.0,0.0,0.0,0.0,0.0,0.0,0.0,0.0,0.0,0.0,0.0,0.0,0.0,0.0,0.0,0.0,0.0,0.0,0.0,0.0,0.0,0.0,0.0,0.0,0.0,0.0,0.0,0.0,0.0,0.0,0.0,0.0,0.0,0.0,0.0,0.0,0.0,0.0,0.0,0.0,0.0,0.0,0.0,0.0,0.0,0.0,0.0,0.0,0.0,0.0,0.0,0.0,0.0,0.0,0.0,0.0,0.0,0.0,0.0,0.0,0.0,0.0,0.0,0.0,0.0,0.0,0.0,0.0,0.0,0.0,0.0,0.0,0.0,0.0,0.0,0.0,0.0,0.0,0.0,0.0,0.0,0.0,0.0,0.0,0.0,0.0,0.0,0.0,0.0,0.0,0.0,0.0,0.0,0.0,0.0,0.0,0.0,0.0,0.0,0.0,0.0,0.0,0.0,0.0,0.0,0.0,0.0,0.0,0.0,0.0,0.0,0.0,0.0,0.0,0.0,0.0,0.0,0.0,0.0,0.0,0.0,0.0,0.0,0.0,0.0,0.0,0.0,0.0,0.0,0.0,0.0,0.0,0.0,0.0,0.0,0.0,0.0,0.0,0.0,0.0,0.0,0.0,0.0,0.0,0.0,0.0,0.0,0.0,0.0,0.0
min_user_sum_family,0.0,0.0,0.0,0.0,0.0,0.0,0.0,0.0,0.0,0.0,0.0,0.0,0.0,0.0,0.0,0.0,0.0,0.0,0.0,0.0,0.0,0.0,0.0,0.0,0.0,0.0,0.0,0.0,0.0,0.0,0.0,0.0,0.0,0.0,0.0,0.0,0.0,0.0,0.0,0.0,0.0,0.0,0.0,0.0,0.0,0.0,0.0,0.0,0.0,0.0,0.0,0.0,0.0,0.0,0.0,0.0,0.0,0.0,0.0,0.0,0.0,0.0,0.0,0.0,0.0,0.0,0.0,0.0,0.0,0.0,0.0,0.0,0.0,0.0,0.0,0.0,0.0,0.0,0.0,0.0,0.0,0.0,0.0,0.0,0.0,0.0,0.0,0.0,0.0,0.0,0.0,0.0,0.0,0.0,0.0,0.0,0.0,0.0,0.0,0.0,0.0,0.0,0.0,0.0,0.0,0.0,0.0,0.0,0.0,0.0,0.0,0.0,0.0,0.0,0.0,0.0,0.0,0.0,0.0,0.0,0.0,0.0,0.0,0.0,0.0,0.0,0.0,0.0,0.0,0.0,0.0,0.0,0.0,0.0,0.0,0.0,0.0,0.0,0.0,0.0,0.0,0.0,0.0,0.0,0.0,0.0,0.0,0.0,0.0,0.0,0.0,0.0
max_user_sum_family,0.0,0.0,0.0,0.0,0.0,0.0,0.0,0.0,0.0,0.0,0.0,0.0,0.0,0.0,0.0,0.0,0.0,0.0,0.0,0.0,0.0,0.0,0.0,0.0,0.0,0.0,0.0,0.0,0.0,0.0,0.0,0.0,0.0,0.0,0.0,0.0,0.0,0.0,0.0,0.0,0.0,0.0,0.0,0.0,0.0,0.0,0.0,0.0,0.0,0.0,0.0,0.0,0.0,0.0,0.0,0.0,0.0,0.0,0.0,0.0,0.0,0.0,0.0,0.0,0.0,0.0,0.0,0.0,0.0,0.0,0.0,0.0,0.0,0.0,0.0,0.0,0.0,0.0,0.0,0.0,0.0,0.0,0.0,0.0,0.0,0.0,0.0,0.0,0.0,0.0,0.0,0.0,0.0,0.0,0.0,0.0,0.0,0.0,0.0,0.0,0.0,0.0,0.0,0.0,0.0,0.0,0.0,0.0,0.0,0.0,0.0,0.0,0.0,0.0,0.0,0.0,0.0,0.0,0.0,0.0,0.0,0.0,0.0,0.0,0.0,0.0,0.0,0.0,0.0,0.0,0.0,0.0,0.0,0.0,0.0,0.0,0.0,0.0,0.0,0.0,0.0,0.0,0.0,0.0,0.0,0.0,0.0,0.0,0.0,0.0,0.0,0.0
average_user_sum_negative_affect,-0.032549852171801556,-0.03304860514026871,-0.032520745554993284,-0.03277993277119786,-0.030334614269996077,-0.03302117486834754,-0.030586983044782114,-0.029803397389180294,-0.034676654376557224,-0.031135771302732214,-0.03767766226046957,-0.03215718777068029,-0.033278547854451904,-0.03407981926795209,-0.03646006944444055,-0.03446195579723533,-0.03648809330125373,-0.027041311858573044,-0.031483479966460934,-0.03103833598636514,-0.032951663185286514,-0.03022490873501403,-0.03366938072808114,-0.033768100300357345,-0.03280160892118514,-0.03477439220309074,-0.035201594847477785,-0.032525602888499705,-0.03746223144627659,-0.03491775634223883,-0.028052128013950607,-0.032801982205770845,-0.030465403246383055,-0.030153794694834563,-0.03302649739349347,-0.029709397858327043,-0.032921462167584195,-0.033294457145440215,-0.029131590636869428,-0.0339632492811156,-0.032143043756614045,-0.030332369959198656,-0.032956061883782195,-0.032619263881135854,-0.03315219679978218,-0.029654893880704712,-0.03087654926059026,-0.03333585532660133,-0.03598764371079094,-0.03277159847054703,-0.03548164593816418,-0.03295846328137576,-0.033295423667890206,-0.03395753384218483,-0.03197653701164129,-0.032214589194318466,-0.02911842721567747,-0.03469671132129985,-0.031126649082100513,-0.03468786914988566,-0.030092064255087765,-0.03355112091834074,-0.03313303415862594,-0.03304345296456121,-0.03154542497288741,-0.032229356184378395,-0.032078894404657415,-0.02950788326754176,-0.03325873750836769,-0.033535319599577645,-0.03311716240849071,-0.03241511290159341,-0.032337882264021164,-0.034260516557134565,-0.03206415292060905,-0.03273040628527585,-0.023261023082239433,-0.035444401232507,-0.03148386266277383,-0.03191274689728054,-0.03313931845251186,-0.032530925945913614,-0.03358107432454733,-0.032492257334139546,-0.030406355364992525,-0.030633368094605387,-0.032944453491409335,-0.03701342771298124,-0.03053868799874587,-0.03155420877163286,-0.03401085543178366,-0.03306381590955412,-0.03347090563719332,-0.03001382438636931,-0.032857812995201005,-0.03315813501452241,-0.03615996767749449,-0.03297526476055741,-0.032632175091690224,-0.030538303013145755,-0.03282935695388231,-0.03351496584251398,-0.037334404302747384,-0.032974372316145424,-0.03236089249858257,-0.026984787096651967,-0.033221925737205484,-0.03214152390780644,-0.03209331166524669,-0.03716539210765911,-0.026972242752739104,-0.03458023999611858,-0.0328971792670064,-0.032835785636938924,-0.03406307689333349,-0.03308728655571198,-0.03347467863026739,-0.032962309085133076,-0.033139353373875025,-0.03236331475248653,-0.032948643164499976,-0.03296351785406022,-0.03253437272829244,-0.0227028165745559,-0.03253516626182913,-0.03011473905840356,-0.032518752524857246,-0.03279957916796317,-0.028926126780778945,-0.03426455046865631,-0.033211661933573104,-0.03314652854260421,-0.03325694025476382,-0.03220457154792884,-0.03266880288518024,-0.029717291117083683,-0.03302907205465255,-0.032426343752685514,-0.031868337625276376,-0.0338900130777826,-0.03193075569265007,-0.0318245814341212,-0.03209619666333215,-0.031560472257685684,-0.03274799075791572,-0.030194588169463715,-0.02813447953319501,-0.03343921835048236,-0.03563814672588515,-0.03374017647487999,-0.03112272064443758,-0.032380278189318615
stdev_user_sum_negative_affect,-0.019006889302290747,-0.01864001797970527,-0.018581220153933445,-0.01851800813154343,-0.01842448563160424,-0.01851303761316396,-0.016967912750840947,-0.015809956979641975,-0.017558882299814033,-0.017612367744070035,-0.02369274352993629,-0.01886569380787597,-0.018831306558620337,-0.023144611115954325,-0.02254673606715287,-0.01992683042230207,-0.020379937297070855,-0.01893835304067429,-0.018705555617283234,-0.017758628643069065,-0.019020702737668316,-0.016156092320614095,-0.01897838195034543,-0.018560778322033573,-0.018749729161475687,-0.02161550427339303,-0.023077122959094778,-0.018984148475100816,-0.018425423504442127,-0.019616162697316503,-0.011639656048088625,-0.019061008314236044,-0.022735440809955033,-0.015141408953857238,-0.018346593551962408,-0.016427642751754616,-0.023022577748140705,-0.020781591826631775,-0.014424576482757075,-0.019472008863066187,-0.017281470574970287,-0.01983949397202486,-0.018619878990638182,-0.02185755577749834,-0.018462795573146548,-0.015286724877074914,-0.01831207014479989,-0.018685321142801282,-0.018495452009713406,-0.022035546461510645,-0.0179894709794167,-0.01880282273049872,-0.018317648444407003,-0.022573977688959666,-0.017811934538487464,-0.01965528965015573,-0.02204303725359965,-0.016774231607280296,-0.01738454106768564,-0.019854118670365076,-0.01731413105169543,-0.019591254879136925,-0.01899884465301632,-0.01875607143037357,-0.026673094954949128,-0.018897711903146,-0.019143205511023775,-0.01928803554711643,-0.017567668736071095,-0.01901839711748178,-0.019642551491945225,-0.018792533650561858,-0.019052575359351277,-0.020182676917683492,-0.017820286922874174,-0.01939665699357593,-0.02315326307390753,-0.017841234254565273,-0.017851378475947997,-0.021815464573267176,-0.015557843591369754,-0.018572729966658746,-0.020718226864427605,-0.018435416862761313,-0.01956899795924366,-0.016997902077475147,-0.018862122369430814,-0.0169569584210598,-0.018655272513615605,-0.018399313692099475,-0.02054530953683154,-0.017624224460081203,-0.020252244574504755,-0.015152064190758076,-0.017311890389151346,-0.018868326582634848,-0.015756077190395273,-0.01877737295558356,-0.018899321660475272,-0.013777652286467745,-0.0188695887691782,-0.018809308405961296,-0.022532771822155285,-0.01829322695750381,-0.018977519152451626,-0.013341684911426165,-0.019670523986287193,-0.019199695510755482,-0.02035734960692506,-0.021117526468417913,-0.013294972983998737,-0.023446178043350252,-0.019167048082644703,-0.018122551018082873,-0.021338537917047932,-0.020179061679576605,-0.019265445968775313,-0.018554385333309466,-0.018626056664348304,-0.020335382602890174,-0.01916499849159208,-0.018744544086202825,-0.020601054550728325,-0.012980014651198048,-0.018849218006390202,-0.021570457318562178,-0.018939039887070176,-0.018539518283025313,-0.00781271267834037,-0.018574669388788392,-0.018285356305143857,-0.01662817534554385,-0.018844770454404164,-0.019496541083816005,-0.019200669649899,-0.017879987311172747,-0.018796893454174016,-0.019912389739043024,-0.017093254531217364,-0.018677371776579858,-0.018210378120955946,-0.01639745529714169,-0.01883796194911165,-0.014188414391716218,-0.018904759843877583,-0.020882449105564978,-0.02582277991103923,-0.018132203897303467,-0.02156903090590181,-0.01942901133360619,-0.020721812364232407,-0.022204942734907272
min_user_sum_negative_affect,-0.018633009105994726,-0.01816139809227978,-0.018379313242461896,-0.01788947064440932,-0.01710170480273905,-0.015557795657277499,-0.01770254216325265,-0.0179405711326373,-0.01805128034842993,-0.016890658907989735,-0.017384858935981285,-0.020568243654128134,-0.018833109901483683,-0.019973379510403556,-0.01850789680462047,-0.01823933099145515,-0.01870823775893274,-0.013384890012211761,-0.01921162786233201,-0.01605400430417954,-0.018406062132430758,-0.017249854949074973,-0.021052158420281002,-0.01867811897245441,-0.018346172854861544,-0.014396732914905468,-0.021366881004180924,-0.01843420282505846,-0.018704104139724724,-0.01938398312309178,-0.01848803994717562,-0.01753415950160302,-0.020305960498077716,-0.017747907638436457,-0.018640922583994163,-0.01823124110027231,-0.016336633809133867,-0.019267039287421326,-0.014723060085624566,-0.0171559768269192,-0.01804373357921298,-0.016735992157435556,-0.01851893413224825,-0.020872306053853363,-0.017735011715806864,-0.0160441417571307,-0.018501300025413735,-0.018315761914424813,-0.014278423042548763,-0.018548920930055644,-0.01878152458630842,-0.01850721000612934,-0.01784704953610325,-0.021170530773547646,-0.016688431060104945,-0.01826834869504397,-0.020406468307061398,-0.01868195151927986,-0.017760557755996883,-0.019337075515699294,-0.018140518215126397,-0.01823099396353691,-0.018394422450042604,-0.01857085152123593,-0.012543479156905768,-0.018424104711635116,-0.01778024265254493,-0.01823752662409864,-0.018534869883838307,-0.018455746839876476,-0.01814075486282956,-0.01776428177619142,-0.0182053293984956,-0.017923090324433233,-0.017773728104916134,-0.018862877587894594,-0.018203808811335837,-0.018452757338635672,-0.017197796502079976,-0.017391073903303418,-0.01616426154133616,-0.01836888357522228,-0.016380209654120976,-0.018089788231852207,-0.02046381186355523,-0.02232138360952545,-0.01841128555204642,-0.021191383875526167,-0.016618970542252996,-0.0179418066085355,-0.01884149616584247,-0.015292509599408833,-0.014776390671099638,-0.018578560842853708,-0.018836752456015498,-0.018457603612323143,-0.015061250370915748,-0.018515933272852683,-0.01847308881964941,-0.018733899280728782,-0.01930518313196476,-0.017899838345388965,-0.019413675025441446,-0.018719869518523256,-0.017980631157371803,-0.019229108738310418,-0.01814753699292301,-0.018977444962527356,-0.02130554663523239,-0.01858258467117707,-0.013811661775022388,-0.018589973413548355,-0.01811505240961392,-0.018155365545439228,-0.01885382258219843,-0.020850987340986272,-0.019040640161016625,-0.018323102354928525,-0.018670137730398044,-0.019821312078800026,-0.018473337674580703,-0.018504522656516118,-0.014768515483452035,-0.017484702643175157,-0.016928404048958602,-2.250916178027999e-29,-0.018719395196656972,-0.018441896814682675,-0.016992394493565967,-0.016683148549892352,-0.01855757078386806,-0.019534152247537396,-0.018253690799885987,-0.019469274760478755,-0.01581341254098841,-0.015578266582772097,-0.018491743410260882,-0.018984663515183953,-0.019377427655157077,-0.018781474524963118,-0.018907410380263685,-0.017548966910965347,-0.01893224923820636,-0.02116259057816154,-0.018302503002998162,-0.016245863708654783,-0.012623251867132132,-0.01629676499830565,-0.020127307645695643,-0.018803988409020478,-0.017208846991800714,-0.016756299829815517
max_user_sum_negative_affect,-0.025425324023831374,-0.025078886243839353,-0.02497382794948928,-0.02491980092253822,-0.024544921340766676,-0.023858126507400983,-0.023324467317196958,-0.022063686941733534,-0.023787739821460898,-0.024160864266052712,-0.03001845483353981,-0.025841944625865185,-0.02540357467801711,-0.029561959401107656,-0.029060459633071675,-0.026384538544539093,-0.026663220283590104,-0.025073561433868755,-0.02493532531421196,-0.024003147084878485,-0.02544412035789313,-0.022427833225988045,-0.025870687642492937,-0.02500770970826945,-0.025161534265077348,-0.027180268577564445,-0.029578665276683423,-0.025477064367754758,-0.025024875918721625,-0.02624003245688217,-0.01705506646894827,-0.025313240951530036,-0.029573499400733918,-0.021367609560231367,-0.02487372911065871,-0.02247132207502043,-0.028837649052293867,-0.027502238477743385,-0.019985428281762807,-0.0255402369869118,-0.023964513518722003,-0.025910909489134017,-0.02502051939937672,-0.029187082473361953,-0.024719583414075482,-0.019670964563143482,-0.02489091954323628,-0.025166016913029353,-0.024126524759069446,-0.028421335668426244,-0.024517544672364482,-0.025287894979429362,-0.024712994520053693,-0.02932797882379606,-0.024014885536813226,-0.02573204127062429,-0.028711727638130465,-0.02324514068914694,-0.02380675076786173,-0.026144303108210358,-0.023590757823578112,-0.02602173745325321,-0.0254480933619672,-0.025260268627508256,-0.030558604755697917,-0.02534116772054283,-0.025507805748522093,-0.025564565184734718,-0.024502936033041385,-0.025467717606633893,-0.025944030516649275,-0.025028844427591797,-0.025452689150217787,-0.026607745603831105,-0.02427853491226154,-0.025767159582457646,-0.02922925692866466,-0.02482999270279632,-0.02395000505406302,-0.02687172094294483,-0.022149752586650855,-0.02484394277641856,-0.026671321190971185,-0.024807715163112525,-0.026063014667025076,-0.023477156613177536,-0.025265371753406294,-0.023864139951522013,-0.024909443856732355,-0.024166476717216636,-0.027086611448112686,-0.021743290951755992,-0.025705232284734494,-0.022025944050483914,-0.023849971578479765,-0.025360030858762796,-0.021676311404349693,-0.02527532397046545,-0.025383451797395866,-0.020176178446022215,-0.025792903541519085,-0.025192325814376044,-0.02893925505731821,-0.024877496025004033,-0.025527201639831264,-0.019906732168921776,-0.026066239835321914,-0.025773351480602176,-0.027784600390475103,-0.02804823864257566,-0.018730712788089722,-0.030074564940573374,-0.02554495491441966,-0.02472754345057898,-0.02727025676744929,-0.02737715692727544,-0.02590386196725484,-0.02504691885494197,-0.025413828863805096,-0.027306894003676606,-0.02565656965326705,-0.025235178893016078,-0.02657525901671269,-0.016032491131973373,-0.02468198186556493,-0.025478136648947512,-0.0254269989929733,-0.024970050069229578,-0.014472503918305915,-0.02518621025944068,-0.02483126635317171,-0.023650824022853144,-0.025371944261787217,-0.02601191900028152,-0.02616106109684154,-0.02432996801450533,-0.025287585425777213,-0.026346286247189765,-0.023725427881547134,-0.025146792631126937,-0.024751367543226356,-0.023489079750682297,-0.025425614093989145,-0.02147022444080207,-0.025424414080023636,-0.027319744318870496,-0.030821031416408285,-0.024264288315974374,-0.029104467337935543,-0.02594708487997828,-0.026777332992369528,-0.02737401242304789
average_user_sum_quantifier,0.03969181967278874,0.04028116628796575,0.04031626337739676,0.03881601421428,0.038685984199302435,0.02679473130922906,0.04014594354393325,0.03740304055126019,0.039451770946558176,0.037618920230510625,0.038558606627969,0.0369615974554145,0.039852363902055196,0.02984894550880119,0.040965647755649245,0.039517001977642366,0.03758084291786215,0.0392348177898073,0.03932533292674686,0.04036073641545346,0.03971552346140133,0.04067860238268062,0.03789929568247064,0.039505439373572974,0.03989995562449333,0.04070358596464166,0.04200350982067726,0.04008689655256684,0.03930407357985583,0.04094827613293064,0.05014709210073175,0.04191872836954986,0.03963673288537474,0.0409042752847469,0.039710387149398424,0.04066104969512316,0.03152927779124598,0.032311168810243894,0.04497779403701984,0.039803439182088,0.03698728298220698,0.03580739530663184,0.04015867853596096,0.031437163041189084,0.040186741781013086,0.04280042028868458,0.038473402047927166,0.040264446604873355,0.03977304224905724,0.037042682706265234,0.04200907514949759,0.039831141504107666,0.040193721670132077,0.035530952895064444,0.04023456126838936,0.04049166700359606,0.04456970265764854,0.039504156743930784,0.03968748853640958,0.04513075234628923,0.039942652968425627,0.03884684085297562,0.039842009952115405,0.03986627138706153,0.029089970685881192,0.0404447474543699,0.03908173189202498,0.040655534675911285,0.03959998517535214,0.04002814684512003,0.04058148364337861,0.03946530650146578,0.04013363288235955,0.04061110950426442,0.040537880404151586,0.03951879791192784,0.03756606845207813,0.03898437827238113,0.040267171574439,0.034516403232628105,0.03490854753676593,0.03997811701249805,0.03331967171696798,0.03872206741333836,0.03857158440643483,0.03926946561714901,0.039865103807275135,0.04579378208343609,0.03738673642517122,0.04027786149713507,0.037372748730989745,0.03937713851166309,0.038938950281135136,0.039814316101708006,0.03951741467241718,0.03952228973825165,0.037971849016064985,0.03981021219290076,0.03997156901169396,0.04121077891439255,0.035010886566359825,0.03979794954777335,0.0403540528950896,0.038566183730077426,0.03833928439194059,0.04200625301115677,0.03957958390487813,0.0401362500392998,0.029726712511676984,0.04257824434478045,0.04225218847226645,0.0403318588407164,0.03991436757165985,0.04067930755876941,0.04305713827983146,0.0343137762370327,0.0396478306744343,0.04055329724963787,0.04187943822753923,0.03631723772848762,0.03977983027460713,0.03989011945964116,0.03551088292711763,0.04272232073168519,0.03791928483301284,0.040032754888347497,0.03993956772341666,0.03958011255134469,0.036884185150542204,0.038251982180346714,0.03993392925618887,0.033758954146122205,0.03990004172713075,0.041698380510100906,0.03610090678117607,0.03870906757905172,0.03966624678333244,0.03974464841941453,0.04090114345888703,0.040037860999422636,0.03911445803705324,0.037588073096270457,0.040324650509600005,0.042073815310560446,0.039461561501014576,0.03733720293408349,0.04455680893042775,0.03948160239760742,0.03463487123611636,0.038227844375858286,0.03821419883241252,0.039300205194124985
stdev_user_sum_quantifier,0.03139149353413353,0.03190491722305783,0.03218589426622638,0.03115990648973507,0.033139820074155654,0.025665156444539712,0.031082816753849905,0.028560148335066312,0.030857203278041104,0.032179303222623766,0.031093252637165617,0.03112759941072494,0.03191983272274997,0.016758797448402234,0.03244490747033652,0.030960944609718946,0.02943401723156716,0.028137841943848635,0.030813253276033813,0.03125491880172937,0.03144866300938643,0.03313410097827268,0.03331011299943732,0.03147774418535476,0.03129446791730998,0.03101619792410226,0.03415645099595218,0.030936128176787193,0.030870276478279727,0.03130761644329833,0.048936288049998146,0.03352817755442657,0.03061779996019601,0.03596186426399885,0.03139457418248709,0.03180233703148846,0.018057662031624778,0.015728567561098784,0.030258019727853296,0.031166453062056846,0.030212344967661182,0.02741658493043834,0.03130688721951202,0.023975656201302584,0.032367652458257436,0.039064603853988064,0.03125011486103586,0.032693011637563316,0.03462972114877433,0.030375266323266446,0.035016134952753804,0.03135061199071903,0.031360381047067745,0.029311643223818445,0.03164458429443753,0.03153044254989597,0.032443036754214644,0.0334364082537502,0.03155423661311543,0.03001244111151553,0.029558594510667432,0.030106639838177244,0.03141474414910946,0.031551964697158125,0.023152841389661064,0.03075087895431635,0.03067399116296108,0.03204954169469559,0.03298044482995617,0.03146672771825568,0.03261327193862335,0.0307983607583273,0.03140695364576203,0.03185510254142858,0.03150168317677291,0.03353454990030154,0.039148957702056564,0.03066474545591307,0.03130589905892945,0.03276188093146615,0.024363615473598676,0.032376259347019855,0.026233860882641315,0.03150122388623771,0.031236616383839705,0.02940248700616938,0.03194071809828583,0.05451752758292888,0.03357432136124308,0.03517014934363242,0.028915629549278975,0.037068406347662806,0.031038546581093673,0.032815227792736906,0.02989668100571133,0.031371608990916566,0.02885989772545104,0.03131931579522513,0.03110128006090465,0.024879063014134936,0.029081298013153102,0.0314218308871928,0.03301539089295197,0.030003986009190586,0.03261532007772372,0.026955497471652733,0.03258255857064943,0.031868467053683305,0.020628284932778462,0.0351767339819153,0.040899117221283976,0.03379118224882453,0.03166920647454054,0.03183299154398343,0.036576322706080994,0.025650199887671817,0.032375539432641855,0.029700376678935096,0.03323690759395867,0.030227826893746874,0.03173373542031899,0.03156991850350398,0.032437645426610456,0.030433193908156887,0.02979026998109787,0.027357739410241937,0.03099209923264999,0.03164451900896932,0.027306211900860397,0.0339321672150656,0.031880015490082944,0.028356698309770778,0.03194455081872284,0.03357454427498994,0.03375342312417331,0.027335715883103757,0.03125106644332806,0.03369253237559276,0.029634530157333423,0.03271763812455493,0.02969574065824597,0.03406282412029024,0.031486951491683735,0.03199922162701954,0.03030111893427385,0.029056730681999834,0.036849846435958816,0.02917517398720806,0.029533875182538794,0.03010011944696067,0.02992840460400415,0.02641766165693621
min_user_sum_quantifier,0.018504998546143094,0.018072871770747546,0.01903337537584795,0.018187699932234,0.016607602822384326,0.021138784016065823,0.020838477673844176,0.020580403869039664,0.021477586939561123,0.015055915064823601,0.020194955141945074,0.011975405971528524,0.018294268276480216,0.014641359225842877,0.01940680014389206,0.017438552739857206,0.01771058615522072,0.019161743853774532,0.013607162894990973,0.018098152033373234,0.01879019139393691,0.017335162797555734,0.015732098280138662,0.019063868816629834,0.019014273400461502,0.022340561997600622,0.02179960935752132,0.01785263311008041,0.019242941118568398,0.020042060122236964,0.019780944160143518,0.018653314449308924,0.019008865336581707,0.020716480293926438,0.01844994225301014,0.02066126549490333,0.015154706267693559,0.028629622186331423,0.01739464698050709,0.018746381035870945,0.015199650442220835,0.021127544470110546,0.018352724202758214,0.010330513482314577,0.019545355241413827,0.01714175102755546,0.017955513676170164,0.017703218917957605,0.020234464372573317,0.01917123565424652,0.018152914780619943,0.01856359503676527,0.018974340951256136,0.017726263402959935,0.017483425138448645,0.02270705419465871,0.02741628078364656,0.014640840257367137,0.01879689854780823,0.024159341941132048,0.02088148663389192,0.017559563599307625,0.01853069363454527,0.018385530791592112,0.02362615296355576,0.019251513310560485,0.019328030609281968,0.020245519916579698,0.015923499640608373,0.018327192160759745,0.01868499490423121,0.019798670867479613,0.017742675641699453,0.019486596098514795,0.01801872041193328,0.01669517547243901,0.016133252796010064,0.018030647159681314,0.01936630789049079,0.019923697916016204,0.02125582196844854,0.019992640070817188,0.013399803252105845,0.017490479771914823,0.017412523916424793,0.013629708911952948,0.01886335954153939,0.012476204917639178,0.01194860876008191,0.01696861447216848,0.018580260224858286,0.011955410437918333,0.018925609886161626,0.0159295938513419,0.0220727352940458,0.01812810078211841,0.017034391243952694,0.01845421711630532,0.018041895820236877,0.021827838842828372,0.015166742152428123,0.019117195567686276,0.015150123159832059,0.01904563822436231,0.016958992815827464,0.019112808903198098,0.018256594346432488,0.020857160254608726,0.012034481314829508,0.01721704167065668,0.01909765117621192,0.018683848404753872,0.01886266088433952,0.01766199968620906,0.020671970568314768,0.014177698026980597,0.017363984648606473,0.019999641479732357,0.014534537418581057,0.016355910014254686,0.018383994768523704,0.01889625510757673,0.016894137144173357,0.024019212204222318,0.02035244153185907,0.02454933210622575,0.01854166744286399,0.01912452944141179,0.01539119260512914,0.015744629576487534,0.01799535646979231,0.015606627409618231,0.017899291447543042,0.01947208183573709,0.018396550233316523,0.014010645454917835,0.018331927381698934,0.017016150039665973,0.018461008486552338,0.017816106614812123,0.018353934842048697,0.010106731002191852,0.018022569177453332,0.01507483263946651,0.020001366830562486,0.019707024371217106,0.015597931257221965,0.023702052027655872,0.010802810458139297,0.019535745264447273,0.020103152597792575,0.01734277765234226
max_user_sum_quantifier,0.04505131210492512,0.04506177446830194,0.04585117203337388,0.0446315512243957,0.04585130705842662,0.03391574869027028,0.04594844857545948,0.04292176634726037,0.04533957453552501,0.04405185188841717,0.044271832538667975,0.042553678984809364,0.04551414206558323,0.03370580278154697,0.04560122727426319,0.04407718077966784,0.042736130141858314,0.040027269338222704,0.04437078290438609,0.04442523181240034,0.045120574109140575,0.04612393654153,0.045838175821882474,0.044983720533513884,0.04505135316653164,0.04570360302476009,0.049283806093933534,0.04442054953137378,0.045058493241810896,0.04549498332533688,0.05779652021047624,0.046547221706179726,0.04467301238774686,0.04984029271282433,0.04506964460822988,0.04599346370561851,0.03197187008424723,0.03430620349125073,0.043350022083517036,0.04537191734652607,0.04238329143294534,0.040035667931494566,0.04496214268317704,0.034881885243948335,0.046413973699846,0.05013595391311973,0.04459781949911279,0.04564967970958118,0.04811055236110211,0.04446724593863481,0.047846653915296466,0.04499653163255835,0.04510860018082211,0.04294368523198754,0.044310536752210215,0.04479837790315962,0.04936092159641412,0.04573761719827308,0.0453664884855205,0.04567249633920583,0.04451775785549329,0.04412097007907216,0.04507845728218452,0.045114462605903696,0.03952433398425408,0.044922610565549206,0.04454714113678225,0.046091662574554694,0.044819321481758885,0.045226438384865994,0.046160011957528294,0.044341057714671936,0.04470593110051107,0.04557221420438416,0.04488436104472509,0.04630548406373379,0.050715245468077,0.04404856732092789,0.04520647364027704,0.044966810833350704,0.037854678665727226,0.04642042901214142,0.04022348260761732,0.04485995572780036,0.045059667663414786,0.04142717341732012,0.04556502517333132,0.060715496679809015,0.04505154287080527,0.04695177787261931,0.04294328415582424,0.0472456818586683,0.04482115403760669,0.044885224700364545,0.04472179998423156,0.04484130916004527,0.039798061511112065,0.0449267203797698,0.04458101740683567,0.04032169570188099,0.04170012753517535,0.04521689493008475,0.045634072475905424,0.04375651567145937,0.04474521296275172,0.04276129881179985,0.04570639198874074,0.04568368310032715,0.034804961317946165,0.04627848783915992,0.052241457307478076,0.0468625724448086,0.04538875201097203,0.04535264657510177,0.04975459973091754,0.03972746221087864,0.045571659695814365,0.044162184345573785,0.04491387061675399,0.04352220177470256,0.045096371962647645,0.0451856758693522,0.04479019570872861,0.047179995629040634,0.04385863109697338,0.04265966952406503,0.04472859158139821,0.04510005241830098,0.03972657559306474,0.044967162110554404,0.045179751073603655,0.04115303627980456,0.0452026100273366,0.04727318996123723,0.045781504150677,0.03960196883537869,0.044832886607672026,0.046969168112257105,0.04516312413333737,0.04611146442266727,0.04295358300329317,0.04287467780522476,0.045000292637031494,0.04232024780384243,0.044500847892485,0.04237600971157082,0.04887574443259583,0.04444424827154177,0.039240246782800886,0.044010105729346174,0.04483083496179401,0.03973500980001573
average_user_sum_positive_affect,-0.022574174164908603,-0.02321145491903892,-0.022835128321735697,-0.022812123385116446,-0.02170262929168278,-0.016877489466322525,-0.023857760410665743,-0.02140712546861091,-0.022231932985083826,-0.02177326721271865,-0.020833958247636272,-0.025017209084888206,-0.023121458243433247,-0.026501204498759753,-0.022702986545977702,-0.021942647565687774,-0.022230683774124058,-0.03022105554946104,-0.024135923381699974,-0.023696838480123824,-0.022901365686086354,-0.02125643359994685,-0.024195473866979074,-0.02324628338200139,-0.022492994136252675,-0.022551983234268595,-0.02048683676235063,-0.024041129808214386,-0.02133595160128074,-0.022472064024800342,-0.011666286928090156,-0.02217684253258012,-0.022738676260749154,-0.019298077767672193,-0.02256460115170263,-0.024503027819820885,-0.03000240420093846,-0.022366604844277126,-0.018726306065823005,-0.024412030927215566,-0.025333264722096224,-0.020000782890952074,-0.022982567392914093,-0.03151897392322642,-0.021671667728571296,-0.02088673327634331,-0.023003964014375336,-0.02342252903601588,-0.020368122902723478,-0.026084054670977946,-0.025193053536038023,-0.022965426281368138,-0.022541960951539944,-0.02115539486100719,-0.021820294348589217,-0.02340175391722397,-0.02881653388590375,-0.023293312389724277,-0.022790261542535377,-0.020988324595561148,-0.020778277112355394,-0.021291304553882975,-0.02289883985690963,-0.023007606450859808,-0.020736357343067825,-0.022486425799169842,-0.022903128109875943,-0.02142721247013955,-0.021602998582477842,-0.022719521809036653,-0.0216557613733986,-0.021786665554203683,-0.02406406926258118,-0.021393435191225874,-0.023252947708527538,-0.02229491884449855,-0.022584943775477102,-0.02420690062088069,-0.022973541331072087,-0.021872804180903056,-0.016362891571275042,-0.023208244438775748,-0.02310646918268553,-0.022603297722944088,-0.020057479948258863,-0.025362301144480643,-0.02318253485968319,-0.027501858946276193,-0.02440947072250404,-0.02147119547094859,-0.02214052092928978,-0.022055074358654145,-0.020502530605351912,-0.025894191321212276,-0.022019175115589755,-0.022908112759154196,-0.023950535912286266,-0.022924769149838098,-0.023117239850425984,-0.02656908983082263,-0.02343812967180063,-0.022361211445182983,-0.02058832627291645,-0.023106755428271907,-0.024901394263875956,-0.02751305719152001,-0.020568981578046173,-0.02056267859133776,-0.025034302845920692,-0.02108534367427757,-0.02007445161043461,-0.019273854855737522,-0.022991788996750386,-0.023543303419529003,-0.026736139641258025,-0.024022466260293557,-0.02324723652671857,-0.023126150263548775,-0.023583768538139066,-0.020801248117851924,-0.022910216724049956,-0.02303800577952856,-0.018302583776916515,-0.022416288381303832,-0.024389897835014364,-0.02376653608541797,-0.022619095475931803,-0.022644326338635515,-0.027992098031674545,-0.019888815228156914,-0.022847240540113965,-0.02383481535419832,-0.02316247482994082,-0.021728967222451608,-0.018796870357526595,-0.023767378841385797,-0.0229060208837705,-0.02230060951073936,-0.024156116455752837,-0.02258121353039143,-0.021908815849859223,-0.02076346065175725,-0.02381286707831898,-0.023101561413515933,-0.023238380572726362,-0.023705829991490526,-0.016685763116355248,-0.02429766010734791,-0.029163469260392608,-0.02138934949554768,-0.021954379012246637,-0.022624276235682517
stdev_user_sum_positive_affect,-0.022723541670629583,-0.024351642118991185,-0.023360568525313256,-0.023008385027013585,-0.018364552076144937,-0.012674017217614852,-0.021717741880524128,-0.029722693253086557,-0.024608991797098363,-0.024474426828332826,-0.023734912435002836,-0.02407565702401765,-0.022609405492579143,-0.023420912576965457,-0.022930457448538992,-0.022550574255328793,-0.01898369747411376,-0.03533406893034681,-0.025627489715175734,-0.02181353625501113,-0.02365349000720616,-0.02334823225590954,-0.02275331223939639,-0.023880698520350505,-0.02260491191382543,-0.02956407092148752,-0.020155105634148192,-0.025625587438886793,-0.024066991671488243,-0.019281194303944406,-0.015122480368783692,-0.02380257353596276,-0.027812732512557385,-0.018482585016082086,-0.022243246869924214,-0.020622207651507556,-0.02741200768947125,-0.02222598612825761,-0.010011861265408302,-0.024551192979327605,-0.024119134126341216,-0.02840685319857596,-0.023882237875925787,-0.02523063618621286,-0.024521002042235285,-0.029159923710131676,-0.022866263185034,-0.022257078827041546,-0.019029923343024363,-0.023501850205222656,-0.02309383809572514,-0.02315567080000177,-0.023068227255823685,-0.02024001169041303,-0.020407091029289066,-0.023029027997911608,-0.01968714293563027,-0.022315792763272876,-0.02255446657706887,-0.025521960114900728,-0.02276558652577855,-0.02110825406150972,-0.02251412310197535,-0.023346319052675833,-0.02716193475690243,-0.02233108711168798,-0.023203223635680528,-0.025628227478915473,-0.02113271893002281,-0.022788367366261632,-0.021799992943131084,-0.02517704525891857,-0.02243705849430514,-0.023035355987561075,-0.022491992282894776,-0.02344661902935679,-0.03109275284419107,-0.024253165007438314,-0.020667523212866135,-0.01546301263868308,-0.014627709865617969,-0.023986636536186687,-0.019421696121285418,-0.022279546034648774,-0.022078901590622015,-0.02809365089074657,-0.022650509911765503,-0.020095600567380505,-0.024146750600572146,-0.027086907458404086,-0.024800751228254925,-0.0278333914700801,-0.02905681132249433,-0.018232449542858443,-0.02197401343988754,-0.023142684859442257,-0.02655612400729046,-0.02317112333329984,-0.023568349725711393,-0.01961854886355104,-0.019201027850189137,-0.02241160322173197,-0.019162255267265935,-0.023931904734409752,-0.022164832728416527,-0.02591944008519982,-0.022258962172926805,-0.02544998406297494,-0.013001041521489114,-0.019302537549809408,-0.026177105394362826,-0.02034290848069712,-0.023880074208264684,-0.02092309061845217,-0.025063060226279577,-0.015875351114502737,-0.02178896161964851,-0.02440532634470165,-0.02398323243485086,-0.019658764852981972,-0.022760186219137453,-0.023325294407961043,-0.025344082386602088,-0.028106243366798678,-0.02128370693772802,-0.02238548711857921,-0.022236672427256493,-0.023358755407074536,-0.021568771201270057,-0.02551332082123161,-0.024302493792026304,-0.024977191916519426,-0.0233245042428471,-0.026442393433658597,-0.01866518308539658,-0.01895920182971793,-0.023065646827021655,-0.0222527160616243,-0.020251451670635166,-0.02390197453145814,-0.023658789879842917,-0.021647970422788973,-0.022838250443323733,-0.028522732485393828,-0.02256931282836245,-0.022251524926926135,-0.00781386187715586,-0.023082509207542522,-0.025064505455540006,-0.02362223746080592,-0.02226385984913082,-0.025641275266987465
min_user_sum_positive_affect,-0.04039599278753383,-0.03939927060850834,-0.04066689489368438,-0.04046204221107617,-0.04315260128412872,-0.03153552884954755,-0.039477244628757804,-0.0349140416607578,-0.04032953273060261,-0.0361180684176613,-0.04157110108541269,-0.038040591761177175,-0.04065154719030763,-0.0438738889144048,-0.04045387753729354,-0.03971005419326242,-0.041531556396142894,-0.0381013436306938,-0.03889541313368683,-0.039874860882608984,-0.040610835722000915,-0.04041863146674092,-0.0392635216576063,-0.041135837594868996,-0.040730195462989977,-0.03927757447029116,-0.042385078407044474,-0.03785615342736049,-0.03904771468801495,-0.041636335653307974,-0.035591490593909286,-0.038213551401399155,-0.04083122753726086,-0.0411619220188576,-0.039414664868868396,-0.041330018616673916,-0.04158572925608774,-0.03937240350072641,-0.047003422141630544,-0.04125407051451098,-0.041172810381273746,-0.03980271161198079,-0.0401643346623165,-0.041231723407738355,-0.03691664466118935,-0.03834315630724171,-0.041452012939588855,-0.04038741250564795,-0.04188061055955271,-0.041862276349903076,-0.04236297978838983,-0.040460211994268046,-0.04014521426134754,-0.040701901649231556,-0.04086801787223799,-0.03788979622176546,-0.04737960504240958,-0.04166643793969331,-0.040639829056717744,-0.03515515314510238,-0.042293661968934845,-0.03634272073200835,-0.040743118739625085,-0.04045880366560875,-0.03117560691870919,-0.04084299387629192,-0.039328754601604135,-0.03916658778107526,-0.041016532549894694,-0.04035117533419426,-0.04117112394787188,-0.03758873648568484,-0.042309937261867006,-0.03961714505613019,-0.0396469423196651,-0.0393663664182517,-0.03854819734087743,-0.040795266400566924,-0.04342557654760735,-0.04614272903256179,-0.034204360588964276,-0.041507790711136396,-0.0403117816615253,-0.040265641835378396,-0.03972286950261699,-0.034649647545108006,-0.04169490916356788,-0.045202636074162576,-0.03955646424452999,-0.03581958765382712,-0.03799496515293817,-0.03872055570102016,-0.03402641347932983,-0.044613244441925576,-0.041679902192950265,-0.040336298382486105,-0.03242796105907521,-0.04024817275034953,-0.039858391964650824,-0.04568408317808989,-0.04030440421130854,-0.04107081695272866,-0.039440981205773065,-0.04103659526329143,-0.04167740355759746,-0.04102764888041898,-0.03949330375942433,-0.039868233500522376,-0.04284341039815859,-0.04139311727868183,-0.03692173183501182,-0.04295757845288262,-0.04027373748917781,-0.04210487896264112,-0.043746174505820565,-0.04369521518035416,-0.041280024343106535,-0.039946726909688576,-0.03762344548173781,-0.04124564966515067,-0.040776236871035765,-0.04027055078658694,-0.032883117435530115,-0.03821039245776263,-0.04228929939227375,-0.04080961308714605,-0.04106662930304954,-0.04059203234334495,-0.04207099242048226,-0.032953423717392606,-0.03972281063676131,-0.042470391212320706,-0.04010241892425889,-0.03625223500615083,-0.043001252866410086,-0.037236713504169607,-0.040349191145678934,-0.04164939477931224,-0.04259462897043636,-0.03917109586188629,-0.037265548365646065,-0.03505863725542849,-0.04101516967136605,-0.031931255781156846,-0.04200881514653117,-0.04205621862451679,-0.028622743559003593,-0.04177215913927748,-0.040463759546177445,-0.04023692444585473,-0.04116302675681828,-0.030367271491612776
max_user_sum_positive_affect,-0.0318946574239186,-0.032650019131120304,-0.032454396278823516,-0.03217346535465597,-0.02945732281022302,-0.020149866706683138,-0.031129157073246323,-0.03510107419862648,-0.03333003643261009,-0.03173412468666129,-0.03385246672141086,-0.033038819205061326,-0.03190301014274369,-0.032776892071946964,-0.03249831824843924,-0.03126218141104009,-0.029133991458394615,-0.04036749321955897,-0.03330650953459914,-0.030343597081071347,-0.032934099709481,-0.03244879626107771,-0.03178111919046124,-0.033301991033561906,-0.031912507608038654,-0.03622503919007719,-0.029672004522817087,-0.03360111716616809,-0.03186909880330521,-0.02930760432748737,-0.023759745879712718,-0.032038446627944125,-0.03590289333703018,-0.029363391429969157,-0.03075252008727209,-0.02979708749984489,-0.03766930870795877,-0.03250595858805275,-0.020846869993975493,-0.034707701949039854,-0.03334990525838248,-0.036128238880829736,-0.03273969349432564,-0.03796472244955329,-0.031553877456176035,-0.03485857483256405,-0.03250289245891558,-0.03171324587571532,-0.02834565409678901,-0.03365117002713705,-0.03248424466000827,-0.032257087902795176,-0.03182876737667548,-0.031159487261422408,-0.02934463103015043,-0.03214052546731482,-0.03159011760959998,-0.0323561964286496,-0.031961595804823995,-0.03201937517987531,-0.03219462363583353,-0.028980860712929924,-0.031922150282501074,-0.03247736288712451,-0.03378798869687202,-0.031296963940678,-0.03192825626541667,-0.03407228871744676,-0.03150858287201811,-0.031760216941125574,-0.03112546118591088,-0.03291189706001012,-0.032356810578320364,-0.031609343184084523,-0.031592803214118684,-0.03217315005414341,-0.03860725399657225,-0.032900219115578624,-0.03132654615309454,-0.031333184769178055,-0.023581269404480867,-0.033167256741703885,-0.030575733298769246,-0.03147977717223045,-0.031183857363273653,-0.035149496784978106,-0.03234168954283787,-0.031840653654296565,-0.03332862228240079,-0.03245449271718785,-0.03253649922397776,-0.03601796159069904,-0.03238985708347772,-0.030174717568844982,-0.03134476916759757,-0.03223312362496758,-0.03217558426635639,-0.03219632248080072,-0.03255977560556901,-0.03093977881959112,-0.028024032987089574,-0.03167047491673895,-0.0294998929799576,-0.03260339057991024,-0.03271378698233132,-0.036889500366651215,-0.030991033163762588,-0.03426388580398587,-0.026461169891379106,-0.029818949330221105,-0.03259010722984575,-0.031801952376523064,-0.03262372379594706,-0.030860425028754204,-0.034440880472165626,-0.028366027833713305,-0.03162398628387632,-0.0330270653167684,-0.03150251033185957,-0.02962771890090984,-0.03208664227189781,-0.03230750226190485,-0.031515096167249006,-0.03506301176804831,-0.03171649110026445,-0.032202551620476874,-0.031695238288986086,-0.03218171954049282,-0.032184292600975786,-0.03140816244404173,-0.03320522667085158,-0.03536063172186888,-0.032342849486627204,-0.032916982994218996,-0.03052747777413755,-0.02745193428449997,-0.03214841420892911,-0.03232313973930799,-0.030253637613140476,-0.03222552629735711,-0.031242577237106002,-0.028852909186758202,-0.032413494948256176,-0.0335663594852136,-0.03249838995074347,-0.03361612158124837,-0.013709719040347838,-0.03208464300382721,-0.035488629551834364,-0.03222798450136239,-0.032003622143269905,-0.03171986130643365
average_user_sum_insight,-0.04028746282800903,-0.040490512645848006,-0.04045423216492289,-0.04047732898630934,-0.04086912681373044,-0.041722795544852226,-0.03647206291629157,-0.04171236144839627,-0.04252696403853412,-0.03789356980831573,-0.04106024570858388,-0.03930234183350911,-0.0405957551108372,-0.03168768880026171,-0.038794232746361436,-0.040964255535835783,-0.03633195335855354,-0.04113993142699762,-0.04143152487350906,-0.04088478042293478,-0.04005174856660939,-0.040641762986506014,-0.04093767151042528,-0.037501454169873716,-0.04028222054698436,-0.03830808632673864,-0.0373752770986684,-0.03975476328980862,-0.040026788691120405,-0.038931161438067366,-0.03509613471806823,-0.039443410249311014,-0.03594444385994267,-0.043029288772448195,-0.04127403810882796,-0.04286147247783621,-0.0380479862873449,-0.043492359889479255,-0.031119772692300294,-0.04247737787370343,-0.042645946957373886,-0.03463794241806348,-0.039968999603792355,-0.042856950150139295,-0.040689172044550595,-0.030649704637315804,-0.04138806651456181,-0.04025498076636137,-0.040289869128554916,-0.03827217967131105,-0.03882094083896223,-0.04019817746570103,-0.040276882417376585,-0.039629585184555706,-0.03941086228279595,-0.04013529119599827,-0.033693290233148994,-0.040845347135480825,-0.03989803262750526,-0.03596151954173114,-0.03966781509633603,-0.041513970812913886,-0.04022726841133841,-0.04016291965966887,-0.04595268953792354,-0.03999969519420562,-0.038646219882073646,-0.04053674187870954,-0.03880275513434724,-0.040337605505325724,-0.04076925054104268,-0.039389775245649856,-0.040837395566609536,-0.04017947888011696,-0.04069288151924156,-0.03942140622345918,-0.027541917986282194,-0.03853191984138317,-0.04138216716588509,-0.031538660543971454,-0.03541948582212255,-0.03878553683740632,-0.03833359808993362,-0.04048519348060273,-0.039724147859244816,-0.0384062270418817,-0.040073307702839386,-0.0352727346490076,-0.0444427757640568,-0.04004366837480115,-0.0403956615790746,-0.03751605867353733,-0.039140727152008704,-0.03947439272894887,-0.03987114070630601,-0.040437921046458054,-0.03435310186360517,-0.040260400036568535,-0.03996195401251117,-0.03742460512557589,-0.041072234687454155,-0.04017536230639404,-0.041128312560125016,-0.0408497826667899,-0.042054322906125416,-0.04035226067489472,-0.04036710216110255,-0.04114716305346265,-0.03872935073344766,-0.039567161411230206,-0.03695741914331224,-0.03685783433862887,-0.04010247554825523,-0.0413923347875294,-0.03628205086235176,-0.040265175517130575,-0.038947946553880355,-0.03917301470740462,-0.042672489999700886,-0.039355552839107126,-0.04007559937768554,-0.04022136316099341,-0.04147007360081072,-0.036960520037436134,-0.04028397082730133,-0.04097872097529197,-0.040126615624976075,-0.04021518765928543,-0.039998985806822915,-0.04110050265043188,-0.04056087786121196,-0.041973597000205046,-0.04056904168289979,-0.043255750925209516,-0.044788000322222896,-0.04161055359239927,-0.040136516180193274,-0.04128539877238875,-0.038054296922769126,-0.039947013632030015,-0.04008918915678617,-0.03838374989916557,-0.03989354810426813,-0.04307664546087042,-0.04009479377362542,-0.0397143077210143,-0.03530610937358728,-0.04004630144809908,-0.04601442516043532,-0.039831318292180166,-0.040309335106463465,-0.04137082063101838
stdev_user_sum_insight,-0.04212907966788115,-0.04318708241633816,-0.04159053446049347,-0.041908075403948995,-0.04273903872894523,-0.04163931956818551,-0.04082112093977926,-0.04281758618445808,-0.03970980832636985,-0.04424962172686628,-0.03704384082666967,-0.04251840093248278,-0.042103344552515604,-0.03585412904440307,-0.04081908105661641,-0.042252201407194434,-0.0388070875011117,-0.04013785230287253,-0.0421666327905171,-0.04110273970460514,-0.042300327746889105,-0.04228735659643954,-0.04075939129415711,-0.04082391673360698,-0.04217714541054925,-0.041185625748613626,-0.04083639326618614,-0.04204895822684378,-0.041422667634643966,-0.04180932555844803,-0.04111914744773177,-0.040860167317622625,-0.040990748917623394,-0.04065484027967216,-0.04374830246690582,-0.04239843978012074,-0.037276695174940255,-0.04121474528261017,-0.039268125874187924,-0.04267135286079916,-0.04483716209281914,-0.0411320865349301,-0.042031231801364276,-0.04027308777505943,-0.0451353527126051,-0.033774181610508006,-0.040907121890119864,-0.04075201220168682,-0.04091875681887509,-0.04141695579866046,-0.038056177664298765,-0.0420389785293218,-0.041916747628879536,-0.03897330385419831,-0.03887964296671176,-0.047032534841673274,-0.034436699294344855,-0.04295589384558955,-0.040813723682504605,-0.036370494742516996,-0.04302608010183624,-0.03974983921705036,-0.042093869193022895,-0.04182939010632896,-0.04969114252307685,-0.041692540824821135,-0.04063051209603289,-0.04274806789165907,-0.040958430046876944,-0.042352796940544855,-0.042626029874439586,-0.040605574751417316,-0.04169705940339941,-0.042741388855154536,-0.0426645588247678,-0.041731270031937356,-0.035586382774777686,-0.03768265847300512,-0.04193520944936048,-0.03750149649380061,-0.03057608187298906,-0.040066191226032326,-0.03896626638228908,-0.043526539458245174,-0.041696089572867474,-0.03794192024405907,-0.042101353686836124,-0.03691059202945947,-0.04540366695059872,-0.044506040813992946,-0.04282289249401297,-0.027142535783414485,-0.03965064125034984,-0.038812363046749614,-0.042741183729384125,-0.04199683298223872,-0.04207781137624699,-0.0420754761844633,-0.04108505936817548,-0.04068873302502773,-0.04151925383964373,-0.04222138038529956,-0.04406219736515076,-0.04289620415034691,-0.04087870381257602,-0.052898629746627096,-0.0422378975420077,-0.047734553398099594,-0.04575608498834021,-0.039556297891397835,-0.03667891012224034,-0.041437083261655766,-0.04191499959911932,-0.043165905119377235,-0.04031426263531697,-0.04733718765588922,-0.04146280788128704,-0.03939936357914677,-0.04094880334784147,-0.04019246871559741,-0.041368955395161874,-0.0421767729147033,-0.03977507688573594,-0.03933358430935931,-0.04048708536392763,-0.04372268693473344,-0.042132396938980896,-0.04156850209134816,-0.039009829105830236,-0.04082688822051294,-0.04161892119871052,-0.04443818650359302,-0.042509457781391764,-0.04933207085799817,-0.03709957823924434,-0.04299922642022036,-0.04192797369049054,-0.041151080191620074,-0.040223427566259476,-0.04226923580601214,-0.04318841335987461,-0.039524184714682345,-0.04272713565198276,-0.0476441305198798,-0.0437232691358187,-0.042602286847327725,-0.04908213147644171,-0.035059956707678704,-0.04391875690622839,-0.04265315837172527,-0.041465283184043265,-0.031408027571966986
min_user_sum_insight,-0.004055292930152687,-0.003934190901600281,-0.0045461727037488,-0.004372654552134316,-0.00329899663953352,-0.00651933431441075,0.0004458967676268608,-0.010294337725423021,-0.009087246608679017,-0.0019727424402493175,-0.005255155131267302,-0.0012865134483737977,-0.003970588395647635,-0.00017708173890153452,-0.0028527190688844174,-0.005095691434917943,-0.0020597438541183977,-0.012611499482168768,-0.005569240898965796,-0.00302347571384315,-0.0034025571973086664,-0.004342049639797353,-0.0024043913834323376,-0.0038302276801061817,-0.004303303196585056,-0.0009811010635389084,-0.003932741629812676,-0.0037854675993586294,-0.0007741478142311679,-0.0026279207720185088,-0.002190755076292521,-0.0038577313976851085,0.0005710311850016317,-0.0053706352390481635,-0.00361440333517791,-0.0031408183649098143,-0.010379392965628925,-0.005722376626920896,-0.006907568231564664,-0.004791598525353132,-0.003153501165767583,-0.006466902359914743,-0.0035471975749801123,-0.006596332824358706,-0.005240773276286859,-0.007224549542500153,-0.003105758106859249,-0.0036817565031762207,-0.003323545304680313,-0.00350086958856936,-0.006784412730390869,-0.003704928730412737,-0.003937700953872924,-0.0035618943869706026,-0.0053230490235720886,-0.0009068697346643669,-0.005190358552799116,-0.0031678191825938425,-0.003883452675361578,-0.001261981979844692,-0.004984681494230864,-0.0016177880485100452,-0.003548579277086397,-0.003736865663729558,-0.0008124798690692719,-0.0033432660116368227,-0.004976247003262541,-0.0017229027763304514,-0.005811444721303691,-0.0035935499690584183,-0.0033386570908163727,-0.0036831913566066606,-0.0039473257115154505,-0.0045193609269032105,-0.0029825064912494034,-0.003187489495982761,-0.005960798201009344,-0.003934004486692753,-0.004783377395145548,-0.001340104219650964,-0.011759370116145347,-0.0035493556813121106,-0.0016308890626655845,-0.0024877565871051863,-0.0053331175740867435,-0.0034703566766922855,-0.003993785609412226,-0.006438211629946912,-0.0033784006607049397,-0.005793913890707862,-0.0035264907675618138,-0.01267793841128876,-0.004812996647779441,-0.006493573926687914,-0.006343385164208119,-0.003758173901992924,-0.003443399828099245,-0.003635138917498207,-0.004870276529902561,-0.0043891460787466394,-0.0005154498084223857,-0.0037414101839822614,-0.001134066670772576,-0.005392254130871731,-0.008755671270220918,-0.0003463312513289959,-0.004554755235216645,-0.007032685263285425,0.0034715290513751013,-0.00803008569645057,-0.007732687767598697,-0.001960663205519124,-0.00414121106054652,-0.003392488935963738,-0.002278765062278325,0.0027402906700518363,-0.002727266743245388,-0.0053969865008163306,-0.005576885026330051,-0.000538230535879692,-0.003836025177460383,-0.003689642990340563,-0.007195806121019515,-0.007807335642488299,-0.006938468329679141,-0.0007502247427428332,-0.0035863408834777514,-0.0037521603641759993,0.00023139539017057002,-0.007921524165924256,-0.004575756255655192,0.003065846989559421,-0.003285438935812431,-0.00441863771708482,-0.011397267798880062,-0.002811558755250577,-0.0036329907807322575,-0.003869231285863606,-0.0036040621621423272,-0.004070566883585116,-0.004379162210619002,0.0008242769025374463,-0.003121549618385587,-0.005724719711302671,-0.0014926303546763699,-0.003237887464731708,0.0011480931289471266,-0.0073978493121526195,-0.007908885356932766,-0.002942601547820547,-0.0034089094700823636,-0.016389090167489937
max_user_sum_insight,-0.03363785187163172,-0.034856865323224184,-0.03344175495617492,-0.03351248476320165,-0.03439396521523197,-0.03489588857906978,-0.03100227896957588,-0.036320023065583296,-0.03298160143963845,-0.034876773703881495,-0.030209797183267016,-0.033313926541059476,-0.033607191754006865,-0.0257624238079116,-0.03260343312260375,-0.03416972499681893,-0.030945701087290278,-0.03481337098054231,-0.03343969124890443,-0.03327526810295538,-0.033696136439803515,-0.03421556525279093,-0.0320749613207704,-0.03309910040587012,-0.03385728672640098,-0.03105374604681374,-0.03164486109830292,-0.03354542204080459,-0.03266059628067268,-0.032809042334560015,-0.034930849968288234,-0.032393188979267136,-0.03080326528121676,-0.03304036086367505,-0.03449175556246995,-0.03206848510500382,-0.030168426730520795,-0.03340193125485565,-0.031330171621271254,-0.034802348059290576,-0.0355440766414847,-0.03457030724100686,-0.03330400769693381,-0.033609152448880034,-0.03731613511129103,-0.028278261954037133,-0.03267077178450746,-0.03247174223446257,-0.03232964301906106,-0.0327348054960582,-0.030826650927902877,-0.033487442570826496,-0.03350104033395565,-0.030874072397049306,-0.031110692866147916,-0.03699194558512563,-0.02601007708929416,-0.03523868507540255,-0.03182112921505735,-0.027344909407650744,-0.03531982351160948,-0.03130686429811159,-0.03350818213977,-0.03332306432363105,-0.03837289374216767,-0.032812417491278466,-0.0328997756160757,-0.03404469383492113,-0.03361960599468536,-0.033672668913423756,-0.03377567388708351,-0.0321429049594053,-0.033481735639497696,-0.034235608053028055,-0.033991278179898346,-0.033107505969014975,-0.02833686964130254,-0.02974718147942405,-0.03377758134333745,-0.028056608935516536,-0.027723062205807707,-0.03128246985460858,-0.03094317250412247,-0.034229090067525295,-0.03307557183678304,-0.028592218191117166,-0.033764552116918756,-0.02998406652689103,-0.03607889121604557,-0.03710820900213213,-0.033422547316833875,-0.028583611503146554,-0.03154320578396918,-0.031869265627371385,-0.03497963991795004,-0.03349518812156847,-0.03318244034849652,-0.03349030070521594,-0.03321888662397669,-0.03152764262841679,-0.03101112872476193,-0.03360402319081742,-0.035647844616662414,-0.034148809901773436,-0.03493952884368198,-0.041714455033143055,-0.03408613840224043,-0.03987006771539431,-0.0338140511709909,-0.03475664580473557,-0.029000313070330085,-0.03319986006973043,-0.03338336114471767,-0.03481232659630053,-0.03237621433996551,-0.03585242332836554,-0.03295017546524828,-0.031960212650933,-0.033737766951006304,-0.03073800864850535,-0.03287929420773842,-0.03358314606535978,-0.03368893418847384,-0.031308897540431306,-0.03257757728057911,-0.034439433444900455,-0.03350520328362904,-0.0330067514125942,-0.029647193714505936,-0.03513358765042585,-0.0333646270966228,-0.03414474977769784,-0.033858394740165804,-0.04127655167290435,-0.03303250520805035,-0.03347283387599507,-0.03336502011627539,-0.033183755775580887,-0.03040035345124634,-0.03426776015977587,-0.03446878678277233,-0.02993846046178698,-0.0337693935144904,-0.040892087858845565,-0.03472265349479966,-0.03456737199077281,-0.03735259485325184,-0.029292510602947183,-0.0379512649929529,-0.03364166970223513,-0.03227431722848212,-0.03166385007623415
average_user_sum_humans,-0.014857135412347854,-0.015221875915073745,-0.014720859046838708,-0.014637426855354052,-0.01004701883180393,-0.0024828858798367284,-0.01406514258558677,-0.013258920771416285,-0.015452560469893285,-0.012819941960040576,-0.017961405757151046,-0.011968318604659361,-0.015154614945740968,-0.013011426520101857,-0.013995436733094703,-0.015101811368149658,-0.014468553433361593,-0.013982337837910579,-0.00712694860156915,-0.011477735530943752,-0.014825588659367422,-0.014005182836025434,-0.015760822650532108,-0.013885962567852524,-0.014466902409408521,-0.015256414638509868,-0.014186937113213895,-0.015509974214424349,-0.012176891032362407,-0.015282057339293909,-0.009533194636298384,-0.012667814415275331,-0.018843681124212763,-0.014417609042506238,-0.013568394595898894,-0.012816545984299084,-0.013679113342404238,-0.0110118124666361,-0.01317016718084668,-0.01620555973255892,-0.014305848931994714,-0.014989678852627778,-0.014184916607448828,-0.012945171160307939,-0.013533797792367297,-0.009777374540446667,-0.01205197456605712,-0.014170441434205188,-0.014291936246841039,-0.013403827285884875,-0.014836170785853543,-0.014484805557152484,-0.014383302236566729,-0.013828658078431692,-0.014171164576708771,-0.018479125002752464,-0.014216205849045666,-0.013013206419800248,-0.013994504550511587,-0.015627869725624195,-0.0137002973406073,-0.015340305955100504,-0.014216111854413231,-0.014415432895544412,-0.014808510769021422,-0.014969126192619876,-0.015011334885361749,-0.01334768212864721,-0.016031503766506486,-0.014568622990736017,-0.014226668338043376,-0.013959596809354323,-0.01414075559929396,-0.015387484994557863,-0.014322195846909632,-0.014384373399521635,-0.015567208969451825,-0.010605279486664114,-0.014591252975542528,-0.016692541716378597,-0.015185482406964872,-0.013868184479198506,-0.013424395325367006,-0.013810846892463962,-0.01569411369745292,-0.015425169852112654,-0.013893486807713774,-0.02346259961598479,-0.012860319184475603,-0.01707152071977718,-0.012879453457672548,-0.009580593187689631,-0.011857223165345807,-0.01572775299374963,-0.013779548544455037,-0.014336328455312509,-0.018288248439199992,-0.014476740369037188,-0.015123642970120053,-0.014546132820202316,-0.013468599591445142,-0.014315235747718327,-0.01461058771109976,-0.014968548125578636,-0.013079640081484975,-0.015968475555284356,-0.013375553960530182,-0.015067834877485415,-0.013107809353261557,-0.011642995945446462,-0.018659917655469455,-0.013137614952905793,-0.014451632867485237,-0.01400556554507382,-0.0250099077861946,-0.013167264962545264,-0.013108709333881589,-0.014689033428788635,-0.01567167925813792,-0.011744773086006782,-0.014355410893258301,-0.01454728448490879,-0.011495534966903033,-0.015469918071935275,-0.016076384113808267,-0.01431377975440432,-0.014702082438727275,-0.01434771085735798,-0.010665199183186562,-0.011194335286697919,-0.014242365822091478,-0.005873316302065122,-0.014187397357005443,-0.016115726995371074,-0.019213718800468266,-0.015501219415289934,-0.014424192347988087,-0.013762017563125322,-0.013669124599868349,-0.014596006351887673,-0.016503385727867904,-0.013140486350022696,-0.014847197568993054,-0.0178534753599675,-0.012935230996840357,-0.01536529052755178,-0.014933679413970367,-0.011928648286664288,-0.012618073132026376,-0.013968139275344724,-0.015027925816358867,-0.003037884362338499
stdev_user_sum_humans,0.00872843153515355,0.008730233436311909,0.008119502263561234,0.008328211386617124,0.008090458204856665,0.02331698258879282,0.006558910324252678,0.008538705532460706,0.005379817683675511,0.008705128685789331,0.005934628514114099,0.009246550087625762,0.008922898198970816,0.004658567943241838,0.010679834604537246,0.008439965983195234,0.006956711883520299,0.011244497388776295,0.005473831444751803,0.007888416872269315,0.008775536150888524,0.008309720480084186,0.008672430091373164,0.010384612545386371,0.009121687195897373,0.0068663543973374735,0.012190023417625916,0.007779296685259932,0.010410631377979079,0.007582187595321177,0.010819623931674975,0.009254211804918956,0.00796145077051993,0.011419219230552148,0.009635349656260372,0.008405104481374546,0.011552752930407178,0.011798351726941802,0.003984827579656767,0.008161169903242818,0.00788714188247875,0.005950458594211642,0.008775111832784097,0.007514519754586383,0.008373643265978024,0.008868535773294828,0.008614547423488618,0.008876076425145337,0.009641960070625231,0.010253232036857143,0.009296582214390212,0.00877203810745904,0.008821031998330627,0.0099780476354503,0.006950952545452516,0.008923895920969135,0.00546251646527523,0.010491125875861556,0.009286382502345984,0.006994463058505457,0.008870091452143285,0.008697173081267339,0.009109686815784534,0.008828791239622588,0.0033708124755396363,0.007820857462800755,0.00841216019079159,0.008868544487732655,0.008959975368380165,0.009106366809265829,0.00920061705870855,0.008420978161399972,0.008675862158939058,0.00872319483154698,0.008533227618880968,0.008807557928401858,0.008705426039102952,0.01031295917564483,0.008064346217020518,0.005444697991883898,0.005160090065858781,0.00926524802570592,0.01161155635511339,0.009284108626481902,0.007681620422924607,0.00606121231786751,0.008832647401548741,0.004878406961903382,0.00896015384428522,0.0059012244814361375,0.011053966010118784,0.011512131408905512,0.009584312254698222,0.006252898667404163,0.009138621456749952,0.009009118969637402,0.010618279628012699,0.008942862536561286,0.008771017771240234,0.00885437040273387,0.0074710392282680525,0.008905390193939993,0.009220091764729921,0.008129500001672962,0.010393049129343556,0.010803468786467572,0.00980123292615965,0.011288673986979293,0.012576340362398417,0.009766846141410258,0.0016472549684773182,0.008354692213483336,0.009648230063988362,0.008709027362642285,0.00572994654944059,0.012034885938516794,0.009394810340097589,0.008466053752527996,0.008600270376150736,0.010630155023249231,0.008904223263989486,0.008879034091916534,0.012434509233423789,0.0050508551802267935,0.00687419525564496,0.008399397013822267,0.008780407524617949,0.008519847045757473,0.009734427084823138,0.012935923783940744,0.008721164024095488,0.022251140546228163,0.009355533002617511,0.007264839037423462,0.003142364938090709,0.0064426779898924015,0.008894019483864347,0.009872537800976716,0.008504363527419945,0.009220236043777452,0.007289785949426298,0.00793789059146341,0.008119232749035192,0.009039928506886,0.009682761979104297,0.010593050385488105,0.011256907193671131,0.009228534353051189,0.010779406277288194,0.009754328463173166,0.007807150678290058,0.015488635249498561
min_user_sum_humans,-8.127424365314135e-31,-4.6334985567040314e-30,-7.341644948004143e-31,9.494353143342976e-30,2.3726301356884113e-29,-3.2083585461060865e-29,-9.761961109115582e-30,3.658785411849651e-30,1.4563111867478523e-29,1.27919303941228e-29,-1.018489532490302e-29,-1.2859434238673574e-30,6.822606827991783e-30,-1.8418342133655672e-29,1.4917386680748555e-29,1.2971138175448033e-31,2.8364133255963016e-30,-3.756333763532865e-30,-5.796278760627825e-30,2.621518062401574e-29,-5.811686200182923e-30,-2.3113855634568972e-29,3.788400497106912e-30,5.7820268790393595e-30,-4.6865579266719e-30,-5.9864643426360646e-30,-4.2087347074694265e-30,-5.23121091494461e-30,5.841249224829267e-30,2.4311976652972272e-29,-2.332397459150162e-30,4.36357947499816e-30,3.6657187596494454e-30,7.172163112898066e-30,-2.1329770430585856e-29,-5.78491577395594e-30,-4.859602732175093e-30,3.2239104304070135e-30,1.6169626330589135e-29,-1.6096055806713543e-29,-1.972681893787236e-29,-1.842315695851664e-29,-1.0787615100999005e-29,3.7266744423893014e-32,8.67438846952011e-30,-5.067506869671695e-30,-7.154251964415265e-30,9.246871145489216e-30,1.1627802039237936e-29,5.11199585138704e-30,-7.653741895492095e-30,1.129076429897017e-30,1.3116160700260392e-29,-1.9603366828437138e-29,1.0889207905565432e-30,1.392071793452816e-29,2.0294390492483278e-29,-2.328333746967505e-29,1.431322245719428e-29,-3.662155789252329e-31,4.029238036652536e-30,-6.896562537856253e-30,-1.5619965924461018e-29,-1.14823943284367e-29,-7.132488956043689e-30,7.169466810975924e-30,-7.970653667841014e-30,8.214476398800438e-30,-1.307735321188099e-29,-8.659077326462232e-30,8.018898212947915e-30,1.5169587206966063e-29,-4.820987836790129e-30,1.4084036793812198e-29,4.480897497560509e-29,3.563769658043307e-29,8.882196310519493e-30,2.3920820281267224e-29,-2.785482108216981e-29,7.966609214957801e-31,3.419498245909259e-29,2.3687879054493588e-29,-8.616225385199616e-30,-7.196911312683442e-30,-9.295115690596116e-30,2.270228440545342e-29,1.5658773412840421e-30,6.386383695588074e-30,1.627006357718893e-29,3.4431775545755e-30,-1.341207983621549e-29,-1.5803314455166683e-29,2.355335284787814e-29,-6.669784286904656e-30,1.679805727144269e-29,2.2351572562580504e-29,2.471805898174632e-29,-1.6214981980779455e-29,4.058069207920013e-29,4.3703202298035156e-30,2.3344196855917686e-29,-3.3302891708852424e-29,-2.7700072611138297e-29,-4.845736036575505e-30,-7.667030812108367e-30,-3.703755876051093e-30,-9.31716758845935e-30,1.3465428095675018e-29,-4.161260534340281e-30,1.591992951329933e-29,2.8965986363584027e-31,1.592012210629377e-29,-1.3202249768774502e-30,2.619515095259411e-29,-1.6668153296693771e-29,-2.1090473634995742e-29,-2.735879782499288e-30,9.715353604461411e-30,-1.6577441996313133e-29,1.4390452247964207e-29,5.4182187125446106e-30,1.5822188568621678e-29,2.4453147317895856e-29,-1.100418592324535e-29,-3.2444215843147375e-29,4.501832356055998e-29,1.025114731498994e-29,2.857810407278444e-29,1.007608028304514e-29,3.353236626172616e-30,-2.3809501530481642e-29,-1.5191446511834858e-29,-3.9151266874475924e-30,-1.5744669888360092e-29,1.5125868597228473e-29,-1.2472514912846178e-29,-2.77841394532108e-29,1.7423503020882445e-29,2.855191142554077e-31,7.083185149467376e-30,-7.586430643935761e-30,-9.483471639157188e-30,5.149262595810933e-30,-2.7211464184247255e-30,1.5264342960229915e-29,-1.572695133287173e-29,-1.4264014947115185e-29,1.1695016994297051e-29,-4.7570469626364726e-31,6.0157384777907505e-30,-1.634247854309789e-30,-1.8161856413311902e-29
max_user_sum_humans,0.010267352296793004,0.010011940226812373,0.009598527061330304,0.00983308451605866,0.010447004887625965,0.024359771889511814,0.008406999558894918,0.01025450503436548,0.006959457794370398,0.010081077258004233,0.007825488873892115,0.010682530219170351,0.010246761489600699,0.006762939354573795,0.011960055562580773,0.009811918298692868,0.008585746373482516,0.01201882622616077,0.007352490276841324,0.009567317515203053,0.010149789268721012,0.009986702892809167,0.010091411444474709,0.011693553798818451,0.010543493994892064,0.008310371088722736,0.01305033700428149,0.009121409304078319,0.011755005953318501,0.008587944442927993,0.011557943651457918,0.010431389864092188,0.008698031243817295,0.01278469342475531,0.011025355986525258,0.009564173747946136,0.012181647984963946,0.014159093690942495,0.005225166046750718,0.009353392681309441,0.009332829161786346,0.007462486182720846,0.010192804106725175,0.008325047562927656,0.009846182940202087,0.009872279934229226,0.010979414762595147,0.01026847571373761,0.011004719360481256,0.012355478101897549,0.010333267383145174,0.01020847786429387,0.010224072969185254,0.012128335866659236,0.008401571086350344,0.00980529590096185,0.006640679710649345,0.011998687651347451,0.01068111139422724,0.008336873176369329,0.01052964446402235,0.010193983058600163,0.010528671520815169,0.010258531237895894,0.006415242752914819,0.009382886826353704,0.009984181338747603,0.010445605872349016,0.009999845252948034,0.010426167079773131,0.010679983707895146,0.009850532066357947,0.009949470710429183,0.010017437652778715,0.009981782355280437,0.010275356744820208,0.009622866154777891,0.011625091637311376,0.0094434557396995,0.007105057244298449,0.007118095193034192,0.010503535525658412,0.012968451355932612,0.010797197563969569,0.009447915483222064,0.008008525461619573,0.010331666394766039,0.005126473197545497,0.010611720368688859,0.007261011634360345,0.012614920466669921,0.0119892940599364,0.01054501040688737,0.008424316180005671,0.010530764363241935,0.01042775671666892,0.010153931176617207,0.010359042188485703,0.010091540159398097,0.010201582044570142,0.009196852968774018,0.010356630593007137,0.010473572507140125,0.009565228391697857,0.011745702699352224,0.011333108588981018,0.01127481665847049,0.012296279472195429,0.014751224286594259,0.011274002373605718,0.0031229427702819217,0.010244138658010203,0.010958680957941655,0.010130336963484244,0.0050019213805605565,0.013851854158836668,0.010842721549999988,0.009720096952165858,0.010006571188872524,0.012876346814076553,0.010347934159396355,0.010324685303462606,0.013803599215840618,0.005863704917107002,0.008239985295858543,0.009768769995226079,0.010241456329170093,0.009995752864712364,0.011850233812375084,0.01404435497759666,0.010147619306708487,0.02363077230845264,0.010747739736484593,0.008806927022274869,0.004994482357362735,0.00788711471441027,0.010311302180850796,0.011544240649648986,0.00975335397512035,0.010505047266055412,0.00859511343880708,0.009730998846522156,0.009551361888211962,0.010069069119382847,0.011516346054013861,0.011692564667435635,0.01195872579153025,0.010829598695155668,0.012499980141352693,0.011282467413643062,0.009611279273905541,0.015866385141099806
average_user_sum_present_tense,-0.013550889427500136,-0.01376903692862572,-0.013693780065935718,-0.013089560587170118,-0.015421706986105468,-0.0048924080922099905,-0.011992261527391232,-0.015107396894667714,-0.012225951598340171,-0.014694563681833136,-0.013511888846847264,-0.013577213726731572,-0.013335759022767787,-0.0033721107735520117,-0.012222665147000655,-0.014004707957615214,-0.015174952819338151,-0.016206228296472766,-0.013414293822391572,-0.014786723160671918,-0.013054075544008236,-0.013267000775540992,-0.014488878368568473,-0.01362368721761946,-0.013803715552100086,-0.012504519929795194,-0.008237165546359929,-0.013499359928824853,-0.011762207904460299,-0.014858319196321433,-0.012625449632615473,-0.01348420614919527,-0.01227722981467199,-0.010805087628718279,-0.014530054375633716,-0.013146048362965863,-0.014757375198016346,-0.014422099277366544,-0.018159790534791744,-0.011043694394716766,-0.014711166420578336,-0.016852073272582868,-0.01369021152113226,-0.01560110039528209,-0.01452602586735164,-0.014365627154449057,-0.013733670981009916,-0.01349055482658518,-0.014095531702458926,-0.008887191949828724,-0.01519367064114321,-0.013643640902546945,-0.01374096260163294,-0.009729271426512368,-0.01570190484813384,-0.014423401117477634,-0.011930379158203091,-0.015516003140561528,-0.013300257109266063,-0.01764207793308511,-0.014974569396480172,-0.012360250048999757,-0.01358481795377519,-0.013632288855662459,-0.012395817346882028,-0.013897305204380652,-0.014257485818368477,-0.014234659862724954,-0.013230718670642828,-0.013545397566916438,-0.013048135106611078,-0.014106527700166899,-0.015059424307203053,-0.013841430595236456,-0.013779009074292109,-0.012947612256192443,-0.007054391302450759,-0.016311791040300578,-0.013832339734357475,-0.01421827310111257,-0.015462821193339357,-0.014280313993727804,-0.01097825326211348,-0.013571661773389403,-0.014417160995365942,-0.011484450930077415,-0.01350035110869436,-0.012809714677912497,-0.011601313036810754,-0.01597515701937936,-0.013434878596172553,-0.017143497060266997,-0.01820633980016114,-0.012103986561358148,-0.015346532809184538,-0.013530689563028366,-0.018622380456758014,-0.013584258022616572,-0.01366271650511551,-0.012549015443014244,-0.014480060356259242,-0.013564028085609626,-0.00956280630454857,-0.014123293704536488,-0.013950561109862957,-0.009840231415320392,-0.012915545609732895,-0.013665116351711148,-0.010462866623926812,-0.01324514323164661,-0.014370034711327077,-0.01241398203492605,-0.013477884663049281,-0.014304861444565603,-0.01170729683210553,-0.011546260628275202,-0.013556766448840874,-0.013985251433900864,-0.013769946183515049,-0.013765891670783072,-0.013508233117983494,-0.013584978420364104,-0.014500646606994422,-0.014473153241851628,-0.0141713907157432,-0.01241831488830376,-0.013599897467264106,-0.015061510930877497,-0.014651136568195052,-0.011993220872354863,-0.01334970345882145,-0.00814286440303321,-0.013429900473995234,-0.012870483782430038,-0.009384917454727302,-0.011376683689872146,-0.013658561489906443,-0.012770193772338952,-0.011731953231792318,-0.012941843407395636,-0.015070573740303635,-0.021155161147258426,-0.014169302063697726,-0.01330398431089119,-0.013594296266517985,-0.009955059170839112,-0.010696795081240306,-0.01413829625098561,-0.012335431760642838,-0.013966347397521325,-0.015457732709881229,-0.013900420315074822
stdev_user_sum_present_tense,-0.013711271023256331,-0.013567481489478998,-0.013306818555698999,-0.012865995113081605,-0.011593773942159272,-0.016972487602971993,-0.011444502792695977,-0.015184380550127132,-0.01335096229528799,-0.014558775024631498,-0.012004968572019981,-0.01134209869748614,-0.013400835245076837,-0.006600122566501169,-0.013346452406787467,-0.01299295852374183,-0.013344114666462337,-0.015274913687144464,-0.010966802956303465,-0.013437321139173002,-0.013074188269511445,-0.012622722657888968,-0.01358044084233587,-0.015458508531775775,-0.014379974439169316,-0.013237158058301779,-0.01113330544259265,-0.012632490354126228,-0.011526972650246062,-0.015093998615714307,-0.011731037142024187,-0.012224221392151353,-0.013151072297908569,-0.014103062315509066,-0.014586445382710839,-0.016109448322093094,-0.010534985899293168,-0.01656184934088651,-0.023563827317259107,-0.012561644643701936,-0.01642734538082879,-0.00999952937217747,-0.01373744983854329,-0.017058286367703315,-0.016038469539131406,-0.012995053088706524,-0.013851303619391124,-0.01363821019535462,-0.015407131285145082,-0.01881968780063007,-0.011980144145111796,-0.013636807207726639,-0.01329782014837801,-0.013841255337972834,-0.01523375655472594,-0.01327191938462613,-0.009524882087548071,-0.0195838907002898,-0.013170686862845647,-0.015035037363743658,-0.014488185139306803,-0.013944924144736599,-0.013830169020831621,-0.013667714815705882,-0.020591239171680664,-0.014513457546461123,-0.01410169178958107,-0.010749565530907765,-0.008426326648118137,-0.013701202880809574,-0.0132668311665005,-0.01470905722248677,-0.015032347862468178,-0.012782094862319678,-0.014845913327853351,-0.013387289490588008,-0.006259755108769811,-0.014243569329370882,-0.015568457849814643,-0.009421585597255693,-0.003803024216647067,-0.014849112850355952,-0.013173729361701471,-0.013770046702211134,-0.012715249849635315,-0.006302023608188486,-0.01353077670572204,-0.022703100536413865,-0.013991442554892434,-0.017095007808548314,-0.01790114868479263,-0.007414356555295994,-0.022803286095266793,-0.012913339394664049,-0.015599986759821001,-0.013725666364837725,-0.019641469086113104,-0.013645851134181482,-0.012399259968782588,-0.01493970116965642,-0.015068009779214568,-0.014166102926725845,-0.015213384277223324,-0.013413524665291804,-0.014198374935850447,-0.01906593786659196,-0.01292520144071592,-0.014159378008635355,-0.020051152802467286,-0.007390579285572994,-0.007630054731297676,-0.008570836484956934,-0.013215680526677109,-0.012152132800557283,-0.009786037250021001,-0.016871876173521025,-0.013062034068427018,-0.012139868412225238,-0.016338767695366154,-0.014519271752293738,-0.013922539583604163,-0.013974283504925557,-0.01629565980643451,-0.018248414980924214,-0.01498031333780326,-0.013277474224255063,-0.014018890283976074,-0.013478625425835295,-0.022191257724752177,-0.015921121298599565,-0.013326751384640775,-0.013481506445129517,-0.014298544079370392,-0.014521874308097833,-0.002124289148180962,-0.008946295837458311,-0.013627762242353562,-0.014889026070961157,-0.011637926847957787,-0.013595974861685602,-0.013416770012167619,-0.016219589358838327,-0.013659292092060245,-0.009716836335275189,-0.013913571445450815,-0.011037213603214548,-0.025541071185685035,-0.012121685132340885,-0.0018879509113248517,-0.01374026838681365,-0.013090193891920232,-0.009533070503986767
min_user_sum_present_tense,0.005732090909663125,0.005524944664640756,0.004759748618917228,0.005003842362217639,0.0007300616935379395,0.00198838916711553,0.005508977857198293,0.004851056132167745,0.007010053851373297,0.009747206481906256,0.0058473388580718155,0.00661884746179222,0.005646813322436233,0.01871553760363005,0.006685236612919809,0.005774423118995387,0.009304109520007403,0.009864473178055423,0.0033529525116175705,0.00015339029990059025,0.005494605128956352,0.0029977072792390855,0.00237813567680277,0.006160705717676299,0.005586341207252744,0.009631977718163471,0.00606265417275044,0.0047643062002396715,0.005321991264530845,0.006918566774054575,0.006459029373600135,0.005229311022937043,0.0019042546818946737,0.003154094465066603,0.004186601720916564,0.00639835521350525,0.005685470545553932,0.0038408587106301666,0.0062499715726197,0.007113349218610034,0.007006521183268426,-0.001520542674066136,0.005984482514646922,0.0136009659146922,0.008317897437738895,0.0011981019709456607,0.004796977304891797,0.0055162933254536035,0.00549107653141687,0.011534368032635769,0.0022651665763229814,0.0055971457293940395,0.005492466510205874,0.008902294173118247,0.0041617090827310195,0.0015418127024754182,0.003291258164199555,0.010504426153173223,0.004633346635381284,0.0046059016261669194,0.0062971257443578815,0.004619341322684,0.005783232472624068,0.005684201799249562,0.019167220263336254,0.005348646566669064,0.005613369960005872,0.004167725739754095,-0.0007748661626327188,0.005884145226886902,0.00625786725179801,0.005398466104422432,0.004092041191287279,0.0028726467633112054,0.00640195041061036,0.005370488688862795,0.006998518098179585,0.004463826980129242,0.00480849979802786,0.012471113503551007,-0.004049644692246401,0.006336651609461848,0.012108609856235547,0.0050393223351374306,0.004520072729043676,-0.0022926368595929253,0.0054937716272473285,0.013386980301822646,0.00642271733389504,0.010340263178876218,0.00820691996092741,-0.0025689601464991517,0.008255944070026649,0.0034757422923187738,0.00604527512963161,0.005750606342384203,0.005268060065606716,0.005618397851703113,0.005725627548876556,0.008715441731980873,0.006844230539986658,0.005859267696743916,0.0118577244048618,0.0029902580645364864,0.002055280520091473,0.02127402766109889,0.00455735662600611,0.0064438604728004854,0.01159000492438884,-0.00036035592903931393,8.580363496524246e-05,0.004900143939954631,0.005822926522681689,0.002943854421423104,0.005478349666632076,0.01096210280500242,0.006919437774269489,0.005771505844550159,0.008139650972670696,0.00700355858936386,0.0055262178827752625,0.005919544962342892,0.007637911546937555,0.010155926685321427,0.0025586489137558732,0.006059145016389714,0.005769665410253682,0.0032135276881248356,0.012894428855533387,0.010095484348187727,0.00514357934643303,0.006934111811682887,0.006258223477689295,0.008605520930329843,-0.002488200808497886,-0.0008488601537757386,0.005540058425073904,0.005142693651274677,0.006930619811276517,0.006605066984615663,0.0041207032164869775,0.0013895879593941,0.004690753758740982,-0.00040122270191574744,0.006095605551240897,0.003277699560939571,0.009055873264260179,0.007163594011400324,-0.0016229723087677651,0.00482406588519017,0.0021985995825901574,-0.002645330361382193
max_user_sum_present_tense,-0.0017482028823824786,-0.001703885928018933,-0.0017026211387365913,-0.001208550365772788,-0.0020421511852350086,-0.004529998702819002,0.0007845421810234688,-0.003977222360316131,-0.0012783768467333452,-0.001166866411414674,-0.0015626369595453174,0.0005708468068692484,-0.0015738587120895766,0.009695675607535236,-0.001438025509226287,-0.0011567626985209759,5.3732446873692476e-05,-9.715374822077787e-05,-0.00010981116507951735,-0.0027590144012282665,-0.00121481218076574,-0.0018838503886266268,-0.002937360252473379,-0.0029670732239444556,-0.002343487353907282,0.0005538712047985662,0.0013678056477585392,-0.0012021247811688056,-0.0003314091665094646,-0.0027085349206275085,-0.0027473841693668143,-0.0010684277184012554,-0.003316964791600885,-0.0038131826302594115,-0.0025171705358663487,-0.0033641356349877237,0.0016359824969733143,-0.005373867154992516,-0.011515475840061386,0.00010847750264701347,-0.0033637954161628673,-0.002854855519283977,-0.00157898820539089,-0.0017360333339638823,-0.0027222979974061475,-0.0033881864420711345,-0.002148511718293774,-0.0015381718410497503,-0.0027593997187710505,-0.0017872638089530494,-0.001523875796767972,-0.0016847648945252812,-0.0015178453503474744,-0.0007398011412217964,-0.0037618467821345838,-0.0031050989538520205,0.0022843064725674364,-0.004455366162194141,-0.001890178523476756,-0.003232713707607549,-0.002003495465253494,-0.0019367448742342794,-0.0017474376142493407,-0.001704415233583511,-0.0017989197394857777,-0.0025941834986653147,-0.002110641222639608,7.169455779863429e-05,-0.0005996143845994999,-0.0015546285865758545,-0.0015593776138992065,-0.002780635660695325,-0.0032266291523111758,-0.0019308453300504475,-0.0023344074251453184,-0.0014097061778483135,0.005360019989310282,-0.0029875824627778247,-0.0035903379222307474,0.003320868251295272,4.469734121661552e-05,-0.002503772665362492,0.0007728509072775103,-0.0019507398772402032,-0.0019722755159125617,0.0017308789620940276,-0.0016202791159863027,-0.005598318915878761,-0.000992861294597673,-0.0034853606619769766,-0.004203081811133099,-0.0027335851733169235,-0.008974003623414894,-0.0011261389330118185,-0.0031663752933001974,-0.0017237472378987522,-0.006670137538448732,-0.001680001109812002,-0.0009576075715196745,-0.0007027468299595123,-0.0025609373223533585,-0.0020620190609834683,-0.0008717988656052585,-0.0026434016294604058,-0.0027628196843296256,-0.00014904967928924297,-0.0016255047499340106,-0.0024197214032315832,-0.002134098181775182,0.0004939870856551501,-2.652552278200812e-05,0.0013339340387636955,-0.0012934189185388432,-0.0014335524548209355,0.001603122985962574,-0.0009896789469950248,-0.0007846269400655992,-0.00030707124640554605,-0.003271452588169196,-0.0022899836268493005,-0.001989937267409446,-0.0017934415238529539,-0.004134081730939071,-0.0037556669148734578,-0.0030639212606409392,-0.0010111039229722526,-0.002011387435375942,-0.00254287008081471,-0.005997315898946505,-0.0022274249997252292,-0.0016945062110694416,-0.0007661924769167012,-0.0019211072661261385,-0.0015395238854644232,0.001257676201336419,6.636353747068585e-05,-0.0017027130111183396,-0.003558116150782274,0.0014018642644780732,-0.0012637018376923407,-0.0018453179780665106,-0.006050251504356387,-0.0018439761140396091,-0.00047364206919375644,-0.0017286379755946154,-0.0006567866103061827,-0.00891568381073614,-0.0005956894769632735,0.005272144115949046,-0.002158911743594071,-0.002891038866872267,-0.0010808536403776117
average_user_sum_future_tense,-0.012059487254399407,-0.012205367609828986,-0.01248561944297216,-0.012297442848607613,-0.009422115598342343,-0.007835778135941088,-0.011151838545502873,-0.010524106009396083,-0.014694460127192235,-0.010650528181648165,-0.01612951367125702,-0.011469854245757373,-0.012266132368954042,-0.010277393957156267,-0.013020740408550998,-0.013344017730745021,-0.016318220364552834,-0.008500756227879915,-0.00923855068512066,-0.011959681760065155,-0.011761420264222402,-0.012228955327269002,-0.013685024846281727,-0.014874227620068032,-0.012581970424188101,-0.009919679353900885,-0.01493249532165594,-0.011737681603440757,-0.01715077929857799,-0.01410625663360307,-0.010404115164138682,-0.011353648668353871,-0.011522088071581858,-0.015736355323354843,-0.011529055556443254,-0.012168107531327176,-0.01153733055917112,-0.00936018270937767,-0.014163912768059606,-0.013921220544049286,-0.011339835952780448,-0.007135061629083432,-0.01209923737036545,-0.013961200562527119,-0.011394984170712044,-0.009548720346938789,-0.013071304478896036,-0.01204069291979449,-0.013235502194998736,-0.010233185842569971,-0.012279786860203987,-0.012255824750133721,-0.012240887311103276,-0.010232911211167855,-0.011130073257182148,-0.014583823424692048,-0.01252473895904668,-0.009451258401115617,-0.012796771065570681,-0.011840282840791808,-0.011691064995601526,-0.012218701734662177,-0.01236760193114029,-0.01236286207419803,-0.00807079195611928,-0.01192664403468421,-0.012248952044815109,-0.011079058262125666,-0.01127478664897594,-0.012010407054405049,-0.012194939262139711,-0.011806097341549337,-0.013390093558186602,-0.013748060147099493,-0.011645933957530004,-0.012955864757102207,-0.018078212357461612,-0.008172273541582842,-0.012437955050994098,-0.003616444941508393,-0.0016617793578539118,-0.011643495040035628,-0.017049323909067243,-0.01214341222005195,-0.01230226633453701,-0.01566455641714029,-0.0120430498727686,-0.018279037294478793,-0.012138040513906106,-0.010886730728371288,-0.012524900898621644,-0.014067411896588918,-0.008662590119482567,-0.01546288581718659,-0.011868104452257892,-0.012125916354516025,-0.009182464250420191,-0.012308630783333621,-0.011763581042795856,-0.012630675315159958,-0.010921156313575148,-0.012084773542193167,-0.015149460240785083,-0.012851899218870415,-0.01207771044619532,-0.01709535468014875,-0.012945306098780588,-0.009226749220337048,-0.016117391042163635,-0.012108712124879274,-0.005861674013262879,-0.01089653385662358,-0.012387686308625533,-0.012736322866108145,-0.02222014273386555,-0.0143274292931194,-0.01193646604135692,-0.012027038701225337,-0.0136307995396775,-0.012735531368911993,-0.012649833002035218,-0.012354311619142428,-0.007025222105045815,-0.01379470582644389,-0.012955641221442193,-0.008538054133586721,-0.012201213820433618,-0.011630184881575616,-0.011529011878694408,-0.009669075889432348,-0.012032010334159748,-0.01474023003020905,-0.012433031879164901,-0.00997277552872246,-0.012241396395293301,-0.008761226219974619,-0.012294707296427098,-0.010111904635997976,-0.012678391170554415,-0.014244084128443388,-0.01151909596674873,-0.010537591095245913,-0.011841610323676631,-0.013979834065445005,-0.011740361968899944,-0.011862809959051465,-0.0067554343005688244,-0.014340832977994142,-0.010268160118272245,-0.012899158103059742,-0.010641031674896082,-0.005374897340156782
stdev_user_sum_future_tense,-0.024737672959753244,-0.02458577943732593,-0.024999625446472027,-0.024664941602068415,-0.02643183871736605,-0.01956953478960761,-0.023118375743447564,-0.02457689472383533,-0.0246816809087603,-0.02511689250792582,-0.02580799667505016,-0.024765108885289655,-0.024038178359759892,-0.017172210603983697,-0.02436357419794314,-0.0244012523908931,-0.02609298389195451,-0.02773137107554778,-0.024252945509000888,-0.024290145563901938,-0.024378273436314407,-0.0255797139313321,-0.02446878871428406,-0.026412933976940958,-0.024357671762462046,-0.025019346663176064,-0.02854974654477729,-0.024725569623115715,-0.02620399729993723,-0.023885890707552034,-0.020447530837567257,-0.0249231046141599,-0.02214640933112494,-0.026198435526882974,-0.02504540059993438,-0.02322718785241563,-0.028388252802492284,-0.02192444234561672,-0.028181033649402318,-0.026837131370975813,-0.02472542558996435,-0.02343441865609811,-0.024480817390035273,-0.02128648164711431,-0.025798005488975838,-0.02258741579613318,-0.025487058924543823,-0.024384339994508706,-0.02620571169629437,-0.021645061311254765,-0.023234076042598865,-0.02458931868149969,-0.025355076495879675,-0.028872068359038428,-0.022130663789146642,-0.024584728897660862,-0.029376384570186938,-0.023537260472851016,-0.024749265308216754,-0.026110092387941496,-0.0234851166245562,-0.024967600997759028,-0.024498144473552336,-0.024632648552821698,-0.022478650748255037,-0.024140675948850866,-0.02629494861461365,-0.024383738453968695,-0.022187761035072303,-0.024290728843562183,-0.025250342780341085,-0.025281342154497684,-0.026413590229178174,-0.02848091818660204,-0.024784258057981824,-0.02375688371853994,-0.03088971632366274,-0.02701312548658034,-0.02256662341199587,-0.02301450795121117,-0.02066843322348666,-0.02503757507064826,-0.02169064795547046,-0.025002142530890167,-0.02415585163191645,-0.024765991669921522,-0.02427374978104061,-0.024212166564126263,-0.023033405323085177,-0.023771549007133554,-0.026837073344308255,-0.017867399806829165,-0.02596858207647003,-0.023611194866486468,-0.02510029825502657,-0.024584141207790337,-0.016109378654552794,-0.024666164545208483,-0.023606559373710652,-0.02213319298745245,-0.021234571076921165,-0.024699891231717695,-0.02568129203734316,-0.025424196949933583,-0.026317756635133346,-0.025809548564494994,-0.026272485600944105,-0.025337872372338813,-0.028382646143109223,-0.02347700969146552,-0.024236395084673915,-0.026426184702886872,-0.02510113970888027,-0.02471558497518598,-0.02618303350332373,-0.027528326192629397,-0.024065736672526736,-0.024332092639272565,-0.02300151211853083,-0.02527062694168747,-0.02424475817116968,-0.02468881165125706,-0.022384546899823415,-0.020422665708511218,-0.024422856782571428,-0.0256973418850367,-0.024612245825759105,-0.02438908950791194,-0.02145590130030597,-0.02210968560806989,-0.024494889135550063,-0.025606020660658816,-0.024832141128214687,-0.024791439709736737,-0.024968549293070696,-0.022068979724073037,-0.024572075494228574,-0.024121297848727664,-0.02516750102458208,-0.02747343270281401,-0.023081689509362187,-0.02833494051093875,-0.02427951997158899,-0.025924533358607827,-0.023285458721875048,-0.028827265104782354,-0.02365078071553859,-0.028878073128451046,-0.010562485932348098,-0.02606613343351294,-0.025131850440187033,-0.017949410341086533
min_user_sum_future_tense,-0.013124030880650964,-0.012535949304427233,-0.013014355339795218,-0.013528159398030088,-0.013185565045586854,-0.02033702161599142,-0.016331233080736515,-0.014901919227627455,-0.01066185651094292,-0.010099034510801696,-0.013501438297844774,-0.010184669624607012,-0.013062427257205272,-0.014380663956087277,-0.011366623192999952,-0.013271142997407236,-0.021774677071773028,-0.016447642621887776,-0.008668945153437777,-0.01235614776946447,-0.013100417088986193,-0.012509266726721088,-0.013831540294983059,-0.012508116484391539,-0.012964187936293944,-0.013154128724015064,-0.01048283596683306,-0.012824156271154918,-0.011399071929556418,-0.015116987439122164,-0.0069154977001615716,-0.013440775052247705,-0.012172561561151169,-0.014727799573296362,-0.012088352288294251,-0.01459491128691299,-0.010374476757153705,-0.011998359297112883,-0.01546060887800206,-0.012057333491505048,-0.012897249069236078,-0.012740510814932271,-0.012730681000876376,-0.014092195382593688,-0.00722288199062778,-0.00803481117967621,-0.012848903630809356,-0.012628313376370126,-0.016316300363333577,-0.014428055108308972,-0.01052638735710247,-0.012998850461463336,-0.012712207420990843,-0.001907036506697322,-0.015286945065970028,-0.016868535471833306,-0.00927796796012597,-0.01118669396770367,-0.013517373184237555,-0.012309470692700344,-0.015911918840677997,-0.013369899392892914,-0.013012088210632853,-0.012845753225143128,-0.012075261449361791,-0.013384043583272096,-0.012648838889556929,-0.016041866562382788,-0.015107376498901022,-0.01255819549972306,-0.011600169631459996,-0.012635707610366979,-0.013048350273645724,-0.012249412803417906,-0.014412887814691477,-0.013857395764126472,-0.010064250570232552,-0.0018980712873738897,-0.01323827359518837,-0.011429358379985736,-0.012391884363514637,-0.011535136626705522,-0.027218547962949674,-0.01299936560825015,-0.013464077726452736,-0.014524462857070167,-0.012790945987656697,-0.016343478104765857,-0.014319116567875927,-0.015902673684575444,-0.01313226270844284,-0.013020673286626106,-0.012885307155226788,-0.014601496941675583,-0.010728909691294466,-0.01289522980200784,-0.01643098473447339,-0.013008864046708856,-0.013731598141908125,-0.013928673192283572,-0.014430506589057882,-0.012964768670246447,-0.006638844731084958,-0.011812804520389217,-0.013033452955318301,-0.015770172186495533,-0.0139296047113568,-0.014711546929477808,-0.007450783568871114,-0.011884299117188857,-0.012638039369093593,-0.013469275535255936,-0.013464523823023686,-0.012658440837275211,-0.012569295605330946,-0.010280814087596124,-0.013637928982586683,-0.012762619920719396,-0.01578021894261261,-0.015354274600380259,-0.01531776768365608,-0.01304461047492389,-0.015368960541098814,-0.019279266716291803,-0.011944546886886852,-0.009730934702321429,-0.013214180937650174,-0.012183678096593913,-0.01321386203364178,-0.015023324479308795,-0.01251009054209103,-0.014929272000512223,-0.012851984136355701,-0.010309013020952454,-0.019343885487305933,-0.012822599494801204,-0.012965327754889958,-0.016739086172977168,-0.01198359165191987,-0.012344068996288114,-0.01448033608467591,-0.010579210979054515,-0.01291014055037899,-0.008605066389941234,-0.015383919373990109,-0.011833082724530077,-0.018529598805467777,-0.012704321920969134,-0.01920706167661141,-0.011649918263779768,-0.012667061868004037,-0.01144816034923675
max_user_sum_future_tense,-0.02541117364526826,-0.025153893911903084,-0.025628477140661243,-0.025394297322646704,-0.02626234653810983,-0.020362577891460495,-0.02390676739570278,-0.025090123643609373,-0.0247208747863191,-0.025369921584282994,-0.02605003192369503,-0.02534137806919534,-0.024656660179280185,-0.017835930419080423,-0.025059414598044137,-0.0252106721844084,-0.028104336846774006,-0.029461603175351774,-0.02426937622404497,-0.025238712841762566,-0.024723772230265798,-0.025826665486970258,-0.025266260036748325,-0.02686845647345465,-0.024988737029597786,-0.02529950305865598,-0.028349803582911826,-0.025361286254572533,-0.02629886104502608,-0.025404749787422482,-0.02046668943929264,-0.025799802377325643,-0.022281581570766748,-0.027082607814736745,-0.02540825067754898,-0.02449042900794756,-0.02778792379551792,-0.02276756939772427,-0.030697813072129664,-0.02620103218414191,-0.025355648498812732,-0.02364327722605665,-0.025103018607857172,-0.024050239616819236,-0.025649792482731644,-0.02290020138158742,-0.025999491504292028,-0.025014435826962056,-0.026653675245376617,-0.023402406995111945,-0.023414751915306675,-0.025220720329647638,-0.02582806817980536,-0.02693797519724547,-0.02393252511062996,-0.02606299036353432,-0.02982564971997339,-0.0237319735169801,-0.02558385117114376,-0.025851753535269664,-0.024582218996611123,-0.02571879183046883,-0.025161688303214257,-0.025198653368914286,-0.023258980762881257,-0.024741483717674848,-0.026885912804117604,-0.025503366375515125,-0.02172813915102597,-0.02462998918295552,-0.025678989712708423,-0.02573057439995504,-0.02689275880049882,-0.028569158209760828,-0.025982585240992576,-0.024749568190117772,-0.030757192667423664,-0.02527905326181978,-0.023580196972565682,-0.0222676852123467,-0.02172044859359873,-0.025267419817148036,-0.024612448984856136,-0.025453075356443707,-0.02498628545924826,-0.025333832769390496,-0.024739569493886338,-0.02614723240268356,-0.023901001327614472,-0.025123914645953784,-0.02717317015646063,-0.01835919704056682,-0.02728987417895205,-0.02490236595221627,-0.025433178672501923,-0.025143656323084823,-0.01794254008225138,-0.0253193554015492,-0.02443133850991465,-0.023355193298514283,-0.022712397342684362,-0.025211927972133622,-0.026668524851232403,-0.025715005121896072,-0.026876589522964026,-0.02659740190556035,-0.027151251706018023,-0.025465664630209717,-0.02877485888903524,-0.0238577548416231,-0.023610154829197524,-0.026423561317546827,-0.02571563361934203,-0.025344557566571405,-0.025779194195909568,-0.02829611673468199,-0.024906715741297027,-0.024860524849839555,-0.024758463700860215,-0.02655844383584038,-0.025458943476277984,-0.025370220298666542,-0.02341818025536193,-0.021961738085900552,-0.02483454979090556,-0.024963583835032124,-0.02534687345596648,-0.024834027148162473,-0.022692765824005676,-0.023228923129969326,-0.024974176703626783,-0.026483137216007792,-0.02554154651835635,-0.02504324606152007,-0.026764461964103623,-0.02293824272810365,-0.0252177796494052,-0.024659690144352767,-0.025473165333347918,-0.02786240747823771,-0.024335709514894513,-0.02838733595532992,-0.024926283118855565,-0.026109624175232736,-0.02462261591928191,-0.02836461515110185,-0.02612871543946453,-0.029860659838295098,-0.013903464721063151,-0.026213591401870066,-0.025496879086497927,-0.019461340107490174
average_user_sum_past_tense,0.003727168995305216,0.0036489454011412494,0.004294772033898685,0.004291165370876019,0.005573750335595571,0.0056276084888228425,0.0058867688911101185,0.004083644284237391,0.0023409038636795464,0.006360358088631944,0.007118976916432655,0.0011194076839037004,0.003393072924653762,0.0022160061392422423,0.006424824456121631,0.0049490058448202374,0.006196922669101303,-0.0005731056102721548,0.00439968782472764,0.006735643104224599,0.003853585075695576,0.005761437387831211,0.004490739876374432,0.007498564523368898,0.004347527396042864,0.006956242267171425,0.002224419973131015,0.0035633782584509784,0.00494659732575803,0.003357069445994879,0.011407979124942935,0.003903080256262374,0.001225118644112311,0.003444387453005699,0.004315547734194347,0.002453115734585563,-0.0016303151206151674,0.003858904476760518,0.008038236702344157,0.0033180462494699324,0.0022344951322675038,0.0013227359805509618,0.004141453375023366,-0.0019769827791280645,0.003713236360871744,-0.0006690773317757047,0.004750894731201801,0.004030689335824103,0.005394767406384827,0.00683380275143603,0.007702356430752226,0.0039907411153573685,0.004278602636643791,0.002168890245008149,0.0035838236448260154,0.002482583650022154,0.0029761547262622343,0.00504912254640057,0.003877393338829088,0.009768677475899325,0.005458446032282923,0.00428184524339319,0.004081141927395383,0.004133931514761449,0.0010096241509864358,0.0037524189871383264,0.004220154089861226,0.0045276510481384626,0.005395843514976829,0.003981472628713933,0.004857523797370299,0.0042920625765981,0.004207109924509778,0.005259550589422948,0.0029216795710904717,0.0053186012538380106,0.002790450494863766,0.004087807664251583,0.003676873419627788,0.001558345721707344,0.005858647298570323,0.003581124074793598,0.004186653494784684,0.004044898857155367,0.0008658420468179873,0.0030719456815487926,0.003749618205500186,-0.0007704528271252793,0.0009442727757208343,-0.000708913295294638,0.0009285955184298103,0.0035327548462842796,0.005609776718728988,0.00748426909410152,0.002393244829184139,0.0038518140493839937,0.001639961219874874,0.003999580710370504,0.003789191054359,0.005336144819113471,0.0026007293348330107,0.004096894952047886,0.005022397486358731,0.004838379518506383,0.0039163535463742315,-0.002808114090381413,0.0041154805398244156,0.00092620040183089,0.009508553464169164,0.004844396510246011,-0.0014942688909769016,0.0032920218406952712,0.003553303426754025,0.0043679819708549224,0.0008171438089837162,0.005969281162106006,0.003517039940761753,0.003894891606789519,0.001816226663716532,0.001987738891963898,0.0033620689664897938,0.004222675482636435,0.0004239453814958126,0.0041223464106874275,0.005334317027782807,0.003226769205556179,0.003828340317794981,0.004554792372291901,0.0007590168226017588,0.00514450052039038,0.0038514810480022553,0.002429632580985757,0.0037970342276795136,0.0036185654931459275,0.006501869008474969,0.006577743906439561,0.004029493409683652,0.0030141511926826594,0.003989487037505721,0.004991433896148329,0.0037993697250946652,0.0049127760283647105,0.0042170430239366705,0.008670158742470527,0.004176392173126415,-0.0006195433133079284,-0.0032795617108272498,0.003336829374934614,0.004364359692835744,0.004307388748613182,-0.00010546792511401115,0.006569500008817517
stdev_user_sum_past_tense,-0.009035846747277105,-0.009136585515123825,-0.008599076562179161,-0.008672804418402517,-0.012443328859713425,-0.015213891645118622,-0.008367926509320927,-0.014653277607241472,-0.007116328919531546,-0.011526924232470287,-0.004425853184468532,-0.013579078200490705,-0.009040402599022702,-0.00880628030780968,-0.00803568197949114,-0.008891087658550852,-0.0066395352800434244,-0.012353762882145779,-0.008536360689045034,-0.009433448160904433,-0.008081460658242012,-0.006988456682426822,-0.007337053682514997,-0.013264320059254544,-0.00867202766972033,-0.00634654447289809,-0.007638991961601983,-0.010062853453554486,-0.009624362920278216,-0.008289945333077042,-0.01418563321548911,-0.00847664001888756,-0.013068182482757085,-0.004326786932913992,-0.007847198529325037,-0.010735712169284595,-0.012900282039926233,-0.006124695002461399,-0.001122790810751383,-0.004317514801191129,-0.01007632795749085,-0.009837275669920575,-0.008829122329879355,-0.011683927450204969,-0.010611051961991965,-0.0007485508954005113,-0.009705818464436997,-0.009530238342072206,-0.009475116526642695,-0.0021974783439592336,-0.007193209798054313,-0.008776859111136409,-0.00839572748928185,-0.008379694894028077,-0.009643947089789428,-0.008819333455250749,-0.009913313695484774,-0.01101118549599686,-0.009220302418933115,-0.007626414772347476,-0.0055045876578151895,-0.008187935647013332,-0.008381075126790233,-0.008646048787714864,-0.0033972558164737845,-0.008602798961362032,-0.006855669565566949,-0.006424883065441662,-0.006863925919863206,-0.009013562933466456,-0.006700360099000782,-0.007970968746312531,-0.007103042373137025,-0.005458593978707144,-0.009461625788593966,-0.007889592680617698,-0.0031494664817548375,-0.007445260686128958,-0.006998719461852598,-0.004415004128767038,-0.004874348075049751,-0.00800592521995749,-0.012752513938603813,-0.009041033908996337,-0.013326232354378336,-0.006903927256197805,-0.009717998876615504,-0.008917583162300333,-0.011310140057239999,-0.011420053319718394,-0.0060849612157433276,-0.0082979923973089,-0.009010203506690736,-0.008839095061099958,-0.011495855589621183,-0.008740898844801616,-0.009985129087450851,-0.008657017698136635,-0.008719026874807714,-0.009985044972118759,-0.012150310487493002,-0.007771586969817373,-0.0018379852740010652,-0.011285523985893617,-0.00839699620504584,-0.007963044330744398,-0.008168717463224145,-0.009516140504644532,-0.005299464806828743,-0.00990925062353441,-0.012244509371288263,-0.008435898403725002,-0.009016084477181635,-0.010591663311694132,-0.015632975732803187,-0.005920348498581819,-0.008650093472120991,-0.009076960346093885,-0.009347702055386108,-0.010165458202446263,-0.008315201213013093,-0.008248037866024587,-0.015828829748849207,-0.009303924628910488,-0.005888947112087692,-0.008849318226971015,-0.008742977019239886,-0.008119867377499484,-0.016801902275988545,-0.00844398656972414,-0.008806578590133653,-0.012554141691503023,-0.008698223237444506,-0.010990576209520661,-1.8754093840427782e-05,-0.00926814779791731,-0.008649439538025416,-0.008716044261558616,-0.007226790481502619,-0.008387684497250875,-0.009679980957179802,-0.009772966530172806,-0.009921703808250415,-0.0170428939721535,-0.00810955210311205,-0.006877972912025518,-0.013486684498512274,-0.004322525410495576,-0.012544218715234109,-0.00783600769699197,-0.0147019737975145,-0.01742347585646236
min_user_sum_past_tense,0.0008053663102695055,1.2829893226028524e-05,0.0006746840727811241,0.001639135205134046,0.0035666035789424268,0.016740977367440006,0.0007417755283215281,0.006579977709633815,-0.003712035506502789,0.0038171112684367457,0.00227910294339031,-0.0001955646637108576,0.0012941648368907446,-0.0006824539746506288,0.0022045305515544745,0.0002288333139740936,-0.0035338204108623485,0.0019021487641003561,-0.006397240727619534,0.001580346835181234,0.00011526649267522542,-0.0007036431296945809,0.0004632957857944875,0.010705295585444648,0.0007291544596144091,0.0018754056527397677,-0.0003522742642576345,0.0007469473162778004,0.0006993819748381605,0.0015305514650800246,0.011201436155372042,0.00038942487881134594,0.0018438402569014127,0.0021672701601629756,0.00011266760859275984,0.005979565890080971,-0.0023273512383911957,0.003788744236674511,0.0073476807802624645,0.0007115886426735498,0.0028137627537212478,0.0032059918100545487,0.00044731327098126994,0.006877918080249663,-0.0005376777191590503,-0.02349973325804916,0.0010571567730360068,0.0012091351879237244,0.0048039663224472675,-0.00197092919249866,0.0007344098094986548,0.0007082487093768913,0.0008242150872586106,-0.0019905216052504143,-0.00019102924008433143,-0.0019321891891437883,0.00185803923310183,0.005869123587740974,0.0014942575423967774,-0.00019722797440437437,9.865260694365881e-05,-0.001371525595529285,0.00041095647112798436,0.0006827924474234002,-0.013477633854072059,0.0013436134966192913,0.0002843025701882917,-0.0018780023144881492,-0.00019735702697632005,0.00019155780733568026,0.0003720352137986174,0.00015187126588369574,-0.00011236226215818271,-0.00046658052730631956,0.0007960659834339284,-0.0001110503970365214,-0.009347756711494253,0.0001230026176893967,0.0002612814699985092,-0.004291793770082999,-0.005494260201315998,0.0007744397373242486,0.003344089266864421,0.0009868821702550068,0.00018008131504471808,-0.006233253039307721,0.00044350203941928654,-0.002105898389104708,0.0011715845251638341,-0.005387266518863632,-0.0009958049522021707,-0.00784913914141794,0.0003866844170284274,0.0013837127749462145,0.0004446271936661148,0.0008257920873162078,0.0013002032600359249,0.0007795092089289768,0.000592909992971723,0.0029196932386222852,0.004056657961100145,-0.00036201550017039494,-0.006063391731719313,0.005864855044728002,0.00030886927353544844,0.003420468585612543,-0.0006471613947480175,0.0015810551662167709,0.004065893417896691,0.0009694568249142719,-0.0032090217905050124,0.0007284323775462809,0.0006075726894284412,0.0019686077338512842,-0.005146503522561387,-0.0003512695508574564,0.00015509012213093306,-0.00037173793805026986,0.0011171313839974635,0.0014308112584820653,0.0008022800870036142,0.0007631571784742202,0.004070310614425004,0.0011267833537659958,0.0006561968981176371,0.0009605931963222094,0.000775362303760423,0.0010500347928139872,0.008966295584743118,0.0033563095938132954,0.0005867653047611004,0.0064248258968014026,0.0006470263115119163,0.0006795335344341727,0.004371602109696833,0.005130747675165122,0.0005797665752856566,0.0022887899839868523,0.0006984486051665323,2.31366638511624e-05,-0.0001365872362628544,0.0030542639436556586,0.0010514309349185114,0.013089368662917135,-0.0013660586745592547,0.000493741124649995,-0.0009743137841097503,0.00017064123419107888,-0.0053421538007461826,0.00020615588056042185,0.0011843532697616357,0.00018269995499180887
max_user_sum_past_tense,-0.0063317025299705195,-0.006902895650865503,-0.006111848124921397,-0.005796987084763499,-0.008047230699303983,-0.008725711049131106,-0.0053613691329923744,-0.009191265143111142,-0.006213381885581455,-0.00738484795299994,-0.001433048333559157,-0.011634331297449218,-0.0064559251942329955,-0.006533238742023943,-0.004815724111926449,-0.006476561474987596,-0.0053386415475131545,-0.012232870292336872,-0.006980546641612606,-0.006299952909842634,-0.005813079376808023,-0.004332785723885177,-0.004852801406420327,-0.006708338492743314,-0.006046473394212622,-0.003421718014616741,-0.004683502064731142,-0.007402894922499734,-0.006529011271122452,-0.005767246852877505,-0.00728427519332981,-0.006110296320965556,-0.010293476109352181,-0.0004395115450905934,-0.005566303715316176,-0.007471151760260264,-0.0121987518704137,-0.0036887418450735534,0.0038929957859434273,-0.0027204591319903715,-0.0073279489824060115,-0.006071299716997621,-0.006346942479819637,-0.009352007086413493,-0.007922449064867554,-0.004496839051410538,-0.006808304550759355,-0.006873542672793159,-0.005105670528393849,-0.0006593785376638114,-0.0043941595942405005,-0.006212199481832951,-0.005848232765652043,-0.006968713197680613,-0.007283078255763028,-0.0070782907612139965,-0.004813151648597606,-0.007127034372141952,-0.006382008042105979,-0.005269499460221419,-0.0035435857472527537,-0.006528243222389473,-0.0059707246490364125,-0.0060492790206182305,-0.007221982587941837,-0.005855008515108697,-0.00427519356019416,-0.004952545095101804,-0.004926109863929072,-0.006479465795626666,-0.004202399393395316,-0.005593106115740719,-0.004942959377116646,-0.0034495616248667827,-0.007227897190108289,-0.005178699035387967,-0.001929523440135538,-0.005179982493439226,-0.004785453250826672,-0.004421346905356001,-0.0052459015113266675,-0.00543067103034621,-0.009451685931796364,-0.006329527690111012,-0.010415608107327636,-0.006877205494581986,-0.007134994286363519,-0.008036960089130098,-0.00948719996057895,-0.010623965159895266,-0.0043484387210091895,-0.007583023072427452,-0.006320024852792107,-0.005513601332458484,-0.008719333470651592,-0.006189912780205499,-0.007599960650611814,-0.006087851869650173,-0.006536650658381271,-0.006442537667532272,-0.008642246308029216,-0.0055099965135737075,-0.0015305460741456677,-0.006563834996607756,-0.006430817528617892,-0.004774686809909905,-0.005906415621496281,-0.006676101191477853,-0.0026043320841621694,-0.0072957413747692865,-0.011049520812814559,-0.005633944214563686,-0.006475423812006236,-0.007463979674653724,-0.012888417176238395,-0.004516997961558943,-0.006198553615422399,-0.006750699537417228,-0.007207389471779475,-0.007386285591738489,-0.005951263034908356,-0.0057405712868909015,-0.01239676933306082,-0.006602308387258494,-0.0035785459247457364,-0.00672463093727603,-0.0060970034557336844,-0.005385945203647401,-0.012135973726871644,-0.005417751812480526,-0.006414666387083022,-0.008091209774600816,-0.006182075871093144,-0.007707228337890444,0.0030595168687577567,-0.005810730675011403,-0.0061394973496826195,-0.005653848940599918,-0.004608115432655356,-0.00588057626010501,-0.007924203288652289,-0.006677853817887084,-0.007100460451585127,-0.010850126694729054,-0.0064111607882197845,-0.005160994820112131,-0.011715097691749676,-0.0017238794392189834,-0.012217320274588439,-0.005247739969559744,-0.011973159095958988,-0.014466945838338935
average_user_sum_relative,-0.03056409744155176,-0.03090885902841955,-0.030820419912450943,-0.030544750754975585,-0.03339050693291147,-0.026465947766655052,-0.031640520913264775,-0.02815810314518572,-0.0324638052273091,-0.030319485632589224,-0.03567685412813932,-0.03238318797482858,-0.030398070329165337,-0.025454360780785,-0.030845850869311308,-0.03142282339855792,-0.031039201567176898,-0.022198459974603,-0.02871097113950038,-0.03105155245672757,-0.031147717011180687,-0.03101535375213036,-0.028306402310153696,-0.029746264359927495,-0.030568010077710782,-0.02607317892781632,-0.02086238142526225,-0.029542383528211813,-0.02960301726100338,-0.031171380918555973,-0.034295394774249845,-0.03019724759483912,-0.02699413520259596,-0.028216513346709216,-0.03153780126883997,-0.02794632281332215,-0.027568856766264555,-0.032129403082857104,-0.020265110204098054,-0.03262972786955295,-0.030514461121701916,-0.03231554275398858,-0.03074099060732905,-0.027406502378660068,-0.030328115666644864,-0.03126693573803072,-0.03139441097896478,-0.030566175986774177,-0.029500970638232017,-0.02389553722525449,-0.03132993617312024,-0.030556273581754088,-0.03067264211202831,-0.03158887746442442,-0.0300012189127497,-0.029775658309718914,-0.02607358253395553,-0.028390284349046883,-0.03047825525756277,-0.033614342599001805,-0.02975822588127623,-0.02984763927937537,-0.03075718877659583,-0.030662169935271,-0.029889294696541408,-0.029925037651852567,-0.029314571859587316,-0.03047743236422535,-0.029551877976587735,-0.030628275177074126,-0.0308002421784843,-0.030936112882906423,-0.03083847552511052,-0.030315229699040467,-0.029938778954216205,-0.02978824847923727,-0.0337294834533761,-0.03193791636136577,-0.02991574440618307,-0.03989264781570025,-0.032723446371628745,-0.02982036208076706,-0.03416535208100909,-0.03077706956000447,-0.031006490263254083,-0.03378521808820255,-0.03113386167275952,-0.028825768974374395,-0.03108133214311358,-0.027645574657850905,-0.031146477125437597,-0.029019540681242743,-0.018981293393541526,-0.031111807820731904,-0.030122761780859885,-0.030634532740927194,-0.028589099996227878,-0.030503666280120377,-0.030047438524267327,-0.028195734531738754,-0.02781423581377269,-0.03068104497241713,-0.025962783147437225,-0.030480571931833296,-0.03045892542126797,-0.030254761911396408,-0.03034655370923013,-0.03157748589694445,-0.027549084521187678,-0.03483882681115934,-0.03109690215132308,-0.03469587851636447,-0.030198636329862843,-0.031211526696622437,-0.026490433956312082,-0.029290379347181646,-0.030776402307360746,-0.030364052574222453,-0.029217827718465615,-0.03021336050035267,-0.030346841078066282,-0.03033796451782874,-0.0327240013250112,-0.02949633342167357,-0.03115935815759438,-0.030822273151049847,-0.030716911325405872,-0.030196090958445457,-0.02312533872387074,-0.030229451247110198,-0.030871182818634924,-0.03176193786718551,-0.030346962177294143,-0.030017968021451798,-0.03242845676631212,-0.03220201336007794,-0.030459484028271505,-0.030828519721918263,-0.028347031045530907,-0.029329208192140018,-0.029992902098102507,-0.03684488822743285,-0.030635053535911616,-0.03096069887323786,-0.030296065472517873,-0.031861058488688185,-0.025308971176496865,-0.03306669416989538,-0.030809672630982696,-0.030670433250277004,-0.0319794665768047,-0.030135689850585394
stdev_user_sum_relative,-0.004952840059453213,-0.003944164228779072,-0.004843700271806264,-0.004483332524510983,-0.0050103988708511404,-0.0006002905685223679,-0.0061644874557961055,-0.00012705210108106268,-0.0042776113383826,-0.002185548266016177,-0.010638309658426753,-0.004345871260717841,-0.003980629596093629,-0.00638852714869045,-0.007983629741310977,-0.005022260439150671,-0.005589495313486965,-0.0035300486356252235,-0.0020632847895272165,-0.004069894170057771,-0.004678143797706098,-0.005509034703819395,-0.0023314004035962024,-0.004859437325015564,-0.0043796991512978535,-0.0005803134528655635,0.0017948931146878934,-0.003829961360194114,-0.004580504077641122,-0.0038757339918262107,-0.004116879480556411,-0.005569805726368077,-0.002316931222868506,-0.0033967181619629985,-0.005883610400188949,-0.00577037977643137,0.0029031411552147626,-0.0016625697352626208,-0.002600476404134168,-0.003566268264465159,-0.003998834398567831,-0.0004742202487095365,-0.0048397975902056065,-0.008473394887181677,-0.0033660617970953134,-0.005049546123161788,-0.005763275199996459,-0.004916281510443474,-0.005530031324173821,-0.004799675903844721,-0.005918388228929716,-0.004446848033427951,-0.00477134939097499,-0.005062157292683989,-0.005409338806296706,-0.0035542598751963535,-0.004430736177123525,-0.0041224882125625445,-0.004836219225038754,-0.003958714103386888,-0.0041137092363886275,-0.003349310022827196,-0.004657654419853437,-0.0043158868909135666,-0.005827837148119474,-0.004565018673849897,-0.0049386569794266436,-0.006810361768460196,-0.005029672472731568,-0.004249520211371018,-0.0057679729852517445,-0.003728149981197724,-0.004223100544565355,-0.004074809090365464,-0.004685793179755152,-0.004303068968450074,-0.0019471654979382955,-0.006843891093598266,-0.0047629867652032865,-0.009288710509170194,-0.0035547232147204524,-0.005018098227144406,-0.004012116976615014,-0.0039776459700442204,-0.007263215537967431,-0.00904655173661591,-0.0047374701643824735,-0.007295350729588354,-0.0044148949103963026,-0.002576296677080838,-0.004748474414971553,-0.008449098495554596,0.001798253670553118,-0.0041891302532453475,-0.0044214810336461255,-0.004335100931754005,-0.00015306987942775852,-0.004351633272483526,-0.004051328441605592,-0.0014293784722770667,-0.0015623530976425042,-0.004336885832699557,-0.004871268393093917,-0.0034951276272514285,-0.003968009877636829,-0.0032776875563766267,-0.00416654046138594,-0.002716264510707611,0.004405171621351969,-0.005981035168594238,-0.01176599671301623,-0.008497814546618902,-0.004899054520807879,-0.0047739363241644794,0.0014088175717483532,8.308718198872522e-05,-0.006663432372665198,-0.003033321280515512,-0.004592415740288548,-0.0021318731508106308,-0.004450391865508031,-0.004333726804660511,-0.006656281583075798,-0.004952201439476802,-0.0032050352720297305,-0.0038659026205519094,-0.004394714586928021,-0.0038371729223934427,-0.005059165747471485,-0.0027371517381821094,-0.004194906309918343,-0.002412574585755039,-0.0038274024114928577,-0.0029660897548709,-0.00609228648423564,-0.005258291721019125,-0.0043399635544592585,-0.006574425830410499,-0.004075651553400235,-0.005142495787012313,-0.0006727850310537728,-0.007409426987315889,-0.004390300121334449,-0.003302504181639569,-0.004825871466644736,-0.006557664754157318,-0.005799094188379868,-0.008632941666455236,-0.000996067109638149,-0.003992516977267862,-0.007397915021967806,-0.0040065741687009
min_user_sum_relative,0.03166748592335128,0.030123286132401568,0.030856191923016883,0.03085485925245943,0.02853634661037014,0.01783832286819753,0.03006480692813101,0.028041637109317664,0.025994673331514794,0.025310947199735326,0.025649492901816232,0.03357666457244823,0.030910323266274395,0.026989510910011432,0.03220406225560523,0.03108916579222138,0.027138792243246983,0.028600833824311542,0.029386001039534787,0.03240671064804107,0.030555450370152233,0.030603053962863287,0.03202213451127009,0.03093290956428195,0.030920785202243888,0.03132929213230858,0.026633061209305326,0.032235358542238704,0.03082179563481239,0.03144138361276721,0.026608920233084726,0.03249268050319115,0.02473751886264216,0.026786862752108686,0.031440385481106184,0.03255869566624862,0.034765777551292745,0.029964083155162455,0.03484828977409224,0.029429629897549586,0.03104367385784486,0.022548498150693912,0.03162399854040917,0.04447292818730627,0.030412752535670898,0.025253197564498887,0.03086490586376609,0.031594480746661976,0.025821910548960637,0.03590825936330008,0.030128066279054597,0.031190091749973017,0.030827047228500257,0.0316542000309917,0.03032801551009493,0.028698433963148834,0.028250233382433373,0.03614319054700874,0.03186901976978157,0.029075719937636593,0.03251142399045985,0.03233079555160677,0.03126822712520408,0.030994976048454817,0.027426551456853472,0.03128799942482686,0.031757126122465534,0.032288190236861476,0.03191987162754871,0.0315718974297326,0.030822655048788665,0.02942340889144099,0.02933192896080112,0.03185336642880644,0.03176471799958272,0.03188922034906195,0.010309299427379787,0.03048642922259358,0.030333369130674283,0.02080937058846623,0.02974463480837216,0.030437327756780756,0.027127055282938642,0.030484974683230026,0.0329456222755099,0.031133057641338946,0.030378330828343007,0.03107192892720121,0.030093752854769208,0.025363096692142324,0.02750643190855281,0.036131087352892825,0.028466434546560206,0.028168196465047597,0.03127204624452462,0.031127089299729942,0.0298200808585229,0.03127959798202008,0.03204341709742699,0.032415714014008355,0.03252977567204483,0.030306322715868403,0.037377008174833325,0.028683006496163056,0.029674901349981242,0.03670795492627771,0.029104167086926196,0.02786896045585806,0.035429034673883836,0.02850744094444981,0.0344313157364996,0.02999565259942552,0.031116339438944346,0.032264516116529696,0.02532059309704939,0.03400084986323838,0.03358966599902998,0.030555769792965738,0.03434648776310308,0.03005502810310417,0.03096068081196137,0.031265460499428806,0.026909621231716592,0.028233595406992947,0.0277472285757345,0.027157451962483543,0.031056479002500845,0.029854200940363406,0.04736772592216973,0.031062723187508967,0.030952157354977302,0.030564140001949146,0.031147546825617888,0.031499539094198635,0.01935354885541803,0.029457136812110415,0.03130191535788175,0.03219039120713817,0.03513578780592619,0.03163403417219425,0.030683132369168642,0.028713689475016298,0.03194026673971174,0.03102253417017098,0.03251934938174706,0.025491655397481668,0.03155270731783021,0.030048919795203237,0.02881617591556163,0.02925554770497904,0.028518481483108125,0.026312709386615642
max_user_sum_relative,-0.0038006413575548126,-0.0035112265361820078,-0.004093147243346768,-0.0037342456007688103,-0.0047342279287766464,-0.0026085989211020386,-0.005573248949333701,-0.0005883788758077185,-0.005347647060384035,-0.0031998516676685594,-0.009798640865905667,-0.00379423921236614,-0.0033673929292363167,-0.0038876555145968827,-0.006532657548716642,-0.004211570833840442,-0.0051342683078498055,-0.00022651701899801396,-0.0013133214614330924,-0.00309937506580292,-0.004111623932117503,-0.004801809185243332,-0.0014669942690396093,-0.004321848338806701,-0.0036948544576694935,0.00014057998213519093,0.0023592522549213263,-0.002822886130551573,-0.003843480937897492,-0.0033395899659803725,-0.005142893621384433,-0.004186626574137323,-0.0028777546024870843,-0.003946699349765232,-0.004267830634948684,-0.0040754232871347135,0.005514789780801922,-0.002417599280765754,-0.0012736250304181997,-0.0036189831610340534,-0.0036980709741709222,-0.0028698169345039853,-0.003867632781613721,-0.0037602346569406524,-0.0031787781386134854,-0.0057822596353305465,-0.004925869399820822,-0.003870328938929503,-0.005252098959093537,-0.0010741715453360598,-0.00507005176084209,-0.003692551255099357,-0.004111400629675466,-0.004256371818973804,-0.004448733879302842,-0.002595440753158658,-0.0035963842415606614,-0.0024439366668094382,-0.003854545952556715,-0.004154360168881578,-0.0028828130762436587,-0.0026986411335154017,-0.003869191631305474,-0.0036512877851283126,-0.0029244343699321093,-0.0035483525867106083,-0.0038888857353732535,-0.005083891023714333,-0.0036310499306415056,-0.0035036923094581805,-0.004769656692820482,-0.003669346428631752,-0.004119286262669511,-0.0034740672863605992,-0.003806342156927354,-0.00331324209202186,-0.006616887205392143,-0.00628496592186158,-0.004258003036824241,-0.009736918923145415,-0.0030306885686078137,-0.004261455366842366,-0.0046187184094078,-0.0034912781549961067,-0.005125435157586573,-0.007355006899251601,-0.004162963208826916,-0.006275275132344278,-0.004086694276377475,-0.0026871956575453687,-0.004589994106164671,-0.006150417549359941,0.000837919159255969,-0.003980254748803352,-0.003465272543901117,-0.0036448551852286785,-0.0006665356151013477,-0.003594966771535809,-0.0032160538147739913,-0.00020930675326331916,-0.0008343818817436073,-0.0037129149331270837,-0.0030182034534706817,-0.003582617389971232,-0.0035202055356635467,-0.0017079054811119238,-0.003808641836887828,-0.003153227816755484,0.004157173642555065,-0.0057809468887904635,-0.009103066589364175,-0.007414577096269342,-0.003902432007809247,-0.003854507509543019,-0.00034330494521777125,0.00021573847113865244,-0.005004370518823652,-0.002561222013232098,-0.0033850885487874856,-0.002460933724492024,-0.00378138583334129,-0.0034877744561857722,-0.006048561700476764,-0.004488996892280498,-0.0033223127503360025,-0.00411289771347402,-0.0037063700520362577,-0.003402817957629478,0.0007805164748986605,-0.002578037185404912,-0.003665618282010223,-0.0026662240503759205,-0.0031736526040204577,-0.002358814040051435,-0.00770695746265132,-0.005471965878972959,-0.003579027421526753,-0.005438452142880759,-0.0024855983470455263,-0.003848398528178379,-0.0006571901713018705,-0.00784088273358629,-0.003543780363267631,-0.003017464458456451,-0.003522028849778841,-0.00669287722326815,-0.004355168016671757,-0.00785748360848151,-0.0011050545807111574,-0.003651778535715501,-0.006178607713508224,-0.005262016909449423
average_user_sum_sexual,-0.01751857643294727,-0.01734925200055042,-0.01727290298400242,-0.017274910371332473,-0.017924861251972055,-0.015876768014019195,-0.01695439967182387,-0.016987532472941057,-0.01643351672267705,-0.015293053796826578,-0.017992762338287997,-0.016690656649928512,-0.017374055234341795,-0.020752650232559587,-0.015515803579039755,-0.017480821831687664,-0.017211788902559873,-0.013271963796806343,-0.018724300342481816,-0.015527955792968142,-0.01732132447094483,-0.016830334067963023,-0.01823585671997152,-0.017853726861650123,-0.017345055935156714,-0.019753331322102857,-0.019834542411471524,-0.01676260170379402,-0.017317158670044918,-0.017392774870395367,-0.017796949668100834,-0.016833069223335186,-0.018301611675126367,-0.017159590317552327,-0.01677059328953497,-0.01841032799939074,-0.01573582553047367,-0.01621670366393313,-0.015773850293506635,-0.016679463247502857,-0.01732804671957886,-0.017713740885160527,-0.01735700023534276,-0.01531681995738593,-0.018207763266220263,-0.014969995105504744,-0.01744848748787854,-0.01747010202201285,-0.016793330706973593,-0.016424996277505356,-0.017388444911758817,-0.017250809790977255,-0.017046247169376524,-0.01897681890213586,-0.017295791422305844,-0.017570996193964555,-0.018393160256028863,-0.017013915658892088,-0.01684682841916412,-0.017581678221369284,-0.016981420738240702,-0.017672193881118403,-0.01720859336868246,-0.01725265853074621,-0.016159694564929095,-0.01737869196872894,-0.017143638745929005,-0.018157588659341067,-0.016975890792477334,-0.017191040382050358,-0.017402376387599155,-0.01690670542684359,-0.01681650669406014,-0.016802907281395368,-0.017259373188226106,-0.016924226382719676,-0.014885930587305694,-0.017626741147575994,-0.016947440996716006,-0.01822637265157378,-0.017319145971075957,-0.017719859735155396,-0.016168221661226504,-0.017126735573524125,-0.018570713480098967,-0.017431234327326864,-0.017157272480599676,-0.017782912339139666,-0.01564684096707263,-0.013994007866154248,-0.01796154662103927,-0.010457379965511483,-0.014921116738013843,-0.016480474448793206,-0.017439069937264216,-0.0172564149529085,-0.016133102810597884,-0.017274350879253622,-0.01578973952749097,-0.017409703888911533,-0.017555677384451678,-0.017562474799838967,-0.016172475765553918,-0.017384294982104018,-0.01701344010116672,-0.01653064680291397,-0.017565379583379264,-0.017647653754229223,-0.019606944337905278,-0.0172225005869322,-0.011992329721037599,-0.017669827558297754,-0.01705357817297489,-0.01699236579697644,-0.0171857540142014,-0.018218487098166845,-0.016382521177566414,-0.0172763130190087,-0.01714968355900647,-0.017872717392051856,-0.017290017444190193,-0.017409533122625137,-0.01695595129609719,-0.01785843790388763,-0.017760999362910493,-0.008777577992358513,-0.017504730621010642,-0.017460707575462826,-0.01674596806222439,-0.016035766242819195,-0.017121721671749544,-0.01746858537435466,-0.01664118423527841,-0.01728023836227185,-0.019475921134608526,-0.016946605560106454,-0.017263517894717948,-0.01585119800377979,-0.013828669786182881,-0.01733620460489581,-0.01684286074352744,-0.015631458403965993,-0.017270022568375003,-0.019645689975720942,-0.01734733749279417,-0.012210177795802333,-0.015016465956549381,-0.016108254734365727,-0.014913335197762532,-0.017824037536032115,-0.017558889661035436,-0.015951405317516994
stdev_user_sum_sexual,-0.015411796281188675,-0.01535384401082825,-0.015193292939230866,-0.015348651352155056,-0.01638219370861036,-0.014382325363262859,-0.015018616299369967,-0.01498445524027341,-0.014278539462733693,-0.013258872119048581,-0.016376076852458288,-0.013804359518617594,-0.015174196092322588,-0.01891237246612672,-0.013023907186412434,-0.015488949384178965,-0.015016547025223356,-0.011904206792348786,-0.016692244191702232,-0.01380472344617555,-0.015243618972609403,-0.015009600517015383,-0.015525748656821974,-0.015803846578805108,-0.015291073689026007,-0.01944239874275229,-0.017364772125067183,-0.014557776649170719,-0.015145523981889331,-0.015024901176118068,-0.015794385821674854,-0.014924156814238523,-0.015838388567682056,-0.01525310229507008,-0.014502924157427016,-0.01661784511875669,-0.013968383565980763,-0.013636254141607775,-0.014518209629865136,-0.014856084319460186,-0.015364881719400904,-0.016240532545178384,-0.01525161270436143,-0.012044625848539324,-0.016527298152225957,-0.013131668986166734,-0.015367981680801432,-0.015452097913534423,-0.015892422986875897,-0.014112854081603935,-0.01520773803988339,-0.01512659194767999,-0.015084802237162074,-0.01638668715433414,-0.015748912123158182,-0.015589162997110443,-0.01591794867562288,-0.014784971793389199,-0.014870149972246225,-0.01526845741743314,-0.014914626815870649,-0.015723455680035834,-0.01511064592224986,-0.01510896374666474,-0.015666225331828224,-0.015307503786574313,-0.015223677479906482,-0.01630961476728878,-0.014784811473276527,-0.015070230215410686,-0.01542466452171173,-0.014941545962405298,-0.014694551288494484,-0.014766184918248782,-0.015365957600029326,-0.014619802839214435,-0.012355565208594396,-0.015599143150533614,-0.015167762335891035,-0.01665722418441285,-0.015940855556424723,-0.015738168586154302,-0.014478754546874948,-0.015106556072087152,-0.01611520432196864,-0.01415446759665301,-0.015043191013573633,-0.014933407975589182,-0.013772408787409433,-0.011356533979113502,-0.015883496566838688,-0.00789796341586029,-0.013468222627334417,-0.014170828803963257,-0.015251843344513388,-0.015148871063734179,-0.01484796877680004,-0.015152395549630271,-0.013366728002043266,-0.015248367873703187,-0.015246906363590714,-0.015693883506212116,-0.013536880250441915,-0.015221957515754784,-0.015003343456644542,-0.014028530281455832,-0.015620073498221558,-0.015460680647197824,-0.017108118331072862,-0.015068755509432215,-0.010220318185470338,-0.015608516988188121,-0.015010017041102625,-0.01492325472781782,-0.014939547406027154,-0.015567504635536201,-0.013907871258643586,-0.015214973896034585,-0.014953182730954584,-0.015469961273905824,-0.01518467828718433,-0.015319770923780533,-0.015936481790400244,-0.016182132694361535,-0.01623773027173797,-0.0106366175061152,-0.015368048796685135,-0.015401335231463614,-0.014987743870879623,-0.014223670171708247,-0.014954441394482022,-0.015069886014844991,-0.014466998427025106,-0.014861902566712128,-0.01866395596300161,-0.01567235732588808,-0.015146820130160844,-0.013281492521905826,-0.010707986125629176,-0.015144449171409006,-0.014507301568799246,-0.013463429091204376,-0.015017179221634614,-0.017199700077097764,-0.01530747192869737,-0.009724362200863179,-0.01425596305863416,-0.014432137889595348,-0.011788269345461358,-0.01572857355751202,-0.015905262343937757,-0.014098604713821865
min_user_sum_sexual,0.0,0.0,0.0,0.0,0.0,0.0,0.0,0.0,0.0,0.0,0.0,0.0,0.0,0.0,0.0,0.0,0.0,0.0,0.0,0.0,0.0,0.0,0.0,0.0,0.0,0.0,0.0,0.0,0.0,0.0,0.0,0.0,0.0,0.0,0.0,0.0,0.0,0.0,0.0,0.0,0.0,0.0,0.0,0.0,0.0,0.0,0.0,0.0,0.0,0.0,0.0,0.0,0.0,0.0,0.0,0.0,0.0,0.0,0.0,0.0,0.0,0.0,0.0,0.0,0.0,0.0,0.0,0.0,0.0,0.0,0.0,0.0,0.0,0.0,0.0,0.0,0.0,0.0,0.0,0.0,0.0,0.0,0.0,0.0,0.0,0.0,0.0,0.0,0.0,0.0,0.0,0.0,0.0,0.0,0.0,0.0,0.0,0.0,0.0,0.0,0.0,0.0,0.0,0.0,0.0,0.0,0.0,0.0,0.0,0.0,0.0,0.0,0.0,0.0,0.0,0.0,0.0,0.0,0.0,0.0,0.0,0.0,0.0,0.0,0.0,0.0,0.0,0.0,0.0,0.0,0.0,0.0,0.0,0.0,0.0,0.0,0.0,0.0,0.0,0.0,0.0,0.0,0.0,0.0,0.0,0.0,0.0,0.0,0.0,0.0,0.0,0.0
max_user_sum_sexual,-0.016118248327332045,-0.01602642615194033,-0.015890543534838746,-0.016000345688086844,-0.016922895923983085,-0.01489929180597016,-0.015671668561399843,-0.015657654828395613,-0.014994328871789706,-0.013933531314752553,-0.01693908401926237,-0.014738628389200115,-0.01590764110770545,-0.019554491826238606,-0.013835591078319432,-0.016161085285675458,-0.015747874836400524,-0.012371567371361651,-0.01738203108386065,-0.014388068554525188,-0.015940526060183362,-0.015627897991892736,-0.01641476303550396,-0.016494931160900884,-0.015981040837402056,-0.01962551114560577,-0.01818971703746575,-0.015289888870915149,-0.015870321293745288,-0.015808354648956306,-0.016471150411727878,-0.015568667601680552,-0.016654347557786872,-0.015898392387835764,-0.015253746062679523,-0.01723500512035623,-0.014565819479397056,-0.014477469132607211,-0.014963747700560989,-0.015474474890640532,-0.016027786047213194,-0.016759626568782535,-0.015956908860516233,-0.013087247166650039,-0.017110243750807944,-0.013746649485022482,-0.016066304872188113,-0.016131949130061555,-0.016237240927030237,-0.014875303071105645,-0.015935558395003255,-0.01583699547146788,-0.01574590121014282,-0.01724345588484941,-0.01628797655154022,-0.016258730075967037,-0.016737890293736832,-0.015525404734397646,-0.015534859404415017,-0.01603653938185703,-0.015606730593742204,-0.016383653967903034,-0.015813049779087443,-0.015825162981602078,-0.015887070099828746,-0.016002737852980002,-0.015872897639482134,-0.01694210211960425,-0.015513819007112278,-0.015779346696875855,-0.016092232573420177,-0.01560310774471375,-0.015402287873624463,-0.015448533588509096,-0.016007821745183747,-0.015382251268347543,-0.013175786540116119,-0.01628256443989394,-0.015774398950391462,-0.017207179528290265,-0.016429934116056616,-0.016408377168478774,-0.015055007583895072,-0.01578547663086808,-0.016930107200513637,-0.01520815881004213,-0.01575015309236432,-0.01586176112660191,-0.014401226210915963,-0.012204484181397898,-0.01658344648799611,-0.008706477033504986,-0.013968454494993846,-0.014932790792388753,-0.015981833430586456,-0.015854345967861148,-0.015303920267126542,-0.015862234929547334,-0.014159202154820028,-0.015970530169312908,-0.01601354673720026,-0.01632976366724633,-0.01439427774139616,-0.015944300674705772,-0.015678747726129576,-0.014847911939247137,-0.016278761411173157,-0.016191553412266517,-0.017940651296826347,-0.015787802495581683,-0.010801918486583108,-0.016302153248085073,-0.015695549025619596,-0.015616097273079799,-0.015685898888984896,-0.01643887113671084,-0.014718411391777316,-0.015906811280040203,-0.01568459937496144,-0.016265983739177585,-0.015889652426851784,-0.016020665572093234,-0.01631727511213007,-0.01676223784783181,-0.016771915992612907,-0.010124551837085617,-0.016083321991200432,-0.016093435122358658,-0.015587080340067137,-0.014835751831743639,-0.01567704725592318,-0.015862846963253276,-0.015189449097474678,-0.015659833073647215,-0.018994667016523435,-0.016128810607822744,-0.015855047565403096,-0.0141178363971038,-0.011698753983109048,-0.01587531247369931,-0.015278627685193932,-0.014179412934307084,-0.015765889725478044,-0.018016711703963066,-0.01599325503961764,-0.010519056995018254,-0.01455090134617864,-0.015004148715739648,-0.01278532101558065,-0.01643306614992247,-0.0164772533873016,-0.01472239352987001
average_user_sum_inhibition,-0.02129589600878918,-0.02096363917487395,-0.02122755694594952,-0.020936314518727288,-0.023803802819340615,-0.02279029896721911,-0.019730377485226776,-0.020820243155835277,-0.019855746691801877,-0.017656195544509215,-0.021531846690538408,-0.022341709440872905,-0.020703968123326182,-0.01531400016972851,-0.019969269377376517,-0.02122232764824833,-0.017729953399900977,-0.020100869616785262,-0.021764487752381604,-0.021016852314599474,-0.021213735871786578,-0.02171008791582079,-0.01888908374470031,-0.020830940516213956,-0.02063070166116069,-0.021069558792336816,-0.017423679266209822,-0.02059927052560233,-0.018592072191813573,-0.021607820855112477,-0.021544310418551746,-0.021940588507782577,-0.021645947319137833,-0.019502129788211933,-0.022359035795868582,-0.023068727580869884,-0.03849741797283112,-0.02308728954629023,-0.020146428178543827,-0.02045240563600841,-0.022597325756090872,-0.0245606067945326,-0.02125260035164124,-0.01868803401818555,-0.020363410855368105,-0.01612111824005811,-0.020859378755523152,-0.02083037916084888,-0.020976942453608604,-0.017537831265158003,-0.020620377847257936,-0.021133701039704737,-0.02122971604132185,-0.020049267172668375,-0.02161062937828274,-0.022490903784221174,-0.020530373235059747,-0.019367232589434874,-0.022750563586845202,-0.021750497592970028,-0.021449987476116823,-0.021815198764323283,-0.021108901728656693,-0.021042345077641182,-0.02128688629171924,-0.020887434457871282,-0.02129903887689609,-0.021464694346279324,-0.024682128360497557,-0.021350012283251778,-0.021357847054582445,-0.02142252749399939,-0.02088801292706819,-0.021293426965488818,-0.020425392509324375,-0.02054579414054056,-0.02635530929368143,-0.018337447775791577,-0.020770298638986072,-0.025677770144999425,-0.016843946498240794,-0.02428138213527781,-0.02118926291627803,-0.021333817198152492,-0.022333956884904173,-0.020538680375412212,-0.021218516103030508,-0.01601415802730382,-0.019756276209243383,-0.019580689814297364,-0.019914241691124164,-0.020109362808392553,-0.01974370905332093,-0.018968129037418048,-0.019413405915140267,-0.021182642335877678,-0.01727441755758702,-0.02112965021150455,-0.02194600944319268,-0.017033546888144048,-0.020369407974589623,-0.020967492290749245,-0.020267883586408967,-0.022485560507604547,-0.020755485059379453,-0.021491237711065682,-0.02196947582395847,-0.02103695256074902,-0.027500576468588677,-0.022243783088782818,-0.01958420472812245,-0.02168301306869379,-0.02127903686149256,-0.02139470926646795,-0.021723424345844365,-0.02481103394217616,-0.0232877915220777,-0.020853941562964454,-0.020240239093705727,-0.021061234356882057,-0.021022658233773507,-0.021246741927717028,-0.02413919931276307,-0.017430534637776426,-0.02136893332716804,-0.020444192954357787,-0.021237459104222055,-0.0207083985919265,-0.018494799813283586,-0.020671552675422793,-0.021096043643012943,-0.022967978945839913,-0.021072542355508712,-0.019610368875000284,-0.018716936046644535,-0.02169735138435747,-0.021150121193921945,-0.02140102425394137,-0.02094037419526757,-0.020522762169105317,-0.021943837937723948,-0.019867299258046763,-0.02196271114925868,-0.020663653770340858,-0.021465529901190192,-0.0216437629971432,-0.014807673532241598,-0.01897875469871525,-0.02713096933899669,-0.021374893697625443,-0.02326500239357075,-0.02676976437337909
stdev_user_sum_inhibition,0.0006792308645732839,0.0004607227487282116,0.0010738565884594944,0.0009958055171172056,0.0015745794444288821,0.0017969170514852799,-0.0016758827974554177,-0.0006665290306710654,0.002409050124269549,0.00079189169834714,0.0028027562306894432,-8.261292642471052e-05,0.001445968711417188,-0.002457952642812674,0.0031249418720701097,0.001191230649974305,0.003941584541031006,-0.0036179505226653155,-0.0011974451174454129,-0.0004564730579572976,0.0004931759602106942,-0.001048441291345209,0.000855898039508883,0.00030390365183528487,0.0010877600941555932,0.0022948242513062614,0.0018923123673291672,0.000807371899409267,0.003388183270630049,0.002367809606883254,0.004123456297142933,0.00028453401863312924,0.008044393832076027,0.004784037141876165,-6.672356002115215e-05,0.0016135692846775615,-0.013621512395772653,-0.0010457412707309821,-0.005650376773510376,0.0019915161089633163,-0.000991027407334158,-0.004714466328352339,0.0004833389697904006,0.007970765538982912,0.0039893130573701654,-0.000334409824399768,0.0022027272012052866,0.0010728336207614306,-5.227501648685448e-05,0.0009132791474478971,0.0009186439093693995,0.0008833299768691572,0.0005614715899589333,0.0002725814750911028,0.001980624612767764,-0.0016107750760382747,-0.004849659044147574,0.0008914341126645582,0.0012692926472556328,-0.001441557112505206,0.0003024822026027191,0.0005451939914166183,0.0009739861612538016,0.0008916696625524412,-0.003936652043569907,0.0009310629492590983,0.0008370447583266327,0.0015821954013966535,-0.004230914569800997,0.0013979131075222556,0.0007540853285248651,-0.0003834000309013291,0.0009635121204108928,0.0016396559017163997,0.002040234101711249,0.0013500875312482397,-0.0028631615818460188,0.0023464883952484597,0.0007805746991884355,-0.007349170878921393,0.0003755924950843252,0.00231218816954111,-0.001865496974163508,0.0005526437846374854,-0.0008049580133954112,0.004546695007699029,0.0011931151004709872,0.011473630673640711,0.0013362598606158245,-0.0025717235142304895,-0.0013666222415315774,0.0030854888495813818,-0.0011694377901802604,0.0017217082318856866,0.0026818158216403223,0.0009949921732023345,-0.005545330781634029,0.0008159854971475436,0.001616924629395576,-0.0014566959553852649,0.0033985929500010247,0.00026877363397839055,0.0025890785886041948,0.00030526745602573943,0.002669966618678129,-0.010062565796963421,0.002223135474594788,0.0007279232789105319,0.00149501328751811,0.001461952665298933,0.0016736662723592852,0.002298217247926719,0.0009675628597462863,0.0014319380107713324,0.004886438881847619,0.00199897120982755,0.0005530373007053939,0.0003455234852229143,0.002600162086249823,0.00047596659522278553,0.0009642862761169435,0.0009033281813757184,-0.004495211447795161,-0.005008401546546068,-0.001320451744293967,0.0015628763762701031,0.0010213595621690157,0.0013061373870194917,0.0026048380492041806,-0.0011640254516639033,0.0006830263292669017,0.0006644846453353753,0.0007073833144390258,0.0011681848362374327,0.014460887063302133,-4.471798264521487e-05,0.0008089544571767832,0.0011108156589239061,0.0016122778457711567,0.00041811493818228254,0.0008180131438451019,0.005506123236508793,0.0002458319508674457,0.009017675235366372,0.0011262897436217986,0.0032005820228986036,-0.0005698641028262091,-0.0004280999344757376,0.0009089953366148637,0.0007698988138114607,-0.0018148167320837863,-0.012480854802600605
min_user_sum_inhibition,-0.06748401324786647,-0.06718485242508901,-0.06756425065526662,-0.06788204277546676,-0.0676500471001468,-0.06859321592844367,-0.065001043085561,-0.06752109204019524,-0.06732777494724362,-0.065289047077794,-0.07082167377629078,-0.06633906011338148,-0.0682238858934126,-0.056294556773567525,-0.0669426101992181,-0.06761937530359345,-0.06541915046806991,-0.0628301139320386,-0.06408164839817265,-0.06373818223955763,-0.06767960269388085,-0.06695456265040704,-0.06717567798725181,-0.06776490005164044,-0.06749796224479054,-0.06917019610983335,-0.06879419102350273,-0.06632244959970289,-0.06680466148586668,-0.06870042449818499,-0.06609640630981803,-0.06848732577283845,-0.07109912412650667,-0.0692002064249793,-0.06796294106792543,-0.06949341918915945,-0.06072336107801338,-0.06806576071942365,-0.058996156662027795,-0.06366478817330623,-0.07044437492839253,-0.06600938258729487,-0.06777086805367893,-0.06590640744244057,-0.06645489550834813,-0.058259703714347376,-0.06876209219233854,-0.06788221384734001,-0.06477366308997441,-0.0643825597465135,-0.06590405016362853,-0.0678541054817124,-0.06770112169100534,-0.06914179552705768,-0.06860582534422824,-0.06716880437224562,-0.06564138362019627,-0.06650261981943986,-0.06901422228177219,-0.06332233000915262,-0.06845481094161945,-0.06713727260120309,-0.06767359729554852,-0.06783383158237484,-0.05345194745300393,-0.06723831017317129,-0.06869364204334984,-0.0682859691114171,-0.061922844243171515,-0.06822565531393007,-0.06837389463146569,-0.06870760266266178,-0.06760207929425485,-0.06890096612961635,-0.06816298929415814,-0.06687767899227084,-0.06931168146616795,-0.06180506196023038,-0.067075921752655,-0.07004692889709216,-0.060268206272033546,-0.07467927988039268,-0.05995442335234547,-0.06705963483489227,-0.06608744235678636,-0.06717023294853736,-0.06775852331166687,-0.07639476021554636,-0.06631456057336343,-0.06618127219976938,-0.06580803162235434,-0.058844247653661794,-0.06253835043214337,-0.06749762907951692,-0.07005892440745294,-0.0679560151621033,-0.05946266853013075,-0.06786809709088067,-0.06736612126461262,-0.059292302984151134,-0.06846421917490521,-0.06802613963213046,-0.06851809052793711,-0.06839694680871088,-0.0676276978689924,-0.06276831183070512,-0.06961387917401506,-0.06859994817149863,-0.0709106915213084,-0.06832276295636576,-0.0633873693879818,-0.07172423459845989,-0.06764579547808376,-0.0664837444930933,-0.06863074148165488,-0.0694297274692624,-0.06909986859686222,-0.06758075964831983,-0.06849172832950526,-0.06912116342718319,-0.06838978383059677,-0.06796536080820711,-0.06827587293746996,-0.0514434986309984,-0.06698882418094997,-0.06911048380657599,-0.06800381299145862,-0.0685614220808473,-0.0658487251535744,-0.0702451425239633,-0.06786237311297341,-0.0684360649993503,-0.0678832734534918,-0.06459075675549163,-0.07584747895813941,-0.06457750744900441,-0.06785130800518943,-0.06805042209086958,-0.06655937164563432,-0.06689467339536612,-0.06769899124371799,-0.06912199511740573,-0.06742009029918829,-0.0687002715129636,-0.0677662070232376,-0.07003050328465468,-0.05828265861191717,-0.06759752111274639,-0.07051222541008526,-0.06917800388474422,-0.06494359031497493,-0.0532557831217539
max_user_sum_inhibition,-0.022269015630758435,-0.022236483387718622,-0.02196325589836678,-0.022034289634229542,-0.021784197289892324,-0.021514407597027215,-0.023386019391594605,-0.02360881274818825,-0.02056887436192835,-0.021400244225488075,-0.020960872861957726,-0.0231781151278365,-0.0218123240397982,-0.02060828718853753,-0.01987397890962421,-0.02196209844049121,-0.018179985938527782,-0.024207789194668632,-0.023133166428743905,-0.021841705884877265,-0.02249767544126886,-0.023628521124853502,-0.022111089242748797,-0.02225718477021601,-0.021799433885484262,-0.021168428548553504,-0.019465287256060067,-0.021989473975915916,-0.01953979617573376,-0.021300025552575895,-0.018043777847504487,-0.02293322933069248,-0.01699995028270984,-0.0186257483985178,-0.022935218617450105,-0.022595059822927067,-0.03606066186376414,-0.024697388509538117,-0.024669016122157793,-0.020265008784399866,-0.02459864009139924,-0.026414239621109684,-0.022541691799694306,-0.01646836053707188,-0.018473247648192366,-0.019587461841517478,-0.021330687970089024,-0.021891743127228375,-0.021373780353294992,-0.020468330840314845,-0.021645155933262543,-0.022190499204909786,-0.022360757490970645,-0.022712035648825443,-0.021186092713029722,-0.024050205160075323,-0.025362413279672605,-0.021396663544739077,-0.02247144461387334,-0.02333344758038791,-0.02260246166079248,-0.022359697228833228,-0.022062514730703857,-0.022179150568671976,-0.02229169861636799,-0.021991667356258245,-0.022297774311607645,-0.021888072862923113,-0.024833595609888237,-0.021847451867112608,-0.022430458922084957,-0.023501762748590768,-0.021980573379121036,-0.021687933564647276,-0.02112897536489505,-0.021569427886009518,-0.026430732041059137,-0.019083137168472365,-0.021931079123872748,-0.029579779874547317,-0.020157031699251076,-0.02267830173936887,-0.022123122824463257,-0.022274956182371908,-0.02345036794595594,-0.01854871690418502,-0.021811599141958352,-0.012184625449258104,-0.021414972151237367,-0.024031750503950428,-0.023428398077402865,-0.017198639550182457,-0.022439167764563873,-0.020660179946602252,-0.020474467583500564,-0.022141944405600036,-0.024818476105862478,-0.022267592346958884,-0.021885139572987922,-0.021420313347379014,-0.02041631001053476,-0.02251317742222366,-0.02059973777061845,-0.02295096199291899,-0.02046904025833539,-0.029264689751676114,-0.021480536630519756,-0.022221753715267627,-0.02348877001566109,-0.021679425965548935,-0.02040838241221684,-0.021898143113032766,-0.02206980427642894,-0.021325526098305764,-0.018326051210052444,-0.022296206091217817,-0.02297714234196498,-0.022751334119893878,-0.02083348777964411,-0.023067832786245003,-0.022269450910109224,-0.022198102815228667,-0.026580666353268854,-0.022545543188370945,-0.023707532598532696,-0.021876094940799225,-0.022129750963580573,-0.02184847622819784,-0.020069837692203784,-0.023655738670988864,-0.022412822138462185,-0.02312954422086704,-0.022293209154401604,-0.021165987488068493,-0.013405640634928495,-0.022778704037064196,-0.02226404344975528,-0.022109156455066958,-0.021427660026077648,-0.022093163940015245,-0.022486345938894176,-0.018895372673213694,-0.022762101312838172,-0.016269499094471594,-0.021949986995499656,-0.020723730928686946,-0.01919473148308986,-0.023122853981222116,-0.024672033272808078,-0.022535347863792802,-0.02435541448682187,-0.030129222653904813
average_user_sum_sadness,0.038581799403614975,0.03809974440796811,0.03858392918537301,0.038533472970536914,0.03986077484742555,0.04031580524572022,0.03785440076238145,0.039785664106190055,0.040221098087547646,0.03929532546835603,0.033894610119479765,0.03840266882298424,0.03866861532267632,0.03760046554305267,0.039889025627479445,0.037721970716170096,0.031635683459982494,0.03941118641230731,0.0380079662124826,0.03770836094499324,0.038370412818834757,0.04091734220787161,0.03771479711677593,0.03942823929476688,0.038575211605425874,0.03873841292686463,0.03806410281323417,0.03979859814073415,0.031587760785607114,0.03858436087805574,0.030046620234956016,0.03879666229987881,0.0359071579926271,0.03925073330617286,0.03836359776231657,0.03807287297004518,0.04128352798611106,0.04069892267279998,0.03192081960690954,0.03892258147620046,0.03955222937803206,0.04076073087404893,0.03859232737837656,0.03896194653739809,0.03732177644455676,0.03918916088468702,0.03853305223961238,0.03809990516205591,0.03675325120618992,0.04077084561583469,0.029506203495724942,0.038586839409347914,0.03815777524260224,0.041084544515514465,0.03586932567327912,0.03917526773811937,0.040941808894417196,0.03909497887915268,0.039054275648614946,0.03484872692622875,0.039931944355781734,0.037424554377289254,0.038656535264990605,0.03852917860287476,0.04191521409411105,0.03862561503244519,0.03917471552566349,0.039501433260934075,0.03251104634768298,0.038331692411316606,0.038422592767755316,0.0385768103903244,0.03890634687902571,0.037957682910188424,0.03883061385463345,0.03933623586055841,0.03897137488973589,0.035139756614109,0.03980812365949418,0.034614272532290574,0.028763022331337994,0.03855069805528594,0.036584394592269955,0.0386583234924713,0.03967720302653191,0.038574228548877904,0.03845888873613448,0.03467317952773771,0.04001510466751334,0.0378196809788933,0.038680069334256925,0.037956219732909385,0.03740452324113903,0.03531008117866755,0.038089094611011676,0.03860815396358206,0.03465504741233579,0.03859630655425543,0.03950594846415578,0.03759186983052047,0.037257669354956655,0.03793051811848812,0.0406735235177569,0.037933029917821784,0.03690980560735521,0.04157686192618201,0.03744379617035924,0.04043355106205412,0.04025909588414758,0.03307782270399642,0.04060146082442894,0.03875094303040555,0.03844597195519208,0.037905143267065455,0.03745599747696759,0.04010292703984965,0.03871648365755621,0.03812690468371272,0.0386226482557069,0.03794133570694248,0.038843263967674714,0.03837985219341959,0.0366903525417413,0.04394429721205427,0.037017754378550066,0.038008710693083356,0.0391141475219863,0.03782255045972525,0.04022456843588906,0.03955335407640669,0.038376340908926734,0.036406053561707945,0.03819812277225365,0.04103829954014809,0.03519683581218884,0.04080235416723904,0.03854518421602379,0.04143540857077347,0.038477948062645775,0.0370216321928277,0.03869469211210674,0.03976873229972053,0.03904143045285563,0.03484655546674001,0.038322205748480054,0.03627977332572118,0.04439242996272713,0.03859459115920401,0.034049333802283484,0.037767756634662177,0.036672519310976356,0.039098644753971804
stdev_user_sum_sadness,0.017108589597653476,0.017030571211863056,0.017423133130304233,0.01752919576889983,0.02016737482044559,0.019467852666950898,0.017412021584290373,0.01922467085278596,0.019410141224733023,0.01861322750250069,0.017432622708643895,0.016177640974068694,0.017157286825876562,0.019133088648856298,0.02059719302376846,0.016852148359546296,0.01390088007445808,0.009376675060599905,0.018266540766212466,0.016736328358284824,0.01716253857875597,0.02178671132187445,0.018364515466475564,0.01787533166608713,0.017016089104798453,0.017924704055259658,0.015143224722051509,0.01830465265903347,0.019948898897124014,0.016880561005231418,0.012490375546378545,0.016834001134856634,0.01886900412696551,0.019586741527894008,0.017167590026796808,0.016381937989909626,0.01866627463512601,0.013567298086751126,0.0110206249939591,0.01734242069317496,0.017473298484744333,0.01787173199193213,0.016890042991947216,0.012300022748779971,0.0164893305668516,0.021125627486567863,0.017974118370089318,0.017325703716812815,0.019513593435547774,0.018771141436769424,0.014262139040035166,0.017350190803086838,0.017416966459900627,0.016693416636476152,0.017024836038229085,0.016648574176772873,0.016877530431525865,0.014072737072227521,0.017119126641902578,0.014198263459035652,0.017697790066745503,0.016435005646767614,0.017388218645529398,0.01746172908254346,0.010820029441524591,0.017138937330774213,0.017009144967188573,0.015681583548392428,0.01919153659812661,0.01735746376705009,0.0172327927530718,0.016136668288903477,0.016905413440460995,0.01760081222834775,0.016906636461460643,0.01813334461887839,0.024806456983334873,0.018258666820106517,0.017820287319986694,0.01068736016703042,0.013382322985135461,0.016803868694658594,0.015228175510630883,0.017566495393251617,0.017092983515569544,0.019291773597199816,0.017238343046629745,0.013232160676426838,0.016208020686385174,0.015057079880463895,0.018165194286765145,0.015991576228360345,0.01687563237578534,0.01691795902853113,0.01623458748072638,0.017362563428953124,0.014755522493782848,0.017347930137933346,0.017580848882144076,0.016209557130207237,0.01659792059420271,0.01707349652328425,0.01877649787542563,0.018183100198817567,0.016215565622586588,0.01674809505154086,0.018091632240283602,0.01805347844824924,0.013293644167553681,0.018890588605390012,0.02147365439768655,0.017449455925000294,0.017377543139015395,0.01769303224884347,0.018643147855591322,0.014969987850928504,0.01873957479427161,0.016655169188409695,0.017354491453664512,0.01690605060932135,0.017304894191495394,0.01719735660283359,0.018864870683043933,0.013874242964074374,0.013783206120590745,0.01788799104082883,0.017445251927183176,0.01697783990771655,0.01862203169894086,0.019669433000546223,0.017585291807737047,0.017125876623976667,0.017251031331303904,0.018758998056501053,0.01891779440347978,0.019878875101820147,0.01728698299680666,0.01876966407821111,0.01703665934490223,0.016765503833245203,0.015254476125455853,0.019953004446497623,0.017766462795809443,0.01593747856054572,0.01760165947741252,0.016633978427672134,0.01565324551804241,0.017449120511378556,0.01754418622900389,0.01733133380604358,0.016706678343511704,0.016713811856565935
min_user_sum_sadness,0.0,0.0,0.0,0.0,0.0,0.0,0.0,0.0,0.0,0.0,0.0,0.0,0.0,0.0,0.0,0.0,0.0,0.0,0.0,0.0,0.0,0.0,0.0,0.0,0.0,0.0,0.0,0.0,0.0,0.0,0.0,0.0,0.0,0.0,0.0,0.0,0.0,0.0,0.0,0.0,0.0,0.0,0.0,0.0,0.0,0.0,0.0,0.0,0.0,0.0,0.0,0.0,0.0,0.0,0.0,0.0,0.0,0.0,0.0,0.0,0.0,0.0,0.0,0.0,0.0,0.0,0.0,0.0,0.0,0.0,0.0,0.0,0.0,0.0,0.0,0.0,0.0,0.0,0.0,0.0,0.0,0.0,0.0,0.0,0.0,0.0,0.0,0.0,0.0,0.0,0.0,0.0,0.0,0.0,0.0,0.0,0.0,0.0,0.0,0.0,0.0,0.0,0.0,0.0,0.0,0.0,0.0,0.0,0.0,0.0,0.0,0.0,0.0,0.0,0.0,0.0,0.0,0.0,0.0,0.0,0.0,0.0,0.0,0.0,0.0,0.0,0.0,0.0,0.0,0.0,0.0,0.0,0.0,0.0,0.0,0.0,0.0,0.0,0.0,0.0,0.0,0.0,0.0,0.0,0.0,0.0,0.0,0.0,0.0,0.0,0.0,0.0
max_user_sum_sadness,0.016114875703365717,0.01601959088159278,0.016405058428653665,0.016506714794391017,0.01896146960971688,0.018947004409656226,0.01604421344569973,0.01864543318517779,0.01835466338206828,0.01743316007573665,0.015953944308940704,0.015185348380618524,0.016031694850120473,0.018260272679037452,0.019602832490646448,0.015603556966648908,0.01247263188560209,0.008073509736057562,0.01765839910419445,0.015931463086614236,0.01610280942662584,0.020810319669680295,0.017128897808276745,0.016990733088959736,0.016009799975607558,0.01694523818756903,0.0145332215300479,0.017306577085115765,0.018909470525313755,0.015695829451422887,0.011310585275150477,0.015863840932494412,0.01769575991973798,0.018835672040478122,0.016140611158447157,0.01498973266081827,0.017776457812911692,0.012636653530765074,0.010285206241337622,0.01624849371543076,0.016393676589753887,0.017479157239848553,0.015795431906127057,0.011040709273569276,0.01569740846093816,0.021380933487385505,0.017045842843133485,0.016207140371231655,0.018473356708413498,0.01793865877919039,0.011293206654477271,0.016295396817841375,0.016334343375576488,0.016010430364339766,0.015892017761533817,0.015915545646726377,0.016193765065740107,0.013042928436279098,0.01608205536227965,0.012418184025126944,0.01659078306308817,0.015264902122546813,0.016335923343993898,0.016405836798399277,0.011168699417006947,0.01612765162331566,0.015956822364549615,0.014606875062009568,0.01920704786392719,0.016280488923562972,0.01621071905651441,0.015305442957001515,0.01590228210682223,0.016496740904705886,0.01603606005760764,0.01720541348157658,0.023207850204007743,0.016709350237928862,0.01692817941667489,0.009939064230172998,0.011627817705334897,0.015673897712103358,0.01404630480810765,0.01654775649055664,0.016047822151745245,0.01841810061300922,0.016286388831061895,0.011413864319490322,0.015347497122738417,0.014288194025459666,0.01725791980287513,0.01528350146271224,0.015631453770713198,0.015777792078205295,0.015194757465026748,0.01629782736148393,0.013644456040107632,0.01627974612344718,0.016526361754664223,0.014890151571212339,0.015503421037505682,0.016055101581215335,0.01810016334619012,0.017218303229186847,0.015144997272677617,0.016029082790463216,0.01709618710772218,0.017356493122934094,0.012074408514043017,0.018127260049824713,0.020391525295793026,0.0164877328682533,0.016358153886614893,0.016542185206246746,0.017500877883074046,0.013731047666295591,0.01773684977932559,0.015567265983236269,0.016320272443775288,0.01596084021184553,0.01627622524124618,0.016127272123602987,0.018131760315159767,0.012968483031855495,0.012614115685865353,0.01687619515204406,0.016423256900899984,0.015857660270346123,0.01766995459372925,0.01895302942492072,0.01651047771201849,0.01654943858466366,0.016159880484402846,0.017950135761630546,0.01775334975437188,0.01865052938704345,0.016224937453224467,0.018084043826688226,0.01595434340160972,0.015715861476888297,0.01415290944050551,0.019025334592054896,0.01675935499873914,0.014180047991403537,0.016578354080786593,0.015272402126855095,0.015909429902518,0.016207775067949393,0.01565334307504233,0.016157886575292518,0.015567910001040257,0.016015009943285308
average_user_sum_social,0.005711908994657278,0.005978619206282989,0.005566910736962196,0.006131484352716596,0.006241726638855322,0.006322560875667795,0.006803502430290979,0.006938155364581714,0.006598057228572173,0.0033214283971767667,0.003375262406164998,0.005827352659442792,0.005597213802654912,0.006068009125163619,0.004907579384386927,0.00650686217344494,0.0037591160929512724,0.004029699791248877,0.00760838555260352,0.006568969282001821,0.00576561015013874,0.007515642612389865,0.005965361903307133,0.006195433401471815,0.005467932730116988,0.0035416220871823043,0.01098956852334499,0.006345201938854664,0.007504388748719583,0.005550544833092181,0.01237133425089413,0.005268591801228694,0.004567584121411964,0.010211251466004715,0.0055874313597108986,0.005065002899876957,0.008121553752041337,0.006059629383930711,-0.00028278587783386704,0.0039009837021701556,0.008784807346164743,0.0055044087337842145,0.005986412532498185,0.00012960453691047372,0.005175236845602083,0.006285181641790584,0.006803994296893935,0.005476707377617866,0.010000207770335716,0.0064179486379265845,0.005182369022702422,0.005866989227933438,0.006314528735578167,0.005999178040256588,0.007316442922901453,0.004686648127174094,0.00438648838314857,0.005850678290115455,0.006517450878041127,0.0028540229860640884,0.005937484187468881,0.006191538375991042,0.005722938263009387,0.005860643356135755,0.006373759725899062,0.005795437583666605,0.006341549024623722,0.0049028100614545945,0.0047351926342116555,0.0056552274368474546,0.005454648117338408,0.006866306491739616,0.0033008632509407033,0.006219157601691781,0.006667613757581591,0.007560554072041621,0.003195175406557461,0.0067488654516525875,0.006550668933347641,0.006707672359957555,0.0011080330267613956,0.006750228724559096,0.005288766259393748,0.006109058241587363,0.00608120431579309,0.005686892849123986,0.00635929024129876,0.0061636260202045014,0.005742873224139936,0.003379846094001147,0.004009215869177688,0.012475197944851007,0.00619028236813354,0.0062468159990405735,0.006173496739682359,0.005888161492864142,-0.00030060110722436584,0.00578929001027971,0.0054521246378962645,0.003925983535159441,0.007164243902003017,0.005400460394580049,0.007298339691906989,0.005346383149418124,0.00503970435687354,0.008352394868555574,0.006151010086382488,0.0062913277997935875,0.005957163139706953,0.004742335859444907,0.00422793997574559,0.003964598875376421,0.005415056666060944,0.0052116981240206165,0.0019125005432123086,0.007230424817865168,0.006127222657594992,0.005145013690391169,0.0053293395635575684,0.007099185045384658,0.0058133544476758215,0.005578901865109058,0.004852675916177353,0.003523384277665774,0.005168259771921515,0.007941799491456764,0.0058812744907707475,0.005651759375454189,0.0022211203475799406,0.0061683937737519135,0.005906960115100019,0.007388035621116218,0.005745010047367878,0.005722542614083904,0.0092552639692062,0.005092670315777707,0.005852668823332915,0.005586675643338909,0.005216947918838533,0.0055760972576391924,0.005784465113909347,0.0038430854705915037,0.005202545368655282,0.0030638820284464323,0.006294702721960135,0.009040666077481043,0.0021194507635968326,0.00517906120696747,0.005493627316799456,0.00583470534539194,0.005381756655833979,0.003900512104331286
stdev_user_sum_social,0.03321550057150339,0.03371595935731221,0.03326518941068014,0.03316208767765964,0.031061921586479132,0.03461368267415548,0.030104498247402432,0.03155297366500185,0.036564209051006644,0.0340194064223007,0.0354084857453489,0.034056702641226635,0.0333371022057087,0.03668307824333809,0.03168658500064257,0.03371028149931424,0.0337685128239427,0.029113487314671442,0.030411122793548732,0.03467515662698139,0.032454974013431344,0.03298320165530849,0.03365567773482108,0.035114635465064103,0.03299995458587346,0.024169764773102488,0.039352819821980675,0.03361044276510082,0.03517411348156418,0.03639709724531817,0.03506102191046092,0.03230330693889008,0.03357686548158566,0.02999830328439904,0.033815374567031334,0.03385772460822168,0.034603507989706385,0.03954608119243788,0.029106021468380844,0.030586130783913045,0.03348466961753584,0.03257340392762097,0.03422866960600621,0.02953482548102057,0.03326678096865182,0.034616359950067524,0.034471414966217515,0.032247389949252976,0.028320458090692564,0.03559229471766302,0.03278409738418048,0.03333885263869248,0.033729778876506314,0.03291619190661124,0.03593908509051351,0.03420263805219595,0.03279791722281132,0.032210090333109356,0.03228806104129532,0.029925704795861756,0.03250496100630859,0.03363883213551463,0.033452333000318545,0.03329667822202693,0.0361324086255306,0.03327845633189114,0.03290832622866337,0.03178654208012696,0.02864780609230563,0.03314228826946111,0.03348883443826891,0.03412959018433259,0.03003285470629115,0.03194626039011356,0.03388220359906573,0.033686757874016454,0.03197742668506147,0.03246483984575512,0.03330678936749243,0.03337066238157602,0.032208655646378766,0.03419255318020983,0.03161325392661039,0.033525324454961,0.033576922150393665,0.03793115169226489,0.033313899960206526,0.03348535078783844,0.03176296915650961,0.0316990301644806,0.03247116268112668,0.04148638710882033,0.03248337439406708,0.0370696945265046,0.034737694539832324,0.03331093456528793,0.025694144270536748,0.03331849944358014,0.03409280620180315,0.029064069574356158,0.03517358764089117,0.03350217277135237,0.03346337284576557,0.03276778594219136,0.032773416944711295,0.025783492506765423,0.03481512825620001,0.03190205262007019,0.042625973361234276,0.03484340401398939,0.025736304194047575,0.028758483583059814,0.032747218123067565,0.032707371525917704,0.032060153888981396,0.04096783473291077,0.033434269761050815,0.034049669774499206,0.033651200768444606,0.034086234142489125,0.033221443518340145,0.033065733242662265,0.03026124724999236,0.031526965672608175,0.0347982972128709,0.032564203389848105,0.03329944471809808,0.033035026153205235,0.02849734015815611,0.03125932122046799,0.03353194944125569,0.03383681173809052,0.03323391761482377,0.03318338845529086,0.026719743419886997,0.03139899627396841,0.03339114906680278,0.03191540445346024,0.032571574140858456,0.03278840232881991,0.03549485195009929,0.03248538909528721,0.032451341865042865,0.027613496840303058,0.0337384155542923,0.029217821372234783,0.03303791944537596,0.034421921961442975,0.035874821970082835,0.03607076130760019,0.03292189305917957,0.028418932502021557
min_user_sum_social,-0.046212659589645905,-0.04565851546303806,-0.04598789204487448,-0.046085203692630104,-0.04680332739315579,-0.03760901668054016,-0.046145590508928795,-0.04694942407701512,-0.046466376333521936,-0.05161949693689409,-0.043442254257518506,-0.046420228788310855,-0.04652799102925,-0.0452661890341161,-0.04402682034630431,-0.045503971166751714,-0.04526351653650941,-0.0449472023493086,-0.04206261296568149,-0.043982613040716656,-0.04491229479973624,-0.04474672698854813,-0.04928265122476946,-0.043478991714015244,-0.04573857208062809,-0.05035617793943965,-0.04536216518682253,-0.04597810656228825,-0.04396427205982875,-0.04667710068546299,-0.04110628455121482,-0.046468824860637276,-0.041819873576309397,-0.04238422173864402,-0.047007044771865264,-0.04731685652986076,-0.03869297998925065,-0.04543373426276125,-0.04865765552363991,-0.04792919439405614,-0.04550279048779231,-0.0407670523902391,-0.04654090321252319,-0.042253378997839285,-0.04711077355557863,-0.042783504066911754,-0.045983445071319184,-0.04601749202889284,-0.0353433957112264,-0.048617553348924536,-0.04386966692901408,-0.04599855586788309,-0.04664375696184246,-0.05092204304459187,-0.04292287361464785,-0.04355222111516734,-0.05105694704225171,-0.04705115609537492,-0.046491967599634185,-0.04650490471383311,-0.04372610295225658,-0.04647685821841313,-0.045877005818630676,-0.046067820307914925,-0.04700569486596919,-0.045642514086071714,-0.04517464121246351,-0.045777335035897856,-0.04214936871187182,-0.04645809381308645,-0.04615487479215965,-0.04422397769395208,-0.045495543592689425,-0.04384204406668329,-0.04679400979965739,-0.04517722860292836,-0.05060107877637597,-0.04100511395620894,-0.04468240696187027,-0.037782316254009865,-0.04906094694262821,-0.044850816578665624,-0.04536917566810223,-0.04597658607782216,-0.04306492003263625,-0.04613353549481289,-0.04522495750864146,-0.040769351220516344,-0.04672707755013954,-0.05144888139558394,-0.04735820050409453,-0.036614795853000294,-0.04495614046067145,-0.050353934907225104,-0.046398416775401546,-0.04596296252527141,-0.04633883001326086,-0.0461146929527688,-0.046848160026089256,-0.04501454330692054,-0.04670863471192057,-0.04635399050325724,-0.04204855165405999,-0.0464259733087444,-0.04384931423133051,-0.045568051838042495,-0.0456411726033303,-0.04413216907474955,-0.04789642406939536,-0.044952259153127616,-0.04932656483607334,-0.04173624639811693,-0.04640053021721461,-0.046227316595993606,-0.04441865977079862,-0.047334286320771794,-0.04474618677615183,-0.04725035629188243,-0.04669692505242747,-0.046989375531125296,-0.04652356736615538,-0.04639609027882029,-0.04292298613582501,-0.045717317495782214,-0.04531321856630655,-0.043167059262838425,-0.046190797238405856,-0.04628698342531478,-0.04673709339233993,-0.04509054946255358,-0.04584843485396777,-0.04559932882736725,-0.04629461067136536,-0.04974048180281369,-0.03371209859142453,-0.048870618238423646,-0.045959100647335396,-0.04773157525837714,-0.04873772521199815,-0.04546794244607204,-0.04629458003675203,-0.048063817693008645,-0.04654906722835005,-0.047193658806547814,-0.045251721383016884,-0.038547283876974245,-0.044844547971923124,-0.04793880227052708,-0.04351360272227939,-0.045832935633733266,-0.04391762061957708,-0.03261539468366861
max_user_sum_social,0.020017800261473043,0.02050038968850503,0.020077916822971564,0.0200190887827888,0.018806455408747542,0.021995047106309795,0.01854288499016211,0.018712873098113494,0.022760757231440887,0.018443431605262864,0.021395331229450962,0.019690239814608768,0.01998536156900701,0.02244992260512068,0.018892451745737164,0.020434602875901403,0.020268717467688248,0.017847090463158376,0.019308263159323644,0.021260824468353742,0.01978706045396574,0.020617650026833502,0.019227001439901813,0.02211682470949468,0.019826892363778922,0.01301848000588611,0.026922489010311874,0.02027894670168988,0.022462301972554485,0.02212494857361149,0.023235421030078845,0.01892916813875478,0.02125057615013358,0.020356082542940832,0.020164124511884887,0.01987113436179592,0.022321326762945008,0.02408815427302355,0.013831641644922139,0.018072249993005315,0.020871281463981265,0.019886843133577203,0.020652593782045252,0.015613990869388987,0.01969750701849777,0.021727254092791887,0.021330471873931327,0.019258090009238355,0.02068797882492309,0.021399672800758114,0.01975721909721175,0.020147255527404557,0.02043638215645037,0.018592176143913806,0.022887988895097088,0.021089881227743034,0.01870035800904905,0.019169410321111625,0.01931507291275926,0.016834871184625053,0.019679332267323532,0.02068300024067364,0.020240813968717727,0.02009557313450718,0.023108883526710894,0.02032637502649702,0.020109386651266183,0.018739131162400367,0.017727550878549214,0.019933011558914207,0.020216194607969695,0.021273499179152573,0.017458056816619265,0.019322988575573893,0.020539313492067827,0.02066464147204018,0.018528768564000604,0.020523827886475332,0.02085137858273114,0.022361421531233203,0.01584877639463027,0.02137214606893718,0.018989800553276565,0.02037005574573171,0.02093740326922771,0.023150948682648533,0.020506217124330664,0.02146027953481117,0.018710408215499442,0.017645940924218947,0.01876368460038566,0.029501546480563905,0.019234508559360396,0.02201169473531064,0.021017813493963984,0.02013943085394719,0.012690156014805457,0.02007261384552272,0.020304422740514756,0.016363383093334394,0.021056349465626917,0.020246384522202253,0.021387521630995186,0.019550380970138805,0.020467652781499663,0.0162235919923943,0.021519607657862216,0.02008692504562926,0.02662263809559575,0.020890253067160167,0.013595519930624824,0.017189397832190347,0.019698070354608806,0.019382942865033025,0.020258614714904,0.025606003653076553,0.02053562051079269,0.020146066916064242,0.019992105403326098,0.020700128642444443,0.019892796574803695,0.019816354700245686,0.018471788278495646,0.018773639306794564,0.021024740543336338,0.020951184895918545,0.02001889915171233,0.019830388311121442,0.015123207574992605,0.018699668283850703,0.020206491328245334,0.020980217202301414,0.020044050632763648,0.01944798099804124,0.018039683954934004,0.017032041302521728,0.020153576719593475,0.019043488875189342,0.019501336279668526,0.019719844074752624,0.021122497433258135,0.018059216664322957,0.019211083809425086,0.013645151433624821,0.0208687012186183,0.019729817601472324,0.019796774232225596,0.020347646019710112,0.02162663106272986,0.021945142592560602,0.020464892277876463,0.019863753972147596
average_user_sum_indefinite_pronoun,-0.026265380899535767,-0.02681800490546761,-0.02646972431363477,-0.026783987606858496,-0.02868077544501195,-0.018876677108018727,-0.026800247217848277,-0.025135369027440263,-0.02498803768750787,-0.02670744898352706,-0.026142522661134936,-0.023865064318205724,-0.02643263301752309,-0.02606871302399276,-0.02529948609565698,-0.025830835552295348,-0.02761170265107444,-0.0175937863900889,-0.025851467573682913,-0.02356235828859225,-0.026211952896782967,-0.02701325463675279,-0.02750434428096716,-0.023032408247385915,-0.026327525386848592,-0.027427173986613644,-0.02032022748898781,-0.025747230500569582,-0.027319446987141283,-0.027404291839149296,-0.020616421897884908,-0.0243465013444428,-0.024661829078517467,-0.02920110118685359,-0.026682855637317895,-0.026800363634249973,-0.02351932012770671,-0.02062622639989226,-0.02126642402007423,-0.025782222837310912,-0.02774447828511179,-0.021914359096016446,-0.026209323727752414,-0.02514256457295095,-0.0255282682947245,-0.02903246185044713,-0.02643774940001775,-0.02665930454468892,-0.025920268602402027,-0.022236301660427147,-0.028698303871434662,-0.026319263872118533,-0.026420181930993974,-0.02432378532436448,-0.02630363146283221,-0.023712780884309146,-0.024009469024004294,-0.027151977246381104,-0.027262190646594367,-0.024849212879296215,-0.02619586320287881,-0.02677299913561388,-0.02624638726170229,-0.026342500782133654,-0.01817149867908415,-0.02631314141483846,-0.02619405326314405,-0.02481317833578881,-0.03015368967760587,-0.026999422496120293,-0.025258380404356816,-0.02487731880266648,-0.024862687257142226,-0.02604560811331564,-0.025727406711018114,-0.027221713589883456,-0.026875722452434442,-0.028399625648250992,-0.02680935354345019,-0.026631630434263674,-0.016806266582032773,-0.026708875168206393,-0.0257238432810655,-0.02645739589465692,-0.025712919042731607,-0.02694315404444661,-0.02640559572552669,-0.02255809298164016,-0.027038758606544557,-0.025456583765904133,-0.024620252771211736,-0.018727079774160438,-0.028066042481354168,-0.028177552488478683,-0.02758422357339657,-0.026299416248833724,-0.02286642689653233,-0.02627155815363342,-0.026359255555483345,-0.02404737116973139,-0.028763587185828613,-0.026279298641316517,-0.024307072977908108,-0.028048934283119338,-0.026709822796296516,-0.026248248418240604,-0.02714011092911567,-0.02717441550637383,-0.02290416676909908,-0.02696314669558916,-0.02972775524599153,-0.026352845026017334,-0.026421080690841897,-0.026896317842457426,-0.03068533546436039,-0.024630727945179714,-0.026154622036375662,-0.02602747604601376,-0.027105586583826523,-0.02673513296853592,-0.026611426818436933,-0.026291072304555428,-0.02501514329068904,-0.02766905483813168,-0.02821626836226763,-0.025194788924827224,-0.026174371400841365,-0.02575919575620965,-0.02611480552403263,-0.02600788370142149,-0.02614758700289818,-0.021431546573022944,-0.026143926789180667,-0.02542260852940237,-0.030681923845552038,-0.03269231992265813,-0.02621987564048741,-0.026629371096623042,-0.02576669686790531,-0.0256539164528434,-0.02796564390832426,-0.0241257300281665,-0.027209713770647126,-0.026283194593293223,-0.026013343627097275,-0.022802407582215536,-0.02728282438003713,-0.02492310649688534,-0.023515787903153666,-0.025258688223660328,-0.02534796839412246,-0.03190965606032465
stdev_user_sum_indefinite_pronoun,-0.006861836070260554,-0.007692736236545206,-0.006844807563148876,-0.007032731036936187,-0.006834720852563321,-0.0016923929810358958,-0.010588354171185945,-0.004391360590477431,-0.0058450765336868805,-0.007459027838102778,-0.007772194191247486,-0.005515444023341622,-0.007228187860248779,-0.01109954283352001,-0.006075229034285087,-0.0064529136476375,-0.013587276562432058,0.0032599104847121294,-0.004609406989237539,-0.003281550716503115,-0.006606825567971996,-0.006630700066433463,-0.0072027530374894205,-0.004634416295891161,-0.006993856026281459,-0.004423667926233978,0.005209516899396659,-0.006499748711906936,-0.011174340707216061,-0.005901153278221369,0.003296957888808995,-0.004842965218130723,0.0010011876327332449,-0.009943696577919249,-0.007948832796465119,-0.004922642912008654,-0.0018180881401620198,-0.0029116802706266563,0.0005992783865146935,-0.004158429249624361,-0.006893556767919789,-0.003233968494928064,-0.006982998945511833,-0.0025481235901345448,-0.008278482086834817,-0.011359169602033297,-0.006943463397612967,-0.0073236587748021185,-0.010767885592660283,-0.009099626760528005,-0.009076914675895085,-0.00688285538510526,-0.007626527289134089,-0.00751168206588064,-0.0065753419538033195,-0.005992125111759276,0.003057219377706144,-0.006772985608178222,-0.006228570384839118,-0.002337468571610185,-0.004623999802162573,-0.00903638930727364,-0.007038559388768045,-0.006956494433293287,0.0019544046949603704,-0.005930294591180892,-0.007062935191909835,-0.003760306893628284,-0.014540458459092978,-0.008096076389967878,-0.00559672148490074,-0.003967130521137861,-0.004460768934060316,-0.005339009673546391,-0.006005138160887345,-0.008214501009258073,-0.010030700954252281,-0.006851921760301898,-0.007046653650431851,-0.02284308520225306,-0.0109813014421196,-0.0053131927414502116,-0.008380583929168677,-0.0071974308066649305,-0.005491176678999107,-0.006156523375079569,-0.006901647175110534,-0.007130715579474992,-0.0071870402098744915,-0.01032489811371699,-0.008842831710241358,-0.006917731441068033,-0.010392517976224706,-0.010604915506873782,-0.007310490962614324,-0.006695456360550314,-0.005526623213206745,-0.006880080176813304,-0.00596209680343401,-0.005281107951278525,-0.009915898785307586,-0.007643036373848701,-0.008160154008261995,-0.0063398864540406795,-0.008980984458761304,-0.006113465686204085,-0.01028438085147981,-0.007588555842025491,-0.0076705911020517915,-0.006133486527599624,-0.012913238283548935,-0.0026791907055550984,-0.007146829170539843,-0.007733778083463861,-0.009583327480371193,-0.008230881382121299,-0.008001549449267342,-0.006964685906363285,-0.00977176678677116,-0.007709878084178858,-0.007083453780440362,-0.0069343670915138,-0.006589926781052288,-0.008891095657131625,-0.011150151572070336,-0.006133196422735573,-0.006510952696454381,-0.0056508909032090895,-0.003819764860191182,-0.008903563924273574,-0.00720834876801231,-0.007126642936691897,-0.006469097471335238,-0.00812564854511353,-0.006366525962946526,-0.010556962410681627,-0.006934392604103525,-0.006199929606840793,-0.004821050608377397,-0.008098438763578034,-0.008136094157073736,-0.007360471891057315,-0.006701085936012183,-0.005956182151860709,-0.008151375565378951,0.002381802146047947,-0.015913750384469183,-0.009431863394941946,-0.0023514491841054898,-0.007220348478516075,-0.004749279925681846,0.00129144043869916
min_user_sum_indefinite_pronoun,-0.015794313021321005,-0.01581836199802065,-0.014876654901988591,-0.015794311411493164,-0.012868682119985403,-0.017973156932549146,-0.013637835046677281,-0.01568264699115461,-0.01501084795949964,-0.020508808689348672,-0.010250277625114879,-0.017369461579192648,-0.015563025780144492,-0.009621460024551873,-0.014572550920132037,-0.015759498980236777,-0.011173970591804847,-0.024150971165063262,-0.020328975627884473,-0.01631330761625592,-0.016052119566339507,-0.013253719567142823,-0.017138925315757038,-0.014815074804235238,-0.01563515970292513,-0.015187373011219071,-0.021206376613004722,-0.01645107496765233,-0.01237735951198831,-0.014927473646990645,-0.018635366116279993,-0.014792004682460294,-0.02151333867105755,-0.010387056873542237,-0.014824191587057244,-0.015014590355813123,-0.0198929714295423,-0.016017763456399596,-0.0031439266628051563,-0.014774069324107589,-0.01724940709001213,-0.013916493942578462,-0.015331394789985874,-0.020905748798192236,-0.014640500168441893,-0.01727407835186346,-0.013911821180004565,-0.015994266877875182,-0.007568804951152468,-0.013927581970772797,-0.018435427221016085,-0.015586164046285399,-0.014562795140418035,-0.012069092906579669,-0.016602883768811215,-0.015984549497730156,-0.021998949782674873,-0.015734064568985975,-0.01567654442861869,-0.020513043720288934,-0.016090836961478887,-0.015391830270326465,-0.015656815215295883,-0.01547333507299984,-0.02028355035125693,-0.015619584730570596,-0.013602090698755107,-0.014699915390794932,-0.006580929864820444,-0.014449097226986396,-0.015727130320508008,-0.018239208397842287,-0.012686465889544231,-0.015083573740405858,-0.015463603250110286,-0.015951309752071895,-0.018565294764810038,-0.0175485722822155,-0.01379774725586258,-0.01188018972225987,-0.0009739344731323762,-0.017477154144597842,-0.017956192684384316,-0.016212547950074263,-0.015851665590258406,-0.018874149625666505,-0.014532576094003928,-0.017689677252675742,-0.016721161019242932,-0.016150971049940933,-0.014187960739534822,-0.008072500416593464,-0.013133380667558404,-0.013326476250648367,-0.01799372025620781,-0.015851954223469272,-0.024448166855936933,-0.01574137586852626,-0.016739349933822277,-0.015672813160017958,-0.017846477855805655,-0.015004377756993745,-0.011036726863363037,-0.016403010770488835,-0.014173523894411025,-0.015483289353872248,-0.013562038130010154,-0.016935581913788814,-0.016975820643203167,-0.014940533963234554,-0.008357150684726332,-0.016467171397839694,-0.015449464732619017,-0.013908680091058487,-0.017151631049471566,-0.016887489933294163,-0.01519021829380264,-0.015657390342981782,-0.013249970943432485,-0.015551513895282351,-0.015450502361056967,-0.015495268483257323,-0.01516395346633851,-0.01751215129191247,-0.014438715183493031,-0.014653573054715104,-0.015866785390405556,-0.016279612649014605,-0.022590596164160592,-0.014149691475202252,-0.015140486584432976,-0.013261044046282068,-0.01641779523972698,-0.01332181326638908,-0.010484679871087609,-0.01155455937030083,-0.015543071989519083,-0.015942857567713388,-0.013921826429277848,-0.014570765167597859,-0.017139115239389824,-0.006870554863432826,-0.016091382532265025,-0.011053590889820178,-0.014148103924515203,-0.015955582900758165,-0.01463540221468148,-0.012379875377572347,-0.01577098292610154,-0.016579883176531064,-0.015849133927609255,-0.037515124083273566
max_user_sum_indefinite_pronoun,-0.013722927810944242,-0.014746599313882836,-0.01377131631071143,-0.014002442992426808,-0.012827689810855497,-0.009570800063417012,-0.01664486870992611,-0.011966049147802202,-0.012982361081319924,-0.015361830620152605,-0.014476303540309685,-0.012233390398382421,-0.014269641112695332,-0.014148772608672328,-0.013030745708846998,-0.013578643726943968,-0.017308664334218907,-0.004167452635828542,-0.011701604558525248,-0.010830842203169575,-0.013803645329425103,-0.013641491698210877,-0.014746930214712423,-0.012602012690177074,-0.014015145357519306,-0.010625442908410445,-0.00417071014706197,-0.013558909925864959,-0.017409582273488926,-0.01355966593290406,-0.006905893666797388,-0.01158906753222827,-0.008845701796135268,-0.016730620973359096,-0.014019099994482817,-0.012283076701566389,-0.007951107447108302,-0.009219834495542865,-0.005588048292434125,-0.010983864857099282,-0.01489888956324981,-0.009852620042586326,-0.01390652203082866,-0.010511750749576622,-0.01440809037967725,-0.019522432550997452,-0.013729485101927768,-0.014418088184589362,-0.014479439565904176,-0.013436668521287498,-0.01674578546450319,-0.01390057491413686,-0.014320302325897637,-0.012390880978204222,-0.013349255727780751,-0.013308097801464925,-0.006769875788556025,-0.013907201196713872,-0.013300679186549483,-0.009965091447565293,-0.011868556047033789,-0.01529273082180679,-0.014008632923145133,-0.014005239422844751,-0.0006052172369498286,-0.013307876617589316,-0.013656040210180164,-0.010624977762031331,-0.01745978788203291,-0.014724843756379703,-0.01260372457182078,-0.012149686222301021,-0.011703865864061276,-0.012741591827072522,-0.012818937191543051,-0.01508693367516627,-0.017167902212467178,-0.01447099167826279,-0.01400755348123199,-0.025042445934473995,-0.010544715533947566,-0.013175894314361294,-0.01355110545228221,-0.014135879675903192,-0.012235041632084184,-0.014851697220763925,-0.01367152699438881,-0.015816102731433232,-0.014440742940366099,-0.01591141996212727,-0.014731618599173196,-0.012266938077448396,-0.01605047112514873,-0.01729183227442978,-0.014967743853495117,-0.013764114406977782,-0.016165247485590423,-0.013935071701378199,-0.013384915204572474,-0.012609941969624125,-0.01670890395870249,-0.01443220025327592,-0.013551646361178457,-0.013939076033115881,-0.015370221966117885,-0.014642689678150505,-0.0163939780044719,-0.015086590892079702,-0.012837362686351762,-0.01365157280964555,-0.017254537941826853,-0.011159843338668544,-0.013875876311925238,-0.014413402536752506,-0.01930253235833588,-0.0140996472804969,-0.014536855687641934,-0.013936822543521599,-0.016842251431565335,-0.014722972901406301,-0.014128784101025388,-0.013877052130820702,-0.013204818875632787,-0.016098586347996133,-0.017407720888664692,-0.012544848225481197,-0.0135602347520947,-0.01304468511526617,-0.012974319322290418,-0.015967727540096576,-0.01416491419904056,-0.01279262573172451,-0.013684091954506157,-0.014083959029451856,-0.0144320617279921,-0.016148457757992996,-0.013912379554603269,-0.01355212676460263,-0.011505189922331774,-0.01469403730317298,-0.015332113647541664,-0.012741512413642318,-0.014014994880046101,-0.012670610352215282,-0.014233919246948518,-0.005618816578965688,-0.020578675375974874,-0.015383668191318344,-0.008723612250412467,-0.014723219151824098,-0.011326412046353446,-0.010779943401121367
average_user_sum_religion,0.00264671719642984,0.002906528449057382,0.002669215429593406,0.0028238332146099014,0.0002827251142850599,0.0026911070658907814,0.0011398288120437073,0.00211028880393746,0.0022063452500843917,-0.008893633567025862,0.0009937571692960508,0.0021321316286216857,0.002496274041501185,-0.005115087531425832,0.0029573117684570625,0.001665343871491554,-0.003137576374428231,0.011073406350902015,-0.00026947936927376563,0.0021757081845847157,0.002227964857952937,0.0029974088936872345,0.0026593188221429908,0.001957392643325214,0.00209562445738027,0.0046519020699132396,0.0011548925018154358,0.003205601933597213,0.0017345023227006047,0.0020016936479384994,0.005896723036572397,0.001935764019775338,0.005225232971274301,0.0027503483124075995,0.0021960452966786883,0.004011719674619356,-0.0010423704236764818,0.002573886674441037,0.007132560525331454,0.0004845042393418521,0.012452398657577256,0.0016391380967230073,0.002457087872799267,0.001976148917221758,0.0013843545246831632,0.004054875968195497,0.0028280210297811047,0.0027230320937508866,0.0004074026715187619,0.0025050667709531436,0.002613138616810647,0.0025538054770359283,0.0021305824812662463,0.00245516018571926,0.0021804261117911146,0.0024760786612612433,0.0004843499273722079,0.004262119286529255,0.004057408665471447,-0.001278850165321187,7.538124809304027e-06,0.0013549605718181125,0.0024602176147687773,0.002530912481786607,-0.0016897637697679442,0.002897016877849967,0.0006810667073043463,-4.1842573386477455e-06,-0.0011759478570753205,0.002105980578144767,0.0027656527451424603,0.0025537690386340647,0.002319548574793083,0.003270429916961348,0.0022818264272486295,0.002155446727981427,-0.00030355231204531874,0.00286698106820056,0.0035625519969628167,0.0013548681024172868,-0.0022631066383976975,0.0028925237530764408,-0.0014739673710530716,0.0018488718590774144,0.0015925981484535686,0.004648024856670302,0.00251677661451584,0.008726128333421228,0.003739741467107767,0.0026213085237189416,0.0006343555235941937,-0.0003285808624472787,0.0031247733361175114,0.004093454490458442,0.0024272683136300635,0.0026530510582133326,0.0003188144870906679,0.002581130486796629,0.002306794065211699,0.004317779258415158,0.0022042022356569277,0.002879514955270052,-1.124191572097425e-05,0.003402131859343305,0.0021880455759869504,0.009180742182341068,0.0012389104983256813,0.004043519947822077,0.004458499334279642,0.0012717805740955386,0.0014883095433236284,3.911867381529988e-06,0.002577326281947883,0.002483074697140553,0.0018467702547476199,0.0032922267277919956,0.0019234790805273275,0.002026608034797011,0.0061857473370287705,0.002539647898085806,0.003169233913083638,0.0027920577206252727,0.0008365958087379671,-0.0002318162189487629,0.0021054843298523853,0.0018198280939436765,0.0033087511021151076,0.0028904604507583205,0.0026534643062058596,0.0031655866968615214,0.0023194357327908505,0.004014593168244996,0.002796422683022025,0.0035543407284739596,-0.0013249352068125924,0.0015704268122467956,0.002467102925860989,0.003598373191072083,0.0005544926407571628,0.0021966016223541364,0.003004818046152714,0.003719037638129096,0.002845971777651602,0.004382454365710843,0.0017465295283008503,0.004364222440857741,0.0005999669260838714,0.0004855828202225288,0.0027734153554635523,0.0018237410431197138,0.0018187305505972056,0.0010596226894748055
stdev_user_sum_religion,0.016227516537628724,0.015743723110668826,0.016082855807776818,0.015915114783001942,0.014260835108503433,0.01734796280097238,0.014599186363452006,0.014276655243187827,0.01588135043557384,-0.0009365054508215257,0.016671403810594315,0.014291131385307868,0.01568329912476938,0.00977297310812084,0.018307101628940503,0.014343180363476466,0.012540865175812512,0.013505703739589855,0.012665470523918946,0.015215555160310985,0.015558809234119968,0.015966359676244345,0.01473638444560476,0.0154073743480631,0.015629834359423347,0.01578518962704723,0.01681776144105464,0.01589906523554097,0.016349331978466865,0.014883065996753195,0.022102289563859276,0.01521866441225756,0.021444210134724855,0.01806941030890779,0.01598960315688503,0.015532021021494195,0.007565377084083964,0.015107189225681685,0.016449568597990138,0.01670552918427381,0.013573610414128114,0.01587269319638054,0.01559344716862594,0.011689583223209232,0.014551128725768605,0.017530566208564514,0.016291941531885606,0.015950612831378067,0.014142148699984465,0.01652266212272467,0.01638450264999945,0.015632660923000665,0.015850085763402653,0.015220167560511132,0.014248721195028584,0.018126576107860434,0.013266234074947265,0.017023847745216997,0.016706854013026896,0.012521442616708626,0.014997629508218752,0.015913201040886647,0.015712373070371547,0.015635141449590318,0.014361148032835114,0.015672356034787567,0.014756686881373257,0.014198932668936907,0.01255606761594958,0.015670303453866084,0.01595614661405676,0.015450626331116771,0.015568120089108286,0.016220923531803443,0.015428062443337366,0.015677613226761623,0.011329524705632917,0.015021660812055016,0.016714030065232897,0.015779903143118574,0.014857532030682076,0.015852916009559636,0.013278150723699611,0.01530202947311288,0.01746831459373558,0.021468300985601492,0.015666928826346505,0.019364573762498415,0.01518654856279216,0.014434762694603809,0.014747102851189537,0.01945308971821156,0.014769865412504201,0.016129706386376376,0.01400237180154731,0.015554061500070125,0.011646937166258722,0.01564434009210145,0.01543729126500406,0.016746702355470214,0.013884974900965484,0.01604700025845,0.015939515203662064,0.015997964970461753,0.015070077806361312,0.014628175017799136,0.015734660154605524,0.0164956827894757,0.020167761265458654,0.016722491612504442,0.012277465931435767,0.01455219789220371,0.015828261555274368,0.015635142612790025,0.017792447021081903,0.018239127037589124,0.014919585941847474,0.015584024666454968,0.017014337589768107,0.01513636417228786,0.015881036700087177,0.01604291736353992,0.01410393923934739,0.014908123320837487,0.01600819225714338,0.014296362736456639,0.01606422710505929,0.01596279747315572,0.013870071057894808,0.013485375097639262,0.015303752228392009,0.018606247179716085,0.015919204738309677,0.01545236942098964,0.011439769788853315,0.015573390005445152,0.015577903861621273,0.015358003361336001,0.013409475613688836,0.01571740202130245,0.015420864114996777,0.014892448718930428,0.01599948128743091,0.01907225934430649,0.015563144210923358,0.018307903356861194,0.014423773683374778,0.011735596023058018,0.012249779926827397,0.015584919889584943,0.016635328430225534,0.015359558814774615
min_user_sum_religion,0.0,0.0,0.0,0.0,0.0,0.0,0.0,0.0,0.0,0.0,0.0,0.0,0.0,0.0,0.0,0.0,0.0,0.0,0.0,0.0,0.0,0.0,0.0,0.0,0.0,0.0,0.0,0.0,0.0,0.0,0.0,0.0,0.0,0.0,0.0,0.0,0.0,0.0,0.0,0.0,0.0,0.0,0.0,0.0,0.0,0.0,0.0,0.0,0.0,0.0,0.0,0.0,0.0,0.0,0.0,0.0,0.0,0.0,0.0,0.0,0.0,0.0,0.0,0.0,0.0,0.0,0.0,0.0,0.0,0.0,0.0,0.0,0.0,0.0,0.0,0.0,0.0,0.0,0.0,0.0,0.0,0.0,0.0,0.0,0.0,0.0,0.0,0.0,0.0,0.0,0.0,0.0,0.0,0.0,0.0,0.0,0.0,0.0,0.0,0.0,0.0,0.0,0.0,0.0,0.0,0.0,0.0,0.0,0.0,0.0,0.0,0.0,0.0,0.0,0.0,0.0,0.0,0.0,0.0,0.0,0.0,0.0,0.0,0.0,0.0,0.0,0.0,0.0,0.0,0.0,0.0,0.0,0.0,0.0,0.0,0.0,0.0,0.0,0.0,0.0,0.0,0.0,0.0,0.0,0.0,0.0,0.0,0.0,0.0,0.0,0.0,0.0
max_user_sum_religion,0.016227516537628602,0.01574372311066871,0.016082855807776675,0.01591511478300181,0.014260835108503296,0.01734796280097224,0.01459918636345189,0.014276655243187733,0.015881350435573705,-0.0009365054508215205,0.01667140381059418,0.014291131385307713,0.01568329912476927,0.009772973108120782,0.018307101628940406,0.01434318036347635,0.012540865175812412,0.013505703739589734,0.012665470523918823,0.015215555160310822,0.015558809234119831,0.015966359676244223,0.014736384445604638,0.015407374348062993,0.015629834359423254,0.015785189627047096,0.016817761441054506,0.015899065235540848,0.01634933197846673,0.014883065996753087,0.022102289563859068,0.015218664412257422,0.021444210134724702,0.018069410308907685,0.0159896031568849,0.015532021021494074,0.007565377084083804,0.015107189225681553,0.01644956859798999,0.016705529184273676,0.013573610414127996,0.015872693196380405,0.015593447168625808,0.0116895832232091,0.01455112872576846,0.017530566208564344,0.016291941531885457,0.01595061283137792,0.014142148699984352,0.016522662122724543,0.01638450264999931,0.015632660923000547,0.0158500857634025,0.01522016756051102,0.014248721195028461,0.018126576107860316,0.013266234074947132,0.01702384774521687,0.016706854013026736,0.012521442616708508,0.014997629508218615,0.015913201040886518,0.015712373070371422,0.01563514144959022,0.01436114803283498,0.01567235603478745,0.014756686881373143,0.0141989326689368,0.01255606761594949,0.015670303453865934,0.01595614661405665,0.015450626331116647,0.015568120089108167,0.0162209235318033,0.015428062443337233,0.015677613226761485,0.011329524705632865,0.01502166081205488,0.01671403006523274,0.015779903143118466,0.014857532030681977,0.015852916009559508,0.013278150723699492,0.015302029473112747,0.017468314593735452,0.021468300985601305,0.01566692882634636,0.01936457376249825,0.015186548562792026,0.014434762694603706,0.014747102851189419,0.019453089718211337,0.014769865412504087,0.016129706386376223,0.01400237180154718,0.01555406150007,0.011646937166258654,0.015644340092101333,0.01543729126500392,0.016746702355470086,0.013884974900965377,0.016047000258449892,0.01593951520366189,0.015997964970461628,0.015070077806361177,0.014628175017798999,0.015734660154605423,0.016495682789475587,0.020167761265458436,0.0167224916125043,0.012277465931435652,0.014552197892203621,0.01582826155527424,0.015635142612789886,0.01779244702108175,0.018239127037589002,0.014919585941847332,0.015584024666454848,0.01701433758976796,0.015136364172287736,0.01588103670008706,0.016042917363539792,0.014103939239347312,0.014908123320837362,0.016008192257143207,0.014296362736456542,0.016064227105059167,0.01596279747315557,0.013870071057894725,0.013485375097639161,0.015303752228391886,0.01860624717971594,0.015919204738309538,0.0154523694209895,0.011439769788853261,0.015573390005445026,0.01557790386162113,0.015358003361335859,0.013409475613688712,0.01571740202130232,0.015420864114996637,0.01489244871893029,0.015999481287430766,0.019072259344306362,0.015563144210923238,0.018307903356861062,0.014423773683374665,0.011735596023057897,0.012249779926827312,0.01558491988958482,0.016635328430225433,0.01535955881477445
average_user_sum_work,0.07951767521729697,0.07903001317738849,0.07991028648920298,0.07881195853594647,0.07823196582993912,0.08204613560044678,0.0755051325399798,0.07881861529855444,0.08036704352217766,0.0746476948914091,0.07774909513701836,0.07696930382708968,0.07899236192969894,0.08386581454411231,0.0794507720789194,0.07925895723986978,0.08112467001876585,0.07589733889902574,0.07722183426369798,0.0764839513154954,0.07920137651615863,0.07884036709013183,0.07882383619201727,0.08138379051724254,0.07955538710481712,0.07657152981568928,0.08134866968281217,0.07938973515969258,0.07886301597515767,0.07752269512838515,0.06930120202294174,0.07891331916147049,0.07826740130260583,0.07863561541166132,0.07836979200389775,0.07744518508691697,0.08250050841076785,0.07805081972682015,0.07062812402010389,0.07982100294205388,0.07350513702795868,0.07610068104529209,0.07937315321656317,0.06968936543948548,0.07788976929805108,0.0792153396314704,0.08061065828595505,0.07879896558916483,0.08092172187711752,0.08146415163995285,0.0790620352514825,0.07918181609532671,0.07940359085363388,0.0817484237926552,0.07842025944694193,0.07535482122133663,0.07213118552084449,0.08074571085709584,0.07856660896461798,0.07728243491513842,0.0808091644187781,0.08119065875532588,0.07939386202263371,0.07901383726046923,0.08208674323077994,0.07989453751015604,0.08069607497379355,0.07944981224690333,0.08048817614031571,0.0798337890450594,0.08043869317434618,0.07774553142617766,0.078328316079087,0.0774622745477733,0.07884124410768743,0.0795787764275861,0.07631170347299933,0.07811234005451131,0.07985597154415411,0.0642951743964228,0.07455132545602255,0.0802243834878211,0.08123037028569641,0.07969880559482641,0.0795170430891286,0.07566157018447928,0.08008339699784116,0.07635313371977576,0.08003797373460811,0.07711971147879775,0.07942166852490531,0.08388847374957684,0.08058405907201577,0.07940207318788567,0.07758337742339562,0.07915955267639575,0.07300407387954533,0.0790257308895633,0.07882343394572561,0.07994906775921021,0.07726287805204149,0.07949588675719128,0.0851099948337203,0.07827375680637513,0.07876955701334387,0.05867751805202168,0.07953168534937179,0.07331619753107783,0.0770636039789005,0.07819679816793194,0.07124032026272084,0.07806140047382183,0.07926789933181153,0.07904464362915668,0.08042394123815857,0.07684352440714859,0.07916794952461004,0.07856147173530989,0.07791434307857603,0.07805979723675446,0.07887928667551226,0.07950960351999009,0.07714804594621921,0.08618517080072609,0.08132606018939023,0.07845557854852325,0.07887714623126149,0.07960551689560257,0.07711551725369535,0.07599874746210541,0.07914019024443086,0.0816683895570396,0.07996065856277439,0.07963499718963966,0.0729876891162739,0.07749755673870651,0.07918875330455069,0.07882677745055187,0.07837286846999371,0.08014495225070645,0.07817572522653965,0.0669452758507889,0.07815548789342537,0.07387981791148313,0.08093636001055143,0.07829990411179878,0.08018345715528037,0.07813273975566387,0.07734681136446539,0.080274808865724,0.08062846390105505,0.08176297262027087
stdev_user_sum_work,0.0329628152879961,0.032292555743510906,0.03269632554966674,0.0317975656264013,0.03188103589196284,0.03234361794756343,0.03391714903663201,0.033871452650866093,0.03161829475731152,0.031235673586458935,0.027243291547733244,0.03469115976834873,0.032302987153572105,0.02986520590092036,0.03493099535952738,0.03209840948347316,0.0323903720683309,0.02843879842894586,0.038064576260654195,0.033123324185410724,0.03250637698474218,0.03233801836821102,0.03337230292268195,0.03026283901330104,0.032359362737454794,0.025128425293959575,0.026662698583932717,0.032666992574207174,0.030648546909867742,0.0286476467593425,0.031332439852076815,0.033353984748804154,0.031418831862321236,0.03092097296435719,0.032412507426354,0.030573221377181794,0.042922351111836544,0.034860297549596214,0.034054968065845,0.03031848976563273,0.02913365535829631,0.035171654465337675,0.032613980082630584,0.02693982783290716,0.030435104538049887,0.034871947280070884,0.03247127760203982,0.03180435822578309,0.027762172685237875,0.0332525449545063,0.0345922056544606,0.032437059008451286,0.03268456372333435,0.0368310321284676,0.03316673788251329,0.03393104985373397,0.03185374373647156,0.03310255147005546,0.0320448172425638,0.033676537920212336,0.03134219477183274,0.03299691005576941,0.03249305805156629,0.032458419836524165,0.029465144825829768,0.0323776807013683,0.03319410234313643,0.03128747479232255,0.035192176281503285,0.03194525342060223,0.03342388882351141,0.03310384838425546,0.032084224247609844,0.030968479979871698,0.03287660714932479,0.033756104698732206,0.0429678910616049,0.030995760288067678,0.03078889534976309,0.02797866468038927,0.03922830854579043,0.032270091622942136,0.03447967540838437,0.03299329526445597,0.032787188771927,0.0364447290453836,0.033242883886357696,0.03325729548444841,0.0327857572275734,0.03182265421815639,0.03146682109421944,0.031995263000913474,0.030179459678717796,0.033124389837561226,0.03191778425384748,0.03242069529100749,0.04115260308257672,0.032284329242911636,0.03262204666171622,0.03496145486269141,0.02988975098685913,0.03162271455549564,0.03254824939257132,0.03247831921028964,0.03252350852629385,0.017722940739726162,0.0314503839269139,0.030085639509442673,0.023506339058660307,0.03315331499553219,0.033579826455544345,0.029816257309105847,0.03246063822543187,0.03207905512707331,0.029923573650200527,0.02728498097924472,0.032621619696175504,0.03198860444510964,0.030683700367193537,0.03128453566846946,0.03239631923849844,0.03309967247353507,0.03174530291959532,0.037812911071535164,0.035111361618884784,0.030643618502334033,0.032915729921629854,0.03295592598769087,0.029822938846379224,0.030630462443104346,0.03220625740958119,0.03410642445756441,0.031034768000366357,0.03281593457472793,0.030150004970711408,0.03466991717218783,0.032397279185385174,0.031263468031586326,0.029756460609653562,0.03272304194821701,0.03342776847389938,0.024802142495819288,0.033053802232528816,0.03302398416338024,0.03232940298945228,0.034105597013669185,0.037244333998884535,0.03283842336270734,0.03584561097411668,0.032615896629655555,0.03300686288138244,0.03329738229547083
min_user_sum_work,-0.006946416300247075,-0.006934613043568426,-0.006929248862663155,-0.007058849870739892,-0.008127412306885915,-0.008356235358097291,-0.006549233399620144,-0.00849012094921876,-0.00868959599518096,-0.0036680598129241676,-0.01038295094929801,-0.002870485008841789,-0.007873588887522926,-0.014752007813698842,-0.010895975455873239,-0.007030621459047743,-0.007029294643802327,0.0002822856771894078,-0.008451998228057598,-0.004280965730215073,-0.007168102041088725,-0.0054460486906855905,-0.006781455956136665,-0.005238547386529779,-0.007096987355418451,-0.005227410024716864,-0.006368905754891498,-0.006177192037776346,-0.007658452857101387,-0.007934450166231403,0.00043552332081697753,-0.006146490411146479,-0.0069607848808700915,-0.007609759190107597,-0.0071913038695423275,-0.008519080057301665,-0.0080706032476919,-0.012713374571182465,-0.006696486567441319,-0.005888680237409552,-0.007015805958098738,-0.008221719520023374,-0.007321807328987252,0.0019081728268389151,-0.004712708992940685,-0.00022595076086092585,-0.0072276684809329155,-0.006344459865834007,-0.00693426653031233,-0.006087203385960808,-0.005229513034141539,-0.006920428537565085,-0.007124753380118364,-0.009936785603236926,-0.004992053099399106,-0.008745315980712907,-0.004967176342874951,-0.005661693129609946,-0.005478061748158805,-0.004611315168511761,-0.008189693874573406,-0.0060056896087124795,-0.006985485491286748,-0.006874689958685675,-0.007969143935508769,-0.0076838910252688105,-0.007266922356895617,-0.008164695856124594,-0.010595562398175731,-0.006850167855673949,-0.0061523641124068724,-0.006549266672162899,-0.0061227303602649445,-0.006308725513681153,-0.008024451103694971,-0.007078465194124884,-0.006742917880055463,-0.004469441309989779,-0.00676176694148319,-0.009904134361574843,-0.005377444445391566,-0.0071714285345755,-0.007671248111029846,-0.006864150603789445,-0.00701258571671678,-0.0031188186429349394,-0.007436831001091857,-0.004090013079930585,-0.006890594434663268,-0.008606888318337653,-0.006045499055702697,-0.007375707195568047,-0.005207490924920658,-0.003407896337037213,-0.006018886987275945,-0.006989273016016996,-0.011855245835249027,-0.006772896220728639,-0.006581554523792238,-0.0077704737977743665,-0.008241786875865575,-0.006452009252526122,0.0001763855346700485,-0.007375786701238937,-0.005871727110900825,0.0014785332467919816,-0.0062559237879253795,-0.009599086691640385,0.0016094663985899377,-0.004385052978281109,-0.010443037258792032,-0.005996633690397385,-0.007176055078563096,-0.006589009522802563,-0.008323937804551892,-0.0038235762491774746,-0.005414596674636923,-0.008082732990001815,-0.005963083136578958,-0.005438982264819736,-0.006993583172154243,-0.006662128960517179,-0.007262783619691819,-0.012989171111973069,-0.006086796764702654,-0.005451108238974843,-0.006804968134882322,-0.006478452941118295,-0.006464274537247508,-0.0071810111464661285,-0.006794038594655288,-0.004483924052430933,0.0,-0.0032397940194678542,-0.021406616528579076,-0.007662504597376072,-0.006869833678292627,-0.007124457183616048,-0.004695021751862189,-0.007140645317718811,-0.008845538408547269,-0.003807403595651772,-0.006883203266475956,-0.01001305656770037,-0.005420033392933446,-0.0052469732575422005,-0.0033021261095120946,-0.006268288452567675,-0.008592276515489028,-0.00702664105427388,-0.0070101892801290545,-0.0035172112717636473
max_user_sum_work,0.03611851493279937,0.035088813632211634,0.03603863613769834,0.034998572086590754,0.035285690102875286,0.03730465772784901,0.03667624213267438,0.037071777632178754,0.03531100618928815,0.03407691217584968,0.030854604379041747,0.03718809513828444,0.03532922500499635,0.0336120395122568,0.03774708944957127,0.0354087853274703,0.03618762823850798,0.02969252251681736,0.040705944220253434,0.036149665250046974,0.035701710166350924,0.03575874403056287,0.036497839889849865,0.03366220999019375,0.03565580319678531,0.029200019093718436,0.0306712697680279,0.035672313331839595,0.0343899548619031,0.03144899764286149,0.034568449677587945,0.03614625389153664,0.03443526119674462,0.03507599370473255,0.03573781345314862,0.033460139580810004,0.04525442121284051,0.03788871826428921,0.03568532418914241,0.033797037538393485,0.031485267612406935,0.03678183599293697,0.0358177814990482,0.028069838005724795,0.03345706916995333,0.03872184968167812,0.03633511966600571,0.03496178970928689,0.031769687923989834,0.037177600159597146,0.03814924254770029,0.035618544890078895,0.03578122823940824,0.04008990488390428,0.0363877631717783,0.03647308494894305,0.03452523352540469,0.036516966593991715,0.035230782814068516,0.03741215295074624,0.0344753496202026,0.036816251486598534,0.035728854018558735,0.035630578075142874,0.034360092445627675,0.03569530970418526,0.036423668293571895,0.03448509919126283,0.037732977621372045,0.035440237462791756,0.0369083907452843,0.036144195143887906,0.035183852133791486,0.03438849672905959,0.03555611629561231,0.03709722904202443,0.04492199567835188,0.03378866688481279,0.0342528697678529,0.029657373531506888,0.04138047881715244,0.03561671619691568,0.03761194486831333,0.036381487576026564,0.03614237022958117,0.04055383660757715,0.036480377163267234,0.03579826646564168,0.03605745935957701,0.03509268005657602,0.034945715781440755,0.036674422498284794,0.03423228096450426,0.03690023117739388,0.034932001021366094,0.03561520890528367,0.04119901609185503,0.03546266738973497,0.03573825842532352,0.03776420779887274,0.03300935597148252,0.034989352178152536,0.037266989091013274,0.03555943429901098,0.035606809508782006,0.01711142129189528,0.03517720863837229,0.03216909610736338,0.028918639688311362,0.03639208087327805,0.03428758164933851,0.03277252501504778,0.03560163336656391,0.03519872933382686,0.03383601841376317,0.03153848413602302,0.035795700371203026,0.03487308131608644,0.033456174401767645,0.03518118877339065,0.03547754180089552,0.036254746899885774,0.03418699304929697,0.042186011551255446,0.03896438134122627,0.033972693121176914,0.03594687624588831,0.03630619458683648,0.03273014686465105,0.03292046322264239,0.035357188066524284,0.03794795971863342,0.03493718892443011,0.03598372764753748,0.031658197661888335,0.03632725679094413,0.03558561421692056,0.0345211194070333,0.03333317688713118,0.03585514968265533,0.03596382583093091,0.02583273440471448,0.036006704970104254,0.03503210025513488,0.03626067973927594,0.036414897510042246,0.03960717403016985,0.035912427005999864,0.03853226147267494,0.03625696417006178,0.036577112886882826,0.03657262580250648
average_user_sum_money,0.0199043264890151,0.02045506440188648,0.019689752166295572,0.020424110242606035,0.019558173077909892,0.03159064577188281,0.015471412719092643,0.022775904707230045,0.022618573305228575,0.020165372804615753,0.021396827935054805,0.01848552664605102,0.019657297395436854,0.02004654600201121,0.020657988840652442,0.023320622964430892,0.022121578027562178,0.014920477561775013,0.021702055179991197,0.020423077425163305,0.020239340132536025,0.02053011582732613,0.020656204182293587,0.020197310926119857,0.02021220164124111,0.021288247982970677,0.018938028799447084,0.021082177277549442,0.02423663031907483,0.017275967326175038,0.015001133871029443,0.019591299481375925,0.025575909155573416,0.02058257176980339,0.019232932046994916,0.020644728126220604,0.01942274825457891,0.017429950091395564,0.026590131772503446,0.01920196905928226,0.019995959664647144,0.023290017015121088,0.019936688438072767,0.020258456137131453,0.022071935750522263,0.019588230788229202,0.02074764038882531,0.020234213286646353,0.024811037504070287,0.0191309910788966,0.021954475312283887,0.0202018976003562,0.020719956734397124,0.018575008498967954,0.020842297139949992,0.016509155849855947,0.017945812018673214,0.01931152299350234,0.01975934935756374,0.019858010171382882,0.020609655218529005,0.01720547856044726,0.019888404543703567,0.020222843442542954,0.007218120342767899,0.01956066367182889,0.02082562088267538,0.01936719415322194,0.02553616394096652,0.02117033777906495,0.020807386803137956,0.0204812254548727,0.020793015170804792,0.02098423879894333,0.019799799493384233,0.019427095593932003,0.013436063989948462,0.022083223531320854,0.020858346469106018,0.017092334729319446,0.013369783985262038,0.020835678301919458,0.018725559778980754,0.02021595869591916,0.0196812889084911,0.021660781152917568,0.020326621226309845,0.01642115684627278,0.01592175278478478,0.019443236489400554,0.023315860957133915,0.013401491394150311,0.03491709146162206,0.021265390567946525,0.02039750239283527,0.020354667453811703,0.02205216562191551,0.020168053037899,0.018895573647094523,0.02134489962359851,0.022943566923007155,0.020917043048136828,0.022192520234217028,0.025135918694524667,0.019110170327022575,0.015442542420110901,0.0206783129734952,0.021454461915929063,0.019028188915221324,0.020131408814732712,0.020822469429685707,0.0173559395118246,0.020505758702308998,0.020534841984263964,0.025619805704477572,0.019131543669978917,0.02001181562028752,0.020090422408628284,0.02169903443944097,0.019618762841188055,0.020288505836179867,0.020074758745915595,0.01559407909069907,0.018266766457058145,0.02101117702424738,0.020343758109640425,0.019997233429588847,0.02142561676623215,0.01762502199216062,0.020095783309336736,0.020319584853423424,0.020663843378009646,0.01984071790467726,0.020619789755757643,0.021876464939195275,0.023191575644808986,0.020229887096600504,0.01927617575514246,0.020582757480504022,0.020185578902925008,0.018916744632938173,0.018360434775288238,0.020152617489830816,0.019885187557122364,0.018693556990449608,0.02054037518492436,0.014471594090928006,0.01973262758050821,0.019704026780761958,0.020830533274047772,0.016905195039634294,0.021898168043032264
stdev_user_sum_money,0.048702390028211986,0.04885422681030525,0.04826117401781645,0.049061469215546716,0.0474675939319694,0.0556839918253297,0.04962666053015261,0.046236749175183375,0.049075142913524376,0.04841358084863228,0.04706170119604514,0.05028991842811811,0.048632426779831164,0.05007151777285694,0.049665774991569024,0.049180934314963995,0.047571919148174574,0.04750153866303556,0.04837445971867736,0.04969657299639585,0.04931128356813057,0.04847726189451684,0.04834216787221843,0.047520579318792305,0.048908189101528846,0.0452331790740119,0.047505743004494255,0.0496436191647507,0.050512605188647156,0.0451978475336238,0.04568427562278749,0.04805148773762544,0.055039259083189136,0.04713650736173669,0.04839854244231994,0.04667052790977853,0.04722416488671422,0.04619032691664901,0.04175960581055728,0.0489000523932369,0.0477389301700309,0.04815553286646074,0.048637441030780354,0.05003673975360125,0.04809392750560794,0.04262011103572681,0.050021692292813676,0.049624461559066683,0.04724372778099413,0.04917753627192574,0.04785845807446233,0.04874435121474321,0.04903848479492934,0.05048351493316994,0.04846000667816524,0.046703908927764395,0.04263829183634714,0.04820175387417426,0.0477070802401747,0.047416141562184405,0.049574441555720564,0.04744874008704077,0.048828937770260206,0.04883936861993815,0.047382394474087534,0.048279578911812844,0.04837395061504442,0.049970208199726564,0.048178098745764196,0.04877322153751667,0.04883565076617372,0.04919841348754774,0.047811834789049726,0.04840632773869424,0.048917218214165316,0.04855674216429297,0.04316173585123657,0.04849424563863644,0.048517560228912376,0.0521651198478103,0.044932492202350766,0.04840671987841681,0.05077740803824993,0.0487033910679001,0.049578608434888996,0.052179581343933856,0.04840925346448159,0.04567720736198873,0.0488421973741594,0.04668927643441801,0.05020238090101394,0.04282250440414598,0.04750450662138373,0.05144975908445788,0.04881959916137049,0.04893933224515361,0.04635463164976017,0.04877933429909029,0.04839615284174146,0.047837462139963184,0.05001208494237266,0.04891625318940371,0.046354826137632005,0.04916006317540493,0.05020437411392333,0.046189671017558526,0.048488040287171554,0.04853043377588144,0.048992301838143876,0.05109338984995215,0.049054003524248276,0.05000921096856496,0.0487081109536378,0.048921946209330054,0.04533997508056571,0.05050765756808422,0.048544074921652074,0.04878362181517654,0.04855894788759406,0.049410208736708136,0.04879365757153408,0.048556132777699525,0.04999567641687239,0.04502598361694598,0.04949803083590211,0.04912131361998154,0.04856954076804991,0.04894521702564214,0.04831702076978425,0.05021307320955716,0.04883394299427098,0.05030554306196108,0.04831533392100167,0.04753554358955306,0.05066644885561565,0.050262677786744786,0.04873160223176245,0.04823495297853936,0.047236448306969284,0.0481706712344275,0.04858261919819393,0.043373887772493847,0.04831522866177235,0.050921290988325936,0.04886051365655986,0.05102085811123748,0.047447153353897854,0.04709103019266456,0.05034425304770304,0.0481880106193171,0.048009496618589664,0.0373171723731267
min_user_sum_money,0.0,0.0,0.0,0.0,0.0,0.0,0.0,0.0,0.0,0.0,0.0,0.0,0.0,0.0,0.0,0.0,0.0,0.0,0.0,0.0,0.0,0.0,0.0,0.0,0.0,0.0,0.0,0.0,0.0,0.0,0.0,0.0,0.0,0.0,0.0,0.0,0.0,0.0,0.0,0.0,0.0,0.0,0.0,0.0,0.0,0.0,0.0,0.0,0.0,0.0,0.0,0.0,0.0,0.0,0.0,0.0,0.0,0.0,0.0,0.0,0.0,0.0,0.0,0.0,0.0,0.0,0.0,0.0,0.0,0.0,0.0,0.0,0.0,0.0,0.0,0.0,0.0,0.0,0.0,0.0,0.0,0.0,0.0,0.0,0.0,0.0,0.0,0.0,0.0,0.0,0.0,0.0,0.0,0.0,0.0,0.0,0.0,0.0,0.0,0.0,0.0,0.0,0.0,0.0,0.0,0.0,0.0,0.0,0.0,0.0,0.0,0.0,0.0,0.0,0.0,0.0,0.0,0.0,0.0,0.0,0.0,0.0,0.0,0.0,0.0,0.0,0.0,0.0,0.0,0.0,0.0,0.0,0.0,0.0,0.0,0.0,0.0,0.0,0.0,0.0,0.0,0.0,0.0,0.0,0.0,0.0,0.0,0.0,0.0,0.0,0.0,0.0
max_user_sum_money,0.04920072751795157,0.04943354706417154,0.04881803584431173,0.049640726275589325,0.04797672046757636,0.05673551311769657,0.050284212850369235,0.04668395014712057,0.04955831561969382,0.04898064370288932,0.04730918629239094,0.05077725898431011,0.04912834646609192,0.05032089629714178,0.050188308101230594,0.04976312253165563,0.04872685771681427,0.048115046190958376,0.04897345644459941,0.050353328418402676,0.0498721358078599,0.049030881449940555,0.048710073183595604,0.04822424696193724,0.04946033468948787,0.045791004998678136,0.04772790583425852,0.05019878982215843,0.05107959731534566,0.04581968975345778,0.0464423370706111,0.04860485904741732,0.05511576515240488,0.04762943484092112,0.04910531951845174,0.04697514290993459,0.04767733332932371,0.04658782650696603,0.04225187821727207,0.04931189532478843,0.048474312505570855,0.04866411186054537,0.049190709027101376,0.05037333041382146,0.048618309617490446,0.04393667841707033,0.05056540083660678,0.050182757372584305,0.04761414386780481,0.04976984660793656,0.04832700235661919,0.04930250551503318,0.049596104149376735,0.051016380895406346,0.0491078282097738,0.047224481953250255,0.04312954546562803,0.04886174497534513,0.04806752966791933,0.047851422898160884,0.050179217522466096,0.04808278077776263,0.04938979114375508,0.0493964493913257,0.04724979852102772,0.048771379785505393,0.04899774108540164,0.05043432616069936,0.04888646031325432,0.04934065444929194,0.04935655559899741,0.04979749210320863,0.048483249065348566,0.04907072617808079,0.04954546111426984,0.0491456859565169,0.04360471333270439,0.049069847519176396,0.0489317845237687,0.05210440722841931,0.045303156417582,0.04894795237361865,0.05088410978585615,0.049258750235296134,0.04947443293754032,0.0527004388397392,0.04896569632582129,0.04679642615787728,0.04955485024708335,0.047354903077559574,0.05057044156455899,0.043835516606735944,0.047723679205213976,0.05247050761999516,0.0494131748958611,0.04950325423307267,0.047042129915887895,0.049342580956726306,0.04898603918631807,0.04863930322090653,0.05071592339275217,0.04947262952554076,0.04728247552817905,0.04962663683815808,0.050834931373053886,0.04669962173173536,0.049083466514377755,0.049037853203295366,0.04972751254761633,0.051935822579982936,0.048881142401652825,0.05061398990662888,0.049214931218858594,0.0494767031207166,0.04609061134464978,0.05111057972593304,0.04918176010841723,0.049380180513482835,0.049360854393924694,0.04983205196014688,0.04937958642373269,0.04914986839182266,0.04962493044528005,0.045249013779137766,0.05010991861012021,0.04951091214134929,0.04912304024125347,0.04950875701579507,0.04904921368673111,0.05147266761197705,0.04939800714579533,0.05104652714591826,0.04889015889295112,0.0482224452318199,0.05088213463384885,0.050792978679106475,0.049287098661522734,0.04880924189613279,0.04783482783950845,0.04873949447826571,0.049254534876579346,0.044349304072008405,0.04888514323586317,0.051760034063140295,0.04951455327889451,0.05126513014893787,0.0480814069248519,0.047804770736942365,0.05106695930942281,0.04871068727657549,0.04721358575641993,0.037291580554794874
average_user_sum_causation,-0.023290132831638295,-0.02365948348778737,-0.02335667466615342,-0.023388859373706775,-0.023602950343623155,-0.02022438111338428,-0.02548261787302812,-0.021926184845458524,-0.022241153049967002,-0.02022874266130926,-0.028828525388539902,-0.02059765501942392,-0.0228469233354762,-0.019845360917553713,-0.022691968612257245,-0.021439304369707674,-0.019758941530556375,-0.019611860327366157,-0.02215316010640828,-0.021898967036346355,-0.023060721374391052,-0.023462912123098527,-0.022071449313178348,-0.024388112843004933,-0.023757355454492327,-0.019758614593786885,-0.02144013344978013,-0.021771762906184582,-0.021490631143694844,-0.023270972388989848,-0.024271441906524926,-0.021749458991733556,-0.02546312657001919,-0.023089374327627123,-0.022738944363736177,-0.022050712614139333,-0.014555168554504472,-0.021503623568631884,-0.020803557805473348,-0.02389615729516286,-0.022742582929552675,-0.023559439542645555,-0.02285786142422865,-0.020438645374773863,-0.021491620109289067,-0.023372113414329647,-0.023662677914573427,-0.023101777465523797,-0.022215170050521406,-0.024477254324409475,-0.0215159045115272,-0.022969520227825693,-0.022749392080342226,-0.02271872676128166,-0.0224455753169413,-0.027725865364612443,-0.015359990358502775,-0.021434028081230277,-0.023526408950627728,-0.020232537849948357,-0.022071657791171994,-0.02306781444201783,-0.02300667420492635,-0.02298795636900597,-0.02167353309401239,-0.02286934054076699,-0.02173392361010505,-0.022418292356672382,-0.019353273437652134,-0.022422109580115375,-0.02409947494432116,-0.02303836626013632,-0.024762383774010296,-0.02606780541600212,-0.022797884803360046,-0.021624919902928457,-0.013121772740206527,-0.02131729020536995,-0.024221348275245087,-0.02676584870090055,-0.01775092788066019,-0.023206605416740394,-0.02063401408859932,-0.02243500911331355,-0.024151259541525937,-0.025136185357712622,-0.022559470701604568,-0.01439615215063774,-0.021496555296925995,-0.023809639320885336,-0.0221502474853525,-0.02861890930087374,-0.016329934492772376,-0.024055915920462235,-0.025075423639671277,-0.02300019819936987,-0.0219747953856431,-0.02302915105524596,-0.02256074593623657,-0.020358644621771955,-0.02210394103311445,-0.022946178533036602,-0.020381592089908945,-0.02270672534548352,-0.02329588488817736,-0.01986506196193188,-0.022811526766953277,-0.023619063669490303,-0.02485733398323208,-0.024456301852963748,-0.023973134999240895,-0.025990466068226435,-0.022780844576808894,-0.022312031750416822,-0.026227621679954426,-0.024707360548328713,-0.021654998794921703,-0.02313417153251623,-0.023374786979803205,-0.024181382864384086,-0.02282609832959435,-0.02276987047536022,-0.02374487699831461,-0.022244520007100636,-0.023670768050967746,-0.022478115045282982,-0.022687118727216214,-0.022766267389022772,-0.02562794731777117,-0.022852069415942478,-0.022546596668113254,-0.021891826199882836,-0.02209331777780811,-0.027600504052401813,-0.024721799896985072,-0.0236188664231533,-0.022923977433734123,-0.022142845834155815,-0.021630217662287086,-0.02297710585292738,-0.022360316445929673,-0.020444889217656293,-0.022157999930196254,-0.02402984229924817,-0.023737625090232122,-0.019393563166738716,-0.019448535806636576,-0.023900660368655003,-0.02646726092153233,-0.023336807235178333,-0.023952645373792318,-0.017645112775863885
stdev_user_sum_causation,0.006963755513737478,0.0065730837352309425,0.007679344150202737,0.006933387117504925,0.010128885919391015,0.013164147100193258,0.007995844091420855,0.006700611601863415,0.0068176678446794405,0.006013172368971718,0.007001673797563463,0.008377822993745416,0.007028492305007784,0.0018815527295578775,0.006765182859934618,0.007630100070791197,0.006730470701983838,-0.0014623123610048756,0.008765321955269616,0.008775946258441681,0.007219466006778821,0.0074333847485646,0.006369594896068805,0.005549457993769592,0.00730526517609649,0.007300874529242281,0.0072686415499624915,0.007104418178247602,0.009612267875758793,0.006486816761355069,0.01113093716148724,0.0076748990404511205,0.006163089453756078,0.009506003023988317,0.0076444773437492515,0.008106057951669847,0.005000094780620697,0.007967514367799043,-0.006478883393733443,0.007956503075894687,0.0038558304421244353,0.00518841763449681,0.007150187000174654,0.003934416753212103,0.0077045556509956585,0.005449000202186499,0.007923008044489213,0.007261537878940145,0.005828405641546394,-0.0026140330841558992,0.005746375210499231,0.00699238018745536,0.007294573723472149,0.00932701020099749,0.008031953204624728,0.005645892642960844,0.006105753742208529,0.006391346572138586,0.007051309268173853,0.00992787080755515,0.007929906522398545,0.006980968578630044,0.007173996941007867,0.007043741180593855,0.007326410690113853,0.006542475079265735,0.006833830881453371,0.009008840410043514,0.008993161802767241,0.007487397433822488,0.0063867341333004694,0.007413143118092477,0.005742652447277497,0.011006858112958002,0.00849166240551389,0.006959489227727093,0.004056893127999728,0.006329482690207187,0.007188978484094843,0.001094472493122188,0.011873695157986485,0.0068264595266734895,0.01170253103755926,0.0073658969026884555,0.008509108852296665,0.011346611311247881,0.007147170283273253,0.003597045435527465,0.007690629562095538,0.00450657892774349,0.006932086460853096,0.004054145226178137,0.0028727564426215234,0.006721673688339674,0.0050823199086748976,0.006880371227303977,0.003481066554113621,0.006968717731178162,0.0064585771564299455,0.006940133671392401,0.005865197537898562,0.007385369990761326,0.005700016870581904,0.006814390736026077,0.007105153765386053,0.007547523559043975,0.007843906436001209,0.006602557819175341,0.013529055843229328,0.010072580827490352,0.002424165440886982,0.008195091349834763,0.006687924295493988,0.008536088631878873,0.003866079725483723,0.011554880190805548,0.007245428824297129,0.007358420264792755,0.004514275557463747,0.006338642048983635,0.006471335709003375,0.006705005002509583,0.012136436529331409,0.008060159763140819,0.004792328599985234,0.006571510517761645,0.0074980362134301655,0.006749991488713029,0.007076377674079835,0.008323893679649787,0.007201302232451141,0.007565801901584904,0.007185730978860657,-0.00022082772433463724,0.007885147109052755,0.005285678465297296,0.007063606808695888,0.007393217493989072,0.005751193263283216,0.007527603677933134,0.006586447626755008,0.008115616408558412,0.007862244112696,0.015360108040097253,0.007172746320462369,0.006359871861186611,0.0034050651869094346,-6.83155266253746e-05,0.00313081072148199,0.007253773355927289,0.00893233941171468,0.008692530587477952
min_user_sum_causation,0.042843006659306404,0.042803526751384394,0.04258703354711222,0.042354563927078315,0.04859430090120774,0.043798583551211495,0.040119941382398605,0.043892553860846104,0.04361662630603863,0.04696567528462672,0.0429460630337826,0.043628806439198614,0.04387902864236701,0.04504642710453293,0.04429901225732725,0.04239003886641557,0.04654681132136227,0.04498301743877887,0.047299485906545,0.03968419512075409,0.04234605311076003,0.04114834260034138,0.04240597716227974,0.044499129084025306,0.0428165277487957,0.042977123489233014,0.046046738470184305,0.04258536390337506,0.04315789775766774,0.041061287116794604,0.03638140938745282,0.043275634755067585,0.039812914977159206,0.03852061570235653,0.04286513156157849,0.042301024062026314,0.03604777262284479,0.04384796133578048,0.039430496531670425,0.04138092448771943,0.042483999544147125,0.0399871781532298,0.042753016580458374,0.043112095432514985,0.04580837636580536,0.03812899474645011,0.04375189352222203,0.04347876370045961,0.03900071291628619,0.04582684285044959,0.04141888066305931,0.04278203753284857,0.04247779956274529,0.04067949805615606,0.04196749014299825,0.04308242459912904,0.044639136789330125,0.04364392391194339,0.04336304921702401,0.04236694058656791,0.04311618689113287,0.040939881318588264,0.04258290105733638,0.04270082648852842,0.045656089293987644,0.04289736441990921,0.043437276881401324,0.04368699410728178,0.04000792990949824,0.04256881962034819,0.042685220103154134,0.042666974472136965,0.04038603012280251,-1.4084036793812198e-29,0.04222098580696677,0.0427026227475747,0.040344640217386186,0.04136492330010046,0.04244644418211932,0.05307896241804736,0.04126265540156698,0.0426003813428727,0.038957169880383655,0.04319210199701192,0.0440340603962284,0.04135791752690425,0.04237022145389871,0.03507031475600155,0.04324002595664475,0.0435339798620936,0.04413407564318518,0.025412206732968526,0.04058366597021888,0.04272964864503993,0.040890805430708076,0.042748806769963156,0.043271183504570356,0.04280177441717313,0.04275592485455445,0.04238744200326062,0.04224712492094948,0.04265804733003256,0.040341715234434125,0.04315224822448222,0.04227200929017046,0.04497488204760916,0.04313348257815528,0.04444012209207717,0.039351993722746906,0.03943550976613956,0.04674967557448997,0.038654666071902766,0.04345714686524426,0.041341430159753556,0.04351302274253991,0.040089894839666455,0.043106860837158534,0.042219188647460715,0.04269567002125764,0.04366472115369439,0.04277415331885457,0.04269877628279229,0.04500471507039429,0.04410981258042776,0.04234465382184423,0.04175345726565751,0.04255000013192621,0.042574280878680044,0.04799432132928895,0.04212996866303727,0.04188296904988092,0.04155467411462274,0.0425930779046655,0.04507491046840245,0.04470843746554731,0.042236470353646846,0.04272530357724132,0.04278308554260484,0.0412751195789666,0.043153508233055284,0.04310825341968609,0.04452057605472745,0.04197590255150953,0.03685111340378281,0.042709258293997965,0.047135527312350003,0.044380284155509736,0.04556985724317409,0.04738361114013396,0.04237637298850895,0.044088852774026445,0.05135353829689377
max_user_sum_causation,0.005542169528647778,0.004863190837899014,0.006020701949535839,0.005384368764014335,0.009143014321821352,0.010376266989483624,0.006019051439109722,0.005309489344221662,0.005311532807369301,0.005861841731533569,0.005411765526854257,0.006691499191137897,0.005637311908012015,0.003314353498559252,0.005235937651867015,0.006387832632347313,0.006117496790293619,-0.0014903797763658466,0.006894481154801582,0.006910217082188894,0.005662529300020879,0.0059054886454135425,0.0049569012140638115,0.004182741534239094,0.005842942836874986,0.006145791187420962,0.006852407515904421,0.005477037592588375,0.0077852508432893625,0.005171217717305419,0.0084311132051537,0.006041001478430459,0.004364135722253748,0.007620095681385993,0.006248003108285698,0.006394418301022338,0.003955395163312451,0.007094822666525322,-0.006862257871349659,0.006145800645472349,0.002453952137036846,0.002949328376389726,0.005624872841893138,0.002134445387523394,0.0060398188265708,0.0029749274305108236,0.0063523862225702,0.005721169424926547,0.004324481845861011,-0.0019179546362731448,0.004457649293060147,0.00546525100186197,0.005728089646993926,0.007803839255317999,0.006429964239010235,0.00376941966239688,0.00603254624567089,0.005154023704380069,0.005479816898459389,0.008343356281689803,0.006458669562324191,0.005495263225389093,0.005675218265377556,0.005522662379842315,0.0085028235961357,0.005197009349587597,0.005481201330311807,0.0076493071543733,0.007716581062223504,0.005738214496369003,0.005137683728878465,0.0056902038012018735,0.0037600702927363602,0.005823101274834236,0.006722457961145505,0.0054859092108142105,0.004960941437175806,0.0051879491210864645,0.005377895537007772,0.00012825204050753714,0.01120111412217627,0.005154047865963313,0.010431210176414355,0.006032677715864649,0.0071614832743438495,0.009284339540774195,0.0055907257913148795,0.0008658689644139225,0.006402670940686708,0.002781238409706059,0.006060192404541288,0.0005174766810732909,0.001505624613349403,0.005216221741011592,0.0034213086661680388,0.005358653774526503,0.0018004218365633394,0.005445571516119723,0.005058513492217177,0.005646654924765494,0.004442760915664017,0.0057991427291293335,0.004195673759934709,0.005036717323602925,0.005427382457774278,0.006660699703695212,0.0062732632295537626,0.004816295763525352,0.011578554087514702,0.008068067323529965,0.0010534463223668203,0.006509645186847209,0.0052824920677545205,0.006739160712694717,0.0002845880022275954,0.009495393065512298,0.0059044104527100245,0.005589590125219469,0.002924793999557567,0.005557489918727638,0.005063561450745203,0.005313788245005582,0.010780337239854231,0.006775559973862168,0.003476170971289789,0.004975294284881034,0.006027291361266271,0.005263802881564042,0.0057935600441780255,0.006642500290697139,0.005653006444635612,0.00639233821896849,0.00587182751503168,-0.0023905652522169182,0.00708376427083118,0.0036713153325063363,0.005526228569387011,0.006794543938850348,0.0044461627777043,0.006024481671513395,0.0048379999339941415,0.00662960957685952,0.006296759044851264,0.01135267984280899,0.005616357923574941,0.005286076121151305,0.0029729921346853504,-0.0011352323073889718,0.0016889470050625577,0.005716470844868843,0.00769714033108701,0.007152041471603089
average_user_sum_anger,-0.018233020678092904,-0.017980504786783546,-0.017947125474021837,-0.01786449479320351,-0.019306138811069136,-0.012689826801158566,-0.01847440595306643,-0.019236411831074593,-0.01618466415714686,-0.021160170555140658,-0.016730283604937696,-0.017354501798575887,-0.018082788710405157,-0.01787953639635917,-0.017294812156761805,-0.018180037551254725,-0.016482001044993214,-0.01775107690729674,-0.020068138936052943,-0.01953310733281193,-0.017061604347227453,-0.018074494161391286,-0.019396354602049384,-0.01528632641128147,-0.017993297662092594,-0.015575701855599573,-0.017023393100559555,-0.018445446933412612,-0.017017048180599594,-0.018559543347637163,-0.01599882111046108,-0.01891485714354659,-0.012262342524505317,-0.01848788300486418,-0.01814423690256935,-0.018047050919622807,-0.015104258598495469,-0.018555322010285938,-0.016387995912052915,-0.01704966578441399,-0.01864795727140723,-0.018145932085161125,-0.017837457753465555,-0.01792645168442171,-0.018743272592387138,-0.0135466361453659,-0.018316344333295664,-0.018150180839624094,-0.017391494947338583,-0.021659712928641633,-0.020214693799613014,-0.018002975785047722,-0.017945547645200923,-0.016831322878894987,-0.01862581195203339,-0.017167482079934664,-0.019360599338724152,-0.016944135323304375,-0.01934929500567555,-0.017956590564422482,-0.012497275480054741,-0.0178441353269368,-0.01785021836895153,-0.01802363029187433,-0.01134265084515165,-0.0186704390727669,-0.019471715057578377,-0.015733873554962308,-0.01728269750324453,-0.01794209155833513,-0.017443471378281887,-0.01769283853654094,-0.01787039123806787,-0.016390793361348355,-0.018170021978354656,-0.018343028299346448,-0.01999637521633907,-0.01891166631431279,-0.01773413585420354,-0.010424670129577627,-0.024486410162990205,-0.017140135910013933,-0.017716157664674204,-0.017954162719675367,-0.019179022015777713,-0.014793665253445238,-0.017770551041724824,-0.018000685081961672,-0.016038674995827604,-0.017300781339683352,-0.01820676423340826,-0.011133372583061548,-0.017689122538562092,-0.016114944745058278,-0.018282498251054637,-0.017983411593066576,-0.01704539621948628,-0.018057598407063127,-0.01719036709490868,-0.01687256861914052,-0.018490788478625633,-0.018052977927431713,-0.016683703067759084,-0.018302596512740327,-0.018015735730472965,-0.019232890056487782,-0.017898900243415762,-0.017113055988742035,-0.01397171889732669,-0.017858116146690427,-0.01849114078524263,-0.018572237579559316,-0.01792645729568118,-0.018068342449375958,-0.015337993759015615,-0.015148792267297024,-0.01770671497606976,-0.018129548228568135,-0.01816114755246752,-0.017618573798287157,-0.017874390046885923,-0.018022701675072653,-0.018357462880055173,-0.012009705775156775,-0.017968210054175378,-0.014995630737928839,-0.017883424084880306,-0.018423595374195773,-0.01921665965649809,-0.017785099006719998,-0.01794293463060451,-0.01596641970925183,-0.017763349563415073,-0.01809699226764613,-0.013596961252554947,-0.01947445410235962,-0.01801606952031022,-0.017936464130515584,-0.017967850634131824,-0.018031005614251493,-0.01855587750224883,-0.017383213583986853,-0.017772051858796933,-0.014161279668737542,-0.01831070060223281,-0.025804536863718464,-0.020535457394546302,-0.021317668116617196,-0.024332537004456225,-0.01749099755034981,-0.018572863992756802,-0.0233382597657052
stdev_user_sum_anger,0.003072272932218685,0.0031694532423165635,0.0033112371936913805,0.0030949372426811693,0.0031737453934801464,0.0005203389258726203,0.005180974684732456,0.003001920517438644,0.005368445253622711,-0.00013371452724247196,0.0016286334169030477,0.0031247831114331864,0.0034842419677140243,0.0016589732471773543,0.0046781782379805535,0.0030651205772853785,0.0031586187181065917,0.0018792647560707653,0.0018611623345116263,0.002094618664479622,0.0026611790633689954,0.002118130570006496,0.0023230526884494476,0.0061343701716065225,0.0033958660018417464,0.00461220064247886,0.0026517835027218706,0.0017941296504313774,0.004005100978582799,0.003719875186909591,0.002891583602729189,0.0028222139717194016,-0.00290414074285513,0.0035706091736456835,0.004003589992798427,0.0035220139736149188,0.00416022675283804,0.005129407101596428,0.010259116131661071,0.0008233974592310751,0.0041530274752538295,-0.000164249308872641,0.003683943222404562,-0.0024176587373913906,0.003164385196245673,0.008653038783942135,0.00347969991996952,0.003279634505796644,0.002258655453435704,-0.00013073029028677456,-0.00034721189563420747,0.0033007704774506135,0.0034204321403930576,0.0059755601630551766,0.0024936344678170904,0.004381744892473,0.003142117962488025,0.0047794662152263676,0.0029156010436732563,0.0016872987852258135,0.002856553273613569,0.004253228525693662,0.0035026759973630743,0.0032786907218712285,0.006816023934401604,0.002812874767691929,0.002325813058003511,0.003050873696124527,0.001487951052650845,0.0033518783391380137,0.003224782755778137,0.0028471957918252237,0.0028403791500671138,0.004039371009540689,0.0038384505369634964,0.003065632217913304,-0.0024412251745730314,0.0016559630702182582,0.0037933819567453272,0.007826810296574659,-0.003721642511658945,0.0037689163736836905,0.002042029182212461,0.0032550325882605546,0.002306696995244037,0.00337009971649105,0.003274891418252981,0.0022087309339539497,0.005141803832366891,0.005580507088455753,0.0021163103603566037,0.004938389649147806,0.004538371826087316,0.00557959400755857,0.0028698840130746608,0.0032291653856388464,0.004805535326230367,0.0032921934225659984,0.003613498993164774,0.008054528778968622,0.004438256993792111,0.0031212953638571957,0.00015047288464643642,0.003411732162287337,0.0022930840384147028,-0.00036687488570953837,0.003286134338184978,0.0027657110399707825,0.007722235925542095,0.0017355571880704485,0.0017217657672457193,-0.001978639313379684,0.003303877771856296,0.00375848850669153,0.004480305838870033,0.007714984605168493,0.0032917574586041488,0.002880603823701814,0.003787076101970179,0.004784779007968828,0.0035008537743966527,0.003276549314833458,0.0019068516640760817,0.009416939243865854,0.0029966930770758977,0.0034629785675885216,0.0033192442855794306,0.0027129689213369543,0.007060117380511488,0.0030853770180162866,0.0031316475413187776,0.004841072031760457,0.002258417654892604,0.0025019369807458627,0.009684989378546713,0.0005737931220363163,0.0033244818543498346,0.0026042825589387315,0.003666526492263811,0.0036107517525632085,0.0029789742105803575,0.004616926039795081,0.0036425026953333176,0.006078698762773085,0.0026487276814780077,-0.014263890235199464,0.0018567564530466707,0.0023639992455025526,-0.003279411869686279,0.0035686214193374685,0.002268112012261775,-0.003566702295106962
min_user_sum_anger,0.0,0.0,0.0,0.0,0.0,0.0,0.0,0.0,0.0,0.0,0.0,0.0,0.0,0.0,0.0,0.0,0.0,0.0,0.0,0.0,0.0,0.0,0.0,0.0,0.0,0.0,0.0,0.0,0.0,0.0,0.0,0.0,0.0,0.0,0.0,0.0,0.0,0.0,0.0,0.0,0.0,0.0,0.0,0.0,0.0,0.0,0.0,0.0,0.0,0.0,0.0,0.0,0.0,0.0,0.0,0.0,0.0,0.0,0.0,0.0,0.0,0.0,0.0,0.0,0.0,0.0,0.0,0.0,0.0,0.0,0.0,0.0,0.0,0.0,0.0,0.0,0.0,0.0,0.0,0.0,0.0,0.0,0.0,0.0,0.0,0.0,0.0,0.0,0.0,0.0,0.0,0.0,0.0,0.0,0.0,0.0,0.0,0.0,0.0,0.0,0.0,0.0,0.0,0.0,0.0,0.0,0.0,0.0,0.0,0.0,0.0,0.0,0.0,0.0,0.0,0.0,0.0,0.0,0.0,0.0,0.0,0.0,0.0,0.0,0.0,0.0,0.0,0.0,0.0,0.0,0.0,0.0,0.0,0.0,0.0,0.0,0.0,0.0,0.0,0.0,0.0,0.0,0.0,0.0,0.0,0.0,0.0,0.0,0.0,0.0,0.0,0.0
max_user_sum_anger,0.00042091279430434003,0.000548431227752921,0.0006704289999992334,0.000501154371030264,0.0006861850769368325,-0.0019155966669628256,0.002376835725624955,0.0003220258510102346,0.002583029225347101,-0.0024596895343732897,-0.000899275327632976,0.0005625015399460549,0.0007566421443887649,-0.0011966373673250007,0.001756627776993933,0.00043507081247822973,0.0005519204627235305,0.0002020134715567789,-0.001053266779649658,-0.0002476705164541071,3.6572701188408024e-05,-0.00033063175267389333,-0.000392180482376131,0.0034657847017328988,0.0007487388465428398,0.002206867104421587,-5.914180071990745e-05,-0.0007679883562132766,0.0012371760569874074,0.0010703594302092102,0.0008314348767228374,0.0002400488823410471,-0.005523117555376816,0.0007667947313621682,0.001321048527989593,0.0008020295291007833,0.0014336549606116973,0.0021812469010122418,0.007501018414572359,-0.0016003880246179651,0.001406734580231472,-0.0024636481636828977,0.0010009116112224235,-0.004438674626983708,0.0007232389576558723,0.006358781668256153,0.0008360183790438458,0.0006575480766016512,-6.674995096802964e-05,-0.002674516455584735,-0.0027837246153623093,0.0006558441718129554,0.0007770632213948865,0.0028689443830140493,3.484618704915378e-05,0.0015415076434613408,0.0008293380122640047,0.002119830487590591,0.000363878246835812,-0.0008722808093456769,0.0016211350470173875,0.0015953729943016456,0.000844249732523724,0.0006255535727998553,0.004568085478438734,0.0001406726825753015,-0.00029648294282431757,0.0007668270067464553,-0.001205283991472371,0.0007196974784939771,0.0006196184125676751,0.0002559631863617712,0.00027125710205533685,0.001411867680607767,0.001156447494511383,0.00041104926059746735,-0.004836691228315263,-0.0007967202173983709,0.0012110043378192048,0.005279567532392056,-0.006056258130237614,0.0011330088136860365,-0.00047333315912154866,0.0006369878051378682,-0.00037937481635690745,0.0005629881896737597,0.0006190654151086075,-0.00041166275593670053,0.0025310412813756115,0.0028592158901779765,-0.0004998181006330999,0.002765456423004218,0.002118530685706988,0.0030123181572207433,0.0003052809821406984,0.0005799704758900417,0.001899763907551203,0.0006503688378455795,0.00096164581769205,0.0053511739981065825,0.0016697795528423619,0.0005137422729066775,-0.0020900565519798176,0.0006978103354430103,-0.0002798265598342904,-0.0023837955021167694,0.000688841866277809,6.659436098276766e-05,0.00518950274999648,-0.0007280338105855669,-0.0007684360094100499,-0.004370981623648941,0.000675770916225206,0.001149874182614096,0.0016762007623817889,0.004958211497829287,0.000716795873187067,0.0002318593429037532,0.0011299418063025566,0.002134296070986131,0.0008466328377882432,0.0006389625594903203,-0.0005102959646464469,0.006450794129998223,0.00047634207175721414,0.0016828578529479582,0.0006558204075703747,0.00012772818932097092,0.004208118726408458,0.0005669781709517433,0.0004886384356213806,0.0021988277686594716,-4.1666485269290995e-05,-1.4471563972752455e-05,0.006371861755952189,-0.0018466360707668234,0.0006762126382723697,-4.45946306448404e-05,0.001083017115387037,0.0009260797103514233,0.0002510436535169986,0.0021486264713926617,0.001008935517496862,0.0031217918606484957,0.00012081202325462705,-0.016019513128290766,-0.0003710280514393812,-9.655933285874531e-05,-0.005819672261246628,0.0009410395733355191,-0.0003076783286445877,-0.006041965638164907
average_user_sum_first_person_singular,-0.0027738721500894527,-0.0023836239985366363,-0.002968941583530123,-0.0033615101668363905,-0.0037855419599541014,-0.011799667927611444,-0.002009749951978277,-0.004533912883990467,-0.004737110423989218,0.0033341577296878496,-0.002188473482808195,-0.002210857590119584,-0.0021527125945067136,-0.004326994637377161,-0.0029475518920359504,-0.0021438309444178887,-0.0025196227714664177,-0.006782986735375346,-0.007165123180523864,-0.0035715297266925685,-0.003013751956192587,-0.003966894708348228,-0.0010928489850069098,-0.00348556610678179,-0.0021439381569887876,-0.009505842176990655,-0.0017445637013682718,-0.003060348350654499,-0.0019071681384566523,-0.00012965027672741337,0.0002850822820586476,-0.003503511287469341,-0.005507394951199068,-0.001071618490324938,-0.0023478743564034725,-0.004204949116500178,-0.008618705831135337,0.003568005500123962,-0.007790027131667283,-0.0033576847359292478,-0.0033862444538384157,-0.0051575862124220995,-0.0028735981947214796,0.0015540610353234042,-0.001496043279695393,-0.002023156085812449,-0.0033554084321483738,-0.003342955363323951,-0.005828414911151996,-0.0012890803065271532,-0.0052461520148590355,-0.0026933538968233854,-0.003368299392218763,-0.0010235298697064714,-0.0023433696470040637,-0.0027277363473580444,-0.0022471696030899315,-0.004170574021347278,-0.002842569462106475,-0.004108385735176613,-0.0005103876476512275,0.00023913644246927783,-0.002771823884332598,-0.0026076911877781035,-0.01453966637569232,-0.002842016290917483,-0.0009563601799472453,-0.0013437576267386663,-0.0003381864797796612,-0.0022713281086826098,-0.002332359573139108,-0.003738834592222596,-0.003687201244069889,-0.003550706633025465,-0.0029075329186699357,-0.003059685924163452,0.004888564884973142,-0.0025681410656046965,-0.0023282677573643017,-0.004390401824381762,-0.003112429099638324,-0.002533399581436918,-0.002701298894223011,-0.0026995278579461913,-0.0013158904340186456,-0.008875833683924614,-0.0028459620812437063,-0.005010844103328068,-0.0023079791640211278,-0.003018136099566374,-0.002952860558426435,-0.0005586022067513986,-0.006839429961093094,-0.0028048564944163083,-0.0036170210624252787,-0.002571885660032749,-0.006662032238675369,-0.002626223963357039,-0.002117749399571683,-0.004530347253814971,-0.003102635688898706,-0.00295500994851795,-0.0005896020687444553,-0.00255478017159666,-0.003068554146158805,-0.002350668624578135,-0.002200970706991122,-0.004353263921160755,0.0011739910661190765,-0.0007450057492178479,-0.000663114537203505,-0.0026037130659875116,-0.002718089783954402,-0.00249728686727555,-0.00471095500185169,0.00045364302257413884,-0.0023771129747431155,-0.0016562687282581407,0.00022499030942352153,-0.0018149902475196578,-0.0025932873591887453,-0.0029376353103962244,0.0023469120271980997,-0.005860102024597591,-0.0016991498632104446,-0.0048732857602642714,-0.002507243763241929,-0.002420819256339847,-0.00411647453956587,0.0008507676501643591,-0.0032540181914773787,-0.0007747570784698904,-0.0025590526986149316,-0.002406346978457346,0.003978160784991044,-0.0034710524395001273,-0.0026552996697520653,-0.0033822895695791097,-0.0033452725335191918,-0.002253837534267433,-0.0027567260948060954,-0.0033820345445902396,-0.00266879813593898,0.00023750711484171608,-0.0025980362995580352,-0.0044077655670932085,-0.0016623851535781005,-0.0016948110777314034,-0.0032480164698371083,-0.0023202040471079263,-0.0018153040520686183,-0.005458082621313514
stdev_user_sum_first_person_singular,-0.024003585481822708,-0.023760832809871478,-0.023657099896140534,-0.023873316876505565,-0.02365059088012452,-0.029257212535332058,-0.026091475609295565,-0.02695493467873336,-0.024178847590772955,-0.025109808443363482,-0.021453920283921152,-0.025885568957085228,-0.02370840569054502,-0.02959655134968663,-0.023864008256979593,-0.026256800237234527,-0.020414531846773075,-0.02633680977376255,-0.02999290136512711,-0.028153124777888117,-0.02404538192744991,-0.02463747604073511,-0.02290205619861919,-0.02880218788086686,-0.02414738643142368,-0.02658802294096877,-0.0261437847545687,-0.0248612050940825,-0.026921322667055794,-0.02105003842672556,-0.022816223284184034,-0.024577559683791342,-0.025770539661895346,-0.022933348106505925,-0.023934291607343706,-0.021718357169661986,-0.01772500901744374,-0.022578542168013502,-0.018451713694959987,-0.0230065888056339,-0.025097390189478146,-0.017219297508454256,-0.023705332712614498,-0.017217006476630922,-0.023764242782713274,-0.020661804060101627,-0.02532427698118349,-0.024122341540282827,-0.023000913926489355,-0.022037245422990515,-0.01982799782780229,-0.024088264665745984,-0.024048727743637966,-0.02215436298618988,-0.025958969166796436,-0.020592496039281434,-0.02544374133974924,-0.021552292391872667,-0.0247718866314372,-0.02380145058233526,-0.024957522322522525,-0.0255033195777719,-0.02427289518458058,-0.024189180129530564,-0.02365171698326378,-0.023740424539549436,-0.02286210025814735,-0.023296254330960692,-0.023397277326722653,-0.023798170687871135,-0.024527591544592248,-0.025841426367070323,-0.023671478986066107,-0.02270439063254172,-0.025582576921371343,-0.0245322558987263,-0.02106582699744623,-0.02317932325813311,-0.024075718996862727,-0.02242673506962476,-0.022503358734303196,-0.023249277154323816,-0.024585553614306567,-0.025261492290277694,-0.021582966947420575,-0.029262126023936526,-0.024498267019869648,-0.008056851075477609,-0.02159903947568852,-0.02017022670857923,-0.02130097130714416,-0.021550945806454756,-0.02309556829235213,-0.025965390694987274,-0.024456509593108022,-0.024241058615687233,-0.018696398412738797,-0.024052902491101813,-0.023636602021202137,-0.02464626483344307,-0.024864328799921794,-0.023688034032510234,-0.019223040888422544,-0.021477692835534787,-0.02540542265816996,-0.024388468264060884,-0.023369043312493606,-0.02572813397245191,-0.026528081424810595,-0.026873062269374623,-0.014216322209906387,-0.02137727504144279,-0.02359236932358913,-0.024479257130060994,-0.030300432627317804,-0.026119928354779547,-0.021123660161230413,-0.022590360162810186,-0.0268259901754081,-0.025101830988910057,-0.02363495413099056,-0.023993395180836305,-0.02625477864761946,-0.018439839030463867,-0.02273927687773971,-0.026369745497163824,-0.024034351797490583,-0.023458961539171402,-0.0244316486710602,-0.03001389717647897,-0.02490680219371746,-0.024643500191488314,-0.024038691595645895,-0.023930290725490577,-0.0172920531297574,-0.023863101302558542,-0.024148509343590287,-0.028191681524648415,-0.02721827470713034,-0.024383597402238992,-0.021156983357572556,-0.027034261409891003,-0.023461932207167472,-0.025949292316129725,-0.023451863225982694,-0.02565820275946542,-0.021898206685791483,-0.025289892412290408,-0.0270305705100802,-0.023954553382539736,-0.020160194567397392,-0.025409664082465932
min_user_sum_first_person_singular,0.004726001778489463,0.004453602710514787,0.005424807644118561,0.004490989817186562,0.0072323844758454825,0.002970135352295896,0.009481188433207475,0.006962254320390531,0.005546661057815105,0.010522743795891607,0.0059768699476221,0.005388172437105928,0.004885834084408966,0.013900138105618411,0.002660485109825663,0.006220280010183396,0.0078519525607337,0.0032578648896610177,0.00535382106585614,0.007512274953536504,0.004791706411556417,0.003685784594404634,0.003498672718228627,0.00838501528203009,0.005495672915332379,0.005400277965106741,0.008760849428829695,0.004373580224236728,0.0073771286185097245,0.005061172881583,0.007237960253484039,0.005320529952822617,0.002823712074908745,0.005969435970935202,0.005435396163306547,0.0005274183836682742,-0.00546717850187594,0.008570841018836234,0.00019936399681908488,0.004757238870153951,0.004887698405274263,0.0032970936960224177,0.004887810379488683,-0.0035438089415472775,0.006186689218604572,0.005373044137067073,0.006442595233532234,0.00537023449006053,0.008735636777250201,0.005651626349698145,-0.002876172302089121,0.004978236293361792,0.00524049311349542,0.0035706890721041024,0.00581465088103284,0.00256783474252586,0.00973426958465777,0.0059203442373178105,0.00346573571555768,0.006698673099187839,0.010251084402376811,0.009748624585887988,0.004925637749263415,0.005172019670442771,0.00516607581135059,0.005195832576847555,0.004402908547497544,0.007381060856136636,0.006816792490556507,0.0048875384226834215,0.006018096653299025,0.0055651337507616975,0.004457617499856377,0.004265239304097732,0.0055180127050397775,0.004508055877043008,0.010608898088556008,0.005840701253083565,0.004240292408872326,0.008889846507815534,0.0060222842068386895,0.0061402134234332835,0.005916913669936994,0.006430308986962988,0.0020002182436360885,0.006825010959258455,0.00561165020990069,-0.00125627119979152,0.003954639008617547,0.003927929191374177,0.0036350880692075475,0.00774320585030968,0.001163786971621509,0.005968438834984461,0.0036382610374014034,0.005147298228691472,-0.00010654134902619329,0.004864401650712301,0.004258695404358153,0.0037224403318425036,0.0070856099385846315,0.004551695944548581,0.001261330784975076,0.002961038719911043,0.006560110031811102,-0.0024752513763190587,0.005742004971206634,0.0027890891445810397,0.0033918765347905125,0.01001552593770215,0.004363867397610712,0.004842567486973813,0.00458076881665462,0.005548734780755404,0.0031364151185739562,0.004405421091411749,0.0057375013711716775,0.004884184875946598,0.008531775333914386,0.006803219697501547,0.004899974645491561,0.00478447400832265,0.01284889627441859,0.004334038439758426,0.006021059425429562,0.004919008172098695,0.004611177326637073,0.005895095834094224,0.0074356058771742825,0.013849538238647915,0.004908373986464079,0.00555340166590855,0.004799573233791338,0.0033187205350614785,0.0034989368760908,-0.0019415569109129758,0.004920273957550923,0.008390223577212192,0.0054902167138967395,0.005095386165219824,0.0024235750789055495,0.006095173227671653,0.003950115022471706,0.0052502205466427275,0.005325669863317806,-0.004700331481857415,-0.0025487761010507346,0.009684955092795603,-0.006261342197068408,0.005964610617537426,0.0027526378342129978,0.002418876798386772
max_user_sum_first_person_singular,-0.011115380592916377,-0.011019621717878052,-0.01056925443679099,-0.01117226494702228,-0.009856872301932811,-0.017631372370772388,-0.011484723468135782,-0.013112701895907877,-0.010967365573010951,-0.009145297833564015,-0.007924815624183902,-0.012505547507240712,-0.010786982088276342,-0.013745129036229091,-0.01196114910466185,-0.012241882280866666,-0.007663821126568591,-0.01661385399121063,-0.01612873649914255,-0.013083039578722396,-0.011201812767618488,-0.012328450633573467,-0.010190741081031985,-0.014018353257080297,-0.010862803501958153,-0.01426334264741502,-0.011434000112100697,-0.01186161465438436,-0.012141017618521039,-0.007968418775115105,-0.00867127390848435,-0.011611549913084409,-0.01326810545570571,-0.008710910314752658,-0.010211558711400844,-0.011693268163447314,-0.011298129593800985,-0.008934310893991942,-0.012202547939483941,-0.009713431927720468,-0.012602313153839834,-0.0064585793639424455,-0.01083558954624201,-0.008195467558623735,-0.010813109105950368,-0.009996630791729398,-0.011619306654490218,-0.011076983797837545,-0.009961097773306827,-0.010292403199027847,-0.011210618711839255,-0.011137257023099555,-0.011210362300392207,-0.01008802167927804,-0.012613727123190005,-0.008163604115693897,-0.011554624107327419,-0.009141911415308408,-0.012296959674353625,-0.009840229530928741,-0.009645218216428064,-0.009640134652380792,-0.011390864115326332,-0.01109682891492818,-0.013754750358524064,-0.010714285643871831,-0.010427089696635666,-0.009276158820448752,-0.008247709398998508,-0.010758203613226106,-0.011012935638741967,-0.012446928476114822,-0.011186799752594463,-0.011058406698646075,-0.012202090874832873,-0.011838397459827297,-0.005186496574514968,-0.010026227488646126,-0.011531463280655923,-0.012344696053813756,-0.00987030670848122,-0.010185958892736009,-0.011920706024849058,-0.011508050382626367,-0.009636506601240293,-0.014696959911255808,-0.011358581844256884,-0.0019763997745184934,-0.009462317944840957,-0.0092903561218014,-0.00980299152288634,-0.009910367546082703,-0.014011099190257528,-0.012251890440703725,-0.012586923954531835,-0.01114994996300025,-0.01079026603165124,-0.011118087201297484,-0.01097269765683324,-0.012442220870746083,-0.010276187660853585,-0.011088827134947042,-0.008444627961225595,-0.009233242901783817,-0.012251539171657947,-0.0145959730715178,-0.009970026135005763,-0.014229170015243665,-0.013809820714635502,-0.010475122622312483,-0.0033691940342643377,-0.008507855465180608,-0.010944638234145338,-0.010770861996175904,-0.016449353072888986,-0.013545839449092505,-0.008788016997564584,-0.009592729664092022,-0.011533783821836613,-0.011349351091558603,-0.010792376598091348,-0.011218633741290136,-0.009760183290901062,-0.008083137981251246,-0.00904415211981529,-0.013423784550717669,-0.011127523697525983,-0.0101714522758777,-0.010639011164278393,-0.012768765796285862,-0.012009564585045086,-0.011237372422173153,-0.01109147387415936,-0.011716683180816635,-0.00355411740009508,-0.013135064744392936,-0.011211790826823739,-0.013214286895358904,-0.014070130819943166,-0.011548136001841992,-0.009382895896826587,-0.012891673889743155,-0.010897338838257224,-0.011891409531819988,-0.010577410635298948,-0.016301463348047548,-0.012774303258423419,-0.011345346368600316,-0.018880563612003173,-0.010756408187581078,-0.008592808389507697,-0.01701027702837188
average_user_sum_feel,-0.00921716672212842,-0.00850798044333959,-0.008839552918608915,-0.008862238631663548,-0.012432390339850613,-0.00778784540901885,-0.0102696833890117,-0.009293087437743543,-0.009205696172673104,-0.010650768026746266,-0.010145763433824104,-0.009548983318550263,-0.008997379375036932,-0.007053039323026557,-0.005556063028185133,-0.00850161154402876,-0.007359453629566807,-0.002581214816622591,-0.007449195455012429,-0.008591334316021814,-0.009259440735533263,-0.010339498493211835,-0.010427453457620655,-0.009188562512878258,-0.008800954995819454,-0.007069728462715166,-0.00024024866676981664,-0.009670562623601315,-0.009931010958246552,-0.008447641358318502,-0.010499162210494226,-0.008484653585735151,-0.009813146648363734,-0.0063874324575146305,-0.008499536220624106,-0.007611195850544913,-0.007412885948706255,-0.010499261017483129,-0.009000375527002584,-0.010272173566437599,-0.0109917172562432,-0.01586906940592675,-0.008785524043018817,-0.012189442385248911,-0.011630317215249967,-0.010687775114573732,-0.009755919115425669,-0.008422765386162816,-0.00844679334131332,-0.010779331569194733,-0.00843169527084798,-0.008903644485061047,-0.0085995700201409,-0.008460296731821483,-0.007682651176128236,-0.005858250214628664,-0.0104144900713812,-0.014793038970807904,-0.008332961965435927,-0.01101074982591006,-0.010713757691630408,-0.008103318307901683,-0.008490802156207462,-0.009115964006898788,-0.0035251520116400606,-0.009406708043090625,-0.00899777677400975,-0.009190625714902942,-0.009673112088205725,-0.00894965399806137,-0.00807985762492133,-0.008516938521545394,-0.009762979601305727,-0.0075508166516388975,-0.0053787475677277655,-0.009601542041869991,-0.014499420225768481,-0.009455037406245917,-0.008169536022896527,-0.019865795598409678,-0.006041778188010254,-0.009079176574923735,-0.010115208826252949,-0.009215173903361195,-0.007709278851832788,-0.013261056789800895,-0.00985946096388106,-0.011131408732343135,-0.010630840724622819,-0.01112383781367652,-0.009134240266677954,-0.013793548241080587,-0.008389226248299578,-0.009748440327652283,-0.009295776935169092,-0.009033283396055074,-0.009458634133090282,-0.008780263045784263,-0.008614512345178927,-0.0061783631547694656,-0.007045635583109449,-0.009751404255038959,-0.0075031330074019405,-0.009167992732337055,-0.008749196315264893,-0.010774496859412237,-0.009183895113626153,-0.009451072715769416,-0.008774903281585188,-0.008402082115358669,-0.008149630955747798,-0.010553478892265263,-0.008812335419466494,-0.008755363948115623,-0.005491211335447943,-0.00725842899442385,-0.009994890123469016,-0.009776707464238844,-0.007594114566090536,-0.008765795948940938,-0.008585411290469563,-0.00838422362052185,-0.01087881382673233,-0.012266034568914081,-0.00957299517214845,-0.010880577358385478,-0.009200561038161675,-0.008920141712779649,-0.01047537094771561,-0.01068618010412366,-0.00856383774504,-0.007114152604609878,-0.00927155718348967,-0.00924821413267302,-0.007395105485853308,-0.008601011129372433,-0.008868908070901519,-0.009637693808801537,-0.008025690719836555,-0.008708191132365501,-0.008531582774577504,-0.007916618516633535,-0.009753671129708395,-0.007845036449364092,-0.009054034419297518,-0.005747328694192132,-0.0008866311365357295,-0.01132255535142745,-0.007060427000969843,-0.009664675564270015,-0.008290631433360025,-0.009937151937362141
stdev_user_sum_feel,-0.011420583057036447,-0.011173606081692924,-0.011018614413271087,-0.009949264081609725,-0.007975507189365048,-0.003976297634617848,-0.01083809221138377,-0.009080931944799628,-0.012620216344904196,-0.014017834473450574,-0.009876150121483743,-0.01375661845486839,-0.011831601960891305,-0.008384332841556819,-0.012898534810351473,-0.010566583025236971,-0.007336819113400878,-0.01203154533005449,-0.008912776721304508,-0.012199622207820395,-0.011354366042418207,-0.010819611443337896,-0.011060471731845989,-0.012393878374882416,-0.011778360942040038,-0.008264994000094714,-0.0023764272998703807,-0.011292714122840228,-0.009833331133441394,-0.013580749028740288,-0.0060853571224251495,-0.010888681330346246,-0.014300394776931569,-0.006561371758026494,-0.011637661256011947,-0.010985521786767719,-0.010308979597842806,-0.013987743553630406,-0.01223961837947734,-0.011172540062679925,-0.00987102561015905,-0.012618584272348831,-0.011662484871192095,-0.021873565475244428,-0.008824682092891268,-0.008537579058177548,-0.010826094915553934,-0.01066113300696909,-0.005823551130127126,-0.01888076030829787,-0.011094374623800253,-0.011374540234894396,-0.01079099166433874,-0.013304082964364184,-0.010985642437555888,-0.014749714491093541,-0.008453596704463787,-0.02220665058319886,-0.01106795736225205,-0.014459861545207198,-0.01117206620662245,-0.011868520164328348,-0.011183043885959504,-0.011498242979923926,-0.005801969133226694,-0.010818339948982772,-0.011355769107880147,-0.010515264260598978,-0.010390050440189851,-0.01043957701336198,-0.010154682270752172,-0.011780348665575906,-0.011436035387740427,-0.0102427976647654,-0.010712416850492727,-0.012263226377028261,-0.013165739127500532,-0.011359018549601068,-0.010728253778559897,-0.015471805182723886,-0.008625228589668375,-0.010326803244764033,-0.009971024173849461,-0.010241836802799144,-0.012981975320958104,-0.017535222322839675,-0.01154069456720045,-0.019589463551224172,-0.011847723460924641,-0.012004939204851746,-0.009945260066032684,-0.012222482339113997,-0.012388306855811331,-0.00894882855481977,-0.011833211602940742,-0.011496959680490805,-0.018522094502462002,-0.011367395633262103,-0.012322798754602307,-0.01044039910496113,-0.007920097848671483,-0.011360778172563984,-0.013197821611355569,-0.010772534667587798,-0.01089102875992592,-0.010967337557990972,-0.010708883042303382,-0.011300525656317579,-0.015072140158867863,-0.009175958841994467,-0.005327146319561512,-0.010552980964303597,-0.011075577893490689,-0.010347949612136252,-0.005949530649236406,-0.013404491870099235,-0.010248595173952046,-0.012635633453568641,-0.012400500651488944,-0.010565532748590786,-0.011685836487047184,-0.011657896119801166,-0.014970677556661899,-0.010416059083904186,-0.010545278219324432,-0.011364263779080168,-0.011583873019870242,-0.010429770757406653,-0.01794389324039756,-0.015286214293592818,-0.011177160979195792,-0.012092966248068018,-0.011198128271058264,-0.011481515004966103,-0.009744766364564261,-0.012616426046854498,-0.011455463476910774,-0.009103643206288597,-0.0094100618192595,-0.011374827736116063,-0.012849805425760433,-0.010352910010578524,-0.012164448372994985,-0.019252243659162623,-0.011289686596243569,-0.00999817013585648,-0.0075081267891930654,-0.011060531350031681,-0.01393113347881154,-0.011230138134660169,-0.010708767066725203,-0.017878227106856857
min_user_sum_feel,-0.018924330707431505,-0.01796678039005063,-0.018600688841516652,-0.01976745075871729,-0.017997082683903837,-0.020853260807157197,-0.015741851329574726,-0.01585993662392237,-0.014141921637179563,-0.012509833036710244,-0.021419541734113846,-0.016374823882560667,-0.017458953029497157,-0.016542893811236553,-0.019018427975958773,-0.017948080083073935,-0.017893852234895428,-0.012465282356876509,-0.02152847358382435,-0.01882392461915452,-0.018302989729343792,-0.018628918067363116,-0.015585894152102122,-0.01665201537527399,-0.017719570947636827,-0.01640151089583989,-0.0191508538439767,-0.01851016972605406,-0.01628621392608914,-0.015344159421679514,-0.018770489383873976,-0.018784615838475415,-0.014344169614312867,-0.02184094785064803,-0.015763180576236914,-0.014814506782968102,-0.010152702190884669,-0.012675628410371596,-0.013660507206830805,-0.02153460880567213,-0.020439421065522427,-0.019381612131223386,-0.017416403441787316,-0.012667899599235123,-0.021586468600741184,-0.01946943778545271,-0.01756969969868696,-0.01792136450473142,-0.017008461210672583,-0.010928389447247765,-0.012409783333329065,-0.017766057352408306,-0.01743702376018625,-0.018089669928528854,-0.01861094662176208,-0.013849473297140756,-0.015928834370720416,-0.018331968867538,-0.016433937183062748,-0.016457461912662487,-0.01687545039760624,-0.018068988311082126,-0.017960005675483604,-0.01783956622879192,-0.023975538107397904,-0.01786774419943606,-0.017569773431438437,-0.017119981926497496,-0.015873166342747866,-0.018182832689646364,-0.019086326108160814,-0.01803528203239556,-0.020089490068990284,-0.01820809742415284,-0.019255214108404313,-0.01745100264150178,-0.012019402520007251,-0.016488002314680582,-0.018465434858718783,-0.01687961822703316,-0.01538178820761825,-0.017766046309661637,-0.020555924297088597,-0.017321750102243377,-0.011091577734232364,-0.01663681530625748,-0.017687451500052173,-0.013734427817305734,-0.017935199556272333,-0.02030780393231756,-0.018467795672887637,-0.029951842443455175,-0.011106020688725867,-0.018082188548597007,-0.016581537991734212,-0.01779048837996139,-0.015275388082715065,-0.01781819467816919,-0.017619049047978466,-0.014666848499203132,-0.016900074132571895,-0.018146548772573302,-0.019654836449243193,-0.01723207888792955,-0.018595398064649486,-0.01775103604518276,-0.017220115790028193,-0.018819951731723877,-0.01598012989028678,-0.01966988204946822,-0.02080692814301962,-0.020496026188785967,-0.017922459226423937,-0.01884311338992227,-0.01619013930055558,-0.01778622010091569,-0.018066738494276452,-0.01979124609346726,-0.01810770040518894,-0.016293029009533715,-0.017505961776140114,-0.01579923405315675,-0.01871832067583007,-0.021454961896890945,-0.01734294331120091,-0.020519424286369596,-0.0184465789567322,-0.017106126482409063,-0.016665512907347847,-0.01913027201517482,-0.017294226442402284,-0.015260735017779704,-0.01710003354751881,-0.018670124127273008,-0.025893050125255383,-0.015931261341171652,-0.017733644521832178,-0.019320298674302305,-0.01578134390135225,-0.017952420709744715,-0.01754916775358065,-0.01775929783973378,-0.016751402284534037,-0.011812627144436132,-0.017998028933818813,-0.019810081961479594,-0.021299339610237,-0.021738541882009035,-0.008044158674893616,-0.01694817148344534,-0.01603163219806556,-0.014836515576822959
max_user_sum_feel,-0.0115208660025437,-0.011097235321655241,-0.011169460234717732,-0.010343075140129304,-0.01048519057229827,-0.004760250625723217,-0.011158152672820552,-0.008907981800328185,-0.011416953240410067,-0.012961924033392025,-0.01029264263214617,-0.01370922621043782,-0.01156356281117148,-0.0076750138150923145,-0.012599561856884932,-0.010508483555817492,-0.007900625202097562,-0.010872753700181106,-0.010363591549010941,-0.013008685211443294,-0.011342679788019321,-0.011264991360342102,-0.010701756389168907,-0.011906933419888318,-0.011675131948090042,-0.00800477039633825,-0.0003641865849551319,-0.011219939525975019,-0.009095628173301219,-0.013088107261527546,-0.0069090762090503535,-0.011058087543937691,-0.012093573860192813,-0.007267095159174283,-0.011156152187229635,-0.010271647716598165,-0.00921577100160479,-0.013235252827331179,-0.011502003376628213,-0.011657420295641555,-0.010624042171114538,-0.01381630134799358,-0.011480636807298078,-0.021211479939086043,-0.010040514484842543,-0.010355579523017458,-0.010980639048914857,-0.010713391881141326,-0.005575629152008252,-0.016892819139216246,-0.010379171101824822,-0.011319406112626329,-0.01067580715309671,-0.012695251912657335,-0.011635587858483367,-0.013150511125110663,-0.0111745534763143,-0.021861661666932895,-0.010971338927865552,-0.014162738079565872,-0.01145162860642929,-0.011671882915890266,-0.01113919134524541,-0.011464454049773703,-0.006485852115189745,-0.010665370358008304,-0.011273048272027004,-0.010787483112670965,-0.01058492891928166,-0.01056235824881197,-0.009994078837993985,-0.011609939232740642,-0.012159726526274025,-0.010214791834462047,-0.011114671628852895,-0.012098844810556559,-0.012702497865329704,-0.011473915066157478,-0.010698321309404303,-0.016172308454745835,-0.009446332272245644,-0.010106044626926703,-0.010883821710358368,-0.010280621437751056,-0.011291188733173519,-0.016292678632678324,-0.01150539165748086,-0.017949513006788716,-0.011841373886338257,-0.01234407632680671,-0.009912900141192477,-0.013825122195295822,-0.01097426670791201,-0.00919019571719836,-0.0115311341664487,-0.011414360882685062,-0.018078618125065365,-0.01131623612212182,-0.01201390472122655,-0.010195669094604051,-0.00807900070767004,-0.011286622703174386,-0.013062768628329264,-0.010750643949540437,-0.011222134431675041,-0.011284624059929763,-0.010571889828203793,-0.011608080783640909,-0.014368805723199377,-0.009842362221799083,-0.00755220727479774,-0.011153093122582655,-0.011103020740248081,-0.010876642002462491,-0.005698506654443089,-0.012991054293010777,-0.010619807701957062,-0.012936100399210332,-0.012225986632973352,-0.01067176974785254,-0.01154266086655279,-0.01119673655855578,-0.014633835525769485,-0.010825308523697424,-0.010543310417155555,-0.012111323233324997,-0.01167214164821771,-0.010328568359814227,-0.017599539739579548,-0.015267082703800696,-0.010910329217007622,-0.011374239669268054,-0.011016686307885269,-0.011528570161925475,-0.01107438831601263,-0.012727681857301703,-0.011370274266603062,-0.009542208855752939,-0.009083055976964044,-0.011186911676107565,-0.01273023451058089,-0.011312453067733938,-0.012320080405368994,-0.017388910741443504,-0.011362092610945682,-0.009967794950531114,-0.008421117129584555,-0.013014688109031123,-0.012648960293445248,-0.01091999461226707,-0.010190139960328637,-0.018455669521934774
average_user_sum_tentativeness,0.008001974913048307,0.007572505866721324,0.007651710840571313,0.007559888218169008,0.006430562925556391,-0.0003878200652190772,0.007127064685356216,0.0078935190569735,0.009053086655932928,0.009156591148059428,0.008214025320795267,0.008570741511228863,0.007740408605581499,0.0007332249413315589,0.008953195148879614,0.0075681419086733835,0.007005549365677292,-0.0033410620470394658,0.009715381732449985,0.008645132118232741,0.007880654367959688,0.008608893417048218,0.009357265471212673,0.007842934030033636,0.008226336558009197,0.007375396244827591,0.005346431460915411,0.007082968984174074,0.011512159496551527,0.006473041943797988,0.011306548255221597,0.0076628453752573275,0.010958150092586636,0.01315035376177717,0.007279039148136,0.007125058756213128,-0.003233894009374535,0.003411971421838341,0.013697839979945524,0.01042106037341212,0.007730658523627614,0.004152551022759172,0.00790919875995693,0.005118514569510936,0.008163795330859647,0.006971238526318664,0.007654591055863623,0.007874071292464148,0.00857651558415684,0.0042213257636462345,0.006360355019406168,0.007733087185396051,0.008109918308657947,0.00965465616595779,0.00804451440759602,0.006426097264338272,-0.0016506208809120761,0.012667706433594968,0.008648412453855638,0.011470304245710054,0.006810590445428153,0.008956095981462023,0.00770043105876559,0.007851457174651095,0.0033785251961543075,0.007490646778449684,0.006753229489941656,0.006394353033659089,0.00571609752818904,0.00817679740830002,0.008635430694202795,0.008604889476356844,0.007150119621953894,0.00927551150647886,0.00745645537255449,0.008889034135113334,0.007700647477569489,0.009156131549956118,0.008223931203488164,0.005694546961397255,0.005007699835441093,0.007501693632097261,0.013153544147227667,0.007656730855920612,0.009765139992791945,0.0075040723885598515,0.007491225209966371,0.00677865900515005,0.004983205604500228,0.0029224295077896513,0.0070624031554067995,0.016693471687393165,0.004393951192274162,0.005649866945735319,0.007589733190986058,0.007896286685739804,0.009622828881155537,0.007826747473931576,0.007961896378468083,0.004960529876938733,0.004984306147426335,0.007704287408334395,0.012196471405227277,0.007106768050932166,0.0073259225173645005,0.01638448195762196,0.007379668395438356,0.008857180128202687,0.006077545513518749,0.006716764084495415,0.0032049527697399563,0.006085474972417723,0.0074675995122585525,0.007959356228242028,0.008306937775615062,0.005869785284389894,0.007729186147258616,0.006751508921369027,0.007607058474772081,0.006836669866907457,0.007450263605959709,0.007616880354768297,0.010068742209130257,0.008128963299283342,0.005731934667474625,0.005808511839289807,0.007940254961075133,0.007148346447556381,0.005975557580395818,0.009011496828606243,0.007771180803683496,0.013818611909525685,0.008139295940175078,0.009544802771379004,0.004565235867969987,0.007626660826238354,0.007848114230901374,0.010800006228808837,0.006162516077200327,0.008561420601317728,0.0065207730328277974,0.0005784907755212879,0.006838814292461962,0.011291320794823369,0.007006162056158177,0.008175526319614443,0.0023153209513758453,0.006359602070838629,0.0066498721519352745,0.0074325200172315545,0.008415191736127717,0.013957797367423775
stdev_user_sum_tentativeness,0.02225441480114088,0.02207440516277276,0.021625883347149738,0.02278146054496525,0.020564571966238503,-0.006985810804860932,0.021981619032766433,0.020212010577874376,0.02159501764651315,0.02330511468244088,0.023282519594455653,0.02239527706908862,0.022096522051410453,0.02013872081789876,0.022977212495533993,0.02144121390791877,0.018297112569763758,0.02496161721684452,0.020499330644455034,0.021898379819764766,0.021580800736737644,0.02246257268006643,0.023478562428474185,0.02061202203757133,0.022077649076380428,0.019535273338857538,0.022207512914898416,0.022100431414137964,0.023355689685573864,0.020598595432953677,0.017825481636726127,0.022681497366103514,0.026285110538553997,0.022753852732787305,0.0221321913744639,0.02297610611092064,0.0038700001461920656,0.014849333393573824,0.03576581149419736,0.021376782602595873,0.023185850337487234,0.021754182898768456,0.02170137034355369,0.01740074566714512,0.024058009441099818,0.024722723406457973,0.02121446205575669,0.022234554350274414,0.017708218082930285,0.026055046598972943,0.025414489143025867,0.021979118836572973,0.022059708976202574,0.022636889758698514,0.023000114949237198,0.022157306572795306,0.02427873091942644,0.02083671304491655,0.022491388101123482,0.01970150015829327,0.021389584678044367,0.02177177124119989,0.02185310262723635,0.021774069493509195,0.011284223591489794,0.021873411724105292,0.022297940006549652,0.021724847153457648,0.013885951093595684,0.021954820459144233,0.02218750233330619,0.0211566525704107,0.022448755017036214,0.022860045008660214,0.02306075205835536,0.02175959216986684,0.030999136389514487,0.02235350855177855,0.022261774121359042,0.022119817635912756,0.02313578254604984,0.021830616848125477,0.02144670812924989,0.021781148487604634,0.025795286107168258,0.024487688844973293,0.02160638522462598,0.0166031503506582,0.01953392855369633,0.020039905865591796,0.0245487636042237,0.01917691005611046,0.020279547425202188,0.021160950359540614,0.022774947604886596,0.0219910349544247,0.029680650875876104,0.022034530288198906,0.021486880522468176,0.02172018992155486,0.01885553019233291,0.02203201268332376,0.02293525357700571,0.021665914483116833,0.021444191748316417,0.030958833399211863,0.021530795651328014,0.023453297566848514,0.019292105256537687,0.01622731271969544,0.020498107413207414,0.020447351128823742,0.021774619868066326,0.022038665372604696,0.019531709450453363,0.021167630757384846,0.02070153303584526,0.01971200481711245,0.021494432239372488,0.02122355091233176,0.021888397582374687,0.02178090507821017,0.02528770319148694,0.02253902987484864,0.01936917795995428,0.01904329065277045,0.02239054359778536,0.022151966300934314,0.020030783309061218,0.023159457148844736,0.022152349555152225,0.020462760908341066,0.022281413024275398,0.022290060807231678,0.025796672383140616,0.024345049609568608,0.02183056302577546,0.02219815023499625,0.02072533028443511,0.021648739550013046,0.021967157205361805,0.021420224041685358,0.022132215482226103,0.02355115868045235,0.02263036819057514,0.023878430301859942,0.027672430252422112,0.021907649737725444,0.02261525034520952,0.022393056810183054,0.023594157938891875,0.017037991118403817
min_user_sum_tentativeness,-0.011307321923027238,-0.011256587507959288,-0.011619499277330983,-0.011518773466229664,-0.013962729690312106,-0.013037421711369334,-0.012899889997827716,-0.011747558258967882,-0.011190625740679333,-0.006330971726610001,-0.013369712644049283,-0.012436885414314468,-0.011378642739064165,-0.005883158553492217,-0.010740391618725918,-0.011279896221113663,-0.015167933107075204,-0.009146254749055156,-0.006607627291563477,-0.008847346118702736,-0.011610383930207805,-0.012669287326879154,-0.012610520211264959,-0.009796204912033504,-0.010938765228859794,-0.008070703918839283,-0.009635105697987437,-0.013665784721984889,-0.012615551964794785,-0.01165477616301563,-0.015919636295292097,-0.011059076608243509,-0.010190494312676435,-0.01210873455484899,-0.012180235539313949,-0.009545736342396182,-0.007977669624330585,-0.012279726354783149,-0.006968953192247647,-0.009773871555627575,-0.010093524672519321,-0.011472378561881115,-0.011574813956561042,-0.0076657405519552566,-0.011497926594724338,-0.02284293215755537,-0.011972815211743707,-0.011294975362223715,-0.014273386096123105,-0.01681787378240992,-0.021761970711300378,-0.011495128985640292,-0.011253503472393693,-0.009847495261821262,-0.009922059823898627,-0.012925832173486708,-0.01988676836972317,-0.006154121863780443,-0.010398538260200771,-0.014874943274520038,-0.008031119195253398,-0.011949360016776921,-0.011442659869412505,-0.01140114910749631,-0.0012826795949721376,-0.011177637193679922,-0.012740711266374426,-0.011712653432459084,-0.006304082251014509,-0.012360414944776514,-0.011455467359682066,-0.010246514198248348,-0.011055395196033806,-0.010653532374868848,-0.009933159640502004,-0.012767923075863333,-0.01714063564109703,-0.0075304023007317835,-0.011376965776386489,-0.01710904316120323,-0.011276040602788062,-0.009865844227320762,-0.007502015549030597,-0.011902080728833352,-0.014915740793085885,-0.012798398340460666,-0.012120469968845972,0.005186994910287016,-0.008366553666944767,-0.013079477749977069,-0.01366350356575404,-0.013814890478603344,-0.013531231125414753,-0.01139765511840315,-0.010922291089259578,-0.011510167796992278,-0.007235233577952855,-0.011403157874437606,-0.010720294100774318,-0.0099213134630334,-0.008721126625361054,-0.011071863899771543,-0.013215736126894166,-0.012212983978841461,-0.011049044812035547,-0.00034183884571877595,-0.012596478118499895,-0.010353097663892625,-0.015703666142922283,-0.00880006251773723,-0.012281238977730702,-0.01183326967147691,-0.011156653745560652,-0.010748009138479755,-0.009864172169669666,-0.014138878917532276,-0.011009079610538323,-0.009761144666854682,-0.010644730522226371,-0.0126567674755354,-0.010599812673975258,-0.010907154436291217,-0.011122396667814727,-0.016409783892939508,-0.011433793689196,-0.008407857328915634,-0.011539241474873198,-0.011815364256398033,-0.009257899838835747,-0.00820741802043192,-0.011800312559565056,-0.009168471038188205,-0.01227549576222256,-0.012272225985321015,-0.01468173301509322,-0.009493925490722688,-0.01134275805191577,-0.008678450630233703,-0.013137599340725656,-0.011687158323477422,-0.009799289327356712,-0.01674308715237293,-0.011964807434863263,-0.011900658550535268,-0.014752588465914946,-0.008710869891214511,-0.009521073828612508,-0.014898261658033355,-0.0159808206275806,-0.011638466239392548,-0.014010854066838725,-0.007543555806170329
max_user_sum_tentativeness,0.011601129316656198,0.011538162398652543,0.010752164639914078,0.011845001743092679,0.00976971405589309,-0.015160915860940916,0.011113818046482943,0.009690420123786425,0.011025449383769939,0.01421329862364233,0.012265008546533826,0.011640884675399131,0.011484950168697806,0.01149766154454679,0.01188605026678791,0.010937357382479826,0.008737254078993423,0.013163418720194983,0.011030066916717238,0.012137567331201336,0.01082932283978621,0.01134033455395131,0.012797805815330115,0.010632727355292923,0.011371779042290841,0.009106105188624668,0.010743408699724075,0.010873217741853246,0.012501635600734315,0.01042499060652704,0.006799097838224272,0.011350622532912488,0.01613604024616994,0.012475185240326533,0.011071910209796022,0.011829296210008779,-0.0056587189518593995,0.004763276739352066,0.023592561486425585,0.011839432625812293,0.01285635173469988,0.009461110771894625,0.010945195583477514,0.009292163655224117,0.013424783433571069,0.009163128007714995,0.010312058638097253,0.011410258787070906,0.008374995522321828,0.013593380918420349,0.01182325805116461,0.011190856755782167,0.01148043223774848,0.013083670269492441,0.012631356190392136,0.009905564572665424,0.008890991595472901,0.012208090769725465,0.011691860336581034,0.008429787675780679,0.011448565367729417,0.011877243902468793,0.011071133168439485,0.011042554978342455,0.004666975430910923,0.011214067104647459,0.011362549198484355,0.01070579083860244,0.007065498708561869,0.011018897651524813,0.01146890892015932,0.01045362350136923,0.011242701756306712,0.012580005157238675,0.012472132434357228,0.010569200917576063,0.0178252797847319,0.013101413934968647,0.01140361575148922,0.010590696598889155,0.012964892203612343,0.01117864785825058,0.014507029322764087,0.0109839626744632,0.014364566431035732,0.012554189402955836,0.010771613847297657,0.009581209654857823,0.00908450977325855,0.0086184675977059,0.012652710139043014,0.008769223159922403,0.008659524146951893,0.010229753427448182,0.012088018108653478,0.011258470728555727,0.017477452821882834,0.011255426038773862,0.01105487591279135,0.009817634609160365,0.009248813992983274,0.011338087468760414,0.012873715512092378,0.010551955424634827,0.011076808585666714,0.023578414575876963,0.01038648429566653,0.013024895005469894,0.009779294726719241,0.006604771659424653,0.009841796684801698,0.010064687936641737,0.011110243297374164,0.011721326736765774,0.008308010941857237,0.010644651264740096,0.01032798333297832,0.009525324644184919,0.011794340353888988,0.01066345598895234,0.011203975272022373,0.011121190294799547,0.01533835226996711,0.00977875896416438,0.00808015548655212,0.008794035608555153,0.0116311090735135,0.010914448004143273,0.00937166190357379,0.013561545879457758,0.011210532979372165,0.01063834370832574,0.01133117818615086,0.012166725511666717,0.01422655110913408,0.014122481186109197,0.01109834314814541,0.013077216413017071,0.00979130124389413,0.011245193136631491,0.011250343329309805,0.00972720007703393,0.010969360190772296,0.013353184335481518,0.011300327372872928,0.014139419094680708,0.01654648004568487,0.010458857462919803,0.01180381161470929,0.010982691144534349,0.012459070689945985,0.009309874576822273
average_user_sum_exclusive,-0.022005280959484192,-0.021507063684081885,-0.020982861704716787,-0.021663843807120636,-0.021139349735555802,-0.015116039245678909,-0.02368252684985638,-0.016704485402853277,-0.020302789615197207,-0.021888426597974613,-0.023113204873793654,-0.020534675325249403,-0.0219892586108838,-0.018477909515591556,-0.02198510013100944,-0.022630874508945676,-0.02176384841951914,-0.0227972029690715,-0.019312424670078956,-0.02212659577864841,-0.021767505359925807,-0.021017228701315522,-0.02370288275253426,-0.023333579583932257,-0.022236831535804157,-0.019308616050830278,-0.02201956953902547,-0.02140186089307531,-0.02235973535868742,-0.022507314586233174,-0.01833480855699263,-0.020965821646438162,-0.01815281606110187,-0.0178248121487167,-0.021858216869555205,-0.02307797992549879,-0.0232058994978451,-0.031054097651404978,-0.014467257733618254,-0.021162438669684466,-0.021714148691982366,-0.017813325446396886,-0.021765740057980612,-0.02510443757658944,-0.019617835173084838,-0.014003419634932925,-0.021512166459999774,-0.021802827153149597,-0.018951433009693222,-0.021241786334037935,-0.028898285345691173,-0.021861367962187843,-0.021174326762865413,-0.02347451206169906,-0.023027138371747555,-0.02144153449475537,-0.02036121898022768,-0.01934924321380366,-0.0222577378312248,-0.025858907057252238,-0.0220552295435302,-0.023368581869221163,-0.022128057139269557,-0.021924973967550016,-0.01858657639204778,-0.02196197302033199,-0.02191117022100347,-0.02182276919902699,-0.022266394017710085,-0.021719057116521938,-0.0216156175733621,-0.02198899032065092,-0.01936419915222915,-0.02268055887505619,-0.02151260413504467,-0.02083204506993358,-0.012117118419215405,-0.021290425367760334,-0.021160832253062808,-0.024896776845349584,-0.025989488814638514,-0.02087745342184675,-0.02495874935862468,-0.02237505894733532,-0.021380568299200445,-0.01932538242281278,-0.02141835142285816,-0.025827011319156185,-0.022244487798411677,-0.015662137507940484,-0.02054598561679956,-0.014255116155450637,-0.019051793435441434,-0.021635170318862834,-0.02163866010476216,-0.022015266533311168,-0.024673594927039286,-0.02192743614103741,-0.02135448492131962,-0.024625054574917635,-0.0225729868088623,-0.0222334263592993,-0.0209780974958931,-0.020447061185093093,-0.021014362955545707,-0.02395798888673155,-0.021673722385677736,-0.018197898365748255,-0.02835792220002743,-0.021164580123813663,-0.01893710286653082,-0.018140219604813563,-0.0218436239756867,-0.021854190072879427,-0.02117043726526214,-0.02643558853702272,-0.02115735958129688,-0.02116105248666184,-0.02205439327650901,-0.021435457571973918,-0.02165742316507171,-0.022048501263162094,-0.023246614214557346,-0.019144969410216577,-0.021643541703886188,-0.020841299149262395,-0.021817364759404795,-0.021784014387790374,-0.02604495013283483,-0.023213694803511858,-0.021764484788524767,-0.024177917623604318,-0.021894340227248885,-0.020215700904408114,-0.017949694310173292,-0.019245242211717157,-0.022048489317726384,-0.02078978480922891,-0.02188700572846398,-0.02192978377072137,-0.021805930176054318,-0.020267016500168773,-0.021900930957618043,-0.023498383795763987,-0.020743650313720052,-0.018632653628684312,-0.014287291247217386,-0.020963759536349144,-0.026706251483470035,-0.02288116541305623,-0.021174841333108194,-0.01610189724765214
stdev_user_sum_exclusive,-0.02906260116186343,-0.028765691446311234,-0.028847250914662545,-0.028922910097061938,-0.026428759088962667,-0.015558812989804119,-0.028103864612547762,-0.026596164892302283,-0.030741885011116646,-0.026096166421733857,-0.02737452343847226,-0.02803498065493856,-0.029045328237516065,-0.020803575293852822,-0.028986265067063043,-0.02822521938773036,-0.030566881670083132,-0.025767902623403605,-0.02613875480243223,-0.03149416612741057,-0.0283343563321685,-0.0279915974225201,-0.02796332462248685,-0.029136243363956087,-0.02922345232402785,-0.028633439442588057,-0.02650311947424394,-0.029082936782016174,-0.030776894390731897,-0.030315225356228694,-0.0260637962346214,-0.028539029376200543,-0.029408492985587408,-0.025642017317390145,-0.028732384984311635,-0.02976312755690357,-0.03356759923922401,-0.03723899063860074,-0.025301548261331942,-0.028329481246511575,-0.028083357473896182,-0.026386891399655762,-0.029024119448761782,-0.02947252119861588,-0.028177830072404923,-0.02113505983596537,-0.02866259404870139,-0.028988688758186908,-0.025703337206603418,-0.028706292220225034,-0.03074648173134942,-0.029061201198182472,-0.028727854007158674,-0.0314067761614437,-0.0310518710591957,-0.02965174155476429,-0.018172958885418616,-0.029229378699858467,-0.02874786571177977,-0.03298756830044797,-0.02677431068475259,-0.031186246143899997,-0.029249347129675404,-0.02904586915712057,-0.025422582436827955,-0.02946471726369827,-0.028658242891840775,-0.026541218884202765,-0.030966563387114603,-0.028723962617978875,-0.029066185885265217,-0.03142817245156949,-0.023921855103571525,-0.03166003528074731,-0.028860970327634287,-0.028723825611742998,-0.0351155233167041,-0.02972788458429549,-0.029014209605383055,-0.03165907551072445,-0.03672909812281745,-0.028994360973103064,-0.02895764463856748,-0.029705141318337475,-0.025663765295618795,-0.030095862161705015,-0.028380306938340337,-0.03563385159043654,-0.028002858244139714,-0.026674010938841856,-0.025583595073647485,-0.02089082731324292,-0.029989337578321184,-0.029867971834577706,-0.029504612509981758,-0.029149083663273487,-0.030227444983429635,-0.029163055200198993,-0.029453197674792146,-0.025952573035502188,-0.030541801460632748,-0.029666043172371433,-0.027144707078130555,-0.02874698617808092,-0.03052885302764209,-0.019354183624935902,-0.030538150591062352,-0.02529298441367359,-0.03673645170249255,-0.029699905221379018,-0.026443942058739144,-0.024069258846950672,-0.029045200958640906,-0.028390445887967748,-0.02673760814906507,-0.03396819335387001,-0.028416853139153264,-0.028270640481267463,-0.02981779820986761,-0.028602251098403607,-0.029466364572862905,-0.029458745459428896,-0.02795304944495081,-0.028642585247517626,-0.03172182707954142,-0.031289591910514,-0.02875306885693385,-0.029743027787466583,-0.02606612176266318,-0.02948116904701413,-0.029211166723462592,-0.029092788307741677,-0.029235247283716743,-0.02866199509481259,-0.028442061295792867,-0.02781632607946203,-0.029274597194381843,-0.02668915407598669,-0.028742770424573665,-0.027729030882723157,-0.030696515785985798,-0.026491984076793342,-0.028047451362162128,-0.03525749439880863,-0.02903350393533151,-0.0243152535202118,-0.02551767845210179,-0.02827654037795617,-0.029951703448337433,-0.02802113787472733,-0.027377456184820785,-0.030920992217976284
min_user_sum_exclusive,-0.0290010493051433,-0.028516676042557004,-0.027639139691092888,-0.02855519573836629,-0.0315399926015849,-0.03676517856110183,-0.03175740238684417,-0.02799506329829639,-0.023910538478844445,-0.032586569295776045,-0.03199105469749664,-0.024567248728439607,-0.02885703669184841,-0.022546749765212742,-0.02877511089044624,-0.03093912935233865,-0.029596094978377903,-0.028700978037584625,-0.030231123635706333,-0.025727897044575065,-0.028816753014972364,-0.02813306666375721,-0.030656556114620707,-0.02734465518146157,-0.02803650900229942,-0.026759918498000176,-0.027300517519529766,-0.02807860879261418,-0.02489301390257784,-0.02974764988787208,-0.027316543994326432,-0.028273293344644436,-0.021757062227375834,-0.02806060730886076,-0.0289654997247096,-0.027121697365568076,-0.019457973904470065,-0.03292757493511675,-0.022576682420383135,-0.03312233843585449,-0.028690641931139498,-0.026927974729485164,-0.028530200345176938,-0.025101400909433542,-0.02323241017406875,-0.022675226246046842,-0.028736169630119657,-0.02799445351671923,-0.030533585808622647,-0.024396183137403195,-0.036417866925015085,-0.028483600584335404,-0.028469066066908615,-0.030695360348510357,-0.026964813247447365,-0.0261942211058939,-0.03168147951406652,-0.025089505319043394,-0.029450594726550684,-0.03135769063212722,-0.028670718642198445,-0.029101913002612046,-0.028385863794993874,-0.02869456287673352,-0.027439554674377458,-0.029584131591155936,-0.02876062657451705,-0.028348608933979027,-0.02874372195061643,-0.02874429049334573,-0.028524401235133574,-0.026950524045467283,-0.02764718159919654,-0.026191417935008336,-0.02718559106423752,-0.027635337040675587,0.0012696840099318861,-0.02561091695303253,-0.02666635052978286,-0.02832791489055375,-0.025402266551247388,-0.025960206320864224,-0.03137532800152405,-0.028571731318500743,-0.030438777251612665,-0.02634764717216139,-0.02853269472701129,-0.01768009742282189,-0.029538505962495187,-0.025281916137180213,-0.028729593408903784,-0.027137455681299955,-0.023416976368322663,-0.027724157564627674,-0.024029522674710608,-0.029013690898021697,-0.027477954817291688,-0.0285212336528093,-0.028905677217235054,-0.032280869499230355,-0.02950045034719132,-0.028617110272708274,-0.027560996817468566,-0.02859702316326647,-0.025289472472420294,-0.034868450657090475,-0.026846626122026075,-0.028562840356513405,-0.031117868955596775,-0.029469248312465383,-0.0328678923831266,-0.03043076744407943,-0.02844905404410384,-0.029420184510713408,-0.025266180412112302,-0.02936708831564886,-0.02823683489027881,-0.028403922042713685,-0.028632981816101855,-0.02903525972150113,-0.028439603850610302,-0.028626912756540397,-0.0291551729209643,-0.020309504457447204,-0.023840680095064563,-0.024384843602845287,-0.028764713776476325,-0.027446772139651573,-0.03650763905943933,-0.029544008334116235,-0.028013482209678267,-0.02780328175230678,-0.02791380348728585,-0.02874354243192365,-0.03566786321937435,-0.030226038695807915,-0.028405761196725526,-0.03239375403352751,-0.02822184979315496,-0.028594434761466773,-0.02779033613502507,-0.028771797857848832,-0.02893841692141979,-0.02736201535137808,-0.027693993590100545,-0.03100584744868508,-0.023943978239992537,-0.028523674632752915,-0.03881299092131812,-0.029235241970347794,-0.02850559518913878,-0.016539874423955353
max_user_sum_exclusive,-0.029760911372733706,-0.02945860398249805,-0.029449494147573085,-0.029689875300137128,-0.02815618041951429,-0.01893151722486968,-0.03017491764035433,-0.026446566364401777,-0.03022728322767386,-0.027818936884430517,-0.03006198960344771,-0.027763510026000443,-0.029915956317129684,-0.021209078667652363,-0.029699693126849697,-0.029754313990716458,-0.03072479306002069,-0.027925460701883887,-0.027141743541597943,-0.03185201047497466,-0.029367035765177463,-0.028724682789325617,-0.029788757273572535,-0.029802568277538136,-0.029976908601666255,-0.028276582538992106,-0.02782745189974765,-0.029427993059283633,-0.030139154255075323,-0.03103545907369543,-0.02739067983704338,-0.029376919395571386,-0.027641674652961832,-0.026861272583843503,-0.029477612256612745,-0.03114420866928235,-0.028291254727876865,-0.039503159580116326,-0.02414225656514616,-0.030692859744309204,-0.029089483380362033,-0.02748211194320694,-0.029814046579327985,-0.030608468704542615,-0.02758684734716567,-0.020891054400695205,-0.029692912039566078,-0.029777471440403838,-0.026706772741831267,-0.028126745960386116,-0.034319680620023676,-0.029826144741694996,-0.029362903133776617,-0.03161038406319471,-0.03140189038190698,-0.029390998128715887,-0.02266658700838393,-0.029075702335422286,-0.029919131455723925,-0.03477265491641902,-0.02833311087031486,-0.0319438828428799,-0.030042929693431576,-0.02987082186191553,-0.02511123491837547,-0.03026421433929703,-0.029570395555570884,-0.0283877464068417,-0.030095036407316235,-0.029646961274268684,-0.029740370357275385,-0.031388297673355894,-0.02601821660558122,-0.032032870458804034,-0.02944271889064899,-0.028923308738423997,-0.02476887991769473,-0.030146044897170425,-0.02951792695815073,-0.030868687723810805,-0.0364291047392353,-0.029314820111276504,-0.030378451079540486,-0.03039634242344387,-0.026981276944600483,-0.029342165244873257,-0.029116375010029578,-0.034322421627618754,-0.02959346560496237,-0.025157826403686252,-0.02685351192482852,-0.02539348339462936,-0.029531188553202567,-0.03015000067249102,-0.02910816255623381,-0.03003427240531587,-0.03137517307194272,-0.029940123776475792,-0.03015548668089155,-0.028562607759248522,-0.031041755770764755,-0.03039061919734106,-0.02797294468415647,-0.02918228312985293,-0.030156568658799857,-0.023159569995118146,-0.030403765183144665,-0.02576935680617068,-0.037503048474107376,-0.03040125336891432,-0.029084113000460612,-0.025971419973611687,-0.029694799186372998,-0.029771858831638492,-0.028382802421563325,-0.03452120397981843,-0.028989655670705255,-0.028988288323149668,-0.0305265440134214,-0.0292432802945522,-0.03011581984337597,-0.030088172908487174,-0.029117094892369348,-0.027886819088892477,-0.03131895550127948,-0.03089886545044137,-0.029539341798884858,-0.030415539609287563,-0.029985045094244586,-0.03049472229781636,-0.029874882398870165,-0.02901442338189294,-0.0298794875312443,-0.02805842918990067,-0.031113339218752697,-0.028931577440533363,-0.030045832186579472,-0.02835829137041881,-0.02942809836578888,-0.02871714275515002,-0.03123428597150232,-0.028129068068642002,-0.029196174289257595,-0.03465661685446731,-0.02906214004748122,-0.025993379008583815,-0.024145981155635942,-0.02936016776831439,-0.03215790654029412,-0.029533567247970457,-0.02833778650218801,-0.02797125621367169
average_user_sum_verbs,-0.0002794581229860725,-0.00036235105448366445,-0.0004400743753907605,-5.459389452499089e-06,-0.0012131799737032998,0.00492553868172459,0.00038021632205415164,-0.00013493387756875015,0.0008015750235286969,-0.0016946793812695716,0.0010286205830243172,-0.0011012366034353375,-0.0004621250271383448,0.0026548024998715083,0.0001086424254242279,-0.0005627577241211473,-0.002030430993435815,-0.005067041844906368,9.485587039889231e-05,-0.0007502854169444302,0.0001057138854287671,0.00023305156124854565,-0.0009214451484868,0.00010239200314350431,-0.00034801428959577944,0.0014338186413748264,0.0032156364044637785,-0.0005065442917794403,0.0017788611632075122,-0.0019209679918280416,0.0032532833507662893,-0.00026882673047684373,0.001109639920775697,0.00016313132406424978,-0.0009490395152763308,-2.389888272456885e-05,-0.004908317826127801,0.0007930789336392202,-0.0022304650125806397,0.0009221257804403245,-0.0014972940100352362,-0.0019127967600307055,-0.00020449487297953886,-0.00550715558519865,-0.0005515457447576692,-0.0005796866168361284,-0.00010020499870285783,-0.0002579315474874732,-0.00032154906769262925,0.0024226380003775187,-0.0011902671761621054,-0.0003508526004020289,-0.0003248075784533207,0.0013392465846856078,-0.001985761140508211,-0.0011933164414901594,-0.0004987142189880936,-0.001201591474561222,-0.0003349225216803778,-0.0017350624252137569,-0.0008958821629860641,-7.605759278440666e-05,-0.0003249302525650489,-0.00027403221259341293,-0.0004574799999639348,-0.000393807806003624,-0.0015840186676782239,-0.0012433898851439747,-0.0004446628132766693,-0.000268645074869546,0.0004960413757694971,-8.050570275274643e-05,-0.0018471842464377634,-0.00045689541702254033,-0.0009214341913040989,0.00020699489326641164,0.003080751524028499,-0.0024609129009842967,-0.0005166926545829573,0.00261987345121728,-0.002098557144140084,-0.0005387405359325616,0.00026550026487296916,-1.3523178374921264e-05,-0.0008923443575366312,0.0034775860723686184,-0.00014963038248528258,-0.0034456381572368694,9.826911390096137e-05,-0.0019982367242942518,3.13972317205354e-05,-0.003762234720829814,-0.0024852354574780274,0.0009756765141376404,-0.0019058142994287566,-0.00025056691014570254,-0.0026195019184067254,-0.0003321371026048514,-0.0005879257049762367,-0.00047391812263306715,-0.0011511605331896964,3.451412534796229e-05,0.0008767718906345801,6.720636435065055e-05,-0.0006895884226037407,-0.0002711880472080746,0.0003565519053028189,0.0004959400979234461,0.0030359814615465216,0.0004897266513327822,-0.002067443952731484,-1.5346306807132934e-05,-0.0004053088520610277,-0.0009949038125997116,-0.0010107596339443614,0.001754412154667088,-0.00041950649762540794,-0.000958717273745191,-0.0011616707193817712,-0.0006378924821187236,-0.00043844191864595046,-0.0003469416279127868,-0.00029925653979540707,0.0012607736891377288,-0.00043719326793474275,0.0010513576305371322,-0.0003717630497542864,-0.0007684052317882212,-0.0025454436825057564,0.0010157509961076722,8.947314717287942e-05,0.003627409018344763,-0.00024789493157143915,-0.00020411993619022517,0.0015167315845277798,0.00031927607352278363,-0.00035140879276062374,0.0007291259046384073,0.0009172448542934791,5.596328165979707e-06,-0.0015377886301076423,-0.005295314102126185,-0.000565214636973752,0.00019091513444637748,-0.0002796521047114175,-0.0006695066841303585,-6.204070404714195e-05,-0.0025084427085572134,-0.00015142905909163937,-0.0001972833679153383,-0.0015224176263379397,-0.0005627972934569197
stdev_user_sum_verbs,-0.015801496847791474,-0.015212991164043833,-0.015496505292119947,-0.015817181725951413,-0.01498057294443424,-0.02047902223356951,-0.018044784365963105,-0.014343958098695684,-0.016795923019519193,-0.019817618271575608,-0.013409661706806617,-0.015532752513548194,-0.016241606522418094,-0.016719089066090036,-0.01652923098058267,-0.015723579974342743,-0.012257029238979117,-0.013350036425704438,-0.018606221912356523,-0.016951656549990975,-0.015240806579479935,-0.01653835116694045,-0.015675130335436167,-0.017271291857257523,-0.01607142263281288,-0.014574255333924166,-0.01516541309606131,-0.015504961087012312,-0.016018536043125132,-0.015074418240466542,-0.013603860814381093,-0.01574969999928765,-0.018212692036612136,-0.018467737423454096,-0.016590770365575665,-0.01805473148258083,-0.016356932535568053,-0.010572083444844478,-0.01915504368740916,-0.012629815868647302,-0.017533831563865333,-0.012691600339270135,-0.01557970294170919,-0.015677716295221723,-0.016605541727973617,-0.01731420730179746,-0.016561756709935007,-0.015582678433616676,-0.014501705691194387,-0.01782953797373673,-0.012906556405185336,-0.015734033164752345,-0.015560314051940523,-0.01395648190184311,-0.01625584932660764,-0.015034882532936004,-0.012102306519604407,-0.014479355303220911,-0.015983359159886423,-0.012250152870446913,-0.013879604785150112,-0.016019888979642183,-0.015732613817415225,-0.015612533133023188,-0.010380291968147683,-0.016320791563294558,-0.016073851500171342,-0.015916187381249204,-0.01329798481800708,-0.015912885350313898,-0.015462456692215215,-0.01549691981808518,-0.016915406234518128,-0.01563409226744461,-0.01606802683230379,-0.016217020741923764,-0.016392372183462484,-0.016056224924027102,-0.017868318942416604,-0.011802214744596373,-0.008451166004862225,-0.016115247558828403,-0.014784015683223104,-0.016027405325707428,-0.017161298417858666,-0.01492268135823799,-0.016411561302648033,-0.0208445001634031,-0.018438666888620316,-0.015968073769991938,-0.016032747947664197,-0.007632550694494717,-0.01729359898970205,-0.014734551239508455,-0.01820218231405446,-0.01562571810436103,-0.009792316587479595,-0.015622850983171661,-0.014850478640670801,-0.01473613602171879,-0.015843605753879452,-0.015455676883866745,-0.012245347114900046,-0.017039315581851358,-0.017384456338209744,-0.018157388463195426,-0.01727150995392184,-0.01797684065177306,-0.01127733005883744,-0.014054802132484756,-0.018371567680191426,-0.014686591486252131,-0.015539707989985233,-0.016043438057703335,-0.015457300064329094,-0.010874265527249002,-0.013993485399989281,-0.01518322244313133,-0.01669786566631501,-0.014675584414846288,-0.015189531735675684,-0.015594781669209336,-0.01844839124385081,-0.014839823489239817,-0.014253254902932687,-0.01647620930655242,-0.015590584816031438,-0.014425977793437496,-0.01970707162506985,-0.01360341959151612,-0.015989805669493137,-0.013106694806036783,-0.01605959773199587,-0.01759758234945417,-0.00935234277954089,-0.016192151814269563,-0.015660422138839763,-0.014986907550297943,-0.01748912563097612,-0.015895891178868343,-0.014136305003676648,-0.01774423910873472,-0.015618069610217498,-0.012521193320359917,-0.016111285068217303,-0.02041468594316984,-0.024567630245297328,-0.01502371852966523,-0.008193061115833823,-0.015720330855257057,-0.018723819558931404,-0.01120681494282325
min_user_sum_verbs,0.03106105547130092,0.030878615557506442,0.030569349724160526,0.03141337706525704,0.03206800224282358,0.025299716313027784,0.03431362460384321,0.02909344041279989,0.03358095704880258,0.03446387914518036,0.03158478921218675,0.029132932067276292,0.030553140514887875,0.029255618664077408,0.031340077399706866,0.031887725524048394,0.03204264939466632,0.025186765132011915,0.03179231413859311,0.031560804636186976,0.030751605580016023,0.030974667527657256,0.028870153179798935,0.03284513234146913,0.0313649387207143,0.03558051690655077,0.029419663156212313,0.02996659220340202,0.0327742702466595,0.03150199980662756,0.037622329726670706,0.03161955057595936,0.028772345418154283,0.031048538403983635,0.031051637600223427,0.03467888121013041,0.027914039940824413,0.026426023008832844,0.03391522739177565,0.029488897828207856,0.03080574764720373,0.02872008829555239,0.031679512423944844,0.028543600108927803,0.033479794956530876,0.032073512260029524,0.03207868019869346,0.03131523131045527,0.030688371970842725,0.03204520836686829,0.03001886394720995,0.031268222024691414,0.03163053805639133,0.026352147035979753,0.03174492294234487,0.028657174998755336,0.029178898102441043,0.029886402730365236,0.030668013474056618,0.029840317714379505,0.030554442539031765,0.030834438055178694,0.03119269066282542,0.031203502581913567,0.023935390048295264,0.03150665187106874,0.030509730513780677,0.03113520947036017,0.030412172855241136,0.03224715154718861,0.03166371088854869,0.030424442731765543,0.031235519040442673,0.031062714530376633,0.030596737937595216,0.030944743650759735,0.03231030356617177,0.03155363677614169,0.03163898393791696,0.03047204096114344,0.025086418987019042,0.03195418363483815,0.03245416180815248,0.03162150865321467,0.030246897556756556,0.0309424647525739,0.031720522450051,0.03564313173231867,0.03302486476857873,0.03142370235429425,0.029254336284932937,0.019908167702048868,0.0322490608407167,0.03334337508996722,0.03117380250781323,0.03119610226099789,0.026270585307702262,0.031194626847523596,0.030722947178816386,0.03404783398523761,0.033180625333060904,0.03195426364604778,0.02967247397052212,0.03263090635257464,0.02987151538030766,0.03547898784050441,0.03384816565845394,0.03200331434984999,0.031686070363285766,0.031762729265692416,0.03180292578508392,0.030361766548325148,0.03125947896874046,0.03181419785998747,0.035816859899187675,0.030229096871770698,0.03156421026673132,0.031029135484478908,0.031919699476940726,0.030280828810076578,0.030406968204147747,0.031317596063790004,0.02929158749532456,0.03181630140770042,0.028865265450427197,0.03294504728248834,0.030872723329660897,0.02998888425542831,0.03421950013916009,0.030664197865763847,0.030965268427252494,0.029944888813571942,0.03177210453967925,0.031337339008146864,0.023294996780173428,0.030530170996795773,0.031184023993339874,0.02869689751168914,0.03610688144637998,0.031327903954888395,0.029797164709221405,0.0308377890834074,0.0317557764133581,0.0264500052005949,0.03115368522401253,0.02668681061460358,0.03316894492229687,0.028321490078844914,0.02889299985498579,0.030669992915986835,0.029268852846157236,0.02407667518387595
max_user_sum_verbs,-0.0019282381010972622,-0.0017798488829122508,-0.0019821614838756007,-0.0018936871151474573,-0.001740120050420917,-0.003756789737761913,-0.0029722220344775936,-0.00128132282914881,-0.0014106018752744302,-0.004486498884332948,0.0002830234058783486,-0.0026023404470983096,-0.0022916430288857214,0.0002074799572499243,-0.0026212442675820026,-0.0018507029516251876,0.0017867234057596763,-0.0015337257666932164,-0.0036282773718555456,-0.0028271048362181065,-0.001577341109573054,-0.0033916528832486784,-0.0024591076784208216,-0.002412287508865141,-0.002165016457957398,0.0006200138310348321,-0.00011465275681518325,-0.002091967112300518,-0.0008313114900220034,-0.0014911158523165172,-0.0003370231047722782,-0.0019192714181169726,-0.003736923753665887,-0.004495907835363058,-0.0022718497889974076,-0.0026209831936307697,-0.0022054465283177687,0.0008578283487986971,-0.005962057792457079,0.0004672689249142206,-0.004168434262875278,-0.001944405627248103,-0.001582789400200001,-0.003756595898615582,-0.002302381596633923,-0.005496759280427213,-0.0023297916380893256,-0.0016580295243483426,-0.0008528426741693587,-0.0015368472220517503,-0.0003504750801294719,-0.0018765567292951544,-0.001628286059178476,-0.001431384117302815,-0.002922618637351654,-0.0024008203480205704,0.0004098612649333748,-0.0013511363596546404,-0.0029543756370545076,0.0008965795173895156,-0.0011055209109693386,-0.0019623493221091384,-0.0018544756426736274,-0.0018215300948378858,0.0011407433879902472,-0.002150061574080253,-0.0026551100124015134,-0.0024345502582922536,-5.235351242738502e-05,-0.001637087972235403,-0.001496285006853313,-0.0018829546782487072,-0.003136805204982056,-0.0022058715562392603,-0.002278894545532783,-0.0026690435937588896,-0.002366068656051522,-0.0025560197203100335,-0.003950222013123942,0.00288307900055239,0.0013843315660498944,-0.0018814500166269548,0.00034577670703579005,-0.001777679844858833,-0.003191156416339125,-0.0002955805017435236,-0.00223961728755184,-0.004186915641117379,-0.0036043781721823162,-0.0020048484956208317,-0.0017167217044653333,-0.0028915686980247315,-0.0031278942886724236,-0.000954225097032595,-0.004248132490234807,-0.001775647815544382,0.0019442243062098167,-0.001809419089668425,-0.0016131797175437963,0.0004629653665372121,-0.0009731512436426532,-0.0013605181381203353,-0.00022153824196330212,-0.002232287229051262,-0.0034863196341977628,-0.003830943704133223,-0.0020826082939566573,-0.002815509053667636,0.00430199086052003,-0.0008075490764262372,-0.006772418066784098,-0.001876820859007619,-0.0016797594264534822,-0.0022814103338961687,-0.00014977872547887894,0.0028414614042504265,-0.0006848147639851891,-0.0014293676189138758,-0.0029224424988115207,-0.0012788563545563887,-0.0018708883828153049,-0.0017371239759648282,-0.004633109190135702,-0.00019972569432728272,-0.0013019261109084345,-0.0020051538609639893,-0.0020029693033326735,-0.0012969930446987514,-0.0035796892758691475,-0.0008134996414924361,-0.0020331995266572025,0.0008132879030302133,-0.0021052999609736753,-0.0037194704398315374,0.0002279524550752969,-0.003623557461927702,-0.001848162054029736,-0.002248977855306444,-0.0011825809109380098,-0.0018428042318839556,-0.0013293175879280916,-0.005118549157836147,-0.0016960162052620702,-0.0015515362226565929,-0.0021924960982191554,-0.007121529522138055,-0.00809390181180546,-0.0032037855636657666,0.0018652033357134876,-0.0016790478426384967,-0.0046304290252526595,-0.0003085619732903699
average_user_sum_friends,-0.008118873782605356,-0.007837583647639673,-0.007950212299326628,-0.008161993332492273,-0.008400044759839737,-0.007367207935455268,-0.008931654782154784,-0.008780109722105078,-0.006495040933990261,-0.01012316708632234,-0.00635008635047302,-0.008906132636557876,-0.0075872304481421,-0.000868098492639852,-0.009504931474737577,-0.008392118740369426,-0.007367599120950936,-0.010575307891509168,-0.009109387877189653,-0.008231049612410508,-0.00800307733226413,-0.007918974962254122,-0.009605244191077982,-0.007764403910649954,-0.007966139756151226,-0.005344884021590748,-0.008859753318263776,-0.008496188396674185,-0.007910265316750155,-0.007948882828897871,-0.009355811123315242,-0.008482573297681005,-0.005497629655258244,-0.0071479351654807205,-0.008162078278142047,-0.008360592795884591,-0.005770544570597627,-0.0083922839070259,-0.0038020128815652136,-0.007085146838630478,-0.009364419896264138,-0.00871460869036096,-0.008027867660694195,-0.00860836006382254,-0.006860829902129231,-0.009475425206654965,-0.008077259928670723,-0.00837149231425964,-0.006869536528328658,-0.007705795856395647,-0.0075984971547599315,-0.008109289149655256,-0.007589316927763334,-0.010104182065856594,-0.008775808987139425,-0.008275893546208602,-0.009371051613727858,-0.005804898848170703,-0.008328119429298906,-0.006201044991203181,-0.009651493070483555,-0.00715054484982687,-0.00797796519768592,-0.008047346466177318,-0.0030079685210727732,-0.008401332152711695,-0.00807327501722134,-0.00853828246781808,-0.008828114600453796,-0.007835034011061209,-0.007479180596395567,-0.008119450497459041,-0.008725181480574338,-0.010503680687050172,-0.008486869468370382,-0.008623960098557969,-0.0079043867987666,-0.007928356056880583,-0.008601294996774395,-0.005280006954855939,-0.006494684033865121,-0.007797847110324038,-0.006119628134336591,-0.007874110314387752,-0.007495084463996379,-0.01128929459562858,-0.008289630376342519,-0.00432247038280725,-0.010212739439380412,-0.00879388892723577,-0.007330383024086342,-0.003497359962960392,-0.005646015249353209,-0.009027285907908402,-0.008195753385296108,-0.00798153154804293,-0.005814642985381702,-0.008114585191899636,-0.00814861290896221,-0.014722747601339195,-0.008790417141028883,-0.007150896757472273,-0.006763825623853916,-0.008517114948929642,-0.007888857400752111,-0.013612374802247312,-0.007748096199927213,-0.008393932063989872,-0.008456951974258935,-0.008730786200862692,-0.0055686975724359815,-0.006715613727601362,-0.0077727077836192045,-0.008175979649320061,-0.006070821283800355,-0.007924657027964082,-0.007660361465343071,-0.007862206922909766,-0.008042393247906326,-0.0076633711629595196,-0.008265380276254005,-0.008267295809543348,-0.00479922646123359,-0.009056370602691058,-0.0069136460489414055,0.000642039697700417,-0.008267905521017194,-0.007782444501295678,-0.009812369733360063,-0.00789159557450711,-0.008357541298621436,-0.009297445766928118,-0.00807309982632647,-0.007343898387326629,-0.0067118062860088284,-0.007675155539994193,-0.008077667054759591,-0.007897348852195165,-0.008146742862835715,-0.007659292626982934,-0.008248031873930263,-0.006752121683325405,-0.00878763844785989,-0.0072260916818749615,-0.008207866841289185,-0.012576001949947391,-0.007233752388546406,-0.0059911784679773615,-0.013347494028133892,-0.0068540192175534954,-0.005743666987997213,-0.007391619941544692
stdev_user_sum_friends,-0.02703975930894037,-0.027174062013551777,-0.027450262156761926,-0.027590276157708475,-0.0277138966950872,-0.019350030083396388,-0.02711177517222735,-0.027250965265717034,-0.026022687165242996,-0.030279453311773542,-0.025489382507942998,-0.02804987510198643,-0.02685841177434324,-0.014922302760221688,-0.02742213501200364,-0.027516711939426015,-0.02595719685121026,-0.022405907643168535,-0.02649276628877139,-0.0271719158743289,-0.027118609382562123,-0.027569414420853904,-0.02792155351690248,-0.02610901566253348,-0.02729891604044732,-0.024915956311804516,-0.02723710676721026,-0.027126106347596116,-0.027612676942391085,-0.02781027614775096,-0.03006027338655944,-0.027578393419145714,-0.025326636139653,-0.026634634221339687,-0.027175244397430427,-0.02716086840583439,-0.0214518328427709,-0.029424300366900292,-0.022495947114688785,-0.02582219305750049,-0.028863915175044524,-0.02731367682315925,-0.02725876046644615,-0.027164432608977218,-0.026107842635021836,-0.030913677232162283,-0.027427493352002886,-0.02760362302002994,-0.025146326521218083,-0.026109663877553625,-0.024857547354857165,-0.027251668143942497,-0.026959963782664614,-0.02910777909537188,-0.02800749495107911,-0.02795447071222374,-0.026665766941264463,-0.026052083033319327,-0.027356193709502017,-0.02436718141517677,-0.027220721602465636,-0.02763190637236169,-0.027252073148133042,-0.027237943786806475,-0.02284056680679876,-0.027048596335979246,-0.02644428097053284,-0.02779172320237988,-0.027646864221322516,-0.026968759912010858,-0.027256658727868262,-0.02744190065480905,-0.02786776989924058,-0.031020387829311137,-0.027723138342274453,-0.02801956912674494,-0.027297512359674703,-0.027725681231962274,-0.028021294974446567,-0.025981492866785385,-0.022562516465193812,-0.02766352353231633,-0.02578358484961628,-0.02722278903198278,-0.02575492777569435,-0.02966127528996141,-0.027501938361150037,-0.01564995759225185,-0.031125938180584005,-0.029553436595452405,-0.026461104980578826,-0.027768602353938125,-0.025449420470333634,-0.028032455803421587,-0.02784553241554107,-0.027143589472776918,-0.024321566452177503,-0.027254694388542985,-0.027502290218751974,-0.024651993512281464,-0.028323682998293347,-0.026749950975677738,-0.027990607581648213,-0.027551920458397692,-0.027849526064625523,-0.029269656009239683,-0.028061169856315876,-0.02801971006760933,-0.02839869338951876,-0.02858107061959021,-0.025416631191210907,-0.02728686242934127,-0.026866871178483867,-0.0273070483291963,-0.02386953861004095,-0.027540961586896562,-0.02684263553170084,-0.027274342079233113,-0.027594213359058022,-0.02765039844479493,-0.027497581252068967,-0.027279837868498063,-0.025905746150234735,-0.028668204603140582,-0.026167116711506823,-0.021849086884795928,-0.027248721327195465,-0.026971066769124186,-0.027549860553541985,-0.02889081185528553,-0.02757372837020077,-0.028728633112547294,-0.02730266151187031,-0.026402115441364685,-0.027046676306683472,-0.02633634711819534,-0.0272959562897406,-0.027926619991871904,-0.025965911138011548,-0.026998510425748228,-0.02750477368918504,-0.026584364678904952,-0.027805923678856672,-0.026114467298423455,-0.027488280427170286,-0.024306800463947432,-0.02679348523038468,-0.025011413854658375,-0.02972690456094419,-0.02494729162033367,-0.024898770064218437,-0.02608786824003368
min_user_sum_friends,0.0,0.0,0.0,0.0,0.0,0.0,0.0,0.0,0.0,0.0,0.0,0.0,0.0,0.0,0.0,0.0,0.0,0.0,0.0,0.0,0.0,0.0,0.0,0.0,0.0,0.0,0.0,0.0,0.0,0.0,0.0,0.0,0.0,0.0,0.0,0.0,0.0,0.0,0.0,0.0,0.0,0.0,0.0,0.0,0.0,0.0,0.0,0.0,0.0,0.0,0.0,0.0,0.0,0.0,0.0,0.0,0.0,0.0,0.0,0.0,0.0,0.0,0.0,0.0,0.0,0.0,0.0,0.0,0.0,0.0,0.0,0.0,0.0,0.0,0.0,0.0,0.0,0.0,0.0,0.0,0.0,0.0,0.0,0.0,0.0,0.0,0.0,0.0,0.0,0.0,0.0,0.0,0.0,0.0,0.0,0.0,0.0,0.0,0.0,0.0,0.0,0.0,0.0,0.0,0.0,0.0,0.0,0.0,0.0,0.0,0.0,0.0,0.0,0.0,0.0,0.0,0.0,0.0,0.0,0.0,0.0,0.0,0.0,0.0,0.0,0.0,0.0,0.0,0.0,0.0,0.0,0.0,0.0,0.0,0.0,0.0,0.0,0.0,0.0,0.0,0.0,0.0,0.0,0.0,0.0,0.0,0.0,0.0,0.0,0.0,0.0,0.0
max_user_sum_friends,-0.027077503739301224,-0.027164216453900894,-0.027443138390130704,-0.027533693075843187,-0.02758355758392614,-0.01956536577712246,-0.027066618025067955,-0.02721803772328509,-0.026069100955538854,-0.02998510104620657,-0.025509736680141434,-0.028193972122584496,-0.026923432320432657,-0.01576379911900794,-0.027427502918140254,-0.027493948220853468,-0.026062977532864972,-0.02226315437478526,-0.02661067078563137,-0.026983721595863236,-0.027132642642895843,-0.02745985189740982,-0.028113941809171684,-0.02620359769013648,-0.027297606709037456,-0.02471591575953081,-0.027495135972176055,-0.027142095742299133,-0.027623807542020845,-0.027867728627191057,-0.029913685129217035,-0.02749239661530047,-0.025603642978213437,-0.026620498049020443,-0.027205941457220963,-0.02715768924965983,-0.021613403186830152,-0.029379910515888077,-0.022461391936578097,-0.02580420599481809,-0.028747846858480478,-0.02717516369803963,-0.027274369297644426,-0.027384716939752727,-0.026122621612411925,-0.03051150824461172,-0.02743199736652709,-0.027582381425341425,-0.02492314411692198,-0.026193267457328716,-0.02503217315612432,-0.02726668807759368,-0.026935692207550422,-0.029242621925047806,-0.027825432469991043,-0.02790922868243521,-0.026875005565903658,-0.02615023264723796,-0.027302027135962935,-0.02461678810396836,-0.02720644992854453,-0.02760187486350218,-0.027257518259099917,-0.027259135164623215,-0.0226017969332308,-0.02706814569300562,-0.026443726151863717,-0.0277531413914318,-0.02764171532277807,-0.026995536646885244,-0.02724036003253701,-0.027383167393235285,-0.027822129572069188,-0.030771264755571938,-0.027649185115601462,-0.028020968402826363,-0.027284226458894622,-0.027709088784996262,-0.027881583553008373,-0.025974341616273516,-0.02264622181212827,-0.027643368631768472,-0.02570209882930625,-0.02720410337155503,-0.026020906238597544,-0.029862053109630374,-0.02749457866817027,-0.016553155386904234,-0.030760359414372978,-0.02938945953626525,-0.026549467265928182,-0.027481929954849993,-0.025251145009693766,-0.028009042807408582,-0.02785463274413187,-0.027160564753722603,-0.024211660390314322,-0.027270280696254662,-0.02750014447834971,-0.02483429484876284,-0.028345217210182034,-0.02674211279950186,-0.028040302509128832,-0.02756784702773587,-0.027785895703959076,-0.02923086279977804,-0.02799961869238454,-0.028030803797344593,-0.028585361621274577,-0.02852674801177059,-0.025138522522493628,-0.02730688668182087,-0.026870599003324645,-0.027289116673944677,-0.024106566470698632,-0.02773799250813417,-0.026926130052327166,-0.02727247874354296,-0.027603519140217254,-0.027753994446935396,-0.027495724820438397,-0.027293025602551535,-0.025680810378746144,-0.02851594120538415,-0.026110209307845543,-0.02060451184474639,-0.027281878658110555,-0.026996539169075368,-0.02741960805267083,-0.0286579862142037,-0.02757466795447213,-0.028746491356512048,-0.027293306709262433,-0.026547003223153197,-0.02684524073105718,-0.026155459511631236,-0.027307143632035118,-0.027943627674626104,-0.02612786778834712,-0.027051177728473364,-0.02753926830940507,-0.026556244084587496,-0.027825367645252806,-0.026419143722744905,-0.02747248614536427,-0.024298058043191482,-0.026336303678678154,-0.024966845737301152,-0.029738132075860502,-0.02511870779479653,-0.024937860801434404,-0.026020899852135324
average_user_sum_article,-0.0005281466087096601,-7.098981146949884e-05,-0.0005774308669287817,-0.00032869623673112067,-0.0019720552635311694,-0.0022477846501270126,-0.0049655663549167325,-0.0004555106660848376,0.0009891064024277994,-0.0018906858806172905,-0.0007992292012951941,-0.0009418800709060926,0.0001585771584385505,0.008364727089989466,-0.0017403259513819394,-0.0003125823503665774,-0.004472372784417882,0.008494187390121602,-0.001888819697502082,0.0005122186301380971,-0.0003907125096038848,-0.0019597937172657212,-0.00028398035311375924,-0.0016504292868000075,-0.00011822009597998138,-0.0024995178548046877,0.005479618551398099,0.0010817216271457614,0.00041984420895314813,0.00037613420294067834,0.006260618558136102,-0.000584229696187169,0.004440300097724079,-0.0021772366609527152,-0.0006768151862753405,-0.0012738542334806858,0.0001002782964098026,-0.0031660386284617535,-0.002836807994029214,-0.002093269965537669,0.0006518428218342609,-0.001893875562567589,3.556182121357797e-05,-0.00017853220916555848,-0.00031657671277048396,-0.01181230783427108,-0.0013536400927359731,-4.380540979878177e-05,-0.0009855272706845494,0.0033357760554654434,0.0014527500408514022,-0.0003441950312403465,0.0005487971195082117,0.001122180615487009,4.20605764536652e-05,-0.0027363257374052588,0.0007148110235369576,0.0007421721369935451,-0.0003823097382161609,-0.0024340863895558574,0.000680285318091868,-0.0005242990312383329,-0.00027050832923621905,-0.00016353735157635142,0.005886204542490593,0.00021931251480441193,-0.0013197696746753756,0.00027292422427576714,-0.0028027518791523265,-0.0004572804742411342,0.0005534504353459941,-0.0007240524647941816,-0.0022331805917333875,0.001250539841149742,-0.0002461258895437371,-0.0017089756384763982,0.005775106524491416,0.000624608240489012,-0.0002082002971812453,-0.0018290213829826496,-0.0010705304643151446,0.000583826334669274,-0.0009069177648133421,-0.0006318433600902519,0.0003574631624028491,-0.0019554217698521175,-0.000957607099137012,0.005784700974425064,0.001314212492453888,0.0018419746656420004,0.0007998403321527827,0.0020531209008275543,0.006640161432814845,0.001379208189390379,-0.0008392197319735534,-0.00035474170861556683,0.003913511514150248,-0.00029956273078204313,0.00045071868037792947,-0.0013055828204799115,0.0005591610013051754,0.0003252817101088816,0.0036894912780773307,-0.002506642609451589,-0.00236996916054909,-0.0018457615100552736,-0.0007625832360815708,-0.0023758845940854813,0.0007427827502191156,0.0014341736220496613,-0.002883190423446415,-0.0024216092640655116,-0.000450223714222207,-0.0003655701739621259,-0.004733472988119409,0.0003619111991510493,0.00012483473000155561,-0.00018977018201599312,0.0014164239816893852,0.0005721662818390623,-8.422598339102513e-05,-0.0003788652968957154,7.87253791766627e-05,0.001615508381867808,0.0004739010633510437,0.000914422253599799,-3.116514791961893e-05,-0.00010115954729114293,-0.0024512796075311415,-0.004761881716148387,2.804668822970792e-05,-0.0015256756656582397,-0.0002846709179433332,-0.004404458177507767,-0.0022530965387392143,-0.002870418374776056,-0.0003809519066201592,-8.157403893585546e-05,-0.0031246935325842454,0.0005658777249791663,0.0008870019405499046,-0.004327597428939579,2.3870307209062497e-05,-0.0001589342610670806,-0.00024953354387026883,-0.004848584013789434,-0.0049266160888070945,-0.004846296280271423,-0.007366745497549228,-0.0004640198472448719,0.0019764022297170986,-0.004981152758210466
stdev_user_sum_article,-0.007565769464090949,-0.007973236638852263,-0.008328582985314248,-0.007437160753305743,-0.005536745553691815,-0.011084583423771098,-0.00836675004144463,-0.006821838076465332,-0.008865426612307546,-0.008786333659718957,-0.011695317729358307,-0.010486111190018778,-0.007161370015378769,-0.005495828744906573,-0.009014193178497831,-0.008208902623477687,-0.015211560328170653,0.010400926262379599,-0.009868361763204204,-0.0053126887756249856,-0.0083657668433557,-0.009366591719959043,-0.008302538533157823,-0.010187165483434835,-0.007647228369837099,-0.010233406641423125,-0.0029310429217973503,-0.0071643825684716365,-0.009508433244584197,-0.007748381401646668,-0.005255911648544272,-0.008080758432123757,-0.0075003440376803475,-0.004582720525886978,-0.007912823451468914,-0.010192468977480156,-0.00042069954920953036,-0.0047284164765570656,-0.023750194525302207,-0.01166436024160412,-0.005295478099539976,-0.005445687864566078,-0.00812562946936425,-0.001781342272588627,-0.005047927550148999,-0.013411480047512747,-0.009054271137043652,-0.008019470805414711,-0.004627964427739826,-0.004546964099859189,-0.008444054917822519,-0.007897845695862792,-0.007381748021060114,-0.011008260402621407,-0.008368316870281799,-0.01015147921760786,-0.004067694863557244,-0.005105312698272206,-0.007595306298519758,-0.008122407113815368,-0.009191638743469408,-0.009727968977940952,-0.008151020770961411,-0.007815230719634601,-0.0056206375319262265,-0.007264442584146518,-0.008796612615193275,-0.0077880232684355965,-0.0067408792884732,-0.008604714238748777,-0.00860891591857579,-0.006949617342466259,-0.008749566259198252,-0.005927860024874618,-0.0068364078954331305,-0.009325830818948382,0.0030173138487612494,-0.00572790267291484,-0.0075868765969013385,-0.001495291633308347,-0.005173078688276499,-0.007800790591319618,-0.0066663834983205494,-0.008139764909231115,-0.006299057988511566,-0.01738645598845675,-0.00791982285575564,-0.003718539503319117,-0.008284161528961284,-0.006978341290828919,-0.007706973025597597,-0.01384160065135526,-0.00918552035615128,-0.008916414569623563,-0.005459276113900978,-0.008097249660570124,-0.0035404782233487307,-0.007932329497062112,-0.007476973435202018,-0.008014072411603661,-0.005867564480695205,-0.007619193689261127,-0.010705712010992095,-0.007370194287139425,-0.008544114269703744,0.0014353169318238358,-0.008560841862365547,-0.005506450804426837,-0.012022088976424167,-0.008634831591952975,-0.008284175250636133,-0.013139099377965112,-0.00716534503601104,-0.00804547463786107,-0.01503468854051861,-0.011551348721864203,-0.00789761123734218,-0.007899199688079355,-0.008803527084617534,-0.008408802810479687,-0.008376448884137702,-0.008098898434385639,-0.0018312546689775331,-0.013198439143460217,-0.006437736538239189,-0.011486065012800676,-0.00792100651300654,-0.006760883984578697,-0.006316221778056758,-0.006042312890589915,-0.008441706173655458,-0.011234896422930098,-0.008119531221532885,-0.012323779624328714,-0.004558164175067707,-0.012778369393671258,-0.008015921162909175,-0.0098270988128051,-0.006904915831512536,-0.007642614668424114,-0.005371572128538443,-0.008596652328536753,-0.007462119762116925,-0.011487401230797972,-0.009038392264301365,-0.00990148402758009,-0.005167455083048302,-0.010077662027040812,-0.010968883996019795,-0.009534616508917109,-0.006027215177305603,-0.006297428567697036
min_user_sum_article,0.0319078994819991,0.03243178236597466,0.0325333578512806,0.03169367032166108,0.02793540670967127,0.015795871138673152,0.026655271907546282,0.03165027878161656,0.03166861720058456,0.029102753234494842,0.03488231488339409,0.034835108971090545,0.03263470965615367,0.03466509330132037,0.030905237328162912,0.03205064709624868,0.027555187911523296,0.03404400724226768,0.03510476768743713,0.03285121873277333,0.032432928975472626,0.030120257098677748,0.033261772926767866,0.029475982826189143,0.032104796066164655,0.028942845722716735,0.03386300439210238,0.03370119923564421,0.03346451564162649,0.032350688020532745,0.02743829072408397,0.03165570313154171,0.03738236679982425,0.027080093071352396,0.03306626450730682,0.035957132722359286,0.022871400447903846,0.029541404059628518,0.03071685276030115,0.03442683415820944,0.0293768269306673,0.02472873069733577,0.032617482317264294,0.035229205017756476,0.029378282157589315,0.01334039135033866,0.03138166562560832,0.03332316942034079,0.02683401462275158,0.03428422691244831,0.03665991706800742,0.03234111877934556,0.032230790107025356,0.034845992992080244,0.032031411427450376,0.033581022798070764,0.0341477353808409,0.027967101819374604,0.03310936362462362,0.03024868294607181,0.035838916655862744,0.03398118643669458,0.03244089350871511,0.03243513416910092,0.02722063754822381,0.03207433912316687,0.03261176371910439,0.03390608750389776,0.025079743844059886,0.03256207056128423,0.033501215936837456,0.02946475350875402,0.03112551782052241,0.03249741137121686,0.03232748308158108,0.03128519548971655,0.039914114628251805,0.03257138428455747,0.03194472102468432,0.01972449770645187,0.025814594418048162,0.032872394660247155,0.02549394674717197,0.03139929193229963,0.03361366188136083,0.0366064360428976,0.03066199426653724,0.025413063655221967,0.03438853073010753,0.0282681995347406,0.036518400862662115,0.026497489173009592,0.03636578510235625,0.03317534947865646,0.027634177740143612,0.032400353640597804,0.03436194512364032,0.03252811646245233,0.032744783538558635,0.03171640906702882,0.03279919000207381,0.031748000635472194,0.03479261425339568,0.030771009560713034,0.0326103358396911,0.022586887752527963,0.03170616096643102,0.029663779419092734,0.03967548762604337,0.029758488574460524,0.03201872320445795,0.03004931936593699,0.03180357580021592,0.033756086983491244,0.027831626995072047,0.03773048667163534,0.03182127756128088,0.03345198398616542,0.03766915827115944,0.03323950544421947,0.03312531739002156,0.032262200029371566,0.0334819611321228,0.035174009834941844,0.032070196093674785,0.036956364077223164,0.03244008516355007,0.031802559421563174,0.02844432205684276,0.026979967014477624,0.03319580139032041,0.03221859649760464,0.03233411819743028,0.03218230684152534,0.03282577931805618,0.034785465239035814,0.03245789752608485,0.0314807442045686,0.031701661620619076,0.031599205607176196,0.03197685700461338,0.03153099638760762,0.033267951942806205,0.04168497647684881,0.03269079319333953,0.033960007119757975,0.02033912632120426,0.02887476935122268,0.026530663071211283,0.03305787928076144,0.03621981983125123,0.02813372243679759
max_user_sum_article,-0.004674029986925642,-0.004718512873706937,-0.005191742690876078,-0.004574478382806188,-0.004118994184030035,-0.011938847539755921,-0.007608001761840013,-0.003432536563421785,-0.005446805934004058,-0.005765089239605383,-0.007918029003677265,-0.005879581265263114,-0.004135137109939024,-0.0014307741091118672,-0.0066374731357487,-0.00476825983845982,-0.011891025955247408,0.012789752176198621,-0.00551794247884379,-0.0019802010564601204,-0.005317966160770295,-0.006653933636324325,-0.00494870912178908,-0.007581153795649995,-0.004538612737811124,-0.007215287774230861,-3.48484140733768e-05,-0.0037090100533042104,-0.005788624407378342,-0.003898568569564647,-0.00493167849250381,-0.005291642183272114,-0.004220233205108044,-0.0041879744851851175,-0.004290059906176489,-0.004529170743418911,-0.0004393276833408472,-0.0026407016439261057,-0.015378835364821002,-0.008608868637918578,-0.002492333367846573,-0.004999458573519208,-0.004858885127714976,0.0009309370213563452,-0.002422549453340207,-0.015229194535118229,-0.006023031353804661,-0.004616029070536952,-0.0034213917695930848,-0.0015995024797678947,-0.004238063196334153,-0.0047577001031074454,-0.00421622672826678,-0.006687824304678519,-0.00461576254439006,-0.006904127149295927,0.00015074114983951864,-0.0035472786157346413,-0.004022538977657213,-0.005549977294334139,-0.004782573229854889,-0.006036819521403905,-0.004923124311169562,-0.0047069748785061975,-0.00024444919168571146,-0.0041673473567974415,-0.005430941480420318,-0.004656131779872228,-0.006046674818759352,-0.005311586141248808,-0.005135965222887924,-0.004797180199856935,-0.006044991899521965,-0.002674083142279367,-0.0038292973235665327,-0.006425228729151562,0.005213046022588377,-0.002761102703426518,-0.004405973492020023,-0.0046107369551424355,-0.004017358402413909,-0.004715644448921223,-0.005409246598764466,-0.0051902179565067215,-0.0029549368487804296,-0.014047080946260275,-0.005336696026071416,-0.0037289308979332175,-0.004284243279907585,-0.004482501680114074,-0.0030404874347208207,-0.01113466841146252,-0.001984432209875502,-0.005270701971952145,-0.0036538562624272037,-0.004932079115160992,0.0014772565095682354,-0.004733925147919104,-0.004267078893984898,-0.0037940438371465877,-0.0014143105038010584,-0.004542041523963809,-0.0056226544927143254,-0.005020339230890661,-0.006162043696748246,0.0004927446304574135,-0.0057341893034632465,-0.004318703240940948,-0.005235323243713582,-0.0075909466363577975,-0.005402564753913521,-0.010480603813714918,-0.0042788214730911985,-0.004303748376177054,-0.013077892542967703,-0.0056163955382808,-0.004832788402677503,-0.004437504806373309,-0.004080224894104782,-0.004233651442211286,-0.0049118848610081684,-0.0049699205171745,0.0009610666628238982,-0.008197215708801936,-0.004094135600719377,-0.006104189062975118,-0.004672732069860161,-0.004039739415690623,-0.0034559743842084833,-0.004659586502535932,-0.005043436052452378,-0.007222990904067867,-0.004984275642090143,-0.009292411374558752,-0.0019773067719604694,-0.008269947996670307,-0.004805428199786402,-0.006414387883340118,-0.00424733173329144,-0.004561159106697247,-0.0022948788996184034,-0.004719469478871025,-0.003861666908038945,-0.0067351121279368,-0.005667256802797425,-0.009179758591608541,-0.005623440701783623,-0.008309513397190112,-0.009245670491149903,-0.005862801160002814,-0.0018592348416728273,-0.006153131765889969
average_user_sum_argue,-0.018301028504885894,-0.01902372507435113,-0.018665231257317918,-0.018427124532509196,-0.020034463137431912,-0.01596263622265928,-0.01684270787025937,-0.0188525003350132,-0.016660911838234732,-0.013931497522478593,-0.018599220223815126,-0.019894849295918803,-0.017537825601743738,-0.015675368253895327,-0.01728058104859611,-0.01749994041244767,-0.02034100672360973,-0.012847041260297454,-0.017408987278767774,-0.01904210912671949,-0.018400244796241465,-0.018522992541773114,-0.019140751503773347,-0.01854833117313818,-0.018721752496194427,-0.017944924415918162,-0.01920354691126763,-0.017928558004972412,-0.018191763050247264,-0.018863701915505744,-0.019027585653565257,-0.018348976230486955,-0.018110452687541093,-0.01605914242640743,-0.018612616463697752,-0.01748625483513201,-0.016026923853513494,-0.016793570956109526,-0.020425796123267587,-0.019851969438305726,-0.017842958545312815,-0.02190836600319602,-0.018367036998578525,-0.019091174295617283,-0.019254219984409335,-0.02388516735315404,-0.018684731236833372,-0.019006857563998364,-0.017109654468000834,-0.01759798106324387,-0.017738268654408463,-0.018359314400280262,-0.01874880146277108,-0.016035557789170728,-0.019910978208730654,-0.017792495826536806,-0.021196180955149562,-0.019860761385508484,-0.018019830990619934,-0.020428391493456804,-0.019469432919000364,-0.018873533325929497,-0.018186550844249135,-0.018460112458464798,-0.01693405360199884,-0.017785051820041285,-0.018409324732334444,-0.019073279911771587,-0.019598544514828585,-0.018735883136090363,-0.01750954747190794,-0.017875713184039833,-0.01893451654559977,-0.01833129358283737,-0.019210025829299447,-0.01834731813265075,-0.014663907251799106,-0.021626934103399765,-0.017744096996323393,-0.012612046785059585,-0.022240860611189652,-0.019236264240207454,-0.018327396521807246,-0.01818783421438969,-0.01757057985519651,-0.01786349942906677,-0.018056146448623488,-0.023468144445139224,-0.01870251232267329,-0.01794619010666552,-0.018596629710915392,-0.018252850941533276,-0.019193761101408666,-0.021221817829816816,-0.014964880329162579,-0.018268579025693878,-0.021696154009177366,-0.018415636393065343,-0.017302592128095262,-0.018149057269101748,-0.019450470328300787,-0.018788374472905947,-0.018073980105291335,-0.01810301300644555,-0.01878676397587746,-0.019986521801345948,-0.018703890161168295,-0.0164193261881094,-0.01639265030795303,-0.02165657939924525,-0.018161038651764036,-0.017547077528392345,-0.018227086435077852,-0.018998471616660143,-0.02079361764912614,-0.016719495655332168,-0.01949239808003375,-0.018564601079813482,-0.018681502201259748,-0.017377583437613944,-0.01831669558624334,-0.018200745629901288,-0.015167403622549511,-0.017346387658050612,-0.018663436286395017,-0.014180428472742937,-0.018398353654716423,-0.01842145334616408,-0.018985565228040794,-0.01674834474679223,-0.017644249779675884,-0.017752815133912383,-0.01826284406666945,-0.016884824511878643,-0.007531675348085503,-0.02082370694265235,-0.018370263816234265,-0.01749991629466503,-0.017256407970891518,-0.01875899405781644,-0.020326514127934934,-0.01728377718055097,-0.019057044615222635,-0.018322314873324603,-0.01796133898799256,-0.016403675815241176,-0.021425816656745873,-0.01644402513291632,-0.013663602936470941,-0.017897218113381692,-0.017322023137731644,-0.021846048158720925
stdev_user_sum_argue,0.021827749434076532,0.02132482688533038,0.022068934613988535,0.022435366377826862,0.022022275180838217,0.01570251491339477,0.024182072777455082,0.021394254258347806,0.0238601054394842,0.02510107908514829,0.023307407479000865,0.020096642262370477,0.0222372701197808,0.01890467139310039,0.02101719383622772,0.023445557792862462,0.017013670649162933,0.01906174312636278,0.025005645516737493,0.023936190006656085,0.021485365437792864,0.02252788220506275,0.021267099528127737,0.02122089065108646,0.021606031323781905,0.01973886452725396,0.014778902906132485,0.022306884449462796,0.020033298691186086,0.021504587532898353,0.025017459999912024,0.02369372488640579,0.019562633804964494,0.0200481786147529,0.022389801385526667,0.02212143861905257,0.023398147378307248,0.024185567362523953,0.023507658786254822,0.01987235480721339,0.02312775280777357,0.020594320434679497,0.02190508897243607,0.02269624563489154,0.021408067185861752,0.026104574927802424,0.021595909492018065,0.022188833945805425,0.019965746660718597,0.024672884827700095,0.02210234888617762,0.02194353641920735,0.02110109072485924,0.020689035140727778,0.017639658354812307,0.023820141877238077,0.0148344066837107,0.02184490042810415,0.022667109272550758,0.02006998828898042,0.020999813956377043,0.02147185600795573,0.022084501070132937,0.021953814249609516,0.017282123278480607,0.022223579710298362,0.019898496428445663,0.020268037873922815,0.013772057414114587,0.021159138519073598,0.022029146674743795,0.022429992606117926,0.02515100141973934,0.01690264093822203,0.020143948224110333,0.021249917164849287,0.010370696161285251,0.02428983460737616,0.022684739177832584,0.02676923662724815,0.024761728709084774,0.022047170065799215,0.02194084491270723,0.022055374723056055,0.022019636641365206,0.02400856041214013,0.022403128632685537,0.015207591372288859,0.021919696664118776,0.020363438593191698,0.023757412191304575,0.018668485403802684,0.02011881103205657,0.021565059470137,0.024121749202982386,0.02190593304646083,0.02164789328534355,0.02192633190359012,0.021507088139399177,0.022245080004262962,0.02016100258913992,0.022336484111341308,0.016932580047448895,0.022325927444876062,0.024165118214302023,0.019502014933384715,0.021460958139082248,0.022692444454598615,0.02983712050688773,0.016881717561371072,0.022198100007098487,0.023148124401425243,0.021223285392088394,0.021912544511979302,0.011283450445198313,0.02698377262454585,0.02072586712645667,0.022326122529557343,0.020700468777103458,0.022127046757482262,0.021562814095974995,0.022104505817021773,0.020578706461789196,0.020737431029256938,0.028544003368076436,0.025424346382110715,0.02134324977109353,0.022743547627065243,0.023871273763665303,0.01994300808620108,0.023084181792214574,0.018687548753085953,0.022398667099833385,0.022925920386407755,0.028038646560316637,0.020664482024890553,0.0220233251156809,0.021367348284980003,0.021195890284225073,0.021839597744195523,0.02074735081209342,0.02512593946354181,0.02152887098482476,0.021822879920359233,0.02236955141898122,0.021547783010391387,0.016121147733702674,0.024679465757425665,0.023047539257708794,0.02202445429825521,0.022607277238089772,0.02380083005354744
min_user_sum_argue,-0.0053880199169662815,-0.005610981666548337,-0.006220178854119848,-0.006085908318572137,-0.007450641743613289,-0.008219708238616254,-0.0056398626788465925,-0.005694148744429188,-0.0091849139720744,-0.003309579905835549,-0.010226584791134242,-0.0045759116099817546,-0.00499039037217772,-0.005146802828701082,-0.0038400483380271588,-0.0062425836841102245,-0.004204436075988966,-0.00332129613592107,-0.004912285464582623,-0.0040291519741132015,-0.005290530919845434,-0.006102768898677674,-0.004186555936455897,-0.007771097472331373,-0.005829612183899198,-0.004252177223566411,-0.0065245231020241955,-0.0059648361874457476,-0.0023404847554307877,-0.006465758954381102,-0.002935313049734132,-0.00657126804143709,-0.006217710529594807,-0.005115845192732855,-0.005294611509012077,-0.0017200560973562647,-0.015095918704114534,-0.010839544773428592,-0.010140141380808036,-0.008284478067285921,-0.0055532387598931305,-0.011568239016055368,-0.005347560289992687,-0.0061562227527916825,-0.0053719095895074336,-0.02089349800028384,-0.005914028170951395,-0.005497992174228368,-0.00832801156392462,-0.007043000534343406,-0.0042873818108738505,-0.0055390433399377745,-0.004868743103080461,-0.0057523382370537925,-0.002379913907869127,-0.006218835797732837,0.0036803121277979352,-0.00522743106397565,-0.006708506761176059,-0.005692611588991375,-0.006294171292738959,-0.0054785805692131335,-0.005390558131251746,-0.005693358174251791,-0.012852458783104514,-0.005671365472190543,-0.004817198093890671,-0.005772267498357355,-0.00028501229869378614,-0.005031340883055284,-0.005259378051552957,-0.004512795696854303,-0.006123799017080555,-0.0033536889340991145,-0.0033977195854887707,-0.00581750509745837,0.014002950460928809,-0.010529056991484903,-0.005794403717461671,-0.004730457293834707,-0.011488642982721895,-0.0075843559433053966,-0.010241158555488687,-0.005653223073489037,-0.006275793546042015,-0.00815226930275704,-0.005384402754703262,-0.010632499829318746,-0.005434394415740401,-0.003099335064226291,-0.0067108660155825155,-0.007713157779310035,-0.008741902599376638,-0.005630591523892555,-0.0008965208269295956,-0.0055421007893629234,-0.0058805558508402645,-0.005584633410920211,-0.004819533976492353,-0.004935574315297961,-0.0054828378147623365,-0.0063120655358306285,-0.004168609709362522,-0.005584383127048639,-0.006318967069740741,-0.0031791023288721965,-0.0054897507638465085,-0.005279645753678151,-0.013278545821905584,-0.003679550176779652,-0.009998007398221261,-0.007475139890357377,-0.0051666860922237046,-0.005629227737400188,-0.0025856742536336675,-0.008784503520248748,-0.0064654304905414454,-0.006267489163609766,-0.0037248687253178796,-0.003024751053042514,-0.0049292060022555345,-0.0054518746886303565,0.00010225352997808926,-0.005179169139060479,-0.004865214328404244,-0.0033619828463729417,-0.004818352413269366,-0.004729310228675282,-0.010395220557285006,0.0017017739732935865,-0.0060196048636819224,-0.005211959470698871,-0.005527315248336171,-0.007480912929092835,-0.008649349437074605,0.0004766123323707988,-0.0056302466669360725,-0.005137635170039954,-0.003985663312054405,-0.005630094805842199,-0.006099598516271461,-0.001487095367832575,-0.004332524659356472,-0.004579554677252591,-0.005709346790927654,-0.0018505828661779826,0.002192393256098474,-0.00483854287979473,-0.004163943614123458,-0.006229327725362128,-0.007611007400328253,-0.011373533358878979
max_user_sum_argue,0.00462473704864573,0.004023806135591161,0.00438411542498059,0.00470113660668646,0.004705174431125975,0.0018571699383688085,0.006220497763950009,0.003338598055441861,0.005571186252785531,0.008128298652822157,0.00515365945103529,0.0033494904594842285,0.004906661190006226,0.00033126656074065897,0.004434837205934433,0.005876781944044576,0.0005914857604117953,0.0033555843880645614,0.006888914005064105,0.005959039038526841,0.004171618643003409,0.004732562697272871,0.004278006743612162,0.003835132849299573,0.004085428768250264,0.0031327728872654094,-0.0019472251399460377,0.004833658695430718,0.00325957544348179,0.004322606498349396,0.008667230976400767,0.005343574545199497,0.0023122573320700016,0.0037730852574074727,0.005087563810853287,0.005481545755257278,0.005057344339657408,0.006555362270283246,0.003668844043085439,0.0026997119552565306,0.0052965167555589256,0.0014171049684614974,0.00449857997181663,0.006109168155036829,0.0043545180685382115,0.002568731726487524,0.004181048165038212,0.004562298217905023,0.0031858532850155795,0.0065649071779486055,0.005362942286655223,0.004531151795410356,0.003974232455398612,0.004214455967064566,0.0015618282796120639,0.006053836114359765,0.0005788376156914583,0.0041822775175475654,0.005221080006849319,0.002916673001450834,0.0038419868424024242,0.0042996565571607505,0.00470234521401235,0.004461151373135897,-5.547313111607319e-05,0.004755892582598131,0.003228646730234711,0.002986729502525917,-0.00010474758213700058,0.003948262043931096,0.004814730502784859,0.005001209018786253,0.006486226413254886,0.0016531551523304364,0.0034193702208692445,0.003907065609219641,-3.5455061446313524e-05,0.004880136833943543,0.005274401988682058,0.010996611628721169,0.004565384667222179,0.003869664544119876,0.0036451793444616694,0.004776802885031999,0.005000648145857555,0.00669019780465983,0.00495885904898094,-0.0021373620656429983,0.004019459511561858,0.003615415343587884,0.005529789889388435,8.683600533816033e-06,0.0023662938515330856,0.003649313272534385,0.007547647465251266,0.004550364026550801,0.0026996332050521522,0.004511931372237606,0.004511871464009418,0.0054004941141750015,0.0029773131726211835,0.004472385017425914,0.0016118789606268114,0.005156399916440176,0.006198097184896556,0.003168747549311967,0.004207364478418213,0.00592543485662116,0.014699261726416168,0.000530956114014311,0.003097452740727289,0.004848564869204576,0.004012326131560152,0.00443317580385931,-0.0034788289069794913,0.011271755262595193,0.003111294744653187,0.0043066946017273275,0.004208895033114682,0.00540179754189803,0.004285954952727437,0.004795965756509157,0.004711276251544057,0.003227370363627982,0.009504462843512196,0.007951684354240755,0.004345532286191098,0.005213569648160027,0.005007823344958622,0.0040237221974327685,0.005408452472851877,0.0029997400146406263,0.005046284573258727,0.00602201089777368,0.009124555626013692,0.005686606403387095,0.004572053294341037,0.00435022801270513,0.004610744123116836,0.0042364610943652625,0.0029489891996797683,0.009110864655798315,0.004506390826718207,0.006626829234366343,0.00531561215609172,0.006506819578495533,0.00035000933241221416,0.006981277042847709,0.008015945596357085,0.004785724554490611,0.005059287343147853,0.00519057282082557
average_user_sum_auxiliary_verbs,0.03350984552413035,0.03311022765569877,0.03325439705067168,0.033088549445310894,0.032468812800849255,0.027616028201581277,0.034840593539141367,0.03212114899806161,0.03405661782937148,0.030757342678736206,0.03276764645614246,0.0333867682333779,0.03349809406788432,0.03200765096458105,0.03275986583879181,0.03315155130692199,0.03033690350067543,0.02521478945821188,0.033759194274031436,0.034010559112613706,0.033639649503140294,0.034413279900359486,0.03301112779207116,0.031617196235137236,0.03326961269945379,0.03275972868931992,0.03554500977025883,0.032451882453061784,0.03436681602933792,0.032159641123978205,0.0269753412884631,0.0327106302429437,0.030390911828712595,0.03520533943000353,0.033346609841564546,0.03323782167360217,0.028867902176908107,0.0367678542772595,0.03217465841454494,0.0337575099770336,0.031332956122240484,0.032165172906491686,0.03335358331760753,0.022945594913681845,0.03208241667812627,0.02939461787382625,0.033410741223692336,0.0326741933583506,0.03211957396567939,0.03488945337191389,0.03217697519560557,0.0333841776589547,0.03338140579152234,0.03323085735857103,0.03174152538173214,0.030655493856031925,0.037495741521344925,0.03356899808377277,0.033939512052774394,0.032546452216260055,0.031874036849139156,0.03363249734570789,0.033424926556411085,0.03344516347537846,0.03290031300175588,0.033296571757447366,0.03321499676129969,0.032227384285540284,0.03224617231369518,0.03352223171696921,0.03384532588998394,0.03308799901333859,0.03289462610465107,0.03438125662874366,0.033305388563858396,0.0341924175642135,0.04050890886209339,0.03138599202702629,0.03300795492873815,0.0341928605307074,0.033223511528036195,0.03247218649741257,0.033899607523914486,0.033900026072446666,0.034515544574875635,0.035419231239000745,0.03338562233731406,0.027573937276137106,0.03459113277620151,0.03144855075066999,0.03471912542611298,0.026833931081756017,0.03102416939262135,0.03092490209651846,0.031117673830317213,0.0333852663057128,0.033000565919742125,0.03341525263875494,0.03318905704171384,0.03271458498987179,0.03044482488392236,0.03298577705505196,0.03325266067950175,0.034356101299686075,0.03322957672591086,0.0329710707517572,0.03384000708825721,0.03477468944763976,0.03670244059236499,0.03139290381211009,0.0323779269293515,0.03228969138923613,0.03369901216744305,0.03352914326628787,0.029237273448547124,0.035865506215053994,0.03306699913617677,0.03332437125406821,0.03192466519772308,0.03376722861560537,0.03324255881259786,0.033161377712840126,0.03418618982669082,0.0331996834524712,0.0333506176465663,0.03495127131583043,0.03330872670726717,0.033005592224327245,0.027216359989933075,0.031799011800382734,0.03380126640799879,0.037752037235542796,0.033107337343352666,0.03118083865370183,0.034512407195350266,0.033956706321911105,0.033451707147421045,0.03412021032786932,0.03690176936528451,0.03335070025195112,0.031901261380209385,0.031037995385832087,0.03389593313398602,0.030117669621836568,0.033643289113319035,0.03223099902200583,0.03716570311668877,0.03246253664165978,0.030735911833530204,0.03369804157819967,0.03469063301497684,0.03317099622988045
stdev_user_sum_auxiliary_verbs,0.028782225435245792,0.029092816114662988,0.029278808203244695,0.027881455821988286,0.03160792723456858,0.018167199894113452,0.028483304007497174,0.02995737896069426,0.029466275018069286,0.024770487658929138,0.029487572449275173,0.028219764770087027,0.028039209731441687,0.02303766910785013,0.027379633391397516,0.027912871997291793,0.02923765892852992,0.019064878592867564,0.028296129127320796,0.028695973597712435,0.0292599148620658,0.030821064622271476,0.02774438885860866,0.027356888757141987,0.028275588820207885,0.02548018347176525,0.03263076927266839,0.028229495939700897,0.027842333364310537,0.029015868450144096,0.022329566327761466,0.02784747870998381,0.023883890363284956,0.03335342099944062,0.028099374514198024,0.029920619310629493,0.016685370402675932,0.0324537931171118,0.03560463012827014,0.030804072689136767,0.027693791451646348,0.034089726015298215,0.028445034823124053,0.022449321246806334,0.030068629490243873,0.0313969604535102,0.029415891463755842,0.027747194668139522,0.032029213646593876,0.024902418547186826,0.029924881167879953,0.028841600831016313,0.02890337370459252,0.02720839718215938,0.02953082342555938,0.027710216483872292,0.03794880760988932,0.027624976830367264,0.02904662155409056,0.026983621558005363,0.030381533900407813,0.027158169524791786,0.02885320080213837,0.02880995089894412,0.026533868510181937,0.029421649722372788,0.03110724538918324,0.028463406857786255,0.03518975673015738,0.02856532748535579,0.029649828957527557,0.0289829282722265,0.02948462247115699,0.02640583192685545,0.027993556078073575,0.028950923603152753,0.03455013878453519,0.027808799421893966,0.029317804271060066,0.025194992500257557,0.027007288034335948,0.028773104951115264,0.027488356510002233,0.029559863416551587,0.029342799478708277,0.02718410143787781,0.028068617119224294,0.020305730238334624,0.02891752449727292,0.029186247234485558,0.03080050114056378,0.03123372442179009,0.031937190075882506,0.02834674181617374,0.026416994474251852,0.0288371470297682,0.03385797962553469,0.028949778140935682,0.02857863209472097,0.026572670159179853,0.026942074155176916,0.029275013651928493,0.03472889969793251,0.02930406245309186,0.026795753953232013,0.030549986383155706,0.02852717429239509,0.028309096251199664,0.02540834463460589,0.026714245710948503,0.029988982288303677,0.03234726817077718,0.029470134262964832,0.02927688460968921,0.030013631890806407,0.028110108109501774,0.031436499406312574,0.02748454185347654,0.027598948773949826,0.028027359325284003,0.029263726279518346,0.028557054803661382,0.030524318356781058,0.032425981891359215,0.027188415029566815,0.029782093912735372,0.029316907282826283,0.029631248508773092,0.023641973610301025,0.03074055705655095,0.02842336490091007,0.030320528587196433,0.028416701390811525,0.028719790002572368,0.037642423457452674,0.028903880074549457,0.02879041734200376,0.03199176997467292,0.028515543987757748,0.029242865513524532,0.026864669590387802,0.029319377877951438,0.02929066981413969,0.021754417095212725,0.026967102213466147,0.02255472503558953,0.031177142061808095,0.031385773607235504,0.024472093562314997,0.02912482751245396,0.02855011840585466,0.023426130988681855
min_user_sum_auxiliary_verbs,0.019060642305363314,0.018440640366173634,0.018197372580834856,0.018935417121590605,0.01706369545889813,0.010232755266114989,0.020708586747961312,0.01637154215987932,0.018828869890119507,0.019611132629212963,0.01891480042519792,0.020918123724727,0.019322515655856385,0.01797810675657282,0.01841229831579099,0.02000859709343285,0.020292926603821093,0.018956978799552986,0.017938256181554618,0.019189111934143625,0.018767306166036835,0.016531080285984427,0.02067332440750649,0.01720686766548426,0.018873741109497567,0.021524540175764054,0.015798945772133952,0.017086671981017428,0.02069401974783885,0.019163129662594612,0.019653979104265112,0.018653954858766038,0.018796417033981154,0.015581990161442377,0.018769084990501228,0.017930253996597485,0.016555920754420923,0.02248814931846653,0.020642239036344746,0.020160690664909345,0.017042508919546825,0.018569764714706633,0.01941887938467283,0.016392716055101245,0.01773294287319589,0.007355721171037381,0.01952646349218823,0.018613764033805442,0.010028461833358798,0.02088124902384353,0.017148103770483876,0.01902220738242258,0.018704653779430168,0.020346901018105955,0.01775050854057523,0.014772366666540629,0.01692873599856857,0.02054328692252524,0.018446018816121814,0.023152225385199128,0.017266051934187534,0.02082410255973866,0.018866512976897593,0.01911469754659579,0.016229024739081055,0.018713791823097792,0.017695284564005844,0.017520008361476377,0.012792306140795528,0.019646522664914227,0.018762109013939734,0.01797037701041286,0.020209969736405726,0.020954319724988908,0.019606465456458323,0.018326009654394227,0.026711595873518314,0.02071589573284525,0.016711021180474482,0.020544327353711055,0.023892672729547083,0.01868238781913207,0.021633778531675932,0.018777990398139138,0.018709302730729578,0.020669917177840544,0.019518110567554606,0.021015369502489133,0.021264137948836796,0.018015719855246293,0.019948381311883052,0.007646097761586922,0.015678385059165446,0.01756304538151373,0.016074964636895072,0.019077900155391323,0.0170460980563631,0.018957383052001675,0.019859308131603012,0.022102953867070882,0.018777817345212097,0.01814341331449314,0.013647920665188662,0.02081172756536703,0.019762201203865848,0.019812329744378958,0.019802679108394533,0.0208167123774008,0.03379803250439913,0.01966166316806988,0.012916183870428907,0.014055080841031728,0.019258816847169923,0.01940718246364696,0.017530720928955787,0.02812419284143638,0.017886611268356986,0.020625649755838377,0.019873033317719224,0.02160751738959569,0.01873286341723992,0.019010001912019823,0.013379085229941752,0.012767290297090415,0.020061610265007447,0.018499538847011686,0.018532510413702435,0.01873447212335068,0.014258875452212577,0.013941911868064233,0.018718755654279596,0.02412532321617513,0.019000597317816163,0.016829652388763175,0.008265747685944944,0.019409207221532852,0.019181145191453745,0.015596316667631196,0.024808961090830077,0.017548187658663,0.02032278682418984,0.019048864718838442,0.019989846947070865,0.023359062802510426,0.021376799771102364,0.022837785591815776,0.01843985435571573,0.015649096704959616,0.021336871181450112,0.019819905550651745,0.018473748467522873,0.022948416904203583
max_user_sum_auxiliary_verbs,0.03092911666300264,0.030987617908612923,0.031040479718101657,0.0300971662827239,0.03234396104439687,0.021172412299647086,0.03155590802893775,0.03015277586219657,0.031366994998054176,0.026869528653556088,0.031725523757050185,0.03092643604596968,0.030363130902033547,0.026267499943822794,0.029234411885805587,0.03055534936677556,0.03173963046919276,0.02302342401922692,0.030022224404318926,0.03140363582066329,0.031120840024446855,0.031601360478370394,0.030374826121118165,0.029191649356029366,0.030487192536186106,0.028737325747410364,0.03459781254716022,0.02960624801898966,0.031121798159508055,0.031336749741704154,0.02669969991303231,0.029837666522743347,0.027040043868230314,0.03356605350108974,0.030606909633037974,0.03192883564846649,0.020127695863879844,0.03412218953293392,0.036187113986357544,0.03226969687083922,0.028791695075781304,0.03397262195892227,0.030760755008004802,0.022012317978478184,0.03140716582624572,0.02966413079395558,0.03154128309496473,0.02990533337565818,0.030500242386735543,0.028787105927850408,0.031164528695166616,0.030927968688947788,0.03095481342283286,0.029189255166088522,0.031232091945838543,0.02867490008063751,0.039501681808617656,0.029941919331952463,0.030899603372271905,0.03034853358976892,0.03139927916291723,0.03051194923163663,0.030902445463570936,0.030924482801630897,0.028471967709630657,0.031226309040209253,0.03217744343028792,0.03020069355844443,0.03288007095595234,0.030986272766360234,0.031621165449824684,0.030671126514213862,0.031912032946821184,0.029887710416537157,0.030539278191761502,0.030900770077138918,0.039090248465023326,0.030443945790965734,0.030675657023468608,0.02891908410083656,0.029295510471343246,0.030890719864518135,0.030665208113067256,0.03153295315259135,0.03131884050204049,0.030228490120099327,0.030459164715906668,0.024037591112691464,0.03176196478670712,0.030934917311134527,0.0329331140901701,0.028610928722449365,0.03215031906227677,0.030120657619900272,0.02777171455856014,0.0308915550648765,0.03423172509952466,0.03100677456263095,0.030663082355534978,0.030974681861364685,0.029337643275631393,0.030988344763928442,0.033357289806308955,0.032061543008798724,0.029696076636254846,0.032022100275207535,0.0313920485280496,0.03135920402008297,0.03646924033029713,0.029168963332960735,0.02746952794285979,0.0313557739572627,0.03158795521133376,0.03148512764381795,0.03273969885993816,0.035603098806935116,0.03241953266764738,0.03039667387575298,0.029923776789088093,0.03128979751582039,0.031044885358827504,0.030715050616080507,0.030405109969850286,0.03232419532513861,0.030000155709394558,0.030848293691025368,0.031154729942104862,0.03135197958765663,0.024275374339006166,0.030363931764658403,0.030452096814640672,0.0355863309685356,0.030474667407249204,0.029402905832870342,0.03321630226208582,0.030632181542967256,0.03094828178488952,0.031994862041270986,0.03316189274355026,0.031185764571010657,0.029521807820639272,0.030901568595232874,0.031815486559717124,0.02664329246100783,0.03007053207006355,0.02532856171760709,0.03310834011988948,0.031118569993579787,0.027081345831341884,0.031777689043960895,0.03059344425060606,0.028084687350479667
average_user_sum_cognitive_mech,0.014613596596254842,0.015241479129458026,0.01487392003505036,0.014817364218051564,0.012958290599391822,0.012425033349283712,0.01374757488543666,0.016500253993034727,0.013983864441669828,0.015767928142529596,0.013261468227042963,0.015003128499702211,0.014637794312335086,0.01216441254058273,0.014997952479060862,0.014783467431999407,0.01404764462968227,0.01709096729254903,0.015256391276656461,0.015356250009916575,0.014982918142525094,0.014225528720274105,0.014158960785430252,0.014183647581185984,0.014644930549398694,0.014271280568567853,0.014188466818154999,0.015284418898755595,0.015406047322262077,0.014337337574632108,0.016422289116831384,0.01462478618196936,0.016462467330970534,0.012675520676048635,0.01466695068659614,0.013880321926032002,0.011295361110620196,0.012509949506705925,0.012264940611970511,0.013971995466939998,0.015357204232423264,0.0141648896546832,0.014977714211123018,0.014155781175188535,0.013865509661956068,0.018364776966328128,0.014687503164246697,0.014957894069600958,0.014550772983600508,0.015729910144453373,0.01193397730185037,0.014783061801628508,0.014550211951272402,0.015065888901702792,0.014458400708474622,0.014505129741598734,0.013644657726909926,0.014853301271011456,0.013523598108729657,0.012276914172103548,0.0141927161808755,0.014242942760246036,0.01469793986674716,0.014788567734675198,0.008089673373326054,0.014915268486820458,0.013997722349148683,0.014105924553347244,0.013899205436649721,0.014539365616200752,0.014613695018745217,0.015324244463301887,0.01479142429545348,0.014927641151720052,0.01488817198024333,0.015358507038207923,0.015806134557513507,0.014448316374003182,0.015221244692663165,0.015100306376188498,0.011295557331046816,0.014325413112030913,0.012584378374154654,0.014506831923126868,0.013549597157088525,0.014320596762444245,0.014665008936305235,0.01251492178531461,0.014601581189302952,0.016554447091874803,0.015488723267033391,0.012199826683227478,0.011849955406797954,0.016306338030737354,0.014861461402267764,0.014758104959130016,0.014792939742742532,0.014815387628260158,0.014610224442505811,0.014699602155548643,0.0147620989193849,0.014988577617974248,0.01480173426626633,0.014786237095723982,0.015170663321840173,0.015090576725474956,0.014609070147867428,0.016722423219377194,0.015038941514051017,0.015484416513396439,0.011129612810341086,0.015620402443897506,0.014537928049594315,0.014465329627288187,0.011443549925915633,0.01460873003288407,0.014500111286986455,0.015179778955146264,0.01591768394174841,0.01455913178551777,0.01503723649911653,0.014727140715117193,0.014653767043971715,0.016164589940498755,0.014114170574521714,0.015852315358014367,0.014884191425202548,0.014747402264432819,0.015051426626544503,0.016911343607429494,0.014928024050383341,0.015734800511443346,0.014697655396463966,0.015009488520891746,0.013978307015945265,0.013612215439009544,0.014746731257051362,0.014728856417218023,0.014142566600326433,0.014640224125843733,0.014933432247291455,0.014149914505406846,0.014747020074555584,0.016024113786155456,0.014617070478834572,0.01488830628020042,0.01881239264988569,0.014113188229839424,0.011398807015964327,0.01376485389646872,0.01356597391689187,0.012625424160285705
stdev_user_sum_cognitive_mech,0.03751599883156646,0.0385636543088926,0.037553404869263764,0.037626986587659575,0.036166421142418276,0.024310030556630627,0.03485335781924218,0.037311169305013256,0.03868930123870355,0.0383299795081933,0.03970858953422496,0.037818892037211144,0.037685955096405786,0.031440482745528096,0.03623906880172929,0.03826386413225548,0.03330606315401693,0.036144649429749355,0.03349917882892638,0.03799087048470392,0.037425900974201634,0.035257693467705534,0.03644315795569335,0.0375267975093233,0.03680515491544853,0.03954135312815819,0.03568370311242197,0.037507425270636226,0.03679500420495525,0.04108372872438823,0.046170117169742446,0.03636700067839526,0.036129315227191754,0.03654693590693401,0.03649190168787861,0.03558803990197828,0.03711620437046265,0.033929413499857584,0.021219133824547334,0.0377158473853823,0.03862858920960227,0.03324269662030186,0.03753144104223908,0.034637928487056636,0.03588812733330282,0.030657526809338392,0.03685922496958622,0.03785692959720028,0.033997589843842484,0.03423967865436576,0.03844811896762551,0.03742669632573056,0.03724590435637929,0.0388626962577441,0.037624654583528185,0.03699686315730768,0.032876856987358975,0.036610323089389975,0.03747158207871359,0.03762917108980471,0.03785829941420979,0.03817382743879161,0.03742884144026326,0.037438803508170165,0.03746876706991446,0.03704434377067239,0.03619171701679032,0.036777655829447246,0.0368424790717153,0.03760340020781219,0.03732912290777129,0.03767850669357356,0.0361302894097856,0.03647808344872348,0.03755075397236207,0.0362394397453426,0.036047919790600236,0.03770983325571913,0.03747729563859388,0.03536663956816285,0.03469128670619722,0.03842455619600508,0.03434780815554615,0.0368017202243168,0.03850707383757658,0.03568225573654426,0.03744275774387693,0.036581330469407584,0.035483302784145195,0.03710794123648509,0.036022720684158696,0.03719614113107071,0.030100955341038665,0.037841059985708914,0.0361209918060779,0.03757727528460416,0.03671792054281279,0.03741553324302507,0.037151140161185425,0.03795957050364413,0.038075018214652964,0.03808565942937772,0.037771802761680205,0.036469524426030506,0.037032037465898615,0.0350151303601737,0.03689716254520744,0.0360698245211646,0.042436025203158534,0.03618651003953194,0.03287022197386981,0.039214786045372825,0.036866894005214305,0.03785349882935817,0.03324541488853938,0.04088343945776181,0.0357611732123947,0.038955749517406824,0.038448382727237634,0.03645776205253809,0.03724495389645538,0.03724129785953377,0.03554768334903469,0.03709511822442446,0.0373130099906297,0.0359010551584434,0.03762335094012242,0.037112031450781485,0.035756040596361005,0.03536617917105613,0.038081861039376004,0.03814607174801317,0.036814052169141354,0.038793661074228124,0.040138860443130406,0.0357940638016035,0.03736855168820267,0.035999129264513374,0.03605148675815829,0.03630071244466529,0.03814558230816882,0.0388849374902442,0.03735618363512092,0.04091430251856681,0.03818544803529941,0.03477542842774991,0.024304647146397004,0.03553287850440486,0.03633565737057273,0.03758051355448516,0.037726197245847394,0.028118664252203947
min_user_sum_cognitive_mech,0.012711866773469808,0.01344737811330163,0.013316821370801039,0.013402716192186422,0.013961687886499805,0.016107418250904868,0.01451386764361522,0.013410311841304558,0.00940781925306596,0.011797799597558127,0.008780564481383245,0.012321033085209411,0.01227232029468818,0.0036463767248017514,0.012099879333521,0.01328227146215663,0.011393190149299345,0.013046691883973983,0.016153881313266782,0.01755332762814233,0.01331688967799587,0.01533568839913443,0.012421659413019245,0.014228254878166481,0.013409000014622429,0.007370336742109792,0.007221108995774621,0.013459633093722785,0.013061710092454801,0.010751855019894705,0.01002059183248638,0.013055626682037495,0.012218901720336153,0.012688229275202145,0.013586800231623253,0.01383941433066476,0.012724953389060255,0.011933574125323951,0.018104052717543645,0.01017519847416181,0.014511139922363258,0.019041562325405208,0.013368296147803048,0.0187981696865583,0.014410642720925917,0.025680954441487748,0.01410560116402447,0.01304761897908143,0.01308626740875813,0.014351387025076554,0.008585371983574935,0.01320443586317709,0.013277524546988627,0.009093506151827406,0.012852929710441642,0.012361177428376505,0.015400701228821435,0.014323500430295101,0.011558352515415926,0.005524902153854272,0.011136986743296565,0.010716059908244605,0.013046394998395733,0.013287699230097053,-0.0031457093547281926,0.013286799100882925,0.013927659341926659,0.012780309520366996,0.01280092878066268,0.012448645104383024,0.011701320617429758,0.013898608980226287,0.016094578890187578,0.015261618083247403,0.013162091891669017,0.013593714746504892,0.006528182750519597,0.014110854231604972,0.013528072676718898,0.015584590815743794,0.011444798326975071,0.010909859384310149,0.010343112526763572,0.013083013538568146,0.009046594911585876,0.012430255391286577,0.012992971841930176,0.016399778351518787,0.01261723556510245,0.011830425098158395,0.012492675663470782,0.006499463799978732,0.012492873866864389,0.017810934052620724,0.015630074842410944,0.012899773759367733,0.017560171324986613,0.013266039667652465,0.012341236331212539,0.014769434047476528,0.013316976912679298,0.013785415823614885,0.012854247167133924,0.01381371504794155,0.014616402238299245,0.021303343594297336,0.013722361368315526,0.017772915681184186,0.012141219762707997,0.01789691579246281,0.014665882561105733,0.01592197357236166,0.012873030575258671,0.013919786921044335,0.017192987864586444,0.011555029410173664,0.014536414188707387,0.013212878602800033,0.013873656477835374,0.01416481651951049,0.013472572093006636,0.013416589158824072,0.0142418868876943,0.009476187462557743,0.01261027145656977,0.014172797664330158,0.013055303734168112,0.01298819831155305,0.018208147001775934,0.01946084459377347,0.0128097001624519,0.0139633547070557,0.013956925788447228,0.012419075509784973,0.00965939303523516,0.011750293439628873,0.013140289260672951,0.013547909637668198,0.012293776623455415,0.013286338445905575,0.014185780060139742,0.01819764338802544,0.014466212069091924,0.007063644400807291,0.012225479828335063,0.011934753711789352,0.025598350881426264,0.01359419321863168,0.008960521643012528,0.011970032927417626,0.009190907181807595,0.009592523163086508
max_user_sum_cognitive_mech,0.03266870434287225,0.033547982808055966,0.03286400268519045,0.03302203728427189,0.031839473684668496,0.024044119494316195,0.031474424406961535,0.033149683801810964,0.032430483900121806,0.03362520960147272,0.03233705073925207,0.0328772514571566,0.03264369252286877,0.026390240548045226,0.0317035637070793,0.033451174633888886,0.029056695417242397,0.03285018773063847,0.030949146684793948,0.03430298477017138,0.03273733825050562,0.03182102237353721,0.03165117559397288,0.033150489483810844,0.032265916658315186,0.03269463055160405,0.030446303024951327,0.0329971315471541,0.031840079427054226,0.034555679223044276,0.036688759378285564,0.03204779858688483,0.030896810880465756,0.03286693397542175,0.03242587890208889,0.03143841199609766,0.03238460597476303,0.02923981568779371,0.022796457179559852,0.03136124461068262,0.03410817962638783,0.03070542639485618,0.03278384167030303,0.031856563726637005,0.0314878884015606,0.03162489671833721,0.03250040402712971,0.03301570011123827,0.030696503632422135,0.03112983212149662,0.03121917213098467,0.03271574170085416,0.03262710914716279,0.032891579740509665,0.032653831187300766,0.0322766460395956,0.030633379599162576,0.03234061227384684,0.03223971911263143,0.030283505443885923,0.03200002950871853,0.032625126844573166,0.032645977934554836,0.032712857315084415,0.028945467766766972,0.03254273786230158,0.03223752689426474,0.03200899013038655,0.03197431896540746,0.03243738822884887,0.032279516172162424,0.03322502320552497,0.03278448922906191,0.0322813358603123,0.03315796749866539,0.031944837202646126,0.030300038856347453,0.033052391664774694,0.033035078455297275,0.030678565836595905,0.030225683464040302,0.03267378034732606,0.029894178138710592,0.03223262912507215,0.03236099932000274,0.030488556975416,0.03268718235951652,0.03200956377039328,0.03124790629966511,0.03258938939322971,0.031929867141125695,0.028863174594234698,0.02681088630409421,0.034057557347883446,0.032380317766480954,0.03269406865914677,0.03385338878332115,0.03271756132903968,0.03228051936605253,0.03368289526644625,0.03325301420729404,0.03322864730110292,0.03289372865228494,0.03209314820379093,0.032864138538605626,0.03348881995029025,0.03236258070534368,0.03295766936591412,0.03471604106442944,0.0320252696185417,0.029700928188521148,0.03498675068974133,0.032273027620437086,0.0330451782700358,0.028961186750844768,0.034037084021850086,0.03168013503697736,0.03388715538516125,0.0334563371130389,0.03246615229551215,0.03272698688711542,0.03262595499220849,0.03206003838816848,0.0316805364702188,0.032021933255763295,0.0320310862697074,0.03282999402529488,0.03234790583399177,0.03310985980631774,0.03319007406206176,0.03309823177010522,0.033289392935281395,0.03238188538609936,0.03353783110349317,0.03519717292883226,0.031114826147933167,0.03264279202849961,0.031977572526157294,0.03165323934487479,0.03201142315027242,0.03347347399692872,0.03564830939878704,0.03293576399506904,0.032805584491111144,0.032967486978953534,0.030746465939763646,0.02858351181041902,0.03169603430537415,0.030482651625952567,0.03213509161724229,0.031933949404148884,0.02508116952008601
average_user_sum_preposition,0.00987902567356304,0.010322367233719033,0.009976303454984058,0.009986452400788366,0.009107495331152916,0.019189874940314582,0.007804807652702325,0.010636303502250243,0.009156780418854194,0.011171527097360998,0.008440855984331488,0.011446522595538678,0.009980595320441401,0.006481309637871951,0.010645794934844284,0.010562507195955568,0.00953522119631189,0.014144113910240407,0.010626093930969402,0.011736364408179751,0.009445864120578799,0.008320511028902551,0.00973046325403769,0.009043718759068798,0.009845613195004998,0.011090097309850722,0.011146623522670098,0.009680127654121847,0.007780985548692433,0.010033380309737829,0.008789386786491417,0.010345066409703382,0.011447943118160695,0.00946150312313511,0.009584132506244517,0.01011117538634208,0.0029544229870166663,0.00928531225682032,0.009754351467684559,0.00907890934700252,0.009270177848516682,0.00839505026811352,0.01014050814526195,0.011620817204048344,0.009758517415584015,0.00984755466519643,0.00977129902165669,0.010030521887120267,0.008115497481592748,0.011971988146800153,0.007401706837122801,0.0098414121736635,0.009866359608902605,0.011953522398809289,0.009149348338449034,0.011126320613046104,0.01313682902073007,0.007388456701271954,0.009505939075271612,0.007248614851350191,0.009603412305684325,0.010569037021515576,0.00981076691286137,0.009787869703708077,0.010384846102730647,0.009672489413006857,0.008514324031477217,0.009904680988047776,0.006903503313175642,0.009429190176031424,0.00949866070198464,0.009202446516381604,0.010186120872907253,0.010103883954719103,0.010061341091976563,0.009830943690715846,-0.0011868439807057557,0.007915614067945307,0.009998595145350175,0.0054117218881789796,0.004247330891707799,0.00899447004977223,0.00810546869576631,0.010073404921771298,0.00941107454796737,0.013714680636260558,0.009684920433492606,0.010682143583616386,0.00995950499267211,0.013338354909190218,0.011964865839887118,0.008755567857480953,0.009416352999858168,0.009398588459173232,0.008867148967963718,0.009790604313191493,0.010328166806818912,0.009888115324650053,0.009903224196511975,0.008083591533255201,0.013139635528569314,0.00966794614330375,0.007503503852211602,0.010229617492965956,0.010749861613037065,0.006506563380338165,0.01037148695830777,0.012798584836020237,0.014928393443537288,0.007079251311562011,0.013812407317047973,0.00738206827737496,0.009693123193366715,0.010556850545686761,0.006536413289563888,0.013890065154538049,0.009401865261076676,0.009163142905476611,0.011874845119440577,0.011794996886975695,0.010098395827392435,0.009947189348866202,0.008377029160424232,0.009553414816984511,0.007026476342725971,0.009178867143615651,0.00987910780268934,0.009546835959806226,0.01288592870466472,0.008852585341441491,0.010221439273991205,0.009659104321963352,0.00983636367057353,0.010861013101189301,0.008104449878338985,0.012598579456274418,0.009789259894935076,0.010172165127211663,0.009249672142614716,0.009723005301622898,0.010907461347912683,0.013078594170042363,0.010407414380776109,0.012531435721571064,0.010765091700538876,0.012773153372026036,0.017985820246353607,0.009075196048662129,0.011664053119779277,0.009970108798788832,0.009940087261341124,0.007456804324292592
stdev_user_sum_preposition,-0.021565507714187852,-0.020945825727171477,-0.022490480919041458,-0.022526972251847334,-0.021691278916563753,-0.020425496954325488,-0.022237638435980124,-0.019053407403569048,-0.020844357493628923,-0.017503219226161403,-0.02175930925164775,-0.02122359088793891,-0.0218145083365692,-0.01993615235536112,-0.02105289082867617,-0.021733114063559836,-0.021602511047179716,-0.008259370884090353,-0.021210193427005815,-0.019677460332261705,-0.02240824150594459,-0.02367206051884329,-0.02111886404134291,-0.021205487617221574,-0.021483949514891083,-0.020361163339111765,-0.023694083292017637,-0.02130396698899145,-0.02337199685720133,-0.022268549556755734,-0.018891096654260073,-0.02261950130761609,-0.022901436243401838,-0.022985929044826978,-0.022196277314771726,-0.026141545510815736,-0.023223130492273713,-0.019705860747666976,-0.03105028217599142,-0.023366172115733073,-0.021952738413194735,-0.018959124164471278,-0.021772784625913942,-0.02664027862488441,-0.01959003405238028,-0.025826214552393284,-0.02103385622092242,-0.021982139531522612,-0.02040014151886553,-0.018735675268672175,-0.020688841695395064,-0.021878523321522483,-0.021743858047114865,-0.022734999095719705,-0.021569065404454274,-0.018844466148171993,-0.021353239755712846,-0.02167923388369729,-0.022628272538428165,-0.017290509119936556,-0.02086961517060059,-0.02133395130828792,-0.022083211199326193,-0.02192423106621745,-0.023804386309665467,-0.022069975382527723,-0.02122767462901638,-0.02142869932162267,-0.02334599497734683,-0.021971580056449527,-0.022214649269452828,-0.022207124371025313,-0.022739234175384274,-0.021029987731168237,-0.021989098297465922,-0.022913276225890615,-0.027917851232440723,-0.024321435257041824,-0.02440881832304396,-0.017134410344511054,-0.0135979963202471,-0.023899484907189694,-0.01868205379276579,-0.0208542588234594,-0.020835976050993223,-0.014983447459805357,-0.022121550236693314,-0.008497394807249266,-0.02401366476388922,-0.01836703251177766,-0.02312660042887164,-0.021903442557858425,-0.02399115082904862,-0.023240601363033485,-0.021639888331839507,-0.021713131590270315,-0.02027539089738821,-0.021843984924995636,-0.021868503720374414,-0.015187800726936793,-0.020084393655023017,-0.02192131788499427,-0.031493967612404375,-0.02258871933826519,-0.023257340414337184,-0.02247014468738465,-0.02195924933627415,-0.01954386081182136,-0.024631818948990622,-0.022632731196965194,-0.024133141179451867,-0.0227794946227253,-0.022301954862536888,-0.021568768491618484,-0.023248497712190504,-0.023852422717208263,-0.023363078469665184,-0.023031916304798505,-0.020616477319778722,-0.01913546341763183,-0.02255846279961946,-0.02148366777238192,-0.017270653813401447,-0.027807630894561043,-0.026398219846904113,-0.021233243744442177,-0.02160889055689827,-0.02180662961048284,-0.01143042678412632,-0.01829850075294533,-0.021704520755112342,-0.024189447667984358,-0.02210881941164814,-0.020253228629453095,-0.023470484379506953,-0.022463738760368213,-0.021984852377398147,-0.02166254845518874,-0.024505462362673595,-0.021529813695925996,-0.020918591135400115,-0.01821982478157705,-0.021879430540755026,-0.02021768336413398,-0.02045675270099387,-0.01775831780720591,-0.021153591645847982,-0.01868275988120362,-0.012608406473229344,-0.02144687843975821,-0.021404882297724512,-0.021773050816831247
min_user_sum_preposition,0.09499378684012175,0.09493557437480021,0.0953302625147491,0.09563703661030704,0.09228320505876454,0.08860937301711473,0.0961297575023126,0.09649918161353392,0.09460783299984167,0.09185642760866376,0.08688694816545203,0.09824777401556034,0.09582038819282304,0.07534066259451531,0.0949771090446627,0.09683617923978238,0.08875680998650144,0.08735857491193405,0.0973500897234129,0.09865702234067669,0.09563961006830285,0.09427621743381655,0.09638993200273613,0.09497446262484403,0.0943532936264314,0.09282621904116851,0.09166931585702352,0.09555118651198397,0.09442907280578017,0.09445314673848498,0.0907351136128691,0.09731430868755567,0.09060910564631333,0.0937470457573301,0.09525825329629352,0.09720618231415641,0.09350746217076746,0.10184097913807996,0.09439113864934433,0.09785748235381633,0.09662769819442632,0.08930907684122717,0.09572881311851876,0.10551448394742205,0.09271826647961727,0.09052760204638723,0.0942910415486796,0.09529098079608225,0.0926531104431305,0.09380320749274038,0.09000927346515286,0.09551820989939008,0.0954790451025549,0.09858269989411247,0.09251556094803343,0.0925818634821794,0.08900294236096282,0.09304048890947787,0.09633927680386883,0.08882416125920997,0.09167045522497735,0.09813433590703266,0.09555025027301128,0.09569797320401727,0.08529451008262838,0.09548859935126491,0.09402967163353454,0.09451111283952668,0.09552203038283313,0.09521574736831392,0.09432791621554706,0.0965106250447118,0.09468454641025979,0.09508267920859934,0.09497304628139071,0.09637825851355596,0.08211694594721083,0.09236633279179235,0.09803576510421641,0.08468841259798658,0.08290712467841917,0.09466416948311071,0.09330099288475494,0.09563893392925701,0.09295353401452056,0.0971535282462663,0.09594805329433703,0.09278259175149287,0.09473733733036242,0.0914947272661189,0.0947990385558791,0.08930568603681784,0.09029803990383108,0.09214223006470572,0.09254775868792789,0.0956106273796414,0.09570560313850164,0.0954541236976785,0.09624233720040742,0.08612438486620243,0.0937021333448883,0.09526831190028899,0.09488489027264262,0.09572500782619282,0.09675687066842652,0.09400433391194649,0.09407482480290737,0.0962220543608344,0.09830455622372364,0.0927043623839025,0.10052216053084305,0.08903891768003191,0.09500174431401809,0.09613087266851651,0.09188399909641484,0.09779864528293461,0.09581964619044704,0.09470268228826342,0.09697122522651085,0.09264816357194015,0.09599069797012441,0.09542379573482276,0.08947016174296418,0.09995256496616349,0.09562740317209668,0.09379857509064685,0.09466438578997224,0.09498376839862269,0.08637459970285866,0.09101975433320941,0.09635488281317953,0.09395798894702988,0.09560005119898403,0.09519128816700717,0.0873598811057775,0.09648330493328316,0.09562362908049732,0.09414364922590021,0.09819065323888096,0.09409423222011656,0.09627338304431661,0.09786202955855125,0.09558340335445603,0.09377589178873516,0.09489816901891768,0.10176255746510988,0.09461555241751342,0.09196412482208924,0.0951433924066392,0.09420389723666318,0.09528187107189116,0.09375178985527506
max_user_sum_preposition,0.006319494011340831,0.006598750520717607,0.005603445565064213,0.005631433960565912,0.006407017237167771,0.010075301268667548,0.006407799870334961,0.008766655159283624,0.006601026038746519,0.009079169836150352,0.0036853521462231875,0.007324071779153571,0.006128931270250028,0.0015299511852481483,0.0068257123052485194,0.006506043624409398,0.0053554991273406715,0.01543829567311843,0.008328583103422507,0.008385806484914337,0.005639563273885742,0.004320638733013004,0.006874822162151292,0.006216276671308349,0.00621226103232448,0.0071131240035848635,0.0038477878177625886,0.006471694473642443,0.004199027607393796,0.004945346129581436,0.005129634536466669,0.00599610722291591,0.004006841650176603,0.0055495686726351155,0.006356475832672355,0.0027021258747181153,0.0034650932872615867,0.008753779015504646,-0.001864226308345783,0.0055683749588304006,0.005704687928187892,0.006131977196618922,0.0062898578934690585,0.00542678820892962,0.006947568657040326,0.0022279992446984503,0.006680683920667569,0.006078068320246481,0.007548052529762728,0.008178497580680876,0.005401975486690659,0.006089622505947884,0.006189646251961693,0.007238107042743778,0.005668517816104276,0.008263582896515779,0.00469791913178102,0.005317127277785024,0.005833616482182438,0.008796142581593802,0.00594933844066888,0.007782644176055883,0.005881359472579997,0.006071486259119798,0.0031835397050157966,0.005941801021447032,0.006083177919668786,0.006131767771664501,0.005997083710070304,0.005918713149782352,0.005411898161878468,0.005817101885393297,0.005455712518169028,0.006471201414946521,0.006086693146286123,0.0054672143232222204,-0.0034624910844723274,0.003041818841797204,0.004803904767000752,0.006383530810806901,0.00887190584006689,0.00410890169541948,0.0088360389003121,0.007007266479204159,0.006945055421157868,0.013006921225467549,0.0061118591383611445,0.014140644756972423,0.004472686000361537,0.008717611713521534,0.005620219953818138,0.0022177635347893493,0.0032364026778170275,0.00386987675046726,0.005439810024122894,0.006251436720075239,0.006495719790832765,0.006081190767182209,0.00613273505087554,0.008943920926990416,0.007508368883761515,0.005890968829856614,-0.001616287548527326,0.005993439235467184,0.005709626844162256,0.004132403209863974,0.0060475030316252815,0.008809321363368816,0.005573418424162381,0.004211543813895024,0.00701584696674798,0.00343848307767081,0.005781244548225822,0.006581322285406413,0.003028323702050989,0.005627508314202982,0.004816480670311796,0.004875136721702778,0.0074621610263502945,0.007722736833499718,0.0056855477655907835,0.0063586232307344375,0.008752734683578185,0.0025451508852134376,0.001959121360962787,0.006033766366476049,0.006064980105702047,0.005883309500479642,0.013430938854718138,0.007635622776772855,0.006410789021436248,0.004242496598851404,0.0059173076573694715,0.007771407477415852,0.0019865908716061448,0.006397348769176629,0.0060000523537082915,0.00636125722242621,0.004741089560832398,0.005948410115461345,0.007036532643299759,0.009608847314847496,0.006113208064121433,0.007236323639244337,0.007454411357545624,0.011145913890502936,0.009026723691155267,0.007233929310252954,0.014336178177157837,0.0059886179486403415,0.006863614780088137,0.00807205576320642
average_user_sum_first_person_plural,-0.0012408764404337517,-0.0011906160779567433,-0.0011156665495348733,-0.0011899826222056646,-0.0014670613748491773,0.008575781297872068,-0.0009407829234005485,-0.002135335141532049,-0.003935024410478404,-0.00364968797949894,-0.005929115275522895,8.738406791711315e-06,-0.001264487503211982,0.0003743628866727214,-0.002243309237737564,-0.0010251672208778212,0.0016252373491215588,-0.0051701299848836285,-0.0011816177685295415,-0.003025411286296108,-0.0011039877937211828,-0.0017208483936414108,-0.0007029340440442978,-0.002563657940417791,-0.0018062091620423292,0.0018153914123222826,-0.0020350826229706366,-0.0013473394109069442,-0.0015547731570964341,-0.000474372930085194,0.0013308063882006074,-0.0010333170974102979,-0.002450515766378038,0.00024101496791232614,-0.0010865760661060066,0.0013771148067065124,-0.0014419945066546404,-0.006755643077686772,-0.0033593297645087374,-0.0022794580788404743,-9.897436123024054e-05,-0.004305771092297232,-0.0014223614788329174,0.0002848736300623293,-0.0037069430021337384,-0.004212456847929841,-0.0017540970958364343,-0.0004325028455379894,2.2457864696567853e-05,-0.0028117565357272047,0.0005287177890519867,-0.0014026922276368769,-0.001282927605205127,0.00045897104729356085,-0.000721810558246814,-0.0011496777170422203,-0.0024549155993822485,-0.0025788408355260474,-0.0013809120459630695,0.002103629502080861,-0.0013288582055378745,0.0020244247005682114,-0.0013890595986964052,-0.0015094160746802515,0.0038938965267751534,-0.0015712798808645238,-0.0011852808549349882,-0.000698795285626312,0.002387002405213099,-0.0014960324986899084,-0.002651146384151117,-0.0012785790567367964,-0.0005560239983056388,-0.001481221174609987,-0.0001474072449762125,-0.0009424114511302345,-0.006205355305642259,0.002584508892699298,-0.0017384928116431705,0.001519848148575495,-0.00024110578599364487,-0.0008052624077879867,0.0016704778497925537,-0.001218306935031871,-0.0011875755524286512,-0.0009320774129644559,-0.0011161796596600294,-0.0003898919438930031,0.00011649178346104976,-0.0021475857105115667,-0.0011468878376474675,0.0005298935618153616,0.0006556827557151644,-0.0007603339318695062,-0.002665821099121829,-0.0013661591680435834,-0.0009078724933256135,-0.0014524871714186437,-0.0012273561492083607,-0.0010566136469371706,0.002217084635180579,-0.0015208774324352902,0.000616935825441917,-0.0024044742644306056,0.0005438190099829356,-0.003522404482413648,-0.0004036526957729115,-0.003003310044595399,-0.0009715676402959547,-0.000923953282124509,-0.0013933569589324479,-0.0032706624274883305,-0.0011079340797679037,-0.0017293133278774627,-0.0004408910994222479,-0.0006268354875387165,-0.0015828075821986021,-0.002242979701688326,-0.0007554037840093951,0.000575771668049643,-0.0009180386135627092,-0.0014139782354797713,-0.0008813873115456278,-0.0019312349290702062,0.0007543970768489712,0.0024020469961292014,-0.0014745785850078636,-0.0014048541841092314,-0.0031293844000054296,-0.0007015561228993685,-0.0013471771556791043,-0.0010166669754339314,-0.0013449145584149987,-0.0019199786510700023,-0.0038513620293935975,0.004446579412505836,-0.0014113976502252582,0.00016502984323832782,-0.0026132610460750973,-0.001101905511898199,0.0007788948653937372,-0.000986259020149724,-0.0009914224156834725,-0.0006480201889219267,-0.0012115006208579782,-0.000920136905484337,0.005050205009883303,-0.005110787681930262,-0.0008579651748965959,-0.002674917812283772,-0.0013640927525723299,0.002769723510182853
stdev_user_sum_first_person_plural,0.04291518195766698,0.04324129711104771,0.04347603019610758,0.043410467003065084,0.04178955645554978,0.03556490471030291,0.040495352728325544,0.04352717784433785,0.041527402476535864,0.042956704016824825,0.04033830461825533,0.04307932588083635,0.04322813734465973,0.04143705547654107,0.043660299803717446,0.04315251579649203,0.04516043675048443,0.03981964156691958,0.04121999264279194,0.03841452050534644,0.042299241053818465,0.04267040913379186,0.04179253582492,0.04413221768221686,0.04217750176619061,0.04576716139013979,0.03958482219810677,0.043620584124661174,0.04282227078010621,0.044004404816434084,0.03837596971666866,0.04366608390613624,0.04478265591675822,0.038542744068639,0.04346006917660641,0.04452537791185665,0.036615518334426854,0.04034545854303513,0.051973931988742735,0.039565721314714544,0.04512527001325058,0.04033141163913835,0.04308802463325731,0.04332352063172701,0.04167605233057506,0.04417894223948781,0.04283318025451385,0.043463021576420735,0.04167014663219093,0.03951020144971361,0.046361764695134526,0.04312155169848622,0.04302677822633047,0.04079058706055057,0.04278212349509814,0.04135917609570644,0.04202765871260308,0.04327099407340107,0.04276870891914467,0.04347028367262279,0.04415299147884864,0.04315599357283001,0.04298140527245781,0.0429585770933804,0.03357107728901903,0.043352726825822564,0.04246700720832261,0.04332142173387493,0.04514464723744233,0.04259928957977919,0.04261129642140219,0.04193147647315408,0.04297661804833052,0.04360209775666601,0.04418982737386466,0.04197589216437052,0.04025571690132414,0.047184409873794186,0.04232710205442919,0.03812427116153924,0.04174393566027676,0.04376912091265474,0.03885706629410104,0.04250578130540493,0.04263568299257679,0.04518194859513514,0.04277686452136836,0.0412418353573866,0.043024557530260396,0.03997093872621201,0.04288390519245964,0.03484734808051193,0.049768829368484736,0.042284587806197926,0.0422272460849304,0.04304122603266788,0.04048597366296169,0.043131107836486146,0.0437563161861242,0.04172814892208199,0.04569330374643292,0.04297470950977504,0.040560250795764516,0.044138174200866936,0.043830736534751294,0.03152220119945946,0.04471234092908085,0.04107609030718335,0.0389881600636971,0.042039441775323295,0.046200489594245914,0.03965125492088416,0.0432429507566813,0.042792411301291515,0.039169633657005945,0.04075955498195058,0.04264500592727613,0.042909475715498066,0.04588625893463405,0.04414756864808181,0.04366042598521688,0.042960741363974875,0.040052651839344665,0.04036174620289455,0.043107641849512254,0.04852520732719823,0.04301454720460913,0.04328781389971385,0.04022016557934363,0.03987439821227363,0.04352932189875595,0.04076680302944065,0.04250211267447146,0.04420624338097855,0.041015075518913716,0.04815926807542911,0.043053913281143816,0.04370022658033571,0.04219938138721467,0.04313688016719556,0.04464247380704155,0.04706575029990027,0.04432062585354382,0.04797941319680036,0.04347062633526819,0.04109480321095421,0.04147617625950878,0.03925683207522227,0.045683874560092215,0.0424886757599667,0.044140397859055186,0.037628807088177334
min_user_sum_first_person_plural,0.03415786438225346,0.034356379955836486,0.033941503166972684,0.034066999129357206,0.03196443656639771,0.03159323479676778,0.03342260345136009,0.03381223130847981,0.03581100163898737,0.032878703090240075,0.03385165703283874,0.03534107962492798,0.03402070918372396,0.0347158469010911,0.030914072658894193,0.03556432688487087,0.037030987279197965,0.02896251061843369,0.028133210478373253,0.03578525757802402,0.035249117659388346,0.031693498768404035,0.035269015443477415,0.031325220059200166,0.03446297602537738,0.03501435224982735,0.033820378558319764,0.031177459302653407,0.03443285637262391,0.03480604907280713,0.03797570171023944,0.03364784155237661,0.028915535862664196,0.03165447057630975,0.033809149388647666,0.03460122637187041,0.0341969102248411,0.03356216276196975,0.026456843792706068,0.034841741200286436,0.0324609981325181,0.03664948937334762,0.03426956971803216,0.033486897723526685,0.031206129328264744,0.024066031563180813,0.034383081541591386,0.033932080850170916,0.030474649929132964,0.03188517612527653,0.03220306319428033,0.03410464043373424,0.0337661988928741,0.03552852970589931,0.03530270717257653,0.03679912747337112,0.030472940707966543,0.027290222923093316,0.033392677792658504,0.036116590623920024,0.032903434908749155,0.036131555572286964,0.03424905301419969,0.03410850622363921,0.04587288789041984,0.03324894625865727,0.03211296994028072,0.03418061546427756,0.038792078599781545,0.033773310666985454,0.03301952049630035,0.03453823346365569,0.034479754571997555,0.03464335111941698,0.0333321544483742,0.034190042345363415,0.02941200507835555,0.03785757919723478,0.031531553007904355,0.03631198516504136,0.03717554553852342,0.03449248459602518,0.035858526514367696,0.03472527891023705,0.0340865804849977,0.032106242923825995,0.034678855272512396,0.02745355380471078,0.03694690851107069,0.03747241569668393,0.037809255905741135,0.033680784398020414,0.027709894592592828,0.036542536527513485,0.03471489667812593,0.034122456166944426,0.037851166452892215,0.03401166897167011,0.035113525240767586,0.03293658500820101,0.03797209984790598,0.034545229107204735,0.034127592264783506,0.03368549447155316,0.033311068910116946,0.03320528930073998,0.03400317676292745,0.03479420201164439,0.035896293583819294,0.039506764796814295,0.03427445661218109,0.03978549564938982,0.03431985272086316,0.03484316120189494,0.034022856646706276,0.037187287599191536,0.03487961897466861,0.033987984923514576,0.033497182845091185,0.036676103949661636,0.034563420654379784,0.03423402284926869,0.03228128652316589,0.03055620731721648,0.035584451938141595,0.031919405985493844,0.03395473935496694,0.03485335876915974,0.037677849071243066,0.035706618050198674,0.03426203724891317,0.03610140658196871,0.035287574236525884,0.03254814695586118,0.028777590704250226,0.03229401093203131,0.03410233941405713,0.03303882785271112,0.03150079045569887,0.033010210854335045,0.037873708138183415,0.03694049562391669,0.03348204478226367,0.03571532687121315,0.0345061638552719,0.025373198278187306,0.02990463448831241,0.033866748093608276,0.028586511688258,0.035137554852997396,0.03219916539724994,0.019589310010166595
max_user_sum_first_person_plural,0.04336124965927682,0.04361229799786409,0.04379092379434661,0.04374528490481343,0.04177490081055603,0.03996615188793984,0.04169375844616946,0.043334363267425416,0.0419225416777696,0.042352813249378944,0.03995673328627976,0.0437132096200359,0.04352279555463801,0.042059272840008766,0.04353542526075797,0.04389203696706273,0.046322087713700694,0.04037049432768651,0.04026929908682354,0.039162996154301646,0.043114004598482296,0.04289011107724562,0.0425980113881612,0.04391087480744472,0.042668796426258426,0.04646062469072186,0.04072471050976123,0.043572202176698105,0.04291654979852676,0.04412473584781504,0.03899774927317808,0.04392548103991519,0.043015172820617065,0.04008649849413111,0.04376116674492514,0.04495763621013818,0.03874158752413054,0.04030085650615256,0.04878856038630962,0.04076439800728438,0.04473964564849326,0.04083727285594529,0.04350317098456145,0.043995232960860706,0.04129962484744063,0.04242523231511765,0.04329027584615383,0.043802639341325764,0.043016118376813066,0.03983844045919726,0.045985811129859964,0.043494346307885366,0.04347724707484107,0.041745503099606965,0.04307195124377394,0.04272895192977802,0.04243135302779753,0.042542113850089824,0.04318070120550012,0.04510340356935326,0.04456446625754054,0.0446226499046963,0.043375550948091715,0.0433480488222162,0.03894514136556816,0.04347251290780946,0.043112780849985904,0.04407575543781073,0.046485262511023695,0.042996764574053846,0.04259155491805026,0.042774918707244126,0.0438605777627292,0.044144961423692924,0.044649002091269305,0.04273615977886585,0.03945758868809334,0.04794703555916567,0.04254846357509094,0.03977878634120308,0.04134094232486424,0.044122469355483834,0.040667470226616376,0.04300906651818686,0.04294800684268571,0.044739069580428344,0.04338693604163587,0.04112945869001681,0.043992918748031976,0.04127141955687858,0.0439985613765397,0.03653443848431977,0.04869000003699777,0.042992194340135674,0.042338512936620054,0.04340730650826316,0.04175888809688195,0.04346767627898943,0.04423311717247533,0.04246922165752111,0.046100596811206124,0.043280541508461896,0.04202648373592456,0.04396211650890197,0.044260162005558316,0.033898855234305296,0.04485818030083844,0.041478874622983206,0.04058109849323198,0.04258609272289171,0.046133214718229544,0.04042652513464177,0.043771931246490745,0.04302913663838562,0.04075516428610593,0.042219966461672184,0.04320218126400237,0.0432912943944121,0.04576888274177659,0.0449365905147253,0.04411547251449788,0.043374098338806365,0.04011364640386574,0.04086415883017855,0.04416108300844441,0.04852680134037505,0.04334049352596699,0.04360600951399243,0.04107026529566942,0.04067308382206254,0.0438079101956551,0.04226296100143724,0.04317590313682161,0.04403089184601592,0.03889269476289792,0.048681292086610664,0.04343483105140626,0.04412984528025138,0.04248375047394455,0.043470487331336086,0.04549705169025615,0.04812649611841685,0.044450073762663994,0.047416639276401065,0.04388173986584901,0.041086594658151405,0.04317685889199825,0.03996980533389499,0.0449807032068292,0.04287953997600096,0.04407003032249633,0.03783769432922768
average_user_sum_percept,0.005819655293992067,0.005963942693983414,0.006000597106935578,0.006042468407008528,0.005166365061715052,0.015534423476415437,0.004634748365820155,0.006344899796171195,0.006187339995423901,0.003778395758392592,0.006927992214023633,0.006808545891244997,0.005751057541619876,0.0062690397786379125,0.006505356660535895,0.007405162927880016,0.006456814405270212,0.005659087860808345,0.005655116978076271,0.005362577453243753,0.005704269121228767,0.005833146292633245,0.005036331504618577,0.005785181015490391,0.0060678746533521875,0.006784152997483601,0.007174987985490173,0.006203587186908922,0.006030131308619586,0.007166516038623092,0.010787659078550211,0.0064501908064069895,0.007120700170429719,0.006382254801474387,0.0058501643277480645,0.0060902287423942264,0.007644720879391645,-0.0022426595571664746,0.001836764798233843,0.0045966976066010344,0.006955732671420767,0.0026160459127747924,0.005954133196818017,0.0048545396259397945,0.004009764725257402,0.0061677615416007164,0.005524120649824674,0.0062022399659385444,0.006972354893864418,0.005317072359422862,0.005906175138251653,0.005972367858277126,0.005827889793968539,0.00553830695305581,0.004562484581334395,0.0034013651659696546,0.0037117334472050838,0.0048621879606349635,0.006257644276703729,0.006671541107487826,0.005162701435939637,0.005033208961758672,0.005991954123018291,0.005923839318782806,0.01077696010629154,0.006230800030327697,0.005693764374982903,0.0065536534547713955,0.004407282452495114,0.007385799424712908,0.006060701018328118,0.005237851049102401,0.005319440198531026,0.006078800541855164,0.006394165395308655,0.006639060799121127,0.0004704526799043352,0.005180552535150458,0.006992108145934237,0.006897865121388423,0.0026207022696517713,0.006452271474333195,0.0056782424434374725,0.005715855588403064,0.005972412322083025,0.004051049841685486,0.006020974804054691,0.004565290218351323,0.006667958362940658,0.01243469485593538,0.004983957810619738,0.009332650183134235,0.005426284579558754,0.005093789477168584,0.005304381496338259,0.005896022343198788,-0.0006308242534456771,0.005991713002458996,0.006369627903040676,0.007553443285527367,0.009089859015263674,0.005142846006166867,0.008002858349051144,0.004716885416862651,0.00512799261184169,0.006972052896888202,0.006061335317667055,0.0061005177424831875,0.0021109455248591287,0.0063138310262162885,-0.00024842189192408404,0.005410704068308209,0.006066345833720373,0.006451473996778067,0.008145112500741463,0.004355770991379523,0.0059027344805713325,0.005503915011060135,0.0057960294413088465,0.006512331432282484,0.0058509993535880295,0.0061870822594004785,0.006249278015054231,0.008915933588233883,0.004941819136004122,0.006399847064667091,0.00573536185369531,0.005924609082566896,0.005425909168616665,0.005515298628852205,0.005842836355228514,0.003030267734314423,0.0055514500209560246,0.005969291171460402,0.004892864357731199,0.0028855464876058577,0.00591080725778249,0.0059361456296752844,0.006393188171052408,0.0068122803440785595,0.005506340791210396,0.007033355543085604,0.005480028314463467,0.005799874844516337,0.00631432599356378,0.007117763687310876,0.0090461302825454,0.005075308854566966,0.004758906648897851,0.005108807710400175,0.006795048278804103,-0.0012440472168654213
stdev_user_sum_percept,-0.04912428599413308,-0.05012737897693262,-0.048759991586144524,-0.04906867255881904,-0.04644044238898032,-0.03754939029227967,-0.045720539775573575,-0.051346559356876896,-0.050658493535792465,-0.04171672643993311,-0.04821440928846676,-0.04514528220202368,-0.049876786792676056,-0.04512845417069152,-0.04706608413599889,-0.047627114111679206,-0.0513332223925812,-0.042944172439596764,-0.050031631473946105,-0.04711092509971862,-0.04914733034890703,-0.048764652222400735,-0.04921705398578382,-0.0494841040918035,-0.049251921229870696,-0.04769542835275622,-0.05058305660975405,-0.04788732987016943,-0.050191748805529485,-0.04876329416296599,-0.0380224170068225,-0.04708950182030849,-0.05207239777765558,-0.049091045154209666,-0.04891461120745486,-0.04664372780866008,-0.05105026217743826,-0.05089051905805707,-0.062286434917457015,-0.04808569239228006,-0.0472960997139919,-0.05007708292495369,-0.049457889902648426,-0.03760721915138432,-0.049255856043778176,-0.0525549651173329,-0.049050685458570546,-0.048182051432370865,-0.05376046566819462,-0.0512639697771504,-0.04727878923359525,-0.04925801626365511,-0.04978139599052766,-0.047594776145833816,-0.04794695351986472,-0.050034850070227274,-0.04446083672095137,-0.05508270833268536,-0.04839740771750438,-0.04959328000403672,-0.04812035155129198,-0.05114391059320109,-0.04917698093248387,-0.04924411653096109,-0.04993129991345867,-0.04947988103398615,-0.04916022371309478,-0.046816673625632355,-0.047834910973524464,-0.048774624828080655,-0.04944181893897437,-0.04907150196386585,-0.05116817399186628,-0.049329792937005644,-0.04843851105745795,-0.048272410102796565,-0.038026883302446,-0.04963385474614116,-0.04859677046378066,-0.048257336852584765,-0.04385725283271946,-0.04917808855425633,-0.04770604131683637,-0.048605828166011854,-0.05085888947904131,-0.047196139560767784,-0.050126240117718525,-0.04540025539934084,-0.047798720489625926,-0.053268222144307764,-0.04966603953189124,-0.058942196905221164,-0.0575741986382063,-0.04845409281994622,-0.05131910402688414,-0.04944780867777975,-0.0511424355988312,-0.0491215716994297,-0.04950558592623655,-0.04610030973937499,-0.046696275370347394,-0.05070190197894988,-0.04900494031703905,-0.05020569354949936,-0.04909069678382651,-0.03950936489800588,-0.04903347865726054,-0.05169199559242347,-0.048652593971192905,-0.04528673400829431,-0.04247316467167435,-0.04732353865158672,-0.04959101023233638,-0.04837495383222095,-0.0483692019986246,-0.04947149066928417,-0.04822101275237476,-0.05043431254972903,-0.04980978504928347,-0.049839117615856056,-0.049141814862936506,-0.04898486152726429,-0.04685042951553746,-0.048038416815647605,-0.048890542738927255,-0.04725645172996087,-0.04927211733244432,-0.04942789822197481,-0.05108031301616619,-0.04734671701888741,-0.04882064736584338,-0.05471372206710589,-0.04870994295055152,-0.050954700010288664,-0.03949608809291761,-0.04268176614570567,-0.04938187947143498,-0.05173686097612238,-0.04851417186878436,-0.05146362215805862,-0.048901170105943956,-0.04950697746362536,-0.04766495187834351,-0.049336960182884484,-0.05036675167789165,-0.042277450679498896,-0.04639067709217447,-0.05059125929976428,-0.04594073828288768,-0.05038198369930705,-0.04907646176487021,-0.050559303800503975
min_user_sum_percept,-0.02299872394670931,-0.022977637663983426,-0.023170240248128707,-0.0235475700967854,-0.01750965052273872,-0.0230427128109418,-0.019796715660798332,-0.02045236647914098,-0.021288977784340135,-0.037006700189694756,-0.022990098714557518,-0.02456268546713169,-0.022586294067241303,-0.028267850154654973,-0.02675448427150562,-0.024053691124861887,-0.02511782092586614,-0.028767921191590134,-0.015212958310624025,-0.023380365427866975,-0.02303063788828354,-0.021775054917510757,-0.02085534845439549,-0.02516114554800574,-0.02243646088690201,-0.025047780680310355,-0.023222689286288952,-0.025842410634813497,-0.02202739913503527,-0.025112014612402624,-0.017218779653480735,-0.02440429369124133,-0.020044715379834863,-0.02303034114156401,-0.02420518981325314,-0.0244974121944786,-0.02714860522568242,-0.017799053328314052,-0.018289257840504475,-0.023857092576120113,-0.026147394925366094,-0.017698055199432683,-0.02235073794296165,-0.03006379314705775,-0.025761904196508135,-0.017006233981782186,-0.020679814435415892,-0.023166927934917193,-0.02404807593095894,-0.019960647589396592,-0.023891936976779042,-0.022874209013649647,-0.022773481199028358,-0.018879962201871957,-0.0249843525254737,-0.02173637192040087,-0.02163749702655237,-0.02030531045601884,-0.02143618092357953,-0.018495300989419355,-0.023342164721091765,-0.022795339854809398,-0.023102944280812956,-0.022796143727846253,-0.020811711284798536,-0.022562531029071797,-0.02449119441221722,-0.02367618778123943,-0.021341466646705352,-0.02299642346571106,-0.023501089191697914,-0.024128717645669186,-0.02247360977810714,-0.02308912645169222,-0.02417489827207344,-0.023115926073252954,-0.02704195133055387,-0.024199859359289255,-0.02318007802613573,-0.015494809597538815,-0.02047707141886799,-0.022549512790637438,-0.024393893329556948,-0.022695583137960704,-0.019251569358201687,-0.016764734967828848,-0.022427950467735377,-0.025379035996997985,-0.022331416515736065,-0.014593015668820486,-0.02090962763886567,-0.015349577357000363,-0.018672426274966465,-0.021516300727547014,-0.023718645773391965,-0.022805613868077286,-0.023001127563511074,-0.022990913210022952,-0.023348319946458466,-0.02561776242839754,-0.02050490739448871,-0.021801235316519278,-0.025053682848169723,-0.02185999911771551,-0.02283699610200336,-0.024907894292385588,-0.022319049196166528,-0.019249991749780152,-0.019447533572841506,-0.02040789703788108,-0.01785099131597636,-0.0220292462521452,-0.022829133180141466,-0.02263629729397766,-0.019636182318453738,-0.022414035901978546,-0.02279030677613108,-0.02512388552414522,-0.0236067368680377,-0.018068909533360558,-0.022321348319987812,-0.022266681234257964,-0.018931786540697382,-0.02144144304624627,-0.02091463181772576,-0.024936583598583938,-0.022948122236101747,-0.021395416547604497,-0.02224736411767207,-0.023038676118786384,-0.023404502875586732,-0.02173549076691923,-0.023505738739075677,-0.021849633089872873,-0.026227923094144415,-0.026513839951175264,-0.022949674119261514,-0.017917327278366195,-0.025346922429725773,-0.022674666843679775,-0.022838556888358494,-0.022771177268131836,-0.02225637354186507,-0.02414157421403278,-0.02080495854065533,-0.027230982681489643,-0.015927940625390075,-0.02514802608906231,-0.024985938178508027,-0.021984807405524186,-0.020400867956376013,-0.015644518019854104
max_user_sum_percept,-0.04969454589420408,-0.05049155640619332,-0.049478497241158645,-0.04975154744405087,-0.046113372839780564,-0.03825890733665745,-0.04606006678617468,-0.049897912687303966,-0.04986612356855711,-0.04711641935399211,-0.0484543623906111,-0.04752136579771632,-0.050296794773283526,-0.04793230603914738,-0.0491238309151497,-0.04815414011358535,-0.05159293787044461,-0.04484252133293274,-0.04866174565247141,-0.048998974633456566,-0.049674495431284535,-0.04875009244671762,-0.049443453147795094,-0.04988740409300699,-0.04951626450045052,-0.047945784551017404,-0.04942652657892051,-0.049329123521314897,-0.050204766048154575,-0.0503075837462528,-0.03849105531236277,-0.0487884849217833,-0.052787543615082456,-0.048466836740745145,-0.04989521030712335,-0.04929994251945429,-0.052216773016229276,-0.05070997975847133,-0.06158221782057345,-0.04947278750153454,-0.0480520186858015,-0.04994820092814833,-0.04971281241350961,-0.04456102607564976,-0.05081735207025991,-0.05072182871528405,-0.04896985941690125,-0.049037868013924325,-0.05067586593704422,-0.05035261511225286,-0.04864588483898701,-0.04973225717502483,-0.05010813684103619,-0.04680511601569791,-0.049413924217625214,-0.05027919026408548,-0.0473862866268219,-0.054257613468030576,-0.048525256359913206,-0.04840261077058526,-0.048818967817418894,-0.05140097976545456,-0.0497390495654349,-0.049701354276661294,-0.04676193896196788,-0.0497923569177712,-0.04982456057496674,-0.0480792261951552,-0.047939573436903866,-0.049159867668969855,-0.04982332300572209,-0.049970027444251726,-0.0520913669162998,-0.050145946544712335,-0.0494713797698236,-0.04859450634761509,-0.042940059462153825,-0.05164784591270627,-0.048953552037991725,-0.046037055427157664,-0.04687133299416859,-0.04960623121402942,-0.04870066572622853,-0.049088482210570286,-0.0499859445474476,-0.04633406601519197,-0.050409265668811834,-0.047629450520931545,-0.048649979528075135,-0.04897443385470484,-0.049546679228927935,-0.05514890405280423,-0.055096293614234605,-0.04883828968989813,-0.051671769885776306,-0.04986968084491312,-0.052360393525229046,-0.04964790952171063,-0.050119083767769274,-0.047503859036631804,-0.0468980448907588,-0.05077913953445577,-0.049506215138521846,-0.05049830720025278,-0.05026188162370015,-0.0416251140026557,-0.04939683927550543,-0.05045039425055341,-0.049053016270276445,-0.04659266903651643,-0.04273704083811475,-0.048467541589092666,-0.050001307073055834,-0.04924948493720981,-0.04806834089033342,-0.050142676074875145,-0.04897129723766686,-0.05161576680541695,-0.05026090691411669,-0.04835950560763961,-0.04953212917345217,-0.04934946305801776,-0.04660183468566452,-0.0469039704072824,-0.049558633953957335,-0.04861307701824089,-0.049784310082668926,-0.049471467969244266,-0.05132956940532929,-0.04805817122530943,-0.04947266686070089,-0.05452121591447766,-0.049509601012144445,-0.05052985705520893,-0.04249165346452714,-0.047566030801157524,-0.04987046901329151,-0.05028377960413157,-0.0497331790532788,-0.05119123028751524,-0.04993319898817449,-0.05011282638960446,-0.048820400976784147,-0.0505811307096346,-0.049739150096793396,-0.044990300659212515,-0.046957131466835424,-0.0513058111951031,-0.04717104140001657,-0.05038856655987019,-0.04876706812937734,-0.05050620179828527
average_user_sum_second_person,-0.0035797867160700615,-0.003379892989436528,-0.0035796807845699264,-0.0034176114449684086,-0.0022865386365341096,-0.012327755230044085,-0.0032713262287668438,0.00023973084623649457,-0.0032448516427746217,-0.00235666052940785,-0.006255576265279883,-0.003024669690618825,-0.004208846761152445,-0.0005778237005366529,-0.004916206007185229,-0.0025802762383346813,0.0007256644331987659,0.003672306355144945,0.003886998808692539,-0.0017915613770453798,-0.0034187773159275008,-0.002728224020221194,-0.0033808521946613757,-0.0027663008799253316,-0.0034485195367665745,-0.0011415070854125572,-0.0025500145287047273,-0.0024416085344869786,-0.003535458398434728,-0.005940032245435777,-0.002456109004733316,-0.0033969575141365935,-0.007446426657551283,-0.0056177923475428625,-0.003762487473857084,-0.005400210174995345,-0.0020839949499220026,-0.003597194833780409,0.00039672330046697755,-0.005000426137512367,0.002063286507264112,-0.003438928660402763,-0.00298042484397955,-0.008857411930708185,-0.0034423799884906684,-0.00018160750090716847,-0.0008452096794166926,-0.003432901359741244,-0.005216879020185743,-0.0008894902908305226,-0.0054307559035192635,-0.00318980207681111,-0.0029062482923899267,-0.00090181839847241,-0.002124202047044081,-0.0036275740860406535,0.002005519992036412,-0.0018230334373122038,-0.004391450350927471,-0.004948059388440507,-0.0038627976781329745,-0.0030169702246544867,-0.0035205335226139445,-0.0030367274546629543,-0.004004223374653136,-0.0029810376090283336,-0.0023563628913513164,-0.004755399716593445,-0.00252851507346729,-0.002368418351062185,-0.003355916574026646,-0.003050579658115348,-0.0033848967967968144,-0.0032040231051048175,-0.0026249243544314883,-0.0037234649320939013,-0.00488448774041839,-0.00459487339828497,-0.00355306946166142,-0.005908408146670551,-0.0051199611976907485,-0.003365383399148556,-0.005722766813605673,-0.0035111278952351353,-0.0073617872824437705,-0.0016539892170035434,-0.0024182696039560126,-0.0044820550543392245,-0.0022109724525452585,0.0023087048585535824,-0.0036845935326447476,-0.0030733114901369124,-0.004842730887887035,0.0025278995143161384,-0.002424633943919747,-0.0031597351745194513,-0.009061098928211754,-0.003309382681180747,-0.0042902685985608865,-0.0015535000403051683,-0.002847624703302779,-0.0025742376502604827,-0.0009232809705963744,-0.0038913079373999633,-0.004270306328766857,0.00012323499114209532,-0.003499518311570325,-0.00514310504507395,-0.003060973085079216,-0.0017501232596104296,-0.009748462363423228,-0.0034339016714069748,-0.0037616011918441723,-0.0033391896049728663,-0.007861198494848473,-0.004147726979321654,-0.003011149608438731,-0.002950528208842817,-0.0009385053354608805,-0.0019172125388891154,-0.0030195866360838604,-0.0032657800815350142,-0.009303445721035742,-0.006976062328343078,-0.0034845886250924035,-0.0035183163174999314,-0.0031389233476805285,-0.002675536263391308,-0.0030209016293562627,0.0005296205124837375,-0.003496532243994259,-0.005753185139131395,-0.0028259940722367236,-0.0027339422708955747,-0.0068975036170947305,-0.00659923486385172,-0.003287247089861627,-0.0030608532228745215,-0.002687860375687747,-0.003193716909237117,-0.004282930493181245,-0.0018188965833425205,-0.0029027098625337075,-0.0068675143678683485,-0.0034023767033432677,-0.0038304731988414147,-0.0006476656116322678,-0.0017260993887669527,-0.0006876494452814951,-0.003873055045292741,-0.009843686753072364,-0.005025611367985256
stdev_user_sum_second_person,0.028926037905325164,0.028663963899909883,0.028523537963786594,0.029141542637057444,0.029504665786048614,0.0051058661334945354,0.027573542854467187,0.027338641236353635,0.026736686494726755,0.02863070712238565,0.026836716023347838,0.027404585556457212,0.028358935647899826,0.028031250828711815,0.029623840867040376,0.02849675559487302,0.028665102316747303,0.03518510429600163,0.02937830309424819,0.02799865913585988,0.028946846271514913,0.028122549497598324,0.027175448529874885,0.031370534309590845,0.02880453724592532,0.02855290847198877,0.027733423074482382,0.029009819924552586,0.02414262053362423,0.027020334080563896,0.02632600980244511,0.029018819026460946,0.03196888946783181,0.025374726898462943,0.029826662191465785,0.029835620836424513,0.03155091643071051,0.03319820291754911,0.033330037432274126,0.03024005624150173,0.030966701879847437,0.027879767059173253,0.0289009237348807,0.0331272784844322,0.02764244030625183,0.025592577653518286,0.029082922904648745,0.02853461438832614,0.023390127664887236,0.029833232202761073,0.027421196757349303,0.028890368413837436,0.028379193967240066,0.029932939316524396,0.030009982645856637,0.0255541808812416,0.03342255243625375,0.029767132813929884,0.02877464191190985,0.026026819535249327,0.029267997167606783,0.029690450513410738,0.02887333980637284,0.028796309790868054,0.029572465450189725,0.030041380126679507,0.02945982233929812,0.029796905997469533,0.031854869322421805,0.028303829689066334,0.028452804188629506,0.02860889636222352,0.027728543519432096,0.028486002842641994,0.030028366066030095,0.027758368121608777,0.02945867731633458,0.029381158830158727,0.028300278519721674,0.02414931918452903,0.02627829631477091,0.028798827663340628,0.02876325640214574,0.028238168371989628,0.027133946200915714,0.02350735134602942,0.028622868550703208,0.02695802073795272,0.02947452939628429,0.02709398486855058,0.02652185352937541,0.020401465944079142,0.025558519895800838,0.029615539005195576,0.02858028576697369,0.029008692453137024,0.02544209730701503,0.028908929845077754,0.028952563249532035,0.03063567814613275,0.026037151904918607,0.028958556926653584,0.02859387567888956,0.02833314646593648,0.028584820560052696,0.03093303462540828,0.027962250374348734,0.026754247201029244,0.033093334331649474,0.028248313496593874,0.025517039310767452,0.029280611000303658,0.029462406740084695,0.028599797171922087,0.023580178160842125,0.03138262173911841,0.02843333324279837,0.029044207457067026,0.029558192280800068,0.02805288028016726,0.029266472044801123,0.028920639923362804,0.026459309993941044,0.02714836480559365,0.029323053064090825,0.028986675352373394,0.02922209522119921,0.028289688610943924,0.028263247234580645,0.0304617839401393,0.028174838119911866,0.029395870100534904,0.028869430109065466,0.02727271874674607,0.029482127496672374,0.02965399185534367,0.028852070752157667,0.029608401486311615,0.02847228485709743,0.02862532485982135,0.028914606461488978,0.025734215501590548,0.03023517121463836,0.03231750839933685,0.029772946037504827,0.03293425651900643,0.03199164239748063,0.027522423447952058,0.02987047755190751,0.027352889777344187,0.02651824168608154,0.029577763768927703
min_user_sum_second_person,0.010313735006790614,0.009441531787469523,0.009916339435152225,0.009787399744221544,0.009979806941800735,0.006001433634753984,0.008673185775102829,0.012889189025893788,0.011007456629239612,0.008905727794042882,0.009507461764427814,0.009910405935693006,0.010366601698144719,0.01004426453736582,0.012339214410908026,0.008841760192840699,0.009794174839454977,0.011884831539084206,0.0038539157801520483,0.010335209996839293,0.010217180880825804,0.009556817097427305,0.010365793901718053,0.007065269901861331,0.0106158947845767,0.0130876907266574,0.008138017519947754,0.010552950233255188,0.008331051427094678,0.011936354686200745,0.014332852915120462,0.010655019308039262,0.006224505686802692,0.010346142868838764,0.007149483347750105,0.013047071393867456,0.015845342123834344,0.013667245163820988,0.010959073248006084,0.01065680967566814,0.009020492700802055,0.008564008997912435,0.010326094605804553,0.005636086113007769,0.008619976729316534,0.003775818923514625,0.008121890787844407,0.01017434277273994,0.01147596508469251,0.00896558796830492,0.00954925493880279,0.010169691791954105,0.010433194527389954,0.009782376459757379,0.009212524883407805,0.027867508203448757,0.0033701917760045877,0.012513813929953327,0.010575192164928495,0.014976490297931421,0.010443838484278309,0.010910528992916328,0.010200729177593458,0.010234910274960703,0.010706817301225208,0.008818044399214978,0.009782467602051679,0.009270061294242979,0.015214228269570262,0.01216998443045222,0.010596047011842087,0.010794493583513053,0.008997330937328088,0.011262725727131839,0.010225906659481527,0.009793804080278346,0.004563191175541756,0.007824453301996569,0.01185415007452991,0.012878926620823641,0.012030409716484633,0.009871986461511842,0.012370793597333528,0.01016873497835832,0.011549220907807634,0.012531209146344332,0.010528719741854008,0.0058007918682075775,0.012456897118785155,0.008543734131399916,0.012343186179992423,0.008792373988538094,0.005780052434156541,0.008627497833823706,0.01112781809709059,0.010225286322726256,0.01213155393291551,0.010126780666884326,0.009613086614163418,0.00917651938534182,0.008675282236410975,0.010949838688544048,0.010263485674483923,0.009886216781370704,0.009938581326485528,0.011089258949238233,0.009875619866893856,0.011181257861647372,0.006118872309360501,0.006802333113640939,0.006420658779257217,0.006968356703161677,0.00980489655999527,0.009784614378287301,-0.005351598838563474,0.0078041038398197855,0.008531298164583074,0.010161797655315124,0.010780225622451137,0.006914711793117463,0.010147929970927757,0.009883173967785508,0.012322616926426682,0.012027585484847989,0.013004054754212926,0.01105330238225247,0.009975759071348757,0.010372781942160781,0.011331671097464597,0.010064010422254448,0.010786271225470854,0.010188328556084966,0.009971048357561466,0.008837319188691076,0.010192051620613422,0.009847250733345792,0.010192263951355859,0.008484778199026816,0.010770084207954674,0.009020923376255187,0.010253788793911003,0.010057830676190949,0.009502014001220603,0.00722105892353061,0.00620822283592657,0.005753579198146949,0.011611277933391818,0.009434051620826922,0.007767940712454129,0.009791624372847417,0.012186308100636202,0.009128096523086607
max_user_sum_second_person,0.023303255560311008,0.0228382442147047,0.022859415769933313,0.023264791389898773,0.02477586098581346,0.002982955352392661,0.02190920542313858,0.023099693721393248,0.021615225710706898,0.022383647375062963,0.022241786131179445,0.021350166835893896,0.022541305157407217,0.022787799034188032,0.023882058682977797,0.022461401350910605,0.02403354955592592,0.028872867103594622,0.022726118000493536,0.022305190697338027,0.023200893210429265,0.0227533644589757,0.02160167946292941,0.02504644716306391,0.023225259397292967,0.023729327008182085,0.02331822144514901,0.023233449514531785,0.01932988421576565,0.021162755184419065,0.022614441723795342,0.02326670489281215,0.024766442080293473,0.020716296977472834,0.023514824894681985,0.02418153162881862,0.02512767057992354,0.026751553336939557,0.026963280490066875,0.024340919078100737,0.024359514344016356,0.022434818382124088,0.023137924961432025,0.023597352100137962,0.0218081972327073,0.019975009037801063,0.02412669149073196,0.02287586313865611,0.019530220282666662,0.02434327805306199,0.02142146122532992,0.023194283007145256,0.022847578470251616,0.02445120141171178,0.023803824610512073,0.02311568908052722,0.02690190606383932,0.024555898707349998,0.023038839192508157,0.021528047929508604,0.023885301957097156,0.024021209966965298,0.023120163515807493,0.023141012411801415,0.025270812750727616,0.024139764583001357,0.023927829971747576,0.023945589599171486,0.02670397313385947,0.02325485717200678,0.022998261722056393,0.02319442970886204,0.02197931280882392,0.02282346537436118,0.024163756322643365,0.022158471010728563,0.02212429062528915,0.022777332665681885,0.022954062387256238,0.02094808070514047,0.02060301219832316,0.0231795359253034,0.023547789063775894,0.02270674313693061,0.022101177382192215,0.019792997302900735,0.023117240315646034,0.020181817557217582,0.023475000894822847,0.023326769124272492,0.021765261446439574,0.016919833857990695,0.01993715110382035,0.024477343111265284,0.02292838955752356,0.023273937652590546,0.018381909525309638,0.023183441856516593,0.02290440720944932,0.024404541448084044,0.02030536823626898,0.023568604623394662,0.0232735002860621,0.02266153155710974,0.02259539045607455,0.024686608497290638,0.02270526541700298,0.02156617028545511,0.026629743448105342,0.022680879919591272,0.018671928975350888,0.02337350350522654,0.023667971945644045,0.02270011976352953,0.017002691347855398,0.02515697932730701,0.022694542106739074,0.023184064176608073,0.023838753002163156,0.022872221441470664,0.02343698099605188,0.023156398567621795,0.021418508528558828,0.021969515144557913,0.023695695261569578,0.023599878034343734,0.02337723423366185,0.022955346279302905,0.02279402815989289,0.024400785875590254,0.022516433856307645,0.023594623369390014,0.023352907012720223,0.02155828591358599,0.023275976051382413,0.02241797752914777,0.023135028415310795,0.023720755158080933,0.022748888423277824,0.02299717092872635,0.02259741105963266,0.02059503879212072,0.024198974289188126,0.02461058759763079,0.023800382499358647,0.025882603274312983,0.02678880254419779,0.02189720179607677,0.023354134325897544,0.02200442807842005,0.021765076310553473,0.023080725674037128
average_user_sum_positive_words,0.01701751079014122,0.016876159931346793,0.017248368381867545,0.017441941818991488,0.016491013803214917,0.029384118304535724,0.015449446717115435,0.017144187111812512,0.018084860834174647,0.015265751950952384,0.019718348100831257,0.016324938108516075,0.016517450874449162,0.018251244625326655,0.01724682198664961,0.017477854481832925,0.01790000930821796,0.014443826695365125,0.015540545055925274,0.01823926154571455,0.017311930540639137,0.01789588250418756,0.015782208856045317,0.019820514340505406,0.017141306760989745,0.017467222577052174,0.014150895515324492,0.017800120230671717,0.01784237652678346,0.017315450368537787,0.02285211834970819,0.01821430855952404,0.0185781216152848,0.017286611401586112,0.016264681550660236,0.016381754279357955,0.011980004755025937,0.017299079047846312,0.012490167627802792,0.01903355141711436,0.016404559891390377,0.01892346687642304,0.017025599431516627,0.018996466806063483,0.016980572608348215,0.01591071129254988,0.01705434163209485,0.0171482438800548,0.016069491555305463,0.018048650228933167,0.016158082872347428,0.017014917904101694,0.017756701101930374,0.016187336931125014,0.01845562195939454,0.016626193694640773,0.01500365781406214,0.018174865915933,0.016772914660256166,0.017153859185612772,0.018565569891301474,0.015972814642937788,0.017129163510356354,0.017011052664558705,0.01659774278244274,0.016496500616984745,0.016868120670226965,0.01907502606552179,0.016184107579102304,0.016898633156095817,0.017294132905463118,0.017624311792378385,0.01786094126616166,0.017525457361409865,0.01736925379709845,0.0158582690795636,0.011119045608190315,0.016320374695987305,0.01845941376746167,0.01184946816394538,0.016853413652709884,0.016589338999865075,0.019663241661225534,0.01692790577496106,0.016611148459191604,0.01535893605116618,0.017079934601221147,0.018282408897733866,0.016483632841065105,0.015553193625744598,0.01674836463113873,0.023994324425450523,0.017606040210332373,0.016729323588372022,0.016496055217315328,0.017147228292503505,0.017734990239745133,0.017031961781556672,0.01690747551651247,0.01325849431536627,0.014886745391522835,0.017392315392449946,0.02034504481629853,0.016381890169747792,0.016485457373299386,0.01365836787123317,0.017696909778353698,0.015121008956734752,0.015660891548748425,0.018735865145580035,0.014035613375053426,0.02037954147295403,0.01683374185875148,0.016823089100628075,0.01700041411740635,0.014211071468290965,0.016944527217883643,0.016396576725271252,0.01521986771530787,0.015715764801105946,0.016932823217299282,0.017252218944838058,0.017807607465593456,0.01642355686463505,0.01667864914412713,0.017544404380688612,0.016912099158022345,0.01671936515095367,0.01881793309431401,0.018622298737809198,0.017431394832393827,0.017173602257289623,0.017278023766257294,0.01777310102288918,0.015313156271468347,0.01805391769738696,0.017021555226432342,0.018094144034590674,0.015571714142037025,0.017566674134608502,0.016736396962500236,0.019203084421998143,0.017015288286407255,0.015406897542894881,0.016590332591511502,0.018048028574305423,0.015024069961189742,0.01706066532690962,0.015974019148485678,0.01579472013425079,0.01646706711653665,0.01718479579274295
stdev_user_sum_positive_words,-0.01837261881592902,-0.01811597736291269,-0.019263920635951705,-0.019203502310811395,-0.01971944402097351,0.0011999436375238794,-0.01932498014833848,-0.01917268332391816,-0.016590370417622756,-0.01939962848878229,-0.018946304128603764,-0.021711120593269972,-0.018557977774038635,-0.02793128828326389,-0.018126270789631856,-0.01889584383738859,-0.02268349781392424,-0.006445354288220111,-0.014262885470332482,-0.016651032833772093,-0.018072857085802682,-0.01931793131974415,-0.017705373774838898,-0.017954378203187262,-0.018237197521966224,-0.01670292663584027,-0.018406363552754337,-0.019381075952690237,-0.01833697635968258,-0.018936878761099646,-0.011789757154289301,-0.018724362555906995,-0.020713224283926274,-0.019566155731259836,-0.019206389664939497,-0.016575663431401832,-0.012842715476387375,-0.011372019997277792,-0.039281268619213223,-0.017344824222924,-0.01629308709900073,-0.01832214667847873,-0.018816200725168295,-0.010191818443692425,-0.019597091624529765,-0.017066586992493873,-0.0197347392100109,-0.01805829463143574,-0.015134790157592644,-0.025561294204909706,-0.019362792891000118,-0.018538625738610225,-0.018632923730648628,-0.019103869520494757,-0.014900203993628264,-0.015383755275195976,-0.015999884753031345,-0.020430223381248832,-0.017782045142380215,-0.01882231133738761,-0.018796808636125248,-0.02096128258967389,-0.01842158582699591,-0.01860993413443842,-0.009585455116824342,-0.018969023188336195,-0.019806476935668286,-0.018664907762572215,-0.01667150795332112,-0.019274983130245702,-0.018136161558203606,-0.015714871894821326,-0.01908861197231567,-0.017474170128189172,-0.01793915583566752,-0.019779557532384508,-0.025361467197965518,-0.01880794503283177,-0.01524124844545173,-0.018954716172259394,-0.028983067620241425,-0.018392992310028167,-0.02150640974113582,-0.019390135021469655,-0.01850394615019899,-0.027897062391926034,-0.018184829431563132,-0.015202479738541608,-0.02206165680540858,-0.02124074496529747,-0.01766175978684658,-0.005273782782264924,-0.017459895951001423,-0.020344468718289953,-0.017520220952049727,-0.018180281175374013,-0.01288463899892061,-0.018557217245562734,-0.02019353713407664,-0.013741409920373326,-0.018529959647271277,-0.018148731937405956,-0.01654064800055509,-0.017690150394025373,-0.01741067531882155,-0.014717566689229297,-0.019424630253604882,-0.018247417004130725,-0.020135757759173152,-0.0190033917686409,-0.01629404351835414,-0.023454691432241,-0.01834490293373188,-0.01888919679270732,-0.01920253609674461,-0.01994676002543909,-0.019514850333083,-0.01874357628677257,-0.0171935804177935,-0.018529213896510605,-0.017991624642344314,-0.01826145756475115,-0.01055993858286414,-0.016667401316024434,-0.017412028478572254,-0.020125656551675336,-0.01843477577394867,-0.018045859651943594,-0.01444920023832005,-0.01343218252119243,-0.018705125738920417,-0.012406691974768382,-0.01792033025112423,-0.018285670798944408,-0.024028111512593393,-0.020205622026967286,-0.018527403152975772,-0.018963680506933228,-0.01732600786677509,-0.02057037859963171,-0.021377526720764525,-0.020659874418698192,-0.018245376218226635,-0.02592846531922705,-0.019091358042749675,-0.014955744740325863,-0.0234963026172161,-0.017787863717773692,-0.019838000378864143,-0.01856221721185612,-0.017752396358903258,4.658762415248995e-05
min_user_sum_positive_words,0.010561943891083059,0.010096165466951619,0.010926730067999886,0.0114046087518796,0.0075636770127991935,0.010481031322066636,0.010920486263852596,0.009614385905846219,0.009135671653610424,0.011762882758804764,0.009940069345104854,0.015434364600158616,0.011217996630152076,0.02804533013277053,0.00963277039747692,0.012212365505066828,0.014574875085681097,0.012632780838129132,0.0054984204406671455,0.008952546117159253,0.010836990477559823,0.009570976815559927,0.01015898651196274,0.015205777101431487,0.010620628335135279,0.009240646515497709,0.010291441390893096,0.012369035557766682,0.009873489202553078,0.012884698423800908,0.005380694094756135,0.01234570165223455,0.012266833033317224,0.005726880098920674,0.010024757004353875,0.014411468388218095,0.00309446856906217,0.014098450410392448,0.015237116394031464,0.010565104959979867,0.012188318594572773,0.004589788921879978,0.01108426697341278,0.015830844664036864,0.010938763410728414,0.0005513893549838819,0.010993051561831165,0.011085819324470177,0.004150216846135427,0.016737575439649696,0.010272640928250844,0.011003128648807717,0.01124829551757769,0.011315306235397154,0.007689726967996278,0.00641796921499775,0.015007634542221574,0.01601264302781027,0.010035504450704726,0.009448462991135945,0.012297525844717707,0.011632027713907795,0.011285378679914767,0.010945219544672855,0.006833695022409056,0.010925128092908042,0.011214844269465061,0.01210875697482561,0.0047494732815508995,0.011365266153507561,0.009960812856907444,0.009889000026908592,0.011695204756120656,0.010072048773938544,0.011259129052265482,0.010073692118777738,0.008518680600621144,0.010308537787018285,0.009696963390963879,0.01884517402660863,0.013605393363860895,0.010853882760387276,0.016617751984057367,0.01153457718354584,0.009417764385037065,0.012472356701137567,0.010703749647763649,0.010562021884425963,0.014031073829269191,0.008658464596974797,0.010345405806374549,0.0015587479778497483,0.007749463532371951,0.010593056475073227,0.010784525893203601,0.010875076560383432,0.009343701921166724,0.01103635154355792,0.012087698920247213,0.0029755158093461055,0.011984412404659386,0.011038036184352912,0.012410447423250552,0.008695956007851955,0.010687397254401649,0.011817272769399543,0.010018424802131795,0.009631871921217845,0.020330192756897392,0.008792466585449637,0.002229803041981832,0.015146501968819179,0.010644915520239235,0.010200411405474183,0.012945050715682681,0.015357476299818122,0.011577870360790077,0.010314609967699674,0.008625138577932196,0.010189305552287439,0.010396138149062185,0.011028591022510758,0.008289601309451075,0.00790299645448823,0.011061590942478886,0.01103371785722677,0.010107231772514623,0.009755379000472164,0.01014326799010732,0.011304849577895508,0.011675709786046646,0.006913523092549456,0.011061393268956665,0.010555573086411254,0.01113915020332604,0.014127800528400562,0.011099823609789151,0.012142151303669874,0.013011109659502744,0.012480445175349783,0.013545840569918515,0.015086206672111382,0.01137448757242971,0.009961706655484522,0.009879117823955775,0.010094778429767127,0.019929526934553497,0.012443556942414,0.014903080316089265,0.008993406262342936,0.009263756475439748,0.0027904056190170747
max_user_sum_positive_words,-0.010154248320907432,-0.010078664814366697,-0.01068742617016731,-0.010403099455847248,-0.012110564630900373,0.011179799829949984,-0.0112028222086838,-0.011112012049586815,-0.009158020838081623,-0.011315086416371767,-0.010065867485047678,-0.011755654371092071,-0.01014142722499591,-0.012627844578598724,-0.010133160264200526,-0.009919828902239067,-0.011773663905214678,-0.00010289177521667636,-0.009120547674757336,-0.008594259151639576,-0.009773694451832423,-0.011530066579030211,-0.010258370209262336,-0.0074899974860166176,-0.009788823934435462,-0.009185389396999248,-0.010988314068574694,-0.010542387804054646,-0.009611028541876222,-0.009463976448734573,-0.005116914404134178,-0.009775307558463063,-0.010058156770282049,-0.011981319631934575,-0.010735537144381621,-0.006575902132629284,-0.010141329574267968,-0.004465845867753894,-0.026526810464860693,-0.008580349784136134,-0.009137085076992759,-0.0121206582372008,-0.010350084537027182,-0.00065174995200659,-0.010992347100883777,-0.01267079416094697,-0.011082265007415356,-0.009480322229462917,-0.009025315921398786,-0.013408558270904676,-0.011324644699018404,-0.01013631316880085,-0.009900602848365208,-0.011608756373492167,-0.008108408396300962,-0.007959211664015163,-0.008024363324502567,-0.008471823588113448,-0.010263136956808982,-0.011119814608762192,-0.009773009905937557,-0.012312901506160226,-0.009878880315834844,-0.010224431538158656,-0.004437772260936805,-0.010751660104484067,-0.011443840600028385,-0.009759308762595136,-0.010644540038389844,-0.010422515050664199,-0.010208955383186752,-0.007973821475249852,-0.0093712629673235,-0.009117879777001334,-0.009315534745756119,-0.011661301856928808,-0.019305973010350364,-0.010344332531334377,-0.007397827969151737,-0.00613701069131446,-0.017931213797133604,-0.010118172555490516,-0.009947731922048071,-0.010568611908831627,-0.010840870490538444,-0.018337497797784465,-0.0098357037993774,-0.008797854171597263,-0.0123353862650701,-0.013352916326806576,-0.009222706076863584,-0.0027162967926681117,-0.009943255347970848,-0.01229318960325712,-0.008940585022471735,-0.00986581798684242,-0.0034258845213249196,-0.010140803551548422,-0.011456044820384035,-0.010134967155783629,-0.00963137790365614,-0.009484366304502334,-0.007058707847312797,-0.010041162157484905,-0.008507684119805353,-0.007729710471620221,-0.010702865607814601,-0.009407734581693831,-0.00632156010426722,-0.010244977797672243,-0.014355729046768646,-0.012128617579009054,-0.010059747873254123,-0.010765915323054976,-0.007542353637970288,-0.009545273139935622,-0.011039656079183034,-0.01059150465036868,-0.010825407038207191,-0.010995044478365436,-0.010048891985083101,-0.009797985482353846,-0.0033544072807588175,-0.00939590861053207,-0.00857385086719321,-0.011128416060391024,-0.010692540795262034,-0.0100951445684406,-0.0062654566975296495,-0.0048045984641346354,-0.010036106960100086,-0.00504610878761841,-0.009625604673696112,-0.010342933913292943,-0.01523326657285856,-0.010392271700421347,-0.010082397133871783,-0.010263423394585542,-0.00901748092160362,-0.010849527543328534,-0.011450142313765446,-0.010629169633364733,-0.009846280734514117,-0.01554552744704191,-0.010930139077241875,-0.008831708781794605,-0.010510061970313875,-0.009374760905262819,-0.011187037904074144,-0.011104421838010595,-0.01027573361739975,0.0037527588491250707
average_user_sum_first_person,-0.015755788655237458,-0.015327913672297352,-0.015541499480602369,-0.016209482920422794,-0.01674666015830472,-0.005623536560272971,-0.017119959008785695,-0.014772054813581157,-0.01803730114949029,-0.014279906405050297,-0.01833079861518173,-0.014431032441508765,-0.015821302806517296,-0.016736728791120058,-0.01615315517749065,-0.015389405710337511,-0.014155230440838848,-0.021393330225299427,-0.01683590219071746,-0.01614688546243671,-0.015666974038504766,-0.016073531732921933,-0.015256468485935074,-0.016057217032155027,-0.015706715336219465,-0.01804327666807979,-0.015635733336928234,-0.016060620087046264,-0.015042055709930176,-0.013641718218980957,-0.010358090042376223,-0.015876832013590213,-0.01871495889447556,-0.013303638462415649,-0.015276249421013726,-0.015922923034657716,-0.017745237492614023,-0.016981454416807148,-0.015692771299250396,-0.016994437639107057,-0.015859954360769743,-0.015307861980137609,-0.0159228725723688,-0.014912725394567691,-0.015586969584793582,-0.009069679889033216,-0.016254518580593093,-0.015832534539317794,-0.016780958875364575,-0.01643865548102829,-0.017514527681476023,-0.01581382328893706,-0.015951013387825515,-0.014419901892173006,-0.01522951873572689,-0.014639513441353915,-0.014660770844393428,-0.016928845928558298,-0.016230305667159002,-0.014925853638263913,-0.01531165375714694,-0.014781804927220536,-0.01593602263733338,-0.01578872773947752,-0.017263654071020037,-0.01575795674046957,-0.014068108585768322,-0.015370373414137035,-0.012983961041631874,-0.01540923514292573,-0.01629195343686976,-0.015445254801043074,-0.015357438351762426,-0.015441052448601276,-0.015667095083575257,-0.015294845356493376,-0.012726872486747233,-0.015065858804715816,-0.015283887094469671,-0.011407274693964433,-0.016306792128755222,-0.015619842851331316,-0.01651981755602892,-0.015909534358916722,-0.014608762388988363,-0.018091361864553818,-0.015315477680239739,-0.014805498386988233,-0.015365085050529359,-0.0149525560841027,-0.015628718168981072,-0.009986149815012252,-0.01847530629605909,-0.01654790656508099,-0.01664322293379418,-0.015840829986514482,-0.015711543717998332,-0.01587307882381577,-0.015364128358365604,-0.015552724801232131,-0.015171824202443675,-0.015981829243151835,-0.011929875357777057,-0.016184131957871564,-0.015594656264302478,-0.014443867186283389,-0.015091511223620745,-0.016796335732696538,-0.017203151449038116,-0.013202399012604012,-0.015467127542432247,-0.0160192724114779,-0.015714722803272633,-0.016089119286443992,-0.015581903151182953,-0.01647817343410651,-0.015604455821804857,-0.015495143533430228,-0.01408015444607353,-0.014449512410132653,-0.015501695147106887,-0.015993439970826133,-0.012798071963088133,-0.01672716997286065,-0.014485000346104572,-0.015381918064388114,-0.01570133764997979,-0.015543299027731298,-0.016977884565171474,-0.012465865047735152,-0.01623141482011973,-0.014133721114461682,-0.01563968655745553,-0.014453469690997783,-0.01368306042914821,-0.01595961735211328,-0.015850865140764597,-0.015277461862153202,-0.017293984325425588,-0.015261240186217771,-0.014648496132485433,-0.01651156415744834,-0.015581024034418257,-0.01531919889070375,-0.01510808053015568,-0.016486068597329876,-0.011489086193882066,-0.016493033018967315,-0.01554672804492526,-0.016073165051229042,-0.015844266423097386,-0.014824940141800334
stdev_user_sum_first_person,0.013163202302560493,0.014613373508621751,0.014403646209420216,0.012701302643992989,0.015391493271165811,0.026403294216146303,0.012524209702883708,0.010803584342216711,0.014663631894511475,0.011009811073522537,0.010376114257314037,0.016395533990727167,0.01343736165235105,0.005424132806494435,0.012100567906052035,0.012849679716012218,0.014433341246357739,0.015297206946259766,0.012096488437682575,0.015414311963569328,0.013382580905566528,0.012570707982621828,0.013774796117809181,0.014504281579182543,0.013131166787175817,0.012287718039032643,0.011107316152492186,0.012622298097773476,0.01243814522036325,0.015491227625838894,0.012026116225672963,0.01290226077197143,0.005371154698815805,0.008351800628991886,0.013754781122827475,0.01167433251810165,0.01920978425904784,0.014173082135121319,0.02257066508842224,0.01202863537200912,0.015275431869552158,0.02097196815499766,0.014007942937913808,0.011264552440241953,0.014148062345258424,0.016321092358846052,0.014218332525542833,0.014435586801678224,0.014825281425591025,0.008083611262914894,0.01663382373716009,0.013625852247069298,0.013812552236714685,0.011725402838122408,0.013030301903925286,0.01349648251715966,0.011007641940097254,0.015498338764553442,0.012866662319055868,0.01775629987494912,0.016090281121189876,0.015225517462189093,0.013522107508961663,0.01357212268816815,0.010595286790860586,0.014225089494575462,0.01420743832439094,0.014078997749463692,0.01319702380742234,0.014163322065154258,0.011707478222911414,0.0123155591868724,0.015670408996123014,0.012099331233656394,0.01220382099223007,0.01295765925583825,0.013302590277396196,0.013600348080096062,0.013234189756659062,0.012925649054141505,0.01818668858015788,0.01347914244445736,0.012115432811541758,0.013569306964906921,0.012310864315884174,0.014451402783197958,0.014299865394521494,0.02188561624246519,0.01685101249652,0.010363185088764042,0.012051707003354855,0.012174905602692002,0.01284844717262746,0.009061959340996484,0.01296046891084032,0.013319396369434322,0.016994388496991586,0.013486379723614888,0.013991723597498017,0.016558970505096915,0.015299925063124534,0.012854182484915742,0.014932533729256561,0.012771095535847644,0.014696303983058975,0.013403467498489374,0.014071167995467626,0.010702497464551566,0.011012930391651778,0.01713190658099958,0.01437690123404134,0.013006674266991083,0.013357471076908232,0.016112384007379302,0.014480983017993313,0.011339694590538737,0.015405534960281825,0.013982197108827078,0.015659974303163234,0.010013947571556188,0.013526462398211415,0.013522913920512358,0.01356551245391158,0.016752774053965254,0.012691724291477025,0.017177109664330583,0.013469457406896037,0.014265176923086095,0.015278971277237725,0.01340816340345221,0.013420821531414308,0.013463947476354252,0.013276000709175154,0.01425676757126673,0.0014476146266095332,0.008521414903651051,0.01360935167181648,0.01112952606397602,0.00879413201817886,0.013641074364059778,0.019404539993353537,0.015612604267663362,0.013939781396886553,0.016258749802561263,0.013951319716231852,0.004968296976880487,0.013312029364265617,0.01096542863351914,0.015521070741777571,0.014472154685658576,0.01396077421930031,0.01286281444144433
min_user_sum_first_person,-0.010098157717750007,-0.010758785329748279,-0.010205829000222547,-0.010335056345622193,-0.015187477020019984,-0.006987798688168852,-0.014023082090262323,-0.0065998172823927385,-0.013419223662841423,-0.007375831791821559,-0.010567753408651133,-0.011239757119775637,-0.01048475175770841,-0.00356885897153174,-0.009874889248227027,-0.008994846848255139,-0.01183461537102742,-0.01673486221273513,-0.01143434768500043,-0.015182600119523916,-0.0097795698348138,-0.01017528904177304,-0.011459814289636976,-0.009247830697438465,-0.010550541677425885,-0.009612048153972751,-0.008192190189018775,-0.009501480298460551,-0.008189219766460781,-0.009339779842173662,-0.011970081447473017,-0.009111544214221097,-0.006259880929445807,-0.008927307224382612,-0.010586787100515662,-0.008285739834713281,-0.011722444956454631,-0.010752306333717702,-0.010140426934312323,-0.010982931811337835,-0.011651172331970102,-0.01043428139524977,-0.010669884387928178,-0.007070372233763611,-0.011725381965328718,-0.0050750642875305885,-0.011046145821038831,-0.011230005336548835,-0.010452872811866243,-0.010380931870247684,-0.016540834511679023,-0.010424091677435202,-0.010720262767112174,-0.010901041535569547,-0.012955700079704391,-0.01007777811937438,-0.008602570845045726,-0.01243867760816321,-0.010746905940942323,-0.011060105135353802,-0.012047948373975454,-0.013997273749846786,-0.010567851899762788,-0.010462197412112583,-0.013793526825483142,-0.009671719379361815,-0.010412505701446468,-0.010554793519648806,-0.009382463973784616,-0.010719186338919452,-0.009452538876644065,-0.007893840758961353,-0.010767106145687154,-0.010758029187986155,-0.01038181502089788,-0.009880482085193123,-0.007831689786383773,-0.010659474894617353,-0.008951201023988874,0.00250511784050032,-0.018924105506707256,-0.01052153874075139,-0.01482386336327142,-0.011027531337810991,-0.007796575270787583,-0.014342493364346409,-0.01015547116831376,-0.016802001942798638,-0.013675405500701256,-0.008933220480713077,-0.008310863410886573,-0.00810576974042389,-0.01140933685792557,-0.012001480741239925,-0.012056218960091175,-0.01042171234341999,-0.009376087956356392,-0.010481121044268281,-0.010013538791391854,-0.010357427477745554,-0.011437101431725393,-0.009875356919197482,-0.009503831103958058,-0.009864745267073052,-0.013072469700899397,-0.010312784458300082,-0.011047926571767428,-0.00994917851262233,-0.0160909455749625,-0.011857272749612909,-0.0126620806641311,-0.009424255582316732,-0.010164984829374734,-0.013744407079302358,-0.008843522303118353,-0.0126597062329366,-0.010701080159382198,-0.009133236651624972,-0.011329864735744403,-0.008719231520318012,-0.00997622306443509,-0.010695460068684676,-0.007597612775132162,-0.013183692078685643,-0.0083737636268852,-0.012006599976581806,-0.010580626549857745,-0.010214827408942872,-0.013072701769648556,-0.009003237148057302,-0.010602765523716418,-0.00910063242607793,-0.01018287345353308,-0.007886683253420752,-0.003554276252008836,-0.00842692952896627,-0.010411896087572894,-0.009739498269172182,-0.007974051948897217,-0.010676818717325972,-0.012242134822425234,-0.01036271258719185,-0.010750370877509916,-0.016196267371545732,-0.010081492027370843,-0.006976468282034978,-0.012203984446495463,-0.008492829376516138,-0.012759151197807381,-0.009888415439420005,-0.009591896391627393,-0.004601458591066747
max_user_sum_first_person,0.0005725650394542868,0.0017507429675535906,0.0014632682214417037,6.908573188579273e-05,0.00025550845047114335,0.015395413245031176,-0.002002564561625117,-0.00028683886322797454,0.00028164925389157283,-0.0005492670442449917,-0.0020505552600212124,0.0033107393405774734,0.0005200592272436645,-0.004242951654579262,-5.0976552577553804e-05,0.0005955574368166847,0.00018776712131459984,-0.0004317743704262784,-0.00039283190193923983,0.00125941458404755,0.0006816961047582159,-0.00037522239415960375,0.0006941951887326435,0.0018264111849060345,0.0003675682050084167,-0.00014907101929957764,-0.00031456326262233676,0.00026588460973590183,0.0010972312756750043,0.0027185614890278707,0.002733373296723968,0.0006266057426877873,-0.004041077231217903,-0.003407505346862538,0.0014509534489300772,0.00019112734759263363,0.004677921513667818,-0.0008090345554196977,0.0074752329797128075,-0.0007479337902003935,0.0016008699376389192,0.006428487074732561,0.0010030182395429242,0.0013784098774595188,0.0013352256862509014,0.006094026643484059,0.0009641327017033648,0.0014711848508645448,0.0015368932303723435,-0.0032045126733717803,0.001021986762992361,0.0007459257923652721,0.0007938616948948323,-0.0006285104443416022,-0.00019439066220869284,0.0016593781472858215,-0.0008691125985366478,0.001363205935425451,0.00014782081615388244,0.003718502250404909,0.002559742730536761,0.0009043871198195436,0.0005706113975032621,0.0007168218707492642,-0.0023559170832760917,0.0013500426692050634,0.0010298906410891261,0.0008551362536654713,0.0016918529371459053,0.0012148286538038618,-0.00047755011572042877,0.0005573226762225508,0.002184029921269159,-0.0003691162546347513,-0.0004348077710773317,0.0005922394801879413,0.002037512346463928,0.0008190879447698121,0.0012726343993952726,0.007908135370615736,-0.0008067767678298381,0.0007332290733767201,-0.0025763673912871515,0.0003452393640993507,0.0010450462047581176,0.0017116115913199934,0.0016079054011579924,0.006300130691955501,0.0025132330795854265,-0.0010107902199073377,-0.00020602055406191105,0.0012529946776590616,-0.0016180840144863042,-0.0026317636722462817,-6.447399303787427e-05,0.0005172777736037424,0.0024170945808869248,0.0005936838472567135,0.0010090763819187798,0.0036202018004690877,0.001808543970046476,0.0003684617361049662,0.00249261293168337,0.00044993216761035214,0.0010634537649659552,0.0013223992132429443,0.0012910456394407918,-0.0015351522941685644,-0.0023066196342124497,0.004822175463983677,-0.0005803202918381028,-0.0004737013360515468,0.0006114455247633853,0.0017291298938589108,0.0017853636528149183,-0.0014554100366793539,0.0020298914478751595,0.0013388631063484813,0.0028186020928857858,-0.0019919464098424834,0.000816011275848885,0.0006069993691138828,0.0025014105049530567,0.0024198901793780108,0.0014443922193621826,0.002773002316687749,0.0006068517405719682,0.0013375942527362296,0.0014112042868067167,0.0018151923016685814,0.0004001016985294365,0.0018982660628624477,0.0007110251896227135,0.002672691392877927,-0.009526288617285583,-0.0022397184340014857,0.0007102060755603374,-0.0012737877030231841,-0.0026604810386932215,0.0008388872029459215,0.004635572340533825,0.0017992811294749033,0.0010134254366895455,0.002876302616292371,0.0013603038709492639,-0.005289170482201438,-0.00017029421942524672,-0.0015860999126684487,0.0016463995881137725,0.0013592958755367472,0.001420162254376186,0.0031643864850065557
average_user_sum_nltk_english_stopwords,0.0023458281513943887,0.0020450161243218586,0.0020722521130698357,0.0018014521029784004,0.0014821706612180097,0.0002890431480818464,0.0020609958844982996,0.00371807481168834,0.002643643749758587,0.003021884025707716,8.605886195896771e-05,0.002259099689224042,0.002284297821257524,0.005505844675037591,0.0010669670189483726,0.002013665197640524,0.0003486056129294174,0.0012715803917051974,0.004330313924172587,0.0016826788428906973,0.0021098792428489235,0.0021629497727488354,0.002180085750726606,0.001935677474348565,0.002210961115527748,0.002669802766082148,0.006100271178614969,0.0019465726882276777,0.0024482680318013957,0.0013854358516223637,-3.7433504119792696e-05,0.0020987502275590236,0.003816825059237805,0.0017671314168994801,0.0019032194053935688,0.002598117749039601,0.0012547628100273347,0.0033408008567939133,0.005088844491245055,0.002450483418696566,0.001384526720134895,0.00298955047539681,0.0019925781172814546,0.0001320191669365667,0.002047301776592885,0.0022722498271895222,0.0016669016834454228,0.0016612031264871749,0.002263561806253829,0.0057551956120197,0.0007897906493916831,0.0021127638093438473,0.0020986661229681017,0.002817774987538533,0.001493654213635242,0.0018803375619387674,0.0054881696675858765,0.0008208176777846823,0.002063941469360257,0.0014660527723423297,0.0013390753241054078,0.0017810983930644283,0.0020281981825187667,0.002108142970734049,-0.00018185728493490955,0.002292641245993869,0.0017093158700518703,0.001881519681567554,0.002288478696322975,0.002014762730965034,0.002358141985112489,0.0013043718751985216,0.002029872567744931,0.0028509597585306915,0.0015588582810834783,0.002168538803307647,0.006740362065328314,0.0009112735621693759,0.0027820756631907776,0.0010629898510177965,0.0012230943560595613,0.002020863173866164,0.001414281829940531,0.0022988207021233985,0.00398563968970192,0.0032561914194065202,0.0022592671331464545,0.0015884567530012796,0.0011828685425844115,0.00271840032024959,0.0040712848752711365,0.00014195788290382975,0.0012870323243574216,0.001107987186604648,0.0019876753848868667,0.0020716771336546464,0.0006290964354276627,0.00208654112060398,0.0019978819500186774,0.0023555399507341843,0.0018662135899757612,0.002148163764048008,0.00017845506117102495,0.0030454301580710086,0.001415899542736519,0.004113654372428584,0.001819038894861097,0.0033515069296827507,0.002050132181027008,0.0005867560023923015,0.004013768712291317,0.0017449461888486189,0.0022012258326469672,0.002004700885322735,-0.0005061279997398416,0.0023044692659399384,0.001981492707709737,0.002391237558322451,0.0018503639799744365,0.0019630594599425004,0.0021215736320361472,0.002004103552228847,0.0014497246352227393,0.003650478765811725,0.0021735043621361836,0.0026317066462182934,0.0023711870911254113,0.002588555282780393,0.0009217960307201347,-0.0001948598600468544,0.0021758841051277514,0.0009481030267912867,0.0021001442399099348,0.00247808796143195,0.0005020635724896465,0.0023873594575433118,0.0021202549888514263,0.002686408620774257,0.0037949560749479814,0.001942583788377748,0.0014432646668334154,0.0003384103275444021,0.002237339056483151,-0.0004913870766963709,0.0017059076874213104,0.003020553735437099,0.003637266943657321,0.0014335750499487468,-3.1799851161352227e-06,0.0026339696293934817,0.003609496459664737,0.003194971754610695
stdev_user_sum_nltk_english_stopwords,0.029163737584972593,0.02911788304178865,0.029069995821032625,0.028286535385921886,0.031197189826832113,0.024891173690912205,0.027200160747782073,0.031178342386530538,0.029712796010421462,0.032884288410672084,0.028752717118339287,0.027116170346510628,0.028570998513134896,0.024661142061510107,0.02726958732025289,0.029412903576750582,0.028094259783340306,0.025064853394442976,0.027055932654408244,0.028290557699523176,0.028771126526134682,0.029054443142801475,0.030853692876201082,0.030179223435276334,0.029196753909495634,0.028752705590638705,0.030399832538782944,0.02842979518099701,0.029004777421875412,0.029524322563113662,0.028234291498655154,0.028870893911332005,0.027985646499655334,0.028130426945399786,0.028525306120833163,0.028577529617010596,0.027311118845635154,0.032076550422127925,0.02955663732398332,0.02990787232378739,0.03023232959735203,0.02945831415935323,0.028753434117462756,0.024799311065244474,0.028456643945456314,0.02375938126036327,0.028794772815970246,0.028680754948329033,0.02940225398047821,0.030627026781054913,0.03083287359968981,0.02900720021353287,0.029121293593537347,0.029145239919076926,0.02837972367832527,0.02805980682218647,0.028063105272644016,0.028805416579569056,0.02860592672610876,0.031814189214954894,0.027538685662360764,0.027966404529004067,0.028896551604198087,0.028945509323044398,0.022927526435389776,0.0297528423724494,0.028232008849919776,0.029215217810806854,0.03499538291827292,0.028616940931523432,0.02893402663724628,0.027470830226223146,0.029388952990932887,0.028285623124140617,0.02815833897019206,0.028019945300420384,0.029527212725227008,0.02858051408335467,0.028167149036739392,0.01893092613715261,0.03491708746154171,0.028531339262834493,0.029662912423786908,0.029961820736212782,0.03062270899444909,0.027368713704396596,0.028714744600359356,0.032261748654557276,0.02724526851383314,0.028297888068478484,0.028803524086573433,0.01731679207812077,0.028491463284792597,0.029748199780060318,0.027457888797620032,0.029129227948521463,0.027422606960436996,0.029052151993835748,0.029027208343188803,0.03348755082366149,0.030295461624093224,0.029093666392038735,0.02500409990252886,0.029868772394057767,0.02772070052811563,0.028870895080202557,0.02852424323092741,0.02856341163834953,0.030726344773576077,0.03143537159626045,0.024915530586845494,0.029816325738943408,0.028865918850502655,0.029748043647094855,0.027376976198980718,0.02985665447099637,0.028613258352470763,0.028160607100132337,0.02721123687631931,0.026876145401509892,0.02904571422553024,0.02909431061969798,0.02706872593458097,0.028399720878483824,0.02959431031001673,0.0286626792093101,0.029458832685869307,0.030165518119946742,0.030534992663409744,0.028289846710801498,0.02920286089941697,0.027094790506916905,0.02919153862183492,0.02937368404712962,0.030230232086576186,0.02825902631936293,0.02901237352747356,0.030255243032334928,0.026698520724910496,0.02875568700156846,0.0299059715179942,0.026895451894227346,0.029113557681733543,0.02729500707133814,0.029098641393047964,0.026519120432503793,0.024617098010732204,0.02712313300536142,0.031199033347460207,0.02999296954482173,0.029168298715120118,0.02463954108528541
min_user_sum_nltk_english_stopwords,-0.0035448850387776436,-0.0034585425494379207,-0.004005313434067083,-0.003595800792025557,-0.004025265139690849,-0.008001572417331642,0.00010801119623491014,-0.003936963955323889,-0.003414524314088777,-0.00731385007027936,-0.005473990348655266,-0.0002943565869408665,-0.002720524074883361,-0.0020756864334697924,-0.005141599052131285,-0.00433920703159265,-0.005187519043238314,0.0012314527198766367,0.00041479861831828814,-0.0011773535805643248,-0.0038048196718227165,-0.005209128818281093,-0.004009755946734752,-0.0057171875201992095,-0.004087893593861226,-0.007847235735191738,-0.007255307198721122,-0.003180138351415223,-0.004544474920248424,-0.004563636509729699,-0.006115018801675826,-0.004042786870050247,-0.0022670300717384743,-0.005643207416174362,-0.0031685586832383757,-0.002427029219493034,0.00161963478729071,-0.001224815088709151,-0.0065797514378225334,-0.004023655250867212,-0.005573097816786602,-0.002211882328419311,-0.0035485602259859132,0.0037025361160538802,-0.002247667025717221,-0.003926013969126302,-0.0036033131049003856,-0.003593397897503442,-0.005827994450658659,-0.0016694844806909052,-0.006120374683195771,-0.00362607154256749,-0.0034996917830891327,-0.0063363178935523685,-0.002004764424244354,-0.0021503389145921745,-0.001539437541980702,-0.006342668744104276,-0.0037277648096563807,-0.00733267934488464,-0.003908184413864239,-0.0029180478023323473,-0.003704877796705703,-0.0035468792415460845,-0.006190046111634321,-0.004134211247606394,-0.0039662032317669006,-0.004786430804636319,-0.008308935819665176,-0.0035534892689714024,-0.004349795628213285,-0.003207632018564459,-0.0031986911963373423,-0.00363297231807276,-0.003631836562883818,-0.004035658867557023,-0.002230895947826537,-0.0034415051915624327,-0.0031493595203621752,0.010086182273811318,-0.0011921201702869066,-0.004206832589005877,-0.003373349554226187,-0.003663848747125593,-0.0027492553679949556,0.003938530543843306,-0.003306240745856794,-0.0010074511565819101,-0.004480318812810374,-0.005328586723737814,-0.0032560360663607202,-0.0005140764353132486,-0.009976094529447328,-0.002803118475451492,-0.002130642675904418,-0.003799473811484184,-4.69189929809934e-05,-0.0037002599785473083,-0.0033842286065744985,-0.005614978878586594,-0.0035147957512123157,-0.003933614957875561,-0.0094003726505889,-0.002993019099925844,-0.00209511364985681,0.0003604696481068889,-0.004409123189868774,-0.00041503364722283737,-3.386134684596476e-05,-0.005820397752325308,0.0048673179499215844,-0.007272514234545438,-0.0036666004199290047,-0.0037413189253144687,-0.003344354191097041,-0.001833576005350476,-0.0035787100122405963,-0.0026207289665504587,-0.0009409398399993999,-0.0019722992670910457,-0.004122245984323548,-0.003677495585942962,-0.003888823494412141,-0.005588229557502125,-0.004052382274174896,-0.004322312790385676,-0.0039098796893149,-0.0040631848895430625,-0.005534691847254343,-0.007448148477057306,-0.003614382332398241,-0.006333022623621632,-0.003876555179866758,-0.004595522312018081,-0.01026941060588451,-0.0015446644208089713,-0.0036473903159197456,-0.006258489154772225,0.0004328619513922997,-0.005091475550319892,-0.0033057228250176016,0.0022839183265914026,-0.003155223520971598,-0.004983380379547025,-0.004757000029793964,-0.00027651602576201414,-0.002199581608680984,-0.0022769878954668806,-0.004238331392267225,-0.004393213832616205,-0.0016551197026921632,0.0010069087903538856
max_user_sum_nltk_english_stopwords,0.026675199345977375,0.026596628502148452,0.02638920637879763,0.02584775348582482,0.02784509424362997,0.020708629910350565,0.02586318467863025,0.028462197840053022,0.026988120347132827,0.02864971410252652,0.02618201498096337,0.02567685766320284,0.02622524434824401,0.02368882840606313,0.024232776468969777,0.026638974187396858,0.02575561804324682,0.025402962963232502,0.026426963630175392,0.026439480031882977,0.02620016150229889,0.02605453086308345,0.027513645433233223,0.026757557020688792,0.026434671738776533,0.025464146101736876,0.027557802721995456,0.02605133450075159,0.0261632596596211,0.026547919743833845,0.023222342485576863,0.026127317746672016,0.025846428217585572,0.024723469063800477,0.026647713473310464,0.026057407302003368,0.027504587433254696,0.02951978442150744,0.025758583257205092,0.026850989519707845,0.026732247294970896,0.027781456586414448,0.026242262880519722,0.024558550074936437,0.026360338991959976,0.022436240007741082,0.02619371737308563,0.026089747775466975,0.026878336560287756,0.028716287516708128,0.026923357326185015,0.02645230152183556,0.02657847130837277,0.025188761534601894,0.026528601023365947,0.02635459781864828,0.027721900724429004,0.025157227457604712,0.0259956005192084,0.0279312474724976,0.0252185397813018,0.025509737111171348,0.026307404511343363,0.026422414173287685,0.02237730763096279,0.026838960053997787,0.025812548900147832,0.026290377106823186,0.029669197096493793,0.026137623761382126,0.026268346741033306,0.0252440980163171,0.026902427569798687,0.02612776941818455,0.025747785266498294,0.025338916172266215,0.02821951930240956,0.026139506322160104,0.025831597726242373,0.022581024874378783,0.031128012008938753,0.025853725431948242,0.026787226983923447,0.027080857998325623,0.028386678885487356,0.026913201354024627,0.026333381070501267,0.029016114538238793,0.024376107243396988,0.025974037055447066,0.027223487358855332,0.016986285710476834,0.023658835544384818,0.027147558334542635,0.025842646441362145,0.02646164530550721,0.02613936398674791,0.026457107462517886,0.026374209506030047,0.029499654679244133,0.027276010767968966,0.026506361881941908,0.02095568624962521,0.027557321539378215,0.02567009051448493,0.027826536706012043,0.02582016806867084,0.027329786366481007,0.02816704528280566,0.0271948786997179,0.025470961461009838,0.02624253702015077,0.026408972904608287,0.02694220709035947,0.024169960110808485,0.027122816813402423,0.02627194724063399,0.02640328592738767,0.025564165376852334,0.025298360253836735,0.026313838001874812,0.02648102820654531,0.024866334840411477,0.0246663730144661,0.026660275475399953,0.026134558542918768,0.026736858091132847,0.027377406596146243,0.026530874060200965,0.024478802458489414,0.026530420455680166,0.02362498309588821,0.026575654253569034,0.02662483102577455,0.024634160847630336,0.025373037808319253,0.026444563211345917,0.026393680630513144,0.02622380250052362,0.025877003369507903,0.027067127937236656,0.026824041909461468,0.026645013028200427,0.02286697831028342,0.02612534626215631,0.025365439304076233,0.02293747070685641,0.02583966865764055,0.027423698973555153,0.02726335270821595,0.0274573318965265,0.023386368623962168
average_user_sum_hedge_words,0.004607537296734427,0.004676282143952274,0.004671779782840255,0.004207047174468983,0.003046641787134154,0.006533653119584235,0.004614239644901619,0.00623099216831886,0.004397161003913724,0.0062759650988685745,0.004217892590597742,0.0036318055227757447,0.004256142550658567,-0.0005574603898905184,0.006269470266699056,0.004506190668291015,-0.0030181421521033036,0.004757593381991951,0.005851772173751858,0.0009555422615162776,0.004233465295165818,0.005950456095897536,0.004924518512524548,0.00554627160445597,0.004711309662561506,0.004859592690192004,0.0028917336533586784,0.004847236146237763,0.004599707741121121,0.003697222040786456,0.002841503286791643,0.004604648529088533,0.0029561534766407317,0.005624815211968535,0.005431743192560692,0.005937150042378613,0.00396296925342355,0.004667181098321989,0.008111365255802538,0.002122885010586424,0.005041459419498398,0.0051659290090502585,0.004607828281460632,0.004164220774554949,0.004116726443106311,0.006737982369430394,0.004281954716555387,0.00465326641387597,0.004482770062433087,0.0048982330264402615,0.004296493850906314,0.004508208079857965,0.004451725571653874,0.002421959559288582,0.0070889050295157695,0.00725058727162067,0.0048712542726595046,0.0028800538267365026,0.0071146247760724805,0.0019737763276518328,0.004244043009191822,0.0035054194923754157,0.004432095210713678,0.004540146231849854,0.002874619128572037,0.004789034067704839,0.004209349735233908,0.003614263166923575,0.006445550855155812,0.004250978601968148,0.004714925947289929,0.00372437303236872,0.004966069365358417,0.004295437891847803,0.0042193904739906245,0.0048622291155767695,0.006099467317391286,0.0026032661736079595,0.00633327439458534,0.0032990802887927183,0.002669182409071309,0.002336791161399142,-0.002854608501968779,0.004319053515769555,0.006041008556913623,0.0033801551483722044,0.004196208211144071,0.003059833046611348,0.005166044894349636,0.004756356934481103,0.004344870843580333,-0.0023807932537238084,0.0056387336557140975,0.003709292238972808,0.004497701124703117,0.004491733813200371,0.006121362647034495,0.004547813301185947,0.004077310645842873,0.005435782242490746,0.0031739957578616664,0.004611493638074782,0.0059008971378527765,0.0050712039805689765,0.00388500163928231,0.005699093406754998,0.004765201524267491,0.00549483922358502,-0.001280223620895497,0.0037221791780413602,0.006776764262745054,0.0021778043856195885,0.0045532653680125795,0.003983826998933295,0.004935474575093884,0.0010159978160048481,0.00394901983523358,0.004042649328081514,0.00446071787621273,0.0034074478344377854,0.004627602133695041,0.004411817258015548,0.015764987805060523,0.0016157343420069564,0.00259891619778734,0.004531595248225422,0.004639599762733584,0.004230141588697858,0.0046143713450184694,0.008794726699239027,0.004495322360972822,0.0035696659899464352,0.004652293298570967,0.005815012484038413,0.004952467867513587,0.005546978418387836,0.004518876513351483,0.0037891004902707824,0.0038254063194032833,0.004129694218805128,0.004257630135984038,-0.00011551822972969208,0.004464391758701213,0.003478217450708138,0.0038539814117799654,0.0037026219805137463,0.00786834257653552,0.006105333123917183,0.006898027058511602,0.004279898630892728,0.0070885042641652025,0.009243093431854713
stdev_user_sum_hedge_words,0.0030496830150787187,0.002738136973809844,0.0029175283211490925,0.002872681459444089,0.0027370863980916114,0.004684566018956686,0.0030567671566728415,0.002485576038355893,0.0040384690096755636,0.0034984547746171966,0.0042022996847966305,0.0013164943564472845,0.0027030860807524173,0.003802850023888797,0.00372646237810041,0.0030929634863753903,0.0018789407210485845,0.0020293952090459835,0.0015326338911311656,-0.0035139900640410258,0.0026686346200846863,0.0035302615558683286,0.0032396219944556773,0.004182075387257655,0.0030788200339922963,0.004510185343413905,0.004595310501266332,0.0028425925775851894,0.0022023196264613198,0.0029938307073722817,0.003471447130698439,0.003053253276485283,0.004613081777408771,0.005495097868619634,0.0031819057314296916,0.004066374757596997,0.00389070599270995,0.00206966395333562,0.00822654490039854,0.0018750886485019366,0.0032871107818781397,0.0018247872594120227,0.0030205290073186137,0.003330028138580002,0.0025251297006414902,0.004099378467799276,0.0023962171250731922,0.002908786624435361,0.004380471184705491,0.004283550790168414,0.004001712121307455,0.002923508010637753,0.003095239070302326,0.0023448926924761263,0.006236478142421743,0.0038835941386095012,0.002624317493113695,0.0016704035643863146,0.0058674896177839195,0.002129916901276372,0.003610648083058724,0.0030623064418544062,0.0029034246132411973,0.002904424676263534,0.005794735324894409,0.0031405819351840863,0.0027731879946276423,0.0028387542882572035,0.00358023172841492,0.002870051860500109,0.003459192920232607,0.0014724808139726635,0.003450183178055748,0.003618081470864303,0.002895446678634443,0.002779422232824097,0.004217197413309427,0.003446999646420831,0.004415949302490722,0.0010372865709763306,0.0015617891246784907,0.0036556129066788977,0.0021209437285587603,0.002884884807070937,0.004126560781108523,0.00321346002645073,0.002986322362691902,0.005244106416328309,0.0032746252214236396,0.004346885434672924,0.003019486293537564,0.0019145840797587244,0.006237391995075567,0.002941773900748977,0.003258928580638091,0.0029032396094785043,0.0006165618343266423,0.0028944788334430514,0.002703139477951696,0.0015377157322690634,0.0019360846158384803,0.003020263958946178,0.005187455766655538,0.0033491081585692844,0.0027162641999707443,0.0036679309228497374,0.003293345129890074,0.0023042901227860076,0.002650618223268352,-0.00045385512803087537,0.0036966152010107847,0.0010246358310923472,0.0031321354019955873,0.0018206446664724638,0.005116372937971158,0.002384485853814537,0.0026024643968384723,0.0024492680011974025,0.0024367896157718987,0.0021985464084713705,0.002965478046112283,0.0028654540347454738,0.004902219361174867,0.004032321962523238,0.0029517169652872426,0.0026793934534583737,0.003291589029449496,0.0031386789062320952,0.00020442950830658162,0.0018326622598065917,0.002720859257390131,0.0010402372405684396,0.003026533929886638,0.0028887975501312793,-0.00019605054406140673,0.003897322249388515,0.0029340496319102804,0.002565657167495154,0.002383031485871023,0.002648034698490285,0.002539299214104807,-0.005593756306850691,0.002309124694269228,0.0020311845047775966,0.002859940167326106,0.0034215730272450073,0.0036836526203275956,0.004522173117322781,0.003356171632382372,0.00286254164036244,0.0049683868821121715,0.008956475747334172
min_user_sum_hedge_words,0.0,0.0,0.0,0.0,0.0,0.0,0.0,0.0,0.0,0.0,0.0,0.0,0.0,0.0,0.0,0.0,0.0,0.0,0.0,0.0,0.0,0.0,0.0,0.0,0.0,0.0,0.0,0.0,0.0,0.0,0.0,0.0,0.0,0.0,0.0,0.0,0.0,0.0,0.0,0.0,0.0,0.0,0.0,0.0,0.0,0.0,0.0,0.0,0.0,0.0,0.0,0.0,0.0,0.0,0.0,0.0,0.0,0.0,0.0,0.0,0.0,0.0,0.0,0.0,0.0,0.0,0.0,0.0,0.0,0.0,0.0,0.0,0.0,0.0,0.0,0.0,0.0,0.0,0.0,0.0,0.0,0.0,0.0,0.0,0.0,0.0,0.0,0.0,0.0,0.0,0.0,0.0,0.0,0.0,0.0,0.0,0.0,0.0,0.0,0.0,0.0,0.0,0.0,0.0,0.0,0.0,0.0,0.0,0.0,0.0,0.0,0.0,0.0,0.0,0.0,0.0,0.0,0.0,0.0,0.0,0.0,0.0,0.0,0.0,0.0,0.0,0.0,0.0,0.0,0.0,0.0,0.0,0.0,0.0,0.0,0.0,0.0,0.0,0.0,0.0,0.0,0.0,0.0,0.0,0.0,0.0,0.0,0.0,0.0,0.0,0.0,0.0
max_user_sum_hedge_words,-0.0012247681746128739,-0.0015467503670932338,-0.0013811409915066106,-0.0013983915995677346,-0.001287497634713421,0.0004215243611798876,-0.0009214613740256752,-0.0017407437540060758,-0.0004091620240018693,-0.00048815457182676235,0.00016140073892985211,-0.00268767396062123,-0.0015616984478531038,2.8052007036849166e-05,-0.0005017774600261111,-0.001216485468265728,-0.0023985877153680415,-0.002436658829797392,-0.002840811069154214,-0.007611855047017807,-0.0016130104561428785,-0.0008002895445066507,-0.0010054521466753216,-0.00015205672857716845,-0.0011793836326174333,0.00021599207885554007,0.00031175276357903355,-0.0015311421806480322,-0.0020098082118796077,-0.0011922937265516232,-0.00012934156191375147,-0.0012382308811639368,0.00023514772850059644,0.0012479685361416522,-0.0011639706383881395,-0.0003776552172078257,-0.0004963458194672463,-0.0018426399065424402,0.003514388778117116,-0.002421682735387372,-0.0011069021735110006,-0.0022581577722186573,-0.0013290357747832281,-0.0007344779410385248,-0.0016358293350256688,-0.0006087073850498462,-0.0019170793870868126,-0.0013650311470869078,0.0001284776947807452,-7.205214511716435e-05,-0.00035251557820372564,-0.001378616428038942,-0.0012383745969048263,-0.0016370650128171207,0.0019216755845147242,-0.0004569218421345278,-0.00202849783299542,-0.002492472538056274,0.0015849397718770558,-0.0019956702070643446,-0.0006190496872296378,-0.0009465278395403842,-0.0013913255971787827,-0.0013944974152358264,0.0022761970996687357,-0.001225345383464629,-0.0014359866403008698,-0.001357312447542388,-0.0002734958065750276,-0.001427049085638666,-0.0008879225367135115,-0.0028382757910610026,-0.0009268441896498406,-0.000695824484693788,-0.0013620459793995347,-0.0015471221414013123,-3.225438627527284e-05,-0.0008567318245477941,6.205798137689199e-05,-0.002197640265004642,-0.0018072203815406394,-0.0006816520493293909,-0.0003996374102253203,-0.0013482166875601123,-2.761203922794879e-05,-0.0013219686092947325,-0.0012816162249961183,0.0007727333083787022,-0.001019593585133408,2.6449086761505536e-05,-0.0012878673412050397,-0.0019982723319192305,0.0016130180915421306,-0.0015798130236424016,-0.0009709699357181786,-0.001381799918503573,-0.002972708279211771,-0.0014131476705868708,-0.0016481231250639675,-0.0029917743194237782,-0.002348181009615714,-0.0012327679531694887,0.0006954799447811324,-0.0010390453484997557,-0.0015339387789221233,-5.104404927431215e-05,-0.0009961477823100858,-0.001865338976521056,-0.00133959634020866,-0.004569786707649459,-0.0006665675416810835,-0.0030753131089876033,-0.0011194453388597893,-0.002409695441698648,0.0005954603334466166,-0.0016304039015289842,-0.0016277803898403047,-0.001892811351429144,-0.001997910557964765,-0.0018639954912327093,-0.0013816503394958237,-0.0014448518998199864,0.0034351786225261492,-0.00022837256336816388,-0.001652274038497513,-0.0013512304491708135,-0.0010618924991799405,-0.0012269220949808566,-0.0037597450909157473,-0.0012459690255775622,-0.0016101129626958054,-0.0030038128222168187,-0.0012805552260957472,-0.001550765228273734,-0.0037263367629721284,-0.0006841241739422577,-0.0013657856722918815,-0.0017089548340303226,-0.001991184875507975,-0.001548401584517592,-0.0018002543969462687,-0.009959628827286744,-0.002001883266209299,-0.0025358717889371104,-0.0012876027160472914,-0.0008476214211689832,-8.41115582982492e-05,1.4092747422559879e-05,-0.0008204327870774087,-0.0014880704523849118,0.0011201125063564797,0.00571675974703747
average_user_sum_num_question_naive,-0.002412647805167867,-0.0020523145118823,-0.0018304419933995383,-0.0009327482252127622,-0.0011838190241583585,-0.002584770800500548,-0.00019637635407921544,-0.0005646464359559643,-0.0010969795453133688,-2.9476800974315154e-05,-0.0014332732665991235,-0.0010080143587407817,-0.002678722056408924,-0.0046200397007841905,-0.0022129967575953285,-0.0021526493862177205,0.002486845013305837,-0.0013343623728654178,-0.004153439529175483,-0.0075999905865911065,-0.0019930255736054503,-0.0018339234777071181,-0.003159461910909534,-0.002076271176966453,-0.0019248260412883418,0.0016921073215437274,-0.004248863399086578,-0.002387778299217061,-0.0002395736163516328,-0.0012959313791429984,0.005870947798439156,-0.0020542213129067163,-0.004174713724124628,-0.0028067609734717808,-0.0017714979539222957,-0.002920010482045144,-0.0012725799779843526,-0.004456777355522433,0.005585933437921131,-0.003342825594143499,-0.0023195992363790087,-0.0015828064477864286,-0.002006604901379383,-0.006034977213747118,-0.0012064766662160664,-0.0007067478540373102,-0.0014976623098741162,-0.0020540211387143174,-0.0014315529678787207,-0.020295263716512094,-0.0012121000014976568,-0.0019751748864714203,-0.0017853414149770555,-0.002621518308167585,-0.0049988321662419975,-0.0030305955366897903,-0.0035530803522260263,-0.00017559688687363365,-0.00240656858267815,-0.0006548919645526785,0.00031408891318273485,0.00015170850611365486,-0.00200309358588837,-0.0019321167271071707,0.003078134292805901,-0.0020972466434541308,-0.0013931112010198837,-0.0017113393394255424,-0.003059858960231126,-0.0011055631221094028,-0.002459463282749031,-0.0006116455912954823,-0.001021457884721265,-0.0013795567902052837,-0.0026045487514806988,-0.0021618029084639265,-0.008338288808181172,-0.0011232243460290933,-0.0021682797690399207,-0.0005407678470170513,0.001353886909967194,-0.0018749147507858104,-0.001186402877460923,-0.002110068330736941,-0.00359362479882085,-0.0019773026704046973,-0.0017500033613224615,-0.009489715434827347,-0.000282419868071114,0.004596873876667025,-0.0020081565760121864,-0.0015179672869676634,-0.0030184203072234593,0.0007213572577299265,-0.0010680920859580598,-0.0020041503997403586,-0.0040710541252703715,-0.0019995757112033115,-0.0023361900378412043,-0.004082713796803521,-0.002513211797686661,-0.0013614629352481054,-0.001038991595284356,-0.00240342249525519,-0.003086107496451409,-0.0032917090934949794,-0.0009212343344042022,-0.002752196145117708,0.005862271076198106,0.0001543751239619709,-0.008966473570294568,-0.0013191680645116208,-0.0018087053510749615,-0.0022335037402487073,-0.004581253381026294,0.0050371087333013626,-0.001400524788863218,-0.0007333033445569813,-0.002268367579899188,-0.00019935491622690912,-0.0022032569818098355,-0.0022361478801381472,-0.00326950868610602,-0.0024623633076687954,-0.002717825497975883,-0.0037289956067048276,-0.002341408507196281,-0.0016955019484744122,0.002360386650086581,-0.0005259770174081552,-0.002457822077669678,-0.00042735431417357736,-0.0019414453185756138,-0.003221324289742939,-0.0051509158471589565,-0.002065179792724813,-0.002003591830794172,-0.0035498425591319917,-0.003002340993712712,-0.0007282643771958676,-0.0023777951524487674,-0.001984485155527408,-0.001621294241156021,-0.0003854753102660591,-0.0004806438918623472,-0.0068032278040003405,-0.006891382645076719,-0.0024051468550727734,0.002708645528231489,-0.0024817241209360297,-0.0044561382453376305,-0.002373220284807907
stdev_user_sum_num_question_naive,-0.053770942624269964,-0.05374244930358622,-0.053676575109003845,-0.05359689926960497,-0.05213192064737803,-0.053397619255689005,-0.05082404625321681,-0.05428558083545147,-0.052248120515049186,-0.05015878125799879,-0.04997406466920329,-0.05162977046954008,-0.053178422654987234,-0.02235689457754881,-0.05401259828230929,-0.054218745556446776,-0.04847628040591816,-0.04008447214538027,-0.05332517873495299,-0.06202448830847687,-0.053871146553047575,-0.05436504351346698,-0.055001999125968856,-0.05355969300947705,-0.054296285080422335,-0.04879961246176783,-0.05619357012197522,-0.05333722407608629,-0.05288395400057083,-0.053860898844749316,-0.0640195244056038,-0.05392005701408309,-0.04746528868156429,-0.05888866496768844,-0.05383072732555942,-0.05276566809579754,-0.0438285566174562,-0.05493186851121021,-0.04092842892121616,-0.05302292826628042,-0.05127527420885918,-0.05746455571392405,-0.05326473017221804,-0.046169507798856646,-0.05442311870395794,-0.06274666413236907,-0.05279364680438568,-0.05307017380383911,-0.052774082608463835,-0.0629468009526112,-0.05193493928745832,-0.05346166187744005,-0.05397765753944685,-0.05401314764048296,-0.0567252686974663,-0.05600085740428319,-0.05918514867642584,-0.04522824496723882,-0.05373755704567296,-0.05169652941622735,-0.05316961580573394,-0.05562745474915928,-0.05343591799853776,-0.05349586567143887,-0.0559283993798414,-0.05282672207464796,-0.05433263538995024,-0.05357497947933626,-0.04834106536912206,-0.05310226954078157,-0.05457283171622963,-0.05399068346570043,-0.053668249414079605,-0.0520056862759096,-0.05412832339556879,-0.05307396080034886,-0.04866484380598818,-0.049349598818026634,-0.05525673658063551,-0.04642914632663492,-0.05530765100079197,-0.05311985507967285,-0.054694488138059695,-0.053618827926625534,-0.05458596277096435,-0.04648889534538454,-0.05442070817307869,-0.052135344092113234,-0.053533533843921705,-0.0505542270794044,-0.052011900403672484,-0.06296202685504208,-0.04912583166276406,-0.0527730011212403,-0.05314252922350263,-0.05332700825122173,-0.0571822053491652,-0.053402534295704296,-0.052843674259419215,-0.054815802967224464,-0.05324531179524472,-0.05295984971181177,-0.055293204085391554,-0.05345771207671182,-0.053505692300746574,-0.05499748326776132,-0.053204543282474065,-0.05173557162586335,-0.04818122360919479,-0.05497635723543105,-0.05403599873941246,-0.05269070669476591,-0.052933289134189265,-0.054394237405602466,-0.05929404861136966,-0.04852980585929599,-0.0527052209767082,-0.05244368287565046,-0.05053307423451803,-0.05434243172127594,-0.053355757741369955,-0.053586414378444094,-0.0535863011141531,-0.05604758774171788,-0.05540622467324672,-0.056367495900906145,-0.05405659645589905,-0.053805008256703646,-0.04843612558443894,-0.05357958397158891,-0.05312501116836291,-0.054448120423871496,-0.05326699330017676,-0.05119666373575656,-0.05589434255655203,-0.049317223030185035,-0.053426541228223746,-0.0537661293170105,-0.052148643251136766,-0.05338254274920132,-0.053829968098779,-0.050971644408640424,-0.05442958740026868,-0.05009551177200724,-0.05210810671916306,-0.057351401661443716,-0.06052082512795352,-0.051370317700888235,-0.05430911307598604,-0.05378819350544864,-0.0535089326128045,-0.045921896610271136
min_user_sum_num_question_naive,0.011681764718474354,0.011087073414407362,0.01235919093865734,0.012765128502728915,0.007073899716123673,0.019624554716531743,0.012371263419034124,0.016434913359479063,0.014020661230302281,0.013927100760930155,0.003289740928688641,0.014575076791131797,0.011762518218285105,0.0012015803766010653,0.013714144368130022,0.011303365657554675,0.011702166596436046,0.012430372021141764,0.018230934586722976,0.011671061260016567,0.012281829455007321,0.010411024981476447,0.01034232799187465,0.010337745889702508,0.011903331358052428,0.012174182662456854,0.013166038304068619,0.012659612705877548,0.015377206437191726,0.009187258241530246,0.022872784882845526,0.0143874815367307,0.014123998162249244,0.011371063473213424,0.01174673318134279,0.011156275893078422,0.008910297434880594,0.016585161137502375,0.012538397062272786,0.009746046860114667,0.010723298280105268,0.017396679201901362,0.012113947078669966,0.011335786383791943,0.014015048128279441,0.02206776040206844,0.011458273077962936,0.012483009869226788,0.017267968613033723,0.0028658397588284317,0.011719901241921276,0.011975746701077542,0.012206138426292387,0.008820058430922664,0.011500125434632517,0.011724789391502271,0.021032224983002494,0.004882563202757356,0.011705577649050981,0.010232352554115458,0.010106636466811226,0.013781361696684072,0.012035617446299031,0.011950187690905568,0.010267616991203588,0.011170260983111753,0.011811463242919134,0.011392372492285377,0.0032703109564460224,0.011569893386141984,0.011801858280118288,0.011655454484552054,0.011605038289040508,0.007241492923262384,0.011174264346835893,0.011600105535529594,0.0031916790469033235,0.011536559820262467,0.01179557997209777,0.009907608891930451,0.025253903625735968,0.012964318751746506,0.01495541812557901,0.012358224371096245,0.011438190289858166,0.011939146091093096,0.014275705376263468,0.005363087056730105,0.012856101758283573,0.008905691382110174,0.014794661900388119,0.014934044561016314,0.0099804956814643,0.011128634890453211,0.01310985267790221,0.011888877638077642,0.017941623527484615,0.01165555008929409,0.01157787938411502,0.004480657201828585,0.013847751191381201,0.011804951171361489,0.013702093709035967,0.013248464228311468,0.012451422919823207,0.005664270700953123,0.01211648842825688,0.012744671604132063,0.0006978421424868103,0.013610766007703872,0.01834830795259276,0.013557912347253119,0.011156214376488161,0.013382923497292308,0.013225219333714837,0.005129175330826873,0.014660965064806235,0.011741975477465373,0.010559372424964514,0.014502557642849388,0.01166999423464497,0.011822831757143194,0.013582334042817558,0.012414369082428576,0.01010198559077859,0.01301908246636679,0.011714214457052511,0.01274716449915098,0.021723240223699872,0.015688265230089458,0.012070474636742391,0.010102683887441441,0.011765451167884262,0.009831112451897921,0.013683108417597737,0.007186249162995308,0.011866764569897801,0.011292242965148195,0.010794655400651965,0.010989662047842807,0.012641054175256471,0.004924461053906111,0.014848947865993882,0.009097520508455968,0.012308832502973547,0.013956365650662612,0.013733958875990913,0.005577337788223991,0.01923679520134246,0.00950251264092207,0.01031616858134696,0.017498210145054607
max_user_sum_num_question_naive,-0.04896301641105387,-0.04931561732759911,-0.04860079796798411,-0.04820110903960206,-0.047655531930112155,-0.03988319146631284,-0.045925690040419215,-0.048921786090939896,-0.04741171458092945,-0.04594940348150736,-0.047475830592572654,-0.04578069058992307,-0.04865165629953945,-0.027223317281422233,-0.048427741362117846,-0.04925275066850003,-0.04326315300797579,-0.037273399988363605,-0.04841110477897481,-0.05663975096901164,-0.0489000521921462,-0.04932290098451117,-0.05043166450216524,-0.04854533714813106,-0.049153129577248655,-0.044327160516063,-0.05211354188253589,-0.04861497809519327,-0.04748586454940891,-0.04923334312265371,-0.0543199897697011,-0.04848107729581044,-0.044236768692289596,-0.052214210953620346,-0.0486904585549658,-0.04820860546334449,-0.0413970758033943,-0.049482759290822576,-0.03602516165086522,-0.04881716203567586,-0.04746077077064468,-0.05158881782110007,-0.0484399844415687,-0.04243450971744615,-0.04894206995427641,-0.05204979490456542,-0.04793627621462337,-0.04821837082112773,-0.04720895323894607,-0.062394118047170176,-0.04760980533557646,-0.04859063826720185,-0.04897045679807703,-0.0489191224818747,-0.05194640374051418,-0.05124809343892531,-0.05196829509584307,-0.04269731097495056,-0.04861268745183347,-0.04731840849210841,-0.047815127638222016,-0.049079560647929704,-0.04850273398221821,-0.04862975747979269,-0.04931399705920482,-0.04846864439033936,-0.049296899273317124,-0.048571163313002146,-0.04717786542324484,-0.048100319543183334,-0.04953968121378745,-0.04876049807978832,-0.04786202599159838,-0.04756273699782257,-0.049147794637623185,-0.048167993400212425,-0.04908041222596869,-0.04468474702806873,-0.04995338975808618,-0.043718535179403675,-0.04743187612248877,-0.04794911365014044,-0.04823034774692664,-0.048552263777654675,-0.05022194485559389,-0.043473620154870565,-0.04891760685217199,-0.05042226152758765,-0.047769492589524384,-0.04757284791575975,-0.046324304669929525,-0.05446978253059986,-0.04553156607179363,-0.04789054927826952,-0.048190938365119486,-0.04851518855406322,-0.05107589249689291,-0.048577349501321906,-0.04835089225590068,-0.05076831567208181,-0.047629041042412695,-0.04822705872966143,-0.048369870049114284,-0.048348082121392646,-0.0484544792136682,-0.05114043280266123,-0.047929087285912775,-0.04718307964905198,-0.039925409585529245,-0.04946207407698898,-0.05060840638537608,-0.04779548723723645,-0.048136881665012884,-0.04903521067686731,-0.053780609679619944,-0.042126216326088456,-0.04744502402750795,-0.047849755812446965,-0.046514294399728186,-0.04821557994271954,-0.04851395307293345,-0.04874008665772389,-0.04917350713322223,-0.050643795879342035,-0.050039093087285755,-0.05083072900094707,-0.049192311868939735,-0.04884859440851917,-0.042135827343232214,-0.04807625685167741,-0.04835117232372922,-0.04604602669264984,-0.0483079068652718,-0.04755326420730367,-0.05210333674207613,-0.045587823913278536,-0.04854800606577686,-0.04887526515900388,-0.047832070231296604,-0.04845040987196268,-0.04880021114351475,-0.047241914956719935,-0.04879546013275924,-0.04588232418177425,-0.047197131676122564,-0.05319327431929137,-0.05277737366674018,-0.04757045945197788,-0.04886396799479674,-0.048863325816446444,-0.049799783936141234,-0.041850610530206264
average_user_sum_NTRI,-0.011513758712164045,-0.011436779152960947,-0.010870067142282672,-0.011945743170257272,-0.011797286551168972,-0.009840304239612744,-0.013923684825445485,-0.010267894333137528,-0.012076981901493426,-0.009430409408650543,-0.009752958198809288,-0.011974553429828016,-0.011665984188945853,-0.01207896486073096,-0.012126522766426513,-0.011861420596484203,-0.0130562951711162,-0.006679078131064445,-0.012256140981570605,-0.011858203127912956,-0.011693929191327598,-0.011648429524392857,-0.011905445023893898,-0.011730724852560928,-0.0118644518180988,-0.009493535238605905,-0.013222285265066087,-0.011297480954646449,-0.01239805266973093,-0.010603709598891488,-0.011799443963541266,-0.01182422903155818,-0.012737660706113464,-0.012580161797993728,-0.011798987202234216,-0.010715839121520014,-0.01335705443446655,-0.01164629394770218,-0.014935148855945367,-0.008499623701322442,-0.00637691806841632,-0.011031917974136607,-0.011663396584846093,-0.01468421316592748,-0.011685736519055932,-0.012724752070709638,-0.011643971767850723,-0.011444702626271407,-0.007453385963019982,-0.011789398963607913,-0.011819930074867811,-0.01167320188674276,-0.012217280306868954,-0.010882943665684559,-0.012611227849502055,-0.012421468940721783,-0.01552669720400118,-0.011385507562530876,-0.011071234506062224,-0.011637821537075441,-0.01294862514625871,-0.012035414136680255,-0.011673845172996272,-0.011659898229031497,-0.008096803370233599,-0.011512471705076863,-0.012171362353941104,-0.012031601025092585,-0.008958002689821887,-0.011805094671207411,-0.011220103188389993,-0.012676180115444247,-0.0121997138762162,-0.010633164647574378,-0.011752821855471638,-0.011957255192981927,-0.01188319468413429,-0.012136300499062372,-0.011867187780816944,-0.014844663521292618,-0.014138884652966262,-0.011903068624031319,-0.013703724142613621,-0.01181667044269627,-0.009899968829518534,-0.011955592211425212,-0.011350302480014292,-0.013652857667018348,-0.010527970266783124,-0.01240510189722691,-0.012049950637106812,-0.011303133702103861,-0.013338729749584494,-0.009796811645600093,-0.01165000199794013,-0.011807121781135644,-0.010629423622915208,-0.011727562163807189,-0.011340080071306357,-0.012733626781417838,-0.01170547300309896,-0.011586422656381322,-0.012423186247908901,-0.011292779736952703,-0.01066910304681748,-0.019405677252984116,-0.012067202212308632,-0.012075179621858539,-0.011214137295899963,-0.011206673494928335,-0.008238662378333627,-0.010542788110342994,-0.011542305708302104,-0.011210176544189807,-0.01249254898114922,-0.012052930737480278,-0.01123690417680407,-0.012329186145837532,-0.011315001313733277,-0.012663911900368321,-0.011471249071026007,-0.011889461292403439,-0.005627251698835425,-0.011845868752195402,-0.011805463876736935,-0.011649894992611796,-0.012086860003668445,-0.011523604787805897,-0.01018023416698895,-0.006920055418023497,-0.011862940319552933,-0.014793146386101543,-0.01184013672310714,-0.01020441854135884,-0.007149391005117179,-0.013431580413271535,-0.011702253569818185,-0.0108600032740741,-0.0119119841620976,-0.0115804659016201,-0.011189216909044465,-0.01030090487046835,-0.012187174802304152,-0.009226638072753895,-0.011327422172045798,-0.011260391626504291,-0.014433851021052314,-0.01122055892739195,-0.010385424653500093,-0.012287228781844052,-0.012752724888804674,-0.011157456784308952
stdev_user_sum_NTRI,-0.011513758712164066,-0.01143677915296094,-0.010870067142282662,-0.011945743170257254,-0.01179728655116898,-0.009840304239612746,-0.013923684825445485,-0.01026789433313754,-0.01207698190149344,-0.009430409408650548,-0.009752958198809284,-0.011974553429828009,-0.01166598418894587,-0.012078964860730967,-0.012126522766426505,-0.011861420596484222,-0.013056295171116204,-0.006679078131064458,-0.012256140981570612,-0.011858203127912952,-0.01169392919132762,-0.011648429524392868,-0.011905445023893901,-0.01173072485256094,-0.011864451818098781,-0.009493535238605908,-0.013222285265066091,-0.011297480954646447,-0.012398052669730927,-0.010603709598891491,-0.011799443963541269,-0.011824229031558178,-0.012737660706113475,-0.012580161797993742,-0.011798987202234226,-0.010715839121520038,-0.013357054434466558,-0.011646293947702155,-0.014935148855945357,-0.008499623701322439,-0.006376918068416315,-0.01103191797413661,-0.0116633965848461,-0.014684213165927492,-0.011685736519055944,-0.012724752070709633,-0.011643971767850734,-0.011444702626271421,-0.007453385963019987,-0.011789398963607905,-0.011819930074867816,-0.01167320188674277,-0.012217280306868965,-0.010882943665684559,-0.012611227849502065,-0.01242146894072177,-0.015526697204001183,-0.011385507562530867,-0.011071234506062226,-0.011637821537075432,-0.01294862514625871,-0.012035414136680241,-0.011673845172996276,-0.011659898229031514,-0.00809680337023361,-0.011512471705076872,-0.012171362353941095,-0.012031601025092578,-0.00895800268982189,-0.011805094671207418,-0.01122010318839,-0.01267618011544425,-0.012199713876216201,-0.010633164647574378,-0.011752821855471652,-0.011957255192981929,-0.011883194684134294,-0.012136300499062377,-0.011867187780816937,-0.014844663521292633,-0.014138884652966267,-0.011903068624031347,-0.013703724142613637,-0.01181667044269627,-0.009899968829518534,-0.011955592211425222,-0.011350302480014281,-0.013652857667018356,-0.010527970266783128,-0.0124051018972269,-0.012049950637106822,-0.011303133702103858,-0.01333872974958452,-0.009796811645600076,-0.011650001997940133,-0.011807121781135639,-0.010629423622915222,-0.01172756216380719,-0.011340080071306356,-0.012733626781417838,-0.011705473003098965,-0.011586422656381327,-0.012423186247908901,-0.011292779736952705,-0.010669103046817464,-0.0194056772529841,-0.01206720221230864,-0.012075179621858539,-0.01121413729589997,-0.011206673494928331,-0.008238662378333636,-0.010542788110342996,-0.011542305708302083,-0.011210176544189807,-0.012492548981149213,-0.012052930737480276,-0.011236904176804076,-0.012329186145837528,-0.011315001313733287,-0.012663911900368328,-0.01147124907102601,-0.011889461292403434,-0.005627251698835419,-0.011845868752195407,-0.01180546387673694,-0.011649894992611817,-0.012086860003668449,-0.01152360478780588,-0.010180234166988968,-0.006920055418023499,-0.011862940319552937,-0.01479314638610155,-0.011840136723107127,-0.010204418541358836,-0.0071493910051171755,-0.013431580413271534,-0.011702253569818192,-0.010860003274074121,-0.011911984162097603,-0.011580465901620103,-0.011189216909044463,-0.01030090487046835,-0.012187174802304156,-0.009226638072753915,-0.011327422172045794,-0.011260391626504298,-0.01443385102105232,-0.01122055892739197,-0.010385424653500107,-0.012287228781844045,-0.01275272488880469,-0.011157456784308937
min_user_sum_NTRI,0.0,0.0,0.0,0.0,0.0,0.0,0.0,0.0,0.0,0.0,0.0,0.0,0.0,0.0,0.0,0.0,0.0,0.0,0.0,0.0,0.0,0.0,0.0,0.0,0.0,0.0,0.0,0.0,0.0,0.0,0.0,0.0,0.0,0.0,0.0,0.0,0.0,0.0,0.0,0.0,0.0,0.0,0.0,0.0,0.0,0.0,0.0,0.0,0.0,0.0,0.0,0.0,0.0,0.0,0.0,0.0,0.0,0.0,0.0,0.0,0.0,0.0,0.0,0.0,0.0,0.0,0.0,0.0,0.0,0.0,0.0,0.0,0.0,0.0,0.0,0.0,0.0,0.0,0.0,0.0,0.0,0.0,0.0,0.0,0.0,0.0,0.0,0.0,0.0,0.0,0.0,0.0,0.0,0.0,0.0,0.0,0.0,0.0,0.0,0.0,0.0,0.0,0.0,0.0,0.0,0.0,0.0,0.0,0.0,0.0,0.0,0.0,0.0,0.0,0.0,0.0,0.0,0.0,0.0,0.0,0.0,0.0,0.0,0.0,0.0,0.0,0.0,0.0,0.0,0.0,0.0,0.0,0.0,0.0,0.0,0.0,0.0,0.0,0.0,0.0,0.0,0.0,0.0,0.0,0.0,0.0,0.0,0.0,0.0,0.0,0.0,0.0
max_user_sum_NTRI,-0.01151375871216406,-0.011436779152960957,-0.010870067142282665,-0.011945743170257263,-0.011797286551168986,-0.009840304239612751,-0.013923684825445471,-0.010267894333137548,-0.012076981901493436,-0.009430409408650559,-0.00975295819880928,-0.01197455342982803,-0.011665984188945868,-0.012078964860730984,-0.012126522766426513,-0.011861420596484224,-0.01305629517111619,-0.006679078131064463,-0.012256140981570596,-0.011858203127912949,-0.011693929191327609,-0.011648429524392866,-0.011905445023893905,-0.01173072485256094,-0.011864451818098778,-0.009493535238605914,-0.013222285265066107,-0.011297480954646447,-0.01239805266973092,-0.010603709598891495,-0.011799443963541278,-0.011824229031558178,-0.012737660706113476,-0.012580161797993743,-0.011798987202234216,-0.01071583912152002,-0.01335705443446657,-0.01164629394770216,-0.01493514885594538,-0.008499623701322435,-0.006376918068416319,-0.011031917974136603,-0.011663396584846098,-0.014684213165927492,-0.011685736519055953,-0.012724752070709638,-0.01164397176785075,-0.011444702626271423,-0.007453385963019985,-0.011789398963607908,-0.011819930074867816,-0.011673201886742776,-0.012217280306868965,-0.010882943665684553,-0.012611227849502074,-0.012421468940721775,-0.01552669720400118,-0.011385507562530869,-0.01107123450606222,-0.011637821537075429,-0.012948625146258715,-0.012035414136680243,-0.011673845172996269,-0.01165989822903151,-0.008096803370233602,-0.011512471705076875,-0.012171362353941095,-0.012031601025092598,-0.00895800268982191,-0.0118050946712074,-0.01122010318838999,-0.012676180115444266,-0.012199713876216205,-0.010633164647574373,-0.011752821855471645,-0.011957255192981932,-0.011883194684134292,-0.012136300499062374,-0.011867187780816926,-0.01484466352129264,-0.014138884652966267,-0.011903068624031348,-0.013703724142613633,-0.01181667044269627,-0.009899968829518536,-0.011955592211425222,-0.01135030248001429,-0.01365285766701836,-0.010527970266783123,-0.012405101897226902,-0.012049950637106819,-0.011303133702103875,-0.01333872974958452,-0.009796811645600088,-0.011650001997940139,-0.011807121781135622,-0.010629423622915222,-0.01172756216380718,-0.011340080071306366,-0.012733626781417838,-0.011705473003098973,-0.011586422656381334,-0.01242318624790889,-0.011292779736952717,-0.010669103046817473,-0.019405677252984102,-0.012067202212308642,-0.01207517962185853,-0.011214137295899972,-0.011206673494928321,-0.008238662378333622,-0.010542788110343,-0.01154230570830211,-0.01121017654418981,-0.012492548981149206,-0.012052930737480282,-0.011236904176804063,-0.012329186145837544,-0.011315001313733277,-0.01266391190036833,-0.011471249071026014,-0.011889461292403421,-0.005627251698835426,-0.011845868752195409,-0.011805463876736928,-0.011649894992611806,-0.012086860003668449,-0.011523604787805874,-0.01018023416698896,-0.006920055418023485,-0.011862940319552935,-0.014793146386101554,-0.011840136723107145,-0.010204418541358841,-0.007149391005117181,-0.013431580413271523,-0.011702253569818192,-0.01086000327407413,-0.011911984162097596,-0.01158046590162009,-0.011189216909044453,-0.010300904870468336,-0.012187174802304161,-0.009226638072753894,-0.011327422172045805,-0.011260391626504291,-0.014433851021052333,-0.011220558927391957,-0.010385424653500116,-0.012287228781844035,-0.012752724888804693,-0.011157456784308954
average_user_sum_word_TTR,0.025152685270877367,0.02485032050470308,0.02489460911211739,0.025017261938726925,0.02403094520643743,0.020568586986819928,0.025208909492105993,0.024745861694910373,0.025730471613923257,0.025311780234429426,0.025889593665313626,0.024545950372331655,0.025147603148978598,0.021970930113664505,0.026143134112966322,0.02516637054693821,0.02521427469748289,0.0234983130343902,0.023265349256510484,0.021303130116642102,0.02525353638889989,0.025706073767094308,0.025794040764616756,0.02649073207175111,0.02541102211338776,0.02366278347808687,0.023264149231103527,0.02527312015447852,0.02525583540421605,0.02548599112594336,0.023600602301342186,0.025523950883778745,0.022946110955180985,0.02667902372659673,0.025070815677315048,0.024786546174306107,0.0207375068334566,0.02427082351996411,0.02519300455893756,0.025067435403391583,0.025192626678311195,0.02483396308465194,0.025163809166193377,0.025276564301414797,0.023665351798380287,0.023816122331502102,0.02527268695234348,0.02491271113195463,0.024652298092103155,0.016829814701552256,0.024681044768416815,0.025153714581177326,0.024937944684584542,0.025606216580115738,0.022947277936801694,0.02621934248291259,0.02207530651414064,0.025451000672404245,0.025615367872141,0.026457361371350376,0.024492737393196153,0.02537336455685118,0.025183783371958045,0.02517449086800227,0.02096146550482913,0.025349651252611908,0.025161157557269026,0.024789911781832305,0.025576355489968262,0.02519308160257237,0.025731634211965608,0.025990303502607722,0.025138347789681166,0.025654410667730304,0.025052442940168295,0.024998871792655024,0.02230782523299065,0.02468356100512735,0.025451865973879134,0.022092667993607443,0.025325773204319325,0.024285663436030957,0.024398661939571378,0.024825622660622472,0.025199640950852253,0.02313317714332042,0.025194632420536427,0.022487701600721232,0.02507642005231599,0.02395545639518161,0.025227780832174976,0.02523996841834321,0.025842531966246116,0.02438895889721323,0.024390634645398486,0.025166722466469896,0.025468459312641113,0.025169957801058178,0.024911588188740508,0.024956008010182374,0.023504056638810025,0.025042657832071765,0.026194283543154846,0.025093753143258755,0.023858950801477707,0.026456105827989934,0.024950848813411836,0.022746919720970548,0.01890661971404459,0.025578608730819317,0.02483049695959441,0.02677197513333537,0.02505462975287926,0.024454650643523625,0.025174738923037048,0.021811594272979094,0.024945334250075404,0.024976096145198003,0.024735252953061594,0.024381097954414774,0.02519829341175998,0.02522995840552301,0.024630406256654528,0.023652927562486936,0.025436884210346906,0.025626696012590936,0.02508515746389349,0.025152693484971192,0.02688188748882756,0.024210669545487805,0.025317192140020525,0.025707053889247662,0.025242300565453745,0.02530995417403965,0.026901466101115174,0.026567201669813464,0.02518847413953461,0.025550169852851263,0.023512604172723325,0.025728611985733122,0.024446295984572555,0.025578863329056418,0.024616170044078865,0.023903585890340286,0.025415408932667347,0.02656844621672016,0.022356463872802216,0.02634192525008994,0.02424294708571599,0.025496523121251294,0.0254964244176574,0.021135504531989268
stdev_user_sum_word_TTR,0.0557479969700318,0.0564302963337555,0.0557105187394399,0.05498066158273022,0.05368892067348916,0.04539518842488005,0.05471943003463656,0.05313417271016862,0.054360852478166424,0.05328752889932784,0.05832899407597301,0.05533803556257584,0.05617175863137745,0.04497521887318506,0.055311145727912875,0.056436588751328454,0.05428380269190207,0.05032344095668904,0.053648528397863646,0.0591542706090611,0.055667013397369486,0.05589925474986571,0.05720025801416761,0.055917031796120224,0.05672983491532402,0.04966592244872335,0.0540585765888614,0.056133714529592385,0.05609857992357138,0.054784659170713575,0.04454711059977527,0.054956622394610286,0.05784822125399723,0.05552475309889503,0.05650348800064755,0.057448967488361154,0.0400276366873244,0.05769491214488333,0.05719030632895608,0.0531323008660497,0.05715021281535063,0.052927046944376915,0.05604813165009026,0.05496870483512985,0.05466813273884033,0.057099616278563636,0.05677880903874398,0.05562147876704579,0.0535924206109909,0.050245785676671116,0.054316747312939534,0.055883546473946055,0.05583281814041109,0.05717135543214711,0.056818498191705924,0.056573045869951606,0.0468478445489521,0.05727186319623003,0.05630465048709743,0.0572386352261484,0.05459486729289824,0.056812670728149585,0.055859209361843014,0.05578991561457444,0.0488889868002016,0.05670264215536519,0.05602156147052882,0.05452673968837356,0.049710187220547715,0.05599773870866439,0.05618109413968882,0.05647627039497609,0.05946223483088728,0.05737463466772837,0.056423053577026545,0.05592090078951262,0.03434456737854129,0.05590087585163824,0.05640279965860828,0.04909563989926746,0.05333554111861183,0.05617469071450375,0.057504802646579374,0.055218342993724266,0.055664602289836065,0.05443565852165437,0.05589926215396131,0.05000809574670753,0.056627772354223574,0.051302173111995,0.05506231896113013,0.05328180118615906,0.05875483108938373,0.058230996288221676,0.05760310542413844,0.05584578880707046,0.05406990594003865,0.05591989366397225,0.0556009490910561,0.05634517513470476,0.05411688193071462,0.05667601089729099,0.05696395932415989,0.0557071366658867,0.05706218621253958,0.056190849274050506,0.05608036881893363,0.052515076704536215,0.05446225482985978,0.05543046592440694,0.06031487101648671,0.05485607792260207,0.05575913461043966,0.057098599531889185,0.059809016607610344,0.05573917255042188,0.05533640356906365,0.055143597632055424,0.05729593456442961,0.055133944764710674,0.05617532656086096,0.055954532291450254,0.0589707410913924,0.055414848687453624,0.0600117494378735,0.05600712228457013,0.055849482600031614,0.05595653242993899,0.06254219294331204,0.05795959811998738,0.05601527200810301,0.05618845016217036,0.056120914046840956,0.05328853324061969,0.050249377638079115,0.061914574185423,0.056051950096113065,0.05655995936052143,0.05522965934956368,0.05626800478687903,0.05612967583946085,0.05494991355585686,0.054803496291056714,0.0567472754090542,0.055909742548753055,0.0527298732718623,0.06198734577478035,0.05594190898896162,0.05553928109366821,0.05647884794400315,0.056721858507438105,0.05766868454027338
min_user_sum_word_TTR,0.00840521235058961,0.007579519572441126,0.008381211220747978,0.008931000454430736,0.008275398932767786,0.013733949068918826,0.00876408548570186,0.00935711146076334,0.010887098797729363,0.008582288000765843,0.007324419063370564,0.008296276464867773,0.008536648858387948,0.013553470440504794,0.00912194309505849,0.007551186592572026,0.010932231747779844,0.00291618770208857,0.008182377176323226,-0.001810395536415016,0.00890422911939481,0.009529220712355894,0.008742410169012955,0.009036640888828518,0.008251743345430223,0.00722198103199417,0.005934383960631227,0.009007846082024637,0.009000452484980402,0.008836886292221124,0.004857108841941522,0.008848973800118565,0.00526167137423892,0.010777667534135582,0.008205564361318356,0.006592423213412869,0.01646016047957455,0.007571236825099983,0.004156003869375277,0.010808298772690227,0.007541807320533181,0.009123286153474328,0.008362845772243246,0.009049251213342819,0.006978076601755244,0.005174433809235024,0.008237302693882505,0.007990367725794924,0.011367465160819202,-0.000692586307432061,0.008440997839586649,0.008492412211171616,0.0082838100299805,0.008747286056915063,0.0032797273562353117,0.007983946119980209,0.007063644417879256,0.008166293061918854,0.008517385095741759,0.0071681049110305,0.00790181701527735,0.007363650678603641,0.008726210690126485,0.008548205832180446,0.007478290848942054,0.008376612453981084,0.008180001557117414,0.0081548768992244,0.013936969596059397,0.008752976436839505,0.008644425111506074,0.008381097068290926,0.0058835865434798285,0.008609666558104506,0.007247010368875586,0.009008710549833028,0.018413204713987025,0.007126758578471934,0.008314613625781113,0.010007855901190712,0.00856372998788881,0.006923619985083381,0.007137618108893672,0.00904484877871632,0.008411943615584476,0.010015343220508843,0.008562244912790364,0.006366159250022254,0.009119118775248033,0.01007063781916006,0.010403051523630878,0.01122537162222162,0.007751860791091032,0.007889700208597219,0.006072534115895249,0.008587951915732344,0.007414255077575947,0.008501022415759386,0.008618314921530632,0.005957730748213058,0.009112236112470426,0.007814029527774298,0.009383733479744482,0.008785994893908992,0.007186231734160435,0.006193742796914075,0.008283225642408798,0.007340373326357607,0.005693862975214403,0.009720003904197647,0.005793513554042961,0.011872969543303741,0.008165650648866044,0.006629452211248498,0.006763125538406696,0.006685805982617268,0.009561571546819483,0.008816766924349951,0.006740608146525292,0.00791138595900875,0.008298271501566454,0.008353447416795133,0.002885299730246007,0.006981170069958978,0.008918473522159128,0.008430705940585332,0.008265083197684599,0.008292366085294763,0.0040380591082869385,0.004520398855263182,0.009226944440101664,0.009022766122319299,0.008245879060365606,0.009970965399354843,0.013954947848118692,0.008884573519881131,0.008458126873223663,0.008921942946452486,0.006871777901933364,0.008982416405579266,0.008002473552537654,0.006397361587021725,0.007945026019881929,0.004612662522033089,0.00903146781036778,0.01233814269945659,0.002532870824232189,0.011218825720281765,0.008653571542864964,0.00874135001466983,0.00797350420587831,0.0007231034530183747
max_user_sum_word_TTR,0.03855647599001942,0.038545683140770004,0.03842741472998204,0.03835761205730811,0.03685580554896414,0.0340626655432535,0.037451435450216994,0.03744315466819505,0.03905736589377255,0.036409251944776434,0.03904308754643106,0.03846671944501495,0.03890273886791989,0.034948027913062375,0.03860197518878454,0.038390307175062796,0.03818264916875305,0.030468473472903067,0.03709080029535041,0.034865900030963924,0.03886901064759869,0.03944612012906218,0.039735756654585674,0.038804263704427536,0.03903937501533116,0.034074152761665866,0.03667273197971446,0.039372878832172636,0.039355434177018034,0.03844223098250047,0.030450220856454158,0.038126155101969705,0.03874820055066478,0.039363419556979834,0.03879786877348162,0.03819015798723325,0.03663878943500302,0.040155495223904505,0.03604898418563258,0.03835720868271621,0.03923150920235623,0.037544752501458466,0.038720801105400306,0.03796587435102735,0.037022686188394924,0.03804591474499551,0.038931360433319115,0.03804656401828687,0.03781101972764019,0.02961713520168082,0.03730512279398214,0.03869198171529751,0.03849775516694416,0.039917178324770916,0.03597200811654332,0.03851461272023257,0.03241759873718491,0.03911699608589971,0.03884300256744937,0.03830108650909409,0.037636469311601986,0.0387398335583321,0.03881696055531808,0.03869541142519462,0.03441230771927967,0.039334811023272576,0.03843326242448031,0.03749676476503619,0.03849495318256736,0.0389918728786984,0.03883137598772006,0.039217076723355684,0.03870783463624639,0.040045472881892544,0.03799925883697393,0.03934278945227553,0.032190873767074045,0.03740618348113117,0.038927757546145754,0.034950616570073714,0.0363418406940868,0.037863853886038815,0.03897770829545372,0.03861220760322206,0.03845137266597571,0.0387564348888683,0.03870212659889026,0.033922902518727316,0.03982429415278613,0.03727477107876771,0.038884707544425065,0.03967448509370412,0.039840662137654186,0.03977577605535799,0.03816036903615546,0.03874677205495738,0.03655090807371213,0.03873433095962352,0.03865042699075458,0.037399264283519404,0.03806549004503528,0.03887482038193553,0.039997128239610706,0.03867019396050677,0.03829195016707041,0.03805325262382062,0.03875996406103648,0.03558446432342094,0.036142703205606704,0.03966824873940464,0.03900144310510475,0.040011026578099324,0.03838386588308496,0.038292098882106815,0.04061694920819431,0.03785009903903605,0.03893994606810482,0.03858351143316519,0.03839720137832145,0.03795704206240984,0.03870118641422748,0.03863704242233949,0.03705930896232765,0.03794669924273915,0.041594163877484616,0.038576090690579656,0.03865826365240389,0.038545988243984156,0.039348324918226804,0.0372693540655004,0.0391261479310339,0.039549937981928074,0.038666699348107306,0.03794980171306098,0.03787887280542819,0.04271068419208075,0.03877539541846647,0.03927776262695992,0.03756481411940433,0.039083222458419414,0.03862158853177164,0.03590363256680833,0.03782865838075976,0.036494533959933975,0.038927825265169545,0.039347450026139194,0.039351540342469495,0.03943490545230926,0.03909600180766339,0.039304315659301134,0.038964892687556846,0.035215313260775004
average_user_sum_first_pronouns_proportion,0.032678190433696436,0.03243887921711934,0.032606895870639294,0.03246183436332735,0.031283060961757814,0.03908348989390927,0.034651836453327846,0.03297514021697712,0.03245889961952682,0.034546066531909725,0.032086230351139576,0.0316699215071827,0.03257245211881811,0.028950913766693856,0.034275006505808586,0.032291119717743816,0.03649563617077717,0.02462982828900667,0.03149795955279308,0.028685467295049217,0.032946433905155906,0.03329613329600497,0.0328015574391515,0.032031738821290345,0.03308495047993681,0.027544997639393238,0.035462995985797,0.03271199415004547,0.03328699956289701,0.03315433132961682,0.03165873698399357,0.03232458920508967,0.029645917405729607,0.03811860164947102,0.033514133161455906,0.03178433531976414,0.032149351653803386,0.03131974850436667,0.030841540687808564,0.03147313290095361,0.03162028982300195,0.031876845482975695,0.03222801615961112,0.027460749218863215,0.03058797261264247,0.03663657629943415,0.03280348743568965,0.032281117361482606,0.03049102290833273,0.03636203415727789,0.030536052825179072,0.03249191486469084,0.03194931616880481,0.03502538057509367,0.03399499287475848,0.03693154923390151,0.028525433296752743,0.02886326320260895,0.03182833696179052,0.03326396760693766,0.03271279427331797,0.03232590039090195,0.03256639007260405,0.03244357834910826,0.031396585567606355,0.03282381707887346,0.03364229155763737,0.03230366537560449,0.03351977870846888,0.03241622338236995,0.03331971308282729,0.03461767261075223,0.032742567581307225,0.03276906563140139,0.032289155847950134,0.033973176791113655,0.037051489982410646,0.02963648703183377,0.03245252023589009,0.020129748358489914,0.03372042735716811,0.03265124535882563,0.030385393351905963,0.032666313873964396,0.03424720025514223,0.028352508075897707,0.03285119870256946,0.02983671241096945,0.03103100183033575,0.03382023515796723,0.03033679386747603,0.038224074122783114,0.029834200901199977,0.03273793746651253,0.03155243328690043,0.032484530985031845,0.034510316301291255,0.03245746555058689,0.03287062758958662,0.03313311829241617,0.03196130011195815,0.03162353814098732,0.03413519325566565,0.03127760960835806,0.03353862184114484,0.02897501666405516,0.03268102399406127,0.029707698548219117,0.025928122002384917,0.03268227931443675,0.03407986551815453,0.032229617355203424,0.0325189774661952,0.029178375866009954,0.035046541950890166,0.028438047101344274,0.032326954708675464,0.03220161535334147,0.029798619540900018,0.03336010534653545,0.032526876392858006,0.03238516186543547,0.0306436056609169,0.03394525552136791,0.032084218498335135,0.031954990664324834,0.03267518072785619,0.032435351537878146,0.03119803176228857,0.030794010247326566,0.032101421709374696,0.03227262948530161,0.031972783440240585,0.031626217957434664,0.03803379842894303,0.03220160910859153,0.032494318989317685,0.03398527329495352,0.03028939862824808,0.03294753767425959,0.03228668000232526,0.03071138252077195,0.032115240734026176,0.03450831298414851,0.03290438493365744,0.0328098783577523,0.039172779907919494,0.028677591970440945,0.03378289707433969,0.032251299573818254,0.03326405776007951,0.02652009298880432
stdev_user_sum_first_pronouns_proportion,0.030248338444359858,0.0305400646342854,0.030776418654732816,0.030209431000655037,0.03137809079013637,0.032630352003841095,0.035252259443629225,0.026863000972168583,0.029539817868045343,0.03133613774751512,0.03696145048358955,0.03139580296471427,0.03018667803397389,0.027260062743808537,0.030381143992397896,0.03020516006472049,0.034539484591846206,0.03114559802759743,0.029802335156182275,0.025620150256123658,0.030170052433044006,0.0305108259454524,0.029955216240789707,0.030719045933426555,0.030190297230534735,0.029208957386086604,0.03590105844780447,0.02984545492019053,0.0336251549296856,0.029003843872835527,0.043171192322514325,0.03131420297545147,0.028994164419703095,0.03127321704793973,0.030652841511894652,0.030967125242905208,0.027535265480213848,0.018793833908983003,0.03122394199568189,0.03296028541844129,0.03342881691881465,0.026605942890392694,0.030258265854272354,0.032045740485115944,0.031468580952283345,0.023892201424701668,0.03218133080812754,0.03340352201829548,0.03451827006028767,0.030850270326311505,0.030109623215780097,0.03031679069456244,0.03095398890389941,0.02946853237323788,0.030197427088862767,0.03306997037123058,0.027259488481233704,0.032662945618867345,0.030332282587222613,0.03439633610591608,0.030729260508363006,0.027318392390493464,0.03026953652382355,0.030391259836463437,0.013221631627238176,0.030332155066226305,0.02844081778253531,0.03030841808623371,0.028654661508442862,0.029848326626834093,0.03063972779312403,0.030754653659334556,0.032501476673841664,0.027701172414542466,0.03055767593808783,0.03077618041377283,0.032706688537295574,0.029712111590600113,0.03079969765302059,0.02022072572568097,0.023538711568115003,0.030949446136735722,0.02816602093856476,0.029621342426605905,0.02940117487885165,0.03111321340214699,0.031345912165243794,0.031636948344472254,0.03050340642527468,0.02959000649575466,0.03123315400533329,0.014201234035282718,0.02605147833472627,0.03132865149181028,0.03054762537292623,0.030194697276697328,0.03876553159801564,0.030158022175427544,0.028717460916076618,0.029971655016834506,0.03073965269128108,0.029988887902289055,0.02624028713233103,0.03002545275437777,0.03341708650279619,0.039174526568673554,0.030640296648432964,0.02628469556967265,0.023386381026467364,0.032096111243333086,0.029012878015814966,0.03239855004768908,0.029746950705518194,0.02850223323514612,0.037924900013052446,0.02561663486464903,0.0321283434822153,0.030181244331699733,0.029240923386791948,0.03170705682999104,0.029815431681341743,0.0302642611144091,0.030369397060892526,0.031088895224236794,0.030169650699592234,0.03265753803573869,0.02957795776923928,0.03161165174249353,0.03189245036036809,0.031900206103352924,0.029668819791538514,0.025288381672669617,0.030529586426309954,0.030094711510364164,0.020713286531167302,0.03141811107222459,0.030318720553925087,0.026895001669494073,0.02786114827295842,0.03139276050606491,0.02969064280907963,0.030856274776149845,0.030116785028788905,0.04084764703949484,0.031370778392184856,0.03137201390098572,0.020094664277632096,0.024627236290791246,0.02896700140604192,0.029273445752494076,0.030413553591811207,0.023576651374400303
min_user_sum_first_pronouns_proportion,0.021251110901963216,0.021748946149731493,0.021226765134680282,0.021924912418864302,0.020048344778384002,0.02708553350822116,0.020152231120770817,0.02318113778323077,0.021627553469291155,0.02492827807719267,0.01924877812274411,0.022097905620609867,0.02168746539390709,0.021454320465904075,0.022890404737803544,0.02086863041992635,0.024724999650963753,0.018768331457635005,0.019114721536680923,0.020275822310604798,0.0220049882140052,0.02074860236712004,0.021440921086856503,0.02219247379723891,0.021488385534563628,0.021495859371280665,0.020383336597112868,0.022645510972918663,0.02234328324923726,0.02183703673840406,0.005453050305828967,0.020353490846185502,0.01925181864260154,0.022404666684849257,0.022201570812018637,0.020813287355322597,0.02073502779853943,0.02067147243615865,0.02011042611281033,0.018717934734773484,0.02148318003877469,0.02360952171174663,0.02103638632072829,0.014860915128887132,0.020460976348563573,0.024276415689069367,0.020925108327192476,0.02038429390226971,0.018884964045348247,0.022702960770282186,0.01964960302343953,0.02144025139334817,0.021000760681708832,0.0212036922908483,0.022674042515778307,0.018638672480108975,0.018642152752008055,0.013108763870008078,0.019845399390091653,0.019463045089670436,0.020190536380259857,0.020150696783647393,0.02148730664821294,0.021358449687930714,0.028614697546860607,0.022230366470306517,0.02256540086865122,0.020133859088345987,0.022641844140607516,0.021767004833465803,0.021723064645620814,0.02223800034705663,0.01824560627041831,0.022309748739805346,0.0205569696372291,0.021074629382733676,0.020914410303124416,0.020801368753237764,0.020070718541802986,0.03181438708666883,0.025079066963964263,0.020995902644109984,0.02006755611597523,0.02205598980093889,0.022616257560651117,0.016758844033466065,0.020276109785532695,0.01715431253441583,0.02010615665719799,0.02330421109815677,0.01712347274785548,0.030190240194730246,0.019123268019635452,0.021476273299294465,0.01833504970899128,0.021483212758506464,0.016995637344477406,0.02155117922929826,0.022726919132433625,0.022934391009285314,0.022201926580711292,0.019964418477795738,0.02288471861744456,0.020594107403813067,0.020711964028866423,0.011794505184427935,0.020933221758596136,0.022467577172251327,0.022631039610178802,0.02155667668196798,0.025131420482313205,0.0185472701274031,0.022070583849892494,0.02054836540466358,0.01592105080881929,0.021831900119437322,0.021959759374604235,0.021369268723395618,0.019956511769117086,0.02289847361366519,0.021508731362104773,0.021077505074752978,0.0180719009728866,0.01714795547333917,0.014577842848764387,0.020244325905684143,0.02193789238606552,0.020055789836116555,0.023387883727661582,0.017163336690543412,0.021569420444043863,0.02263445248837849,0.020826394901673168,0.02038893839317549,0.03689408677092326,0.018272531080786678,0.021378089408552427,0.024956799381978784,0.022000708289565175,0.020766016816466254,0.02076478609912214,0.023084222450833258,0.021353043487216356,0.023165862681140313,0.020742178722432912,0.018738133247721354,0.028795821130107795,0.02035042538020588,0.025238746832317256,0.02128813254134792,0.02308687287197636,0.012768826756436664
max_user_sum_first_pronouns_proportion,0.03689009662876529,0.0373384433137822,0.037243474410319034,0.03695361438577913,0.03706410205716014,0.041383623564555494,0.04061430116963412,0.03459086157322877,0.036272195383873135,0.03877211637208216,0.04085306115411578,0.037135148197046275,0.0368923120151471,0.03356698811590752,0.03751761194621702,0.036772506859648696,0.04192588761643436,0.03760727136149157,0.035801619345753516,0.032550490256661506,0.037096548636288654,0.03681729460994129,0.036657601091352715,0.037296651879550544,0.03695617090220969,0.035764579868909276,0.04147118584843108,0.03706153935526911,0.03919298468581421,0.03619156991265768,0.042518719147325176,0.03740202882276315,0.03460520011713777,0.038246969374223,0.03775916290202327,0.03723355577045023,0.035092903150406106,0.026952933443969866,0.037453471621591336,0.03831450511156766,0.03911920213177942,0.03500617898717759,0.03676382889011798,0.03581884237336713,0.037472948980260934,0.033915811123686974,0.03795817326343443,0.038991532464422274,0.03929900653607834,0.038635280153484886,0.03622154969665983,0.0369469472023342,0.03718968097074125,0.03641161885312098,0.037617777686269525,0.039513504135723375,0.03359754706166759,0.03593283137542716,0.03634243193979971,0.040081328795452946,0.03742340245328776,0.033804491795531875,0.03690999753662444,0.036956185279014384,0.02519991702181666,0.03729987399795208,0.036191833765791326,0.03677444224245667,0.03663884657973753,0.036708607520689315,0.03738317698585103,0.03780739461590205,0.037971300898373556,0.03553001022047386,0.03676604946290588,0.03728723071486714,0.03936112590031159,0.035694885254087975,0.03705527432755519,0.030783124278685698,0.031587522980544874,0.03738653541544006,0.034095051255243876,0.03649380677569559,0.03651337043130217,0.035253230353400944,0.03759214179812881,0.037080654419893416,0.036336309266673555,0.03779574271757963,0.03571249435917985,0.028345357548824616,0.032886881697284556,0.03784094850738724,0.03631958605632955,0.03686081116076949,0.043018949754692504,0.03682953238867079,0.03614632223153394,0.03789517246877124,0.03701756860990333,0.0363007809889914,0.03447596655462401,0.036299080935294624,0.03929827468532371,0.040618206413427616,0.03686695278220751,0.03391074105230166,0.03037691000602282,0.038244650904806304,0.03763727897678051,0.037283739081763134,0.036786149719092956,0.03477752163430713,0.042167388994218194,0.032358780288454625,0.03820764652825565,0.03698468354875929,0.03535150945938009,0.0375977885192937,0.03659696168452663,0.036824202056134216,0.03484778941689207,0.037480148617317695,0.03518112935359209,0.038446403426520254,0.036577730656436255,0.0376596039856388,0.03822577437541106,0.036550276995713116,0.036307679114986904,0.03234108050141084,0.03681616412261024,0.03686073966265427,0.03346428636130885,0.03669343614326133,0.03691418087027883,0.035515831311099304,0.03496831948119303,0.037625953622156344,0.03642338517675379,0.03723440287029747,0.03679775853751108,0.045737505632334946,0.037510592914781135,0.03689945973270041,0.03265974757238381,0.03166920791760509,0.03676883023557674,0.03592590217564699,0.037206731558315984,0.028223997945730363
average_user_sum_function_word_accommodation,-0.01540952424211152,-0.015114299232733625,-0.01513379571312986,-0.015057708310970447,-0.016349315577277666,-0.010434650455040693,-0.014341584180231284,-0.018424552522890193,-0.017182838074341573,-0.016261358640559418,-0.013514168302857973,-0.015499818954206695,-0.015066596796185234,-0.010840550645909108,-0.014527548216400798,-0.01590561639641717,-0.012389818911346466,-0.010515407399342445,-0.01765536248208878,-0.01410686848635809,-0.015426540093330455,-0.016784808571003056,-0.016998683978817104,-0.015469773331180617,-0.015601622709249125,-0.011835616515783656,-0.008661983991896997,-0.01579874951308881,-0.014689674802112281,-0.015211259482577457,-0.01321455778643242,-0.01510147165301946,-0.008560687142776144,-0.01683498922758952,-0.015252973595971643,-0.01502237190960869,-0.00840841432012846,-0.020672746332413183,-0.010755365560061481,-0.01588311771908796,-0.015258796743003998,-0.01922665503808949,-0.015470547543911892,-0.016967996158036843,-0.01619511203039342,-0.013279134664610077,-0.016893103917069344,-0.015091627361006827,-0.014919800534903651,-0.012137842779396339,-0.014609264980678077,-0.015571115921247167,-0.015513519884692234,-0.017589069658903736,-0.013225594212014174,-0.01496509314497021,-0.021001291058650944,-0.020318459338865072,-0.016414466394695536,-0.015077474702806525,-0.015587609271048904,-0.01555212024582735,-0.015404257259380716,-0.015594919843503986,-0.009032828249020207,-0.01572728158236388,-0.015881426788106532,-0.014803696072966253,-0.0180853816575815,-0.01565852952435849,-0.014120253219908972,-0.01602740731226271,-0.015253243821940531,-0.015603543709752792,-0.015537841448962723,-0.015520055031474278,-0.015727321911664868,-0.014512877216751487,-0.015245140645843671,-0.016880790500995786,-0.017776383698321276,-0.013948397645433302,-0.013939789905725277,-0.015867787168120286,-0.01600806445009801,-0.015312112121142241,-0.015606790565308998,-0.01354144657868164,-0.012123642246624546,-0.014003480577582557,-0.01467965520009639,-0.020581610671886616,-0.015868381460544215,-0.013989425688137373,-0.015334315063520058,-0.01555825785629917,-0.010567814430405439,-0.0155764090844696,-0.015831154462383392,-0.01849393580473431,-0.015245717653130604,-0.015029751426082023,-0.017375574535784217,-0.014943487648190305,-0.013294549684325337,-0.016472607545295483,-0.014672768505135273,-0.013826695908080585,-0.011554740406826598,-0.01586109975406709,-0.013071984149089378,-0.01539075283401124,-0.015178152021736328,-0.015290127274872129,-0.01508284435733325,-0.013946534878559801,-0.015892503488612326,-0.015593555558127708,-0.015404734153499284,-0.015965566619117612,-0.015260060348911302,-0.015255191906224617,-0.012594621623869278,-0.0097402727874919,-0.017820843745601504,-0.012958948442628671,-0.015719145447595083,-0.016545860212335353,-0.015836137667916778,-0.012541143596707303,-0.0152269299796284,-0.015746381406239032,-0.01624427326911132,-0.015639979084438302,-0.014171103013836152,-0.013579089570748515,-0.015567402341492082,-0.015793855682739104,-0.013014124082608745,-0.015066287809488241,-0.016317515242633595,-0.014053776561420959,-0.016233780709747396,-0.012113539274720649,-0.01626818692344721,-0.01495311036699495,-0.008918084986643343,-0.020191159921774712,-0.01525406337535775,-0.016181384030019917,-0.016418204936443408,-0.008913942440142654
stdev_user_sum_function_word_accommodation,-0.03201413236870422,-0.03180755580943505,-0.03099076237503737,-0.03187154974019138,-0.03144819192298144,-0.02959936599869269,-0.032566025397251494,-0.03324972819826475,-0.03310002854757552,-0.03709152285985451,-0.038563337587306026,-0.03237918171571294,-0.03254999768967368,-0.03340293563583033,-0.0322208749767027,-0.03330899724887778,-0.03525767233474218,-0.028605770820691292,-0.030985703765639368,-0.029328746101664513,-0.03215854147384628,-0.031224722162417583,-0.03255320504702513,-0.03167770589846704,-0.03231050949238387,-0.027246106378577915,-0.0267614516287331,-0.0327212259446818,-0.03276717903493423,-0.03106777945338649,-0.03439550387807798,-0.03387804544303946,-0.02815017533960517,-0.026311179155638065,-0.03173300970360608,-0.03403954504692906,-0.03050710052558177,-0.03379105959868713,-0.032032571903587714,-0.031023017835507198,-0.029854301775699414,-0.032259506040898764,-0.03145723251641039,-0.03565394644052575,-0.031851215833592926,-0.018950073459018932,-0.031576454539480665,-0.03252933898646182,-0.03184230447496591,-0.0273889986081685,-0.03513229791601107,-0.03210363501216445,-0.0318961756378392,-0.034974072497916356,-0.03071011336288091,-0.03160736919864841,-0.025766848740506745,-0.032112218914080726,-0.03198291263305268,-0.034613595596935505,-0.031492193370327694,-0.03305282301727348,-0.03206002841891059,-0.03213009605806575,-0.028267611274276964,-0.032454690924539155,-0.03261359137108774,-0.03273007003228508,-0.030348505660200687,-0.031846085626609844,-0.03157327927221289,-0.03320905829753405,-0.030148667797105136,-0.03168186275559601,-0.03127692512763792,-0.03129366465539898,-0.0320927767004918,-0.028963020221356314,-0.030004986028812353,-0.03374304129085513,-0.03770633378152406,-0.031669497898909764,-0.036772856973902826,-0.0320580956773472,-0.03457730747723829,-0.034477221321891696,-0.03176845561364136,-0.037023941181553874,-0.028154640691909698,-0.03287593713645424,-0.03142035881746717,-0.03304138108499356,-0.03253911875618011,-0.03013286545982988,-0.032748800592070124,-0.03223126129554733,-0.02977474458925951,-0.03213089817515571,-0.03232256289817408,-0.03769964137199476,-0.03194147116985702,-0.03157347429219643,-0.02720937067004725,-0.03005420855500172,-0.03209073066890569,-0.029096944900008238,-0.031122676745600524,-0.03108716053303576,-0.024092576265235584,-0.030548352216514352,-0.025979949335757237,-0.031992382628752716,-0.03198372676499002,-0.031000566932814104,-0.028825513620551663,-0.028334694995098865,-0.031857144369011464,-0.03386138597457962,-0.030939836029016374,-0.03140406873106934,-0.031988671645633134,-0.031952791257421224,-0.027493929533030714,-0.036321819820527255,-0.03409228734892174,-0.027378512724466234,-0.03194994667541888,-0.03296204274521658,-0.02856485262508428,-0.027430088757749972,-0.032483316705453485,-0.02955735328180844,-0.03197214173843382,-0.027540101924288407,-0.03053665868554801,-0.029193517851131508,-0.03221374871175457,-0.030405760679395245,-0.028942705924720504,-0.03146986009246287,-0.03355650501945561,-0.028655894620865856,-0.03186488770721948,-0.033479581528055,-0.031505110488724335,-0.03472473879125651,-0.02515996011592631,-0.032602576436385824,-0.03533729729455025,-0.033576410562734305,-0.03299751283109373,-0.02417359978644859
min_user_sum_function_word_accommodation,0.016518114841707898,0.016774187667083024,0.015596789912960055,0.01693122198878135,0.016335060978220003,0.025756291363399027,0.018747070296684383,0.01785861588288518,0.013717505733307123,0.021429688013110293,0.017354510045195864,0.01564422161115997,0.017007857400509686,0.016099898518544334,0.016571225959523914,0.016192220920210797,0.015082735278268075,0.01881004775896416,0.014484230583666442,0.01717553386178411,0.016114419857617007,0.013723505298600669,0.016436752398678013,0.013939257250932598,0.01617936597216683,0.016534745440605104,0.013051965163957156,0.0176697667542852,0.015475599407856516,0.013670927181193341,0.02606665440388308,0.01956491365300317,0.015598562324792547,0.0093856912496845,0.016568062146734938,0.019550147237215765,0.023297055054687526,0.00397121232166792,0.016621319532490995,0.016393139977651315,0.016891491210451966,0.015019608973086369,0.015448552340890574,0.01797552532909376,0.01615311862832892,0.007073693765400318,0.012810625380608762,0.017145845417364733,0.01749063713347928,0.013224375667290768,0.021639772830466798,0.01601829962486013,0.016048226383279185,0.017754386128422887,0.017215007268765355,0.01661798505123326,-0.005891258155897163,0.010132060935566607,0.015626822027989217,0.017370792332660735,0.01674948194911403,0.016236440966410366,0.015866613856809587,0.0159508341729636,0.018923830433980854,0.016588965818622,0.016495287710646594,0.017867059909693166,0.013259455672079291,0.01629585413349073,0.016563965535464187,0.017139560091002627,0.015229069642986379,0.017144806510958528,0.01597117393319399,0.014327779827532344,0.009075665082066217,0.015467021400384447,0.0161266424176529,0.01775321795292751,0.020032104064835597,0.018257978072468158,0.021695894576687247,0.01568740565009122,0.01949757788190364,0.019820673917059398,0.01565805661778524,0.0254852364313305,0.017333035312302146,0.025609966120494848,0.014878841041680073,0.008964635522923481,0.01857709835377369,0.01541218912945449,0.01845521258884552,0.0162352611528468,0.01764941085271703,0.016042884357934703,0.01594600213493013,0.021802627303477547,0.0171961776219361,0.01637946980884772,0.00834213864538771,0.016339111105946606,0.01611966220893049,0.018580343031240856,0.01593092437212811,0.01698541636394664,0.007144363498682912,0.014578990123920936,0.01687340718726191,0.013396396725204929,0.016624553518974405,0.015806758845229023,0.013498576533315024,0.011303204040694393,0.014693633844445872,0.017177448845856664,0.014592023244266278,0.013500755745935159,0.016481115931432685,0.01616283721123937,0.015131364822617021,0.03604994597474441,0.01884618369890708,0.018126181869654145,0.01605203519397222,0.016202020352151753,0.015391794181520601,0.013896596793296634,0.016243939672099566,0.007925285473199395,0.015156128738160135,0.012768409841103785,0.011314339811533309,0.020064586601943414,0.015990356248007924,0.015508161822551676,0.013613612203649037,0.016051012421925782,0.01668457026422454,0.01181803913340264,0.014865989321502605,0.019056844035652807,0.01476940445952672,0.022274173430395262,0.025646757688328012,0.008996872628010487,0.014881971145824081,0.01559729789312335,0.017428028430233913,0.016490591979477318
max_user_sum_function_word_accommodation,-0.02031958476314494,-0.020007826032554528,-0.019721135683094873,-0.019995734659127726,-0.020197018913898336,-0.014695247640961633,-0.019800752014691676,-0.022325689560153777,-0.02213332374647316,-0.023455666975845307,-0.023892066050212206,-0.020513512537997144,-0.02059780693270014,-0.0199920870532827,-0.020085243496629396,-0.021338976349895476,-0.02136580448648801,-0.017311597458213243,-0.020542641415303185,-0.018327446570431262,-0.02042051191922063,-0.0203635927022585,-0.021293526362178895,-0.0204072041599314,-0.020676644864058385,-0.015790068889085206,-0.015763051892959457,-0.020389709407309893,-0.020878560908727733,-0.02030085531546152,-0.019216843333426784,-0.020965244279195147,-0.015800686685227813,-0.017939973284741423,-0.02013625573699408,-0.02168405806131958,-0.015382571649258603,-0.02600619677640045,-0.019413587951209427,-0.019531989228013535,-0.018924311259077925,-0.021798837946896122,-0.020177319281849564,-0.022864332173875034,-0.020323019890129725,-0.012246512015250642,-0.021086124608414733,-0.020479846104591495,-0.019269237680334714,-0.017096966537676686,-0.021192398334125874,-0.020528389799443235,-0.020367586344505757,-0.02232654753843339,-0.019023214201704455,-0.020116608112581737,-0.02220391727428415,-0.02291259280459863,-0.02069501510992548,-0.021351465046873207,-0.019571178474204413,-0.02089773816572802,-0.02047161663489848,-0.02055634084213713,-0.014486902577636417,-0.020802808568041405,-0.020765682898094072,-0.02004390382000255,-0.020175906901117723,-0.020290053733061062,-0.01967037051086979,-0.02127726054804173,-0.019316745586552737,-0.01965180355497893,-0.020070727699218235,-0.02006523580034895,-0.02249118315246429,-0.018438399407901006,-0.018985144741819733,-0.021392246460233015,-0.026345351060792225,-0.019513171714505936,-0.02068940629068956,-0.020650805666427016,-0.021666515365128758,-0.02136083127160338,-0.020262398087274335,-0.021940166276033155,-0.0165877150417484,-0.019128449360060078,-0.02032592034889823,-0.022279890079374524,-0.020324798367348816,-0.018850559891202708,-0.02065643551413294,-0.02056668715373462,-0.018170075939792286,-0.02055833309688058,-0.02081955582620476,-0.02438187761747968,-0.020653580264508576,-0.019967555527417982,-0.018007411763872848,-0.019092155789272744,-0.01987182556474335,-0.018134455091750067,-0.019468625689537784,-0.019428287450053785,-0.015095403114930447,-0.020006711155799863,-0.016293158441221894,-0.020506233361245758,-0.020211135553571947,-0.019750245538708393,-0.01864561446037579,-0.017983288719442474,-0.02050432979976112,-0.021498346159624294,-0.02027572074031734,-0.02074412222974699,-0.020338303659688726,-0.020334369125935073,-0.016601326789762956,-0.01789286649308295,-0.02234671911076432,-0.016060486702489826,-0.020425494317579392,-0.021606506547190502,-0.018881690101160156,-0.016992626004835597,-0.020626741058122334,-0.01988921238885781,-0.020743543599697725,-0.017553146811643407,-0.0205772607081116,-0.01718701910786378,-0.0206072808188158,-0.019357190470198876,-0.018329221694505016,-0.01974991065081274,-0.02177947670333535,-0.01871494178539599,-0.020693674149543023,-0.020004993922016556,-0.020482712966453133,-0.02124081503136708,-0.01306868774462517,-0.024108195731354837,-0.02240762943748978,-0.02186496199322262,-0.02101697600928274,-0.01283714001349807
average_user_sum_content_word_accommodation,0.028659259389349316,0.02871103327096359,0.028655792132977233,0.028656118725025936,0.02660145007340479,0.011119421121184973,0.02641033541192199,0.028312609089055495,0.02890836994272638,0.0302542048226836,0.030328597385388997,0.028131009379671855,0.02892956601165468,0.03164321596783461,0.028761448131379815,0.029102765167547118,0.026658005614821664,0.030045366012746776,0.028208948784383743,0.028153312297025238,0.028538155812490924,0.028045766377958678,0.030579992742055237,0.027265107239641824,0.02909619686872503,0.02945174225210813,0.025082906090064055,0.028285610783773327,0.028216281418162348,0.028994712356616992,0.026310000559942433,0.029468803596143796,0.025791818495754536,0.028555670999606986,0.02876413280652028,0.029974298560100015,0.018722763452750073,0.028170131636333376,0.028783857416842824,0.02908610654682988,0.03038635245517425,0.027546462525501372,0.02916508531171708,0.03248959135254955,0.028281267489460776,0.033774649854182076,0.02842060264497353,0.028753084362586827,0.025178096553510644,0.02210710558656873,0.028186448604599602,0.028803169086657043,0.027436036618754295,0.027597183510965326,0.029713253896056765,0.030957849405632957,0.026049767680105668,0.02637351302667336,0.029990324654868436,0.028785166718087108,0.03000794113089154,0.028178615206306504,0.02887936688535519,0.02882491993374651,0.022360655019869148,0.028571209838965092,0.0281125549472407,0.028690484179370344,0.02920715133818964,0.028558305055532317,0.028735971361584515,0.02930225758066638,0.028668040395713825,0.02942225602264055,0.02882084725671988,0.02999029605140948,0.028806469999177194,0.02877677375482224,0.02883672475984929,0.02687205874038554,0.023541309792732563,0.02916291951757056,0.02453224725003945,0.028446770939600012,0.028624626677828082,0.026330949602437613,0.028330330082773407,0.020676187537720086,0.029898900013728857,0.02501135932336423,0.027637253358613206,0.0255107856050864,0.02747133340840041,0.027267749641082115,0.028664638833931978,0.02894478632819561,0.02740693867714923,0.028901620425364486,0.028603992222173386,0.029060988311890953,0.02672903189082224,0.028832005430543265,0.027686195467653118,0.030459305511242013,0.028056874503841825,0.03089593762576902,0.028240613214960075,0.02991656376883824,0.023140021736291955,0.027781806926039425,0.026922781872415005,0.026771081189679274,0.02886560393194834,0.02930615133594166,0.029945725838594707,0.0255121026668696,0.027840035597905297,0.028732678492749977,0.02949044663718008,0.027411018207657123,0.0291224185978761,0.028596288741700823,0.03212156580721311,0.03050794096900783,0.02943980040017887,0.03507032164066676,0.028910190109331456,0.028388966762885704,0.028963234369821844,0.030541158491274343,0.028862043052147207,0.029553656629572926,0.028905921307043246,0.028279155177377467,0.029707716084848047,0.02483133656435269,0.02893126662432946,0.028591187108662288,0.028267343497021855,0.028451666686616348,0.028778020799747388,0.028278957463248277,0.029177577889692805,0.027953128114966905,0.02806191610213805,0.02809140743449362,0.02655435737666601,0.028391415066024068,0.027925953574580116,0.027819519204801427,0.02960004505194138,0.028857904080700422
stdev_user_sum_content_word_accommodation,-0.005632006781962686,-0.006388543839389738,-0.005540073221180889,-0.006295988432333184,-0.006324599907025262,-0.0009893174621823722,-0.008888933361791513,-0.007563317012763608,-0.005898289690778167,-0.006384733230940383,-0.003190133274600984,-0.0038052546683345,-0.005598483358634717,0.01646848113943028,-0.004468857143330302,-0.005627484338171718,-0.003612727066055234,-0.0023232139351780524,-0.004139807870965049,-0.005862667251257642,-0.006059322288896369,-0.007044425817557464,-0.00743760095403319,-0.006941020208265425,-0.005343525960523151,-0.00842350044476672,-0.006655766142318708,-0.005866539797361986,-0.007771731276616621,-0.004870037745324376,-0.004954462497696552,-0.005087562132139102,-0.004485911081869307,-0.005659367232559477,-0.005349249353830384,-0.005896556046354539,-0.01394926790275917,-0.00787326988860792,-0.006925950640497338,-0.005197676696533498,-0.006312288122230341,-0.007005988505432971,-0.005590848372798959,0.002174576702757459,-0.0067384330302589,0.0033487533998814156,-0.005434215478137938,-0.005637551020355347,-0.008861330797554705,-0.0025680618181387806,-0.006774960447441518,-0.0057406055810970275,-0.007404474274953592,-0.005193191221434246,-0.005100639196650549,-0.0026382974162323814,-0.0028785645842972774,-0.008711355018399581,-0.005589616725400917,-0.004011766922171393,-0.005019184067100222,-0.007195332300940636,-0.005455691939025797,-0.005714578719252111,-0.012719595454775388,-0.006393661615055685,-0.006759506010173324,-0.005608338353068933,-0.006057826675769883,-0.005940608113506985,-0.00576604422999589,-0.006169044740638542,-0.004572710887760668,-0.005355917141304924,-0.005375552900685723,-0.003498897361996293,-0.005766121975122326,-0.006388230147894771,-0.006286105504231303,-0.0029009971874123103,-0.011497786323777574,-0.005515165668512827,-0.007815312004843502,-0.006028531248140441,-0.005870545850642023,-0.002682593830095996,-0.005812824101903235,-0.010171048960528761,-0.0061952692828651824,-0.009989884139729757,-0.004585827384253883,-0.003759286306577212,-0.009108207703575153,-0.006739029169837424,-0.00609708329475009,-0.00567514625167239,-0.010978059061705871,-0.005676598528359687,-0.005791086860631114,-0.004592459022573381,-0.006679786940567938,-0.00610429762934025,-0.004846801962479233,-0.003824550758027779,-0.005438949040143548,-0.006217330650182953,-0.006038513790655316,-0.003791010235353375,-0.004543109320353933,-0.006122099858679307,-0.011919407397887825,-0.005373739948955996,-0.00584944058399227,-0.005697389622937192,-0.0024776170440297327,-0.004735634160952974,-0.005858378273366941,-0.006184356920276777,-0.004623070456714489,-0.005427220593922309,-0.005572199980922015,-0.005722479932692245,-0.006909785875256988,-0.0033022196936056108,-0.004121058097153534,-0.009308360350549485,-0.005439665818263268,-0.0058548857176942085,-0.005211791801002239,-0.004834624870594197,-0.0056122942889914856,-0.00371430261272793,-0.005567693751564958,-0.005551763440901081,-0.007850563865908258,-0.009846303749897768,-0.00566107724932155,-0.005336506239994966,-0.005326341482376732,-0.005913895218903077,-0.005619935861693556,-0.0052586583563654435,-0.004762903876147563,-0.004422363600257405,-0.006319160619608121,-0.0057170596953975104,-0.0018770257325815016,-0.007787823542549765,-0.0030399880631448465,-0.006570723642474623,-0.007092299298557661,8.005998598528425e-05
min_user_sum_content_word_accommodation,-0.00479144223053337,-0.004403147437763135,-0.004915886164009775,-0.004044537523240074,-0.0049556452417459824,-0.0033839646887246946,-0.004010151477997711,-0.004279781791937042,-0.004073059393548014,-0.0024132574521786875,-0.004448432487049216,-0.005733758376730338,-0.004505715207235508,-0.014238490093484619,-0.005184676324590397,-0.004234461091140944,-0.005598453957213747,-0.0036471404003159476,-0.006688703210620451,-0.003840217019408467,-0.00437941380296074,-0.004341767672747722,0.00024098821053146523,-0.004963946884707443,-0.0045096885754814485,-0.0017990088520339577,-0.007429156461893139,-0.004418236840330164,-0.004007231412666822,-0.005208056722001096,-0.007186904904781334,-0.00433471567142344,-0.008451278716085545,-0.00267018159520182,-0.004936967076603067,-0.004179902943074741,-0.0015270285801735044,-0.0037387930626721555,-0.0039743211173674485,-0.0036505365030193946,-0.0034678277027563476,-0.0038867294413617933,-0.004446794288912382,-0.0022036878004879096,-0.004277262165776326,-0.0055591200090268165,-0.0052157093319416,-0.004758415173760636,-0.003376696604057941,-0.012137267174534555,-0.004241250524577369,-0.004630777455380075,-0.004674025361347525,-0.004223771581897117,-0.0035115483556134256,-0.005163159851807974,-0.008080872822921577,-0.005177650206023315,-0.003399173471406708,-0.004443226827988731,-0.004496674617398921,-0.003868280070613817,-0.004680188804458602,-0.004616883219120446,0.0015778772647058862,-0.004555243011126416,-0.0032044929972970338,-0.004327643560634803,-0.0022106870194241184,-0.004529947659287678,-0.004772332256433107,-0.0036455248680150143,-0.005249907947876085,-0.0034637907912601915,-0.004475937551805407,-0.004974045732214699,-0.005161291002317393,-0.005236721001504786,-0.0038307168187359944,-0.005775809082317116,-0.0024890441999391123,-0.004611430006954459,-0.0004377613826326574,-0.004286479360118917,-0.004913369915279898,-0.009341157318391028,-0.004535036894198286,-0.007994949169122974,-0.002370002615196181,-0.004366091798299566,-0.006020984125372149,-0.005268195224934633,-0.0021323317935425957,-0.006026910264508295,-0.004393229153638651,-0.004515556543973511,-0.001834276507215597,-0.004623886498695077,-0.004757853116134746,-0.005009845015389081,-0.005604482321931276,-0.004522984869337511,-0.004054972303128505,-0.004764337995424589,-0.005010389692398212,-0.002062166497979158,-0.004945698506897859,-0.005149368302180164,-0.00809125924965184,-0.005347848709383759,-0.002448191207908864,-0.007065533501343911,-0.004240386355351259,-0.00400008825890859,-0.006006135344303694,-0.007805720486074173,-0.005703086118147368,-0.00420185610047329,-0.005278539909168506,-0.005525361274726649,-0.004549604261172747,-0.004900950867277166,0.00017524094553065042,-0.0032280573577074577,-0.004649973134039649,0.011054976513989814,-0.0046648558623828325,-0.005232189330784395,-0.004159083700473751,-0.004500801047395116,-0.004812950660852381,-0.0038513449481859564,-0.004434184993789628,-0.005295916520083626,-0.0030290449690100517,-0.006490459755171569,-0.0045545939218796,-0.004462626091219803,-0.006048949744440089,-0.004517808982929947,-0.005248079505095211,-0.007085218588717711,-0.005247432227136616,-0.00901464097730128,-0.00468558104055816,-0.0015090120292048648,-0.0030193695757573537,-0.0022297056149952472,-0.00634858616334488,-0.005067792030529258,-0.0016376247441711503,-0.0037032486792610416
max_user_sum_content_word_accommodation,-0.00498303608638097,-0.005612921067880224,-0.00498190421539812,-0.00538658283972108,-0.0055415351848032285,-0.001438077961850085,-0.007605645839461765,-0.006399252590740007,-0.0049446533046655985,-0.004939046757546535,-0.0023996744613261935,-0.0036230116223186087,-0.004864373837544464,0.013140238105915665,-0.0041421163807658385,-0.00486778143240762,-0.003175949269436429,-0.0022616049937187292,-0.004409184650722113,-0.005137250068904984,-0.005302334657890526,-0.006258217079142175,-0.005286581537422437,-0.006336524649079963,-0.004626391648046324,-0.006740068187024238,-0.006842510369632413,-0.0052273227724951125,-0.006571052659510279,-0.004391496778123323,-0.004796657744047949,-0.004403526240062872,-0.004996562636299887,-0.0045325924160571525,-0.004843420636629618,-0.005165567777083253,-0.013366654111301293,-0.006501646468195496,-0.006115426798963713,-0.004234951922285245,-0.005197898267958859,-0.006108790813881517,-0.00488160732030337,0.002483274505495097,-0.005932676963772308,0.002780950732879591,-0.004863115936755088,-0.00499314660498416,-0.007562550230979322,-0.00408324238581027,-0.005943894120927988,-0.005055793491216801,-0.006624754552565377,-0.004288614124845878,-0.0042298125172673395,-0.002428334285740767,-0.004547743122234077,-0.007992936683666175,-0.004602931721259345,-0.0033171248495035104,-0.003984411186337796,-0.006002565349839803,-0.0048133655330159925,-0.005031604908860872,-0.01022917720615191,-0.005640944914382407,-0.005778561681814657,-0.004834418899804403,-0.004430609452735766,-0.0052195018289410144,-0.005088162548320176,-0.00522124107328089,-0.004194472587868071,-0.004455950635128615,-0.0046957379891009645,-0.0031619013841334524,-0.005685638131414884,-0.005649665148741361,-0.005381368250851452,-0.00254078863133932,-0.009380553067167988,-0.004781686345376053,-0.00487720644095292,-0.00516435334900699,-0.005165247305427417,-0.003342327267606769,-0.0051149632379099835,-0.010515495481323488,-0.00490749276869237,-0.00887798287284517,-0.00422963870754524,-0.0035682393819686936,-0.007575209634997228,-0.006235786058259944,-0.005359341333533833,-0.0049469851054469854,-0.008795625876396868,-0.00499469338962071,-0.005180329244400841,-0.004129257427789546,-0.006050749452116316,-0.005284299811643613,-0.004570148822486445,-0.003173352714804775,-0.004996521869965459,-0.0046037358262062955,-0.005402910886010193,-0.0033725328509847906,-0.004476943293086169,-0.00558571573456354,-0.010309940973103058,-0.005378947779627462,-0.0050289370251215965,-0.004885635886359933,-0.00242006687794755,-0.004727287412143415,-0.005468602739379389,-0.005502276537709518,-0.004208266171113325,-0.00483218788496982,-0.004877478529296507,-0.00510259626656367,-0.004189943252439918,-0.0021745587184313596,-0.0035455846619340554,-0.004395899104034231,-0.004810105718750419,-0.0052491402830516926,-0.004262979061388237,-0.0038269271583261273,-0.00497928259020634,-0.002797219193143491,-0.004883766168153916,-0.005289231588083015,-0.006505939413002116,-0.009218527857993482,-0.0049583531489431325,-0.004570261243037927,-0.005129251602161655,-0.005156665540490353,-0.005112746302106844,-0.005421760919164954,-0.004356987730395336,-0.004892299298070151,-0.005594787913280502,-0.004647590654751335,-0.0015743460610573717,-0.006711354169912094,-0.003026753402573617,-0.00588913224994898,-0.005406006861677949,0.0006258018575424169
average_user_sum_hedge_naive,0.009502103344519664,0.009827531258227166,0.00943304665798295,0.009026831947059572,0.006202019981337943,0.014028615681973283,0.007779392500124575,0.011737436636891157,0.009791857450344683,0.012073118848946934,0.009724613796279062,0.00856102713675014,0.009403724204594024,0.007631773014676317,0.010825551435044236,0.009536448037884306,0.007853307120010809,0.009456387289020877,0.009811501709526391,0.0062367965224081594,0.009586611402586891,0.009890924809975275,0.009665057937863479,0.010740894426552489,0.00954882066832203,0.009034314676542159,0.008392452770674897,0.010085824102210922,0.010869814231721297,0.009129539853868584,0.0060805556067845025,0.009016867574251396,0.010387779653248112,0.008187721261799279,0.010234949530773542,0.009912496156407356,0.008950327209292668,0.009202610713235733,0.011239488491129653,0.0067290874462046756,0.00954728554264626,0.010274512797039845,0.00971651842790729,0.009274390144449482,0.008529155642264792,0.011486813038548035,0.0092902767338992,0.009566027799156367,0.008503583285847927,0.011581069248369812,0.009316547650307835,0.009487396493113656,0.00952829176562517,0.00753387405155811,0.011794485147630518,0.01255685482274064,0.008530874595268084,0.007741459434512057,0.007259036407470153,0.0058606778529710895,0.009519677889063796,0.008811951458980196,0.00954201648498612,0.009458569324194536,0.00834726209571388,0.01006638015305124,0.0089213335677524,0.008923911379528072,0.012156727882298135,0.009172818601299811,0.009746671773715796,0.008913854548611766,0.010304469646688248,0.00962235378003585,0.009201162724091301,0.00933806007324059,0.01192997970584199,0.007524742636039038,0.010254251833777896,0.013348711587988497,0.01003918261924356,0.007169205465275408,0.0016510361737204944,0.009365696965761894,0.010057115047943216,0.00758418355139236,0.009130776817068167,0.009736250136907258,0.009950403153794961,0.012775979458527355,0.010270001706826718,0.0016422637791683754,0.009438253670788023,0.009743222144171967,0.00975294232074443,0.009543015220445317,0.012262454018088197,0.009536583030185734,0.008959343382753974,0.010208354350109609,0.009623291936140484,0.00981133997012249,0.012303659625663353,0.009552551059449287,0.009801731608018581,0.0078214633693233,0.010336775536832528,0.011913035869438138,0.003919545937308477,0.011491654404567099,0.006417540952541921,0.009445607901114724,0.009335248992160455,0.008571275612426455,0.01001970585445082,0.005948688998853802,0.009162216856852643,0.009711955097676556,0.00994783661889836,0.00944417153699558,0.00950653822583371,0.009374087381184273,0.01985703360598954,0.006875792338372233,0.0076152421657160775,0.008765556031804036,0.00957831606691569,0.009516210240113404,0.009508157380895398,0.014506896681984198,0.009644811759855619,0.007853986021219258,0.00939257347150795,0.010310254905539587,0.011955386639538044,0.00791318670022126,0.009446093374164213,0.008768281950376974,0.008063298269420784,0.009114196528660176,0.00939748063779835,0.0049450865928888366,0.009234935023834106,0.0077627747567278835,0.009286125559363518,0.00714072741209985,0.015042659538442315,0.010430761856483376,0.01039956192196116,0.00931588193535554,0.010508429885337822,0.0077041106436882435
stdev_user_sum_hedge_naive,0.00887869348470584,0.008863141539449261,0.008581741027023176,0.008616801818300827,0.006515734068009907,0.013623518783824432,0.006818480031073024,0.008990018403505008,0.010499567712738312,0.010379156879336687,0.0108064887650062,0.007159552521174126,0.008832868363244175,0.013717821968641589,0.009130458137472442,0.009087913612148288,0.015003271588206257,0.007590683515485932,0.006169260863183647,0.0026725331365471967,0.00904368442043335,0.008200314141408989,0.008882412569761813,0.010380353832760909,0.008837967155984689,0.009515599332579535,0.011236079716166966,0.0090709310772744,0.009650882648255983,0.00948611332912989,0.007376728709592124,0.00830584053293634,0.01356102117489646,0.008584189512329345,0.00888560094072614,0.008794235101110735,0.009871054115147486,0.007439046266966402,0.012011425074079162,0.007385076316096785,0.008647886074034458,0.007860004057624324,0.009104637954645608,0.009435786063229798,0.007774250123036114,0.009733404368618437,0.008349862379045808,0.00875428784505522,0.009207224605448984,0.01227955546629294,0.010016322171179025,0.008852369580057886,0.009146935426759706,0.008465991801189572,0.011873240401006444,0.010165186798087063,0.006958142687577686,0.00746106009993425,0.006040329411754848,0.00679117547710114,0.009920533239206698,0.009410895454222032,0.008989819689607185,0.00875931017968197,0.01243768922028722,0.00942544212432395,0.008385456247320679,0.009181842253866115,0.010356451178610823,0.008735025804464627,0.009461645669907207,0.007629002991964312,0.009812852046634277,0.009988239953290168,0.008833578260652362,0.008093735029745096,0.011163231196294313,0.009368514531234048,0.009079503121597401,0.013001140301085653,0.010353141296862824,0.009483273663141913,0.007638741040621509,0.008897834181833,0.008902399031515225,0.008251606278219777,0.008871266062850769,0.01330534003660485,0.008964967588100958,0.013946195021889513,0.010085919653986846,0.006837919779293024,0.010826262387348098,0.010151398381869382,0.009527919635554157,0.008918083956747494,0.00782726639324843,0.008832977821987062,0.008519824873447037,0.007156259495502771,0.0096256023858997,0.009213244430716264,0.012850957566300695,0.008681725701157309,0.009774881352830373,0.006174779425094656,0.009935004164094322,0.009911164593597368,0.00897557537392907,0.008730104957578763,0.0032116588831909657,0.009689921702744601,0.008830310314804463,0.00726145614285207,0.011225031357278488,0.008326621786841551,0.008815171429874143,0.009200423682600111,0.00895964696399405,0.009396941182800945,0.008772837141187354,0.008774720178294244,0.009555740779917088,0.010399781342942067,0.008972131028961808,0.007709650172136448,0.009179724701440193,0.00944747102833418,0.005948528536981973,0.00850158957033248,0.008847642128180223,0.006105748890207064,0.00866934291562442,0.008206418310882539,0.008049308933894907,0.006706103675752632,0.008800835980592638,0.00850141763670837,0.007426392569880279,0.00858431813394108,0.008654978866608345,0.00029372638729722664,0.007971536630855518,0.007128389237201677,0.009344267524984825,0.007542439638336642,0.012177435923372809,0.009677868585775646,0.00747340174968196,0.008863039748701314,0.00903093074849102,0.007156330325200898
min_user_sum_hedge_naive,0.0,0.0,0.0,0.0,0.0,0.0,0.0,0.0,0.0,0.0,0.0,0.0,0.0,0.0,0.0,0.0,0.0,0.0,0.0,0.0,0.0,0.0,0.0,0.0,0.0,0.0,0.0,0.0,0.0,0.0,0.0,0.0,0.0,0.0,0.0,0.0,0.0,0.0,0.0,0.0,0.0,0.0,0.0,0.0,0.0,0.0,0.0,0.0,0.0,0.0,0.0,0.0,0.0,0.0,0.0,0.0,0.0,0.0,0.0,0.0,0.0,0.0,0.0,0.0,0.0,0.0,0.0,0.0,0.0,0.0,0.0,0.0,0.0,0.0,0.0,0.0,0.0,0.0,0.0,0.0,0.0,0.0,0.0,0.0,0.0,0.0,0.0,0.0,0.0,0.0,0.0,0.0,0.0,0.0,0.0,0.0,0.0,0.0,0.0,0.0,0.0,0.0,0.0,0.0,0.0,0.0,0.0,0.0,0.0,0.0,0.0,0.0,0.0,0.0,0.0,0.0,0.0,0.0,0.0,0.0,0.0,0.0,0.0,0.0,0.0,0.0,0.0,0.0,0.0,0.0,0.0,0.0,0.0,0.0,0.0,0.0,0.0,0.0,0.0,0.0,0.0,0.0,0.0,0.0,0.0,0.0,0.0,0.0,0.0,0.0,0.0,0.0
max_user_sum_hedge_naive,0.00439935748651352,0.0043690798264708255,0.004079848714432588,0.004142200883745607,0.002322133110233866,0.009111854891112608,0.0026726581427748385,0.004551020168729665,0.005832855799966678,0.006181042616687943,0.0065560805605242994,0.002958789723530593,0.004359433268982955,0.009695148315681216,0.004704286631428361,0.004570246423540441,0.010419579156094034,0.0029184377691654235,0.001605379842904247,-0.0016272972463522196,0.00454950219860477,0.0036792206892157942,0.004435807646369645,0.005833989740581727,0.004376304826257407,0.0050268033228308365,0.006735389076105861,0.004483993941430573,0.00521344404431163,0.005088409296735683,0.003616964545735967,0.0038170182300302,0.008931083333683056,0.0041700905520921094,0.004334485645241592,0.004155377182155836,0.005273420758387531,0.0033390524815518265,0.007108107977834869,0.002887738948611423,0.004051991642829843,0.0035753110384567667,0.004544495686408967,0.00516842244471487,0.0034199652617731887,0.004810288707770952,0.0038291159644136367,0.0042754346954912495,0.004764382735939109,0.00768600114674311,0.005451926260985087,0.0043432313767959325,0.004603620066304758,0.0042837524543767585,0.007353694410444821,0.005611224388783273,0.0021106449250528746,0.0030976253218864998,0.0016302884316555417,0.002481641286755404,0.005480283934521277,0.00519752764537962,0.004486079351672648,0.004254505493506812,0.008723355613714703,0.0048456184583711235,0.0039764060709226706,0.004776058633222349,0.006296441783744729,0.004231968662758113,0.004904970605207712,0.003108442172647559,0.005220391584265169,0.0054605296172176646,0.004370231812829757,0.0035681078121200405,0.006693531056782,0.004857598366365267,0.004534107554153281,0.009506423679770282,0.006764503710670762,0.00493908230330788,0.004968199030473087,0.004458538380928714,0.004560996755389429,0.0035147795120266615,0.004397876794566448,0.008591376593775997,0.004467133767597765,0.009366435278885494,0.005555502754428676,0.0027436430512972933,0.006002895150522639,0.005398656112716508,0.0050881866804696144,0.004425329671024061,0.004034511432295808,0.004318058385650192,0.003961802044189288,0.0024181780745989156,0.005110718600365466,0.004750879456531203,0.008121371061787973,0.0040922239733379925,0.005303490973946239,0.0023128567756039928,0.005428761599373763,0.005515189500735986,0.004781868277490876,0.004368576524306033,-0.0012712092858945256,0.005351421587494588,0.004376287227882676,0.0028334387873729504,0.006487386122059123,0.00411298575109216,0.004376152035348219,0.0046389302377704295,0.004306070597616889,0.005116857586652493,0.004219082891245691,0.00425746477035888,0.007979723682585139,0.005926662646721544,0.004151200655923518,0.003492413668014026,0.004618167836477043,0.004867650222507788,0.0017907662904512976,0.005241108359636017,0.004306159658731748,0.0018749225284553101,0.004159040881863994,0.0035644453621398765,0.004303154969819242,0.0019527236514642228,0.004294913183440706,0.0040206383120621435,0.002855678697571548,0.004183908240607508,0.00410490311228893,-0.00427670779520074,0.0034572419810370743,0.00235872006578362,0.00498641799846989,0.003092161461864324,0.008181861058130038,0.004966965494670671,0.0031184419087229784,0.004303054389196535,0.005013757332020846,0.0038451235610597375
average_user_sum_textblob_subjectivity,0.0039064272647336504,0.0038760671917375403,0.0036991823041823764,0.003855618450976462,0.0037855836428746345,0.004660063221384821,0.0024310753168270967,0.0027942826407093254,0.004439137067294153,0.0013608372381588279,0.008735093020393641,0.002352901954894795,0.0026867867191428807,-0.0039362124250872455,0.004721506925254979,0.003387256812648032,0.0044179445000486275,0.007658004176956951,0.00655229202778256,0.0012790376941132467,0.003326312848282158,0.004077592633203271,0.0030235233328842178,0.003346586794351205,0.003955811379446025,0.004957267632498523,0.005993479943932829,0.0036919566176870007,0.00280520122056941,0.002554346027989681,0.005679816093767108,0.003152836900574009,0.004514322156909866,0.0015110395081584056,0.0035248640060300696,0.003998677764636865,-0.0010262146658545448,0.001997136989276148,-0.0012270903842021728,0.004220327176682792,0.004171509050459862,0.008186904585868066,0.003601428290443259,0.0019364026379967052,0.0048736268176503665,0.0123038137835829,0.0040108363274171995,0.003330319031740594,0.0025181472379103547,0.0013412790846423469,0.003267171139714895,0.003513705332968678,0.0032030753187592183,0.0035176536779441933,0.004317615351342292,0.004367512840410814,0.007207704137201142,0.0034551458691042666,0.003959673344014878,0.0015955198143816109,0.006167042779959333,0.0030059712383110246,0.0033311149055324694,0.0035250936875678763,0.010572207691088346,0.00329944230013326,0.0031450606374609077,0.004526119411389988,0.002768029514221794,0.003355694238165198,0.003442972073556049,0.004011616077668063,0.0025220523998409857,0.0025896805303585197,0.0033296075336100564,0.004493391762868016,0.006843022521714617,0.00414664957596829,0.004385252616841128,0.0071042645825968136,0.0031850562055515466,0.003969304956675907,0.001221684949720754,0.0031141209920084265,0.005159188614405938,0.002329008296144604,0.003457204451700417,0.0022113461697324775,0.004235746596601173,0.007646922410328031,0.0029231909999736317,0.010034081634785178,0.0028840360775786557,0.005076182055603915,0.005449306302454764,0.0034713610771639975,0.0005609216237194951,0.0035425936019694033,0.0027804604022508396,0.004945515307493433,0.0017382546743546713,0.003968367211693276,0.0020975986899532282,0.005056443408351196,0.0035497215834068147,0.0071008453455292785,0.004322473030116847,0.003913872451548133,0.004994691029041363,0.003695747428400518,0.005478555861481371,0.003269731474586406,0.003757171721316025,0.0026750849393982305,0.004417566060284464,0.0020587158587660947,0.002302174738565601,0.0026382086417960785,0.003485820616583468,0.0026710081671379848,0.0036128999036444975,0.0035434877763568145,0.0017109655967333433,0.0068957904612101965,0.004220277088028837,0.0037737286826344096,0.0039022766982408615,0.003889537902777056,0.0020831194766767593,-6.285048236081593e-05,0.0032576155167802624,0.0021744022803619257,0.0031586545365761727,0.004527138285553254,-0.003183691683263403,0.0006981039394620839,0.0034820066146901882,0.0037861259270139183,0.0014727562199126918,0.004185131277086787,0.0029146065425671133,-0.000670792245140937,0.002903440848620743,-0.001392534426004734,0.0031976427976996447,0.006589263987642158,0.006304065445298365,0.006489572445820263,-0.0013198748993375024,0.004773066815771611,0.004827557997822682,0.004916875148629392
stdev_user_sum_textblob_subjectivity,-0.09046623123602471,-0.08923257044525365,-0.09066396628859963,-0.090313325101951,-0.08995556016240541,-0.06250645087205133,-0.08703797047668768,-0.0870789704588714,-0.08807780930712339,-0.08761521571597763,-0.09157438420736445,-0.08684597903939939,-0.09040662268773306,-0.07920933049659588,-0.09242245955703388,-0.08924543832857598,-0.08205055354277367,-0.07382461667130366,-0.089751014648084,-0.09009981839157707,-0.09017491602020192,-0.08893746397658021,-0.08811197443916532,-0.08976649207163956,-0.0902461426324259,-0.09383487858843391,-0.09362158922657364,-0.08701609072145064,-0.0902324486185731,-0.08942927635161657,-0.08002157966456572,-0.09105038756018635,-0.09394327781114464,-0.10220762242442381,-0.08985568330779709,-0.08903912956250915,-0.08646632343639821,-0.08910279411895175,-0.08729418018481729,-0.09262203186124626,-0.08352727587243097,-0.08320779796423039,-0.09048757095667176,-0.09433862709183828,-0.08728208260672608,-0.08269189360735305,-0.08998935533494459,-0.09019043607375771,-0.08475136741389773,-0.08316971771220288,-0.09073024920764142,-0.09027862087749627,-0.09093426447899787,-0.0912563041586485,-0.09137075583856318,-0.08535834091828831,-0.08737792633715669,-0.09190007069051605,-0.0908353480117076,-0.08991027128276714,-0.0874957109515324,-0.08931783612163,-0.09044809257206851,-0.09039163199656405,-0.09258491154112809,-0.09172803809979077,-0.0886271769806174,-0.09064755701189992,-0.08456523458543513,-0.09020302020542878,-0.08956908024215543,-0.08962446362117142,-0.0889414239041092,-0.08939821017803266,-0.09054036166473409,-0.09032411618739254,-0.08906535243072547,-0.08943397244245468,-0.09141729515031924,-0.07710649721485567,-0.08536560204379962,-0.09061325146424196,-0.08983555900084439,-0.08983865065321325,-0.0929692089213151,-0.08948188965780973,-0.09016472039416859,-0.07974840508710632,-0.08943458779465742,-0.08694189750496062,-0.09098912606002789,-0.0790937633754663,-0.07673152485281233,-0.08627646986456386,-0.09147934730695287,-0.09031838350908661,-0.0860450233058391,-0.09027857862824917,-0.0900100948824488,-0.08399227247640462,-0.09195699105946675,-0.09014134097590895,-0.08884438994269796,-0.08957158952453279,-0.09174402311767607,-0.08791572241797654,-0.08923335574806304,-0.09372272366126519,-0.08469003078633454,-0.09077024858448904,-0.08780965319502951,-0.09026424644305672,-0.09013854312465555,-0.09161975486903007,-0.08815397371024969,-0.08692424953596045,-0.08764499843347864,-0.09195883923434656,-0.08792395724625443,-0.08903258087305538,-0.08982943862502088,-0.08980332490762577,-0.09566233494417596,-0.08557941169420114,-0.0881959695200844,-0.08940315752401898,-0.09003527191762428,-0.09038121212943226,-0.09154847906657418,-0.09707782141117924,-0.09046788787683485,-0.09176434559587884,-0.08992480107336037,-0.09090249673121673,-0.091028916290849,-0.0838361783121763,-0.09024227810388358,-0.08884434586314036,-0.090961437582842,-0.08697364984032993,-0.0897403920857077,-0.08188543322216105,-0.08909491341216343,-0.09307169394600576,-0.09121200576131533,-0.09197326053048419,-0.08126085654859212,-0.09063271608783208,-0.08537055218832511,-0.08941311282542908,-0.0897134058381277,-0.0688676348628896
min_user_sum_textblob_subjectivity,0.0553219036435951,0.054669810312990924,0.054653052018214535,0.05561934945042808,0.05306827258378343,0.037647169623240946,0.055950098394277906,0.05432290555595767,0.05481772894973956,0.0527597077299622,0.058450939024920254,0.0517922305965904,0.05455984569463421,0.03812583211753702,0.05550435318873714,0.05414201657949895,0.054040803125306104,0.05921757192806136,0.059762035772076165,0.05042391391608641,0.055549067453823445,0.052778268456543743,0.05310269613869379,0.053859965666290324,0.05505582370999566,0.05968797215504322,0.058692699230143364,0.053565648714621904,0.05412423619773406,0.05140270239252853,0.04226612507100735,0.055293429798889474,0.05853955915683212,0.05246432774466895,0.05431752644168347,0.057010705497775226,0.050597841472546576,0.06334159094733957,0.04138848938993256,0.05731943055528717,0.05263680108617501,0.05978172646361268,0.055207264040478335,0.05670471528315879,0.05327911315192477,0.055344600713227665,0.05401505419173558,0.0542531689752062,0.05206784479821205,0.04659626410912571,0.056304280626677534,0.055058563567481136,0.055305237829602796,0.05348465464443988,0.055633687636181484,0.05465753830716652,0.055949207150070054,0.05386893207224367,0.054130872157045484,0.052317733893022106,0.055859397791473774,0.054667225275909476,0.054954064282799815,0.05497329123930883,0.06637479907765514,0.05542909490202087,0.05299528391308851,0.056410013690900485,0.051120243855925576,0.0543850297959526,0.053810381025926814,0.05648512744051466,0.052484547603754,0.052918321231352095,0.05421398007254624,0.05504523957737765,0.05966947573123138,0.054972898444855416,0.055429935391153526,0.063167488477941,0.0566656697239435,0.055654196128388525,0.051906624467271276,0.054767906187098495,0.05822802714969007,0.04896206439420582,0.05419887755422019,0.042623415679396086,0.055785931221017715,0.058402962829065215,0.0567390331160046,0.04658916978237323,0.04784169978284748,0.0523366810196897,0.0578056920782952,0.05522578229136177,0.056194559023776534,0.05516697720042743,0.053968319383241946,0.05240686458271225,0.05645416117702521,0.05598248115407781,0.046926121340021124,0.05712528970724556,0.05711597688740433,0.05674016993001248,0.054465446824522465,0.06176191800659871,0.055889787932670236,0.05264923030212096,0.058676500009138446,0.054144739027278115,0.05539654463211658,0.053540839509950824,0.054305115005853305,0.053036396924104265,0.05228343322759357,0.055718484457854184,0.051000408550695736,0.053073611835705976,0.05492172036652983,0.05472067227655144,0.05685346257213085,0.05610462953038313,0.0550957218221339,0.05613209601792657,0.054734176357313466,0.05552344327764272,0.05349163589052722,0.055369733822471595,0.05529694232912542,0.057375379705394344,0.05421174380749314,0.055883651895834816,0.05085739194413727,0.048762632307247006,0.05505477057572383,0.05349423451842787,0.05535884693515015,0.052956527078147006,0.05448337473178851,0.04537649979268511,0.053412995757935726,0.04897035628636955,0.05465170030640458,0.06068699001125726,0.05151139208466944,0.06043921734702022,0.048841397514013216,0.05589523610779576,0.05635545879467172,0.04480000809545129
max_user_sum_textblob_subjectivity,-0.03543842297931787,-0.034919579747301026,-0.035935771445229955,-0.03522126296897946,-0.03664677902267366,-0.021543192784200027,-0.032780937733461524,-0.033790863345158996,-0.03393681120217907,-0.03446344736655448,-0.033756794072526936,-0.03427778642019384,-0.03588125947710781,-0.036242182691120894,-0.03641693801725055,-0.03504281838093385,-0.02898758235987836,-0.02299307681468567,-0.0321589035125389,-0.03814320888455498,-0.03527782622547967,-0.035903654484861526,-0.03438139958447257,-0.03560311897243427,-0.03543288192373946,-0.03606149950553669,-0.037053120304733594,-0.0335894994123266,-0.035632586118652596,-0.03633037139538499,-0.03487823105713982,-0.03591333245047598,-0.0363802216525448,-0.04560839560126565,-0.0353653099883342,-0.03310089951087315,-0.03679929509863075,-0.033438508627347055,-0.04037254417925012,-0.03681732733532647,-0.03144403011876294,-0.029297193491465652,-0.035475479017359965,-0.03680255543219703,-0.03413965299575374,-0.029192900589960345,-0.03578917065548834,-0.03558388903810617,-0.03348713733524264,-0.0347764952760207,-0.034743338992059385,-0.03546187675476202,-0.035891318715806,-0.037307583751854154,-0.035855840090619026,-0.032328203526366346,-0.03224979304903093,-0.037915522654339,-0.03654440503063003,-0.03647019105972546,-0.033086213471178225,-0.035396343987843304,-0.03568463026149374,-0.03559788491576009,-0.0348513681304159,-0.036233700682608325,-0.03536965444005111,-0.035175415327748524,-0.03241396549056563,-0.03570295527217852,-0.0356617493060246,-0.03437795035672263,-0.035601610032902326,-0.0363643392897741,-0.03606334135354547,-0.035490956862895585,-0.031460891899300875,-0.03501986356880439,-0.03602197867987945,-0.020067257102281508,-0.031207878326233066,-0.03549128360753577,-0.03741465424717215,-0.03534081647058997,-0.03559990040824641,-0.036975962255383604,-0.03585556162732481,-0.03315489680248261,-0.03443225037022221,-0.0306852019467624,-0.03515533881289166,-0.0351204186047134,-0.028757446252556114,-0.03340718102875594,-0.035052065037300184,-0.03546270615711113,-0.03137825854075316,-0.03539882839349169,-0.03606032209296299,-0.031152878810121142,-0.03537942425465056,-0.0349236892981744,-0.03817453784492878,-0.03348153731679133,-0.035752738961519134,-0.03276023607574623,-0.03446323040419325,-0.03523591520422418,-0.0312661449641794,-0.03679097986447772,-0.03256091699724814,-0.03603601817313365,-0.03520212281919886,-0.03724746272349333,-0.033178814683225734,-0.03475958053577691,-0.03520978919646814,-0.036667478568854175,-0.03520455931571568,-0.035426594834653345,-0.03515615465346244,-0.035257535321469205,-0.039548749698576025,-0.030803504960167073,-0.03351738236773104,-0.03460511426175292,-0.035374947014469846,-0.035291568880169946,-0.037477712633763934,-0.04135082427536491,-0.03549691810189041,-0.0369209301375922,-0.0357112673712541,-0.03537933991167372,-0.03856902720630709,-0.03286292704083953,-0.035461361811235256,-0.0353858882315699,-0.036182776390250804,-0.03387219929090803,-0.03531602902204085,-0.03398090720739078,-0.03522010235579304,-0.040788916137994895,-0.0365096227190219,-0.033820358340619056,-0.028783364199143905,-0.03331813718320996,-0.03490442835692467,-0.03444027991225146,-0.03437638590372606,-0.02558172046008093
average_user_sum_textblob_polarity,0.006759291515618571,0.0066206340203526625,0.006933602711914716,0.007382275050378622,0.005827802309246056,-0.0020198030078192927,0.010164454363126851,0.008141801340084723,0.010218592026781962,0.010228442169117639,0.009037984416956742,0.007677633128391896,0.0068177010260258054,0.014137418310289768,0.008615354845392829,0.007465006784280432,0.006334069927329212,0.004786982849480348,0.012515908955348905,0.006323783074321011,0.007160474011887528,0.008280794696406255,0.006872537319432173,0.008131881650545323,0.007332771883456102,0.006277304344876233,0.008997297843478538,0.0076560128864388045,0.007742073249959425,0.0035375999175626628,0.0010112391226264551,0.008145386363765304,0.0037451100713235103,0.011041527262861008,0.006805695055604976,0.006472298816598911,-0.008483469491337044,0.004499089956971949,-0.0010644828738797549,0.008140720594786157,0.006201640332705158,0.011577877508637173,0.007088365723195844,0.0018278363422433754,0.007329728409671558,0.008361490541616187,0.007245248826131598,0.007232073838531427,0.00829031544484764,0.006191066454839161,0.00575965185634583,0.007119946446934042,0.007452735126057972,0.00712783626671826,0.008964259934490194,0.005111830629826916,0.007026877213329553,0.00787314875959393,0.007958939006342208,0.004874623332663339,0.00519875491919112,0.006250972929759938,0.006841425308231161,0.007142548300163502,0.004524934141724749,0.006656394310343997,0.007253201164262896,0.007111077969946773,0.010450337775717636,0.00716102681877096,0.006313572204004021,0.007804318070204853,0.007042691178186334,0.007187444719312963,0.007066952738536745,0.00818125167561432,0.0011188696028983235,0.008836738775995575,0.007357003049786222,0.008893363832473892,0.016792856054722687,0.008003367519635273,0.0064324935024718324,0.007056151332967053,0.007294060491953932,0.010921980354943905,0.006675521246279492,0.005184317341626846,0.008132185068884993,0.007047912483270054,0.005768095524768327,0.005128694913662927,0.006692823308885555,0.006548365131525705,0.009828228724671026,0.00704986606101796,0.006704095901848374,0.007125263071197414,0.006376554727470933,0.00559915856153006,0.005163423036107636,0.007361584451000666,0.009939870314445473,0.007923934130111485,0.0043758782177535085,0.008841592958386258,0.008230467561364928,0.005003975469900173,-0.0008048514072938888,0.006950463781434161,0.010826514519034425,0.008531991855917163,0.007180675479838007,0.006614283021400268,0.006648647997712627,0.0023291704876635634,0.006305308161532318,0.006691737465720099,0.004218627638451371,0.006398486655208499,0.007227372423381972,0.006716618610636953,0.007004980007560805,0.005937754166851326,0.005462675787823366,0.004990761062065013,0.007113915044837044,0.006486579570157978,0.007659937201223847,0.004529926981714241,0.007003080771524336,0.0056387713642064765,0.00730629762810533,0.006758503083963689,0.010664383133997273,0.010115838587631132,0.007217143020915008,0.00723845837937203,0.007332400878678865,0.007544024282216469,0.0051898751452382,0.004086945489305316,0.006146750487776666,0.005352395314808037,0.006810187539302193,0.0063830126281361945,0.0037172307990977517,0.009312740739031582,0.0004675902144597693,0.007917179424279901,0.008682235615820419,0.004484273831330825
stdev_user_sum_textblob_polarity,-0.04522830539250302,-0.04630310552904858,-0.04699723615743888,-0.046929041101583906,-0.045182844484090025,-0.0443083526392038,-0.0468033932716829,-0.042348688738443274,-0.04909346340678451,-0.0414301559122463,-0.043930258146677115,-0.04367161270145368,-0.04616548757204396,-0.04007363935226266,-0.043139232419957714,-0.04524966606835639,-0.046241889813440365,-0.04052647520928193,-0.03760073411126552,-0.0376772903653851,-0.046090642270542305,-0.045525774763261036,-0.04504878390106895,-0.049732842027149365,-0.04607703343689817,-0.04530975707689104,-0.048051542829694684,-0.046923936439243634,-0.04557324317280648,-0.048842119102295384,-0.05530331554021919,-0.04617876729307156,-0.0428865036521806,-0.05161236738254326,-0.0457498101350363,-0.04506869345040995,-0.054114405920410114,-0.041266145715771606,-0.039616045009171874,-0.045549923158728405,-0.04547176008349478,-0.040773233870614864,-0.04576366946148447,-0.041232365713628094,-0.04304575236701967,-0.047688237082712595,-0.045164950315415814,-0.04578195216560143,-0.05122850840851102,-0.044684831245388607,-0.04458139531181127,-0.04593696417947249,-0.046478529396483524,-0.04479524999555248,-0.04019151214518263,-0.046968589633518285,-0.0402222501732315,-0.04833423814401837,-0.04598331218694771,-0.040928095981373265,-0.046192853223015556,-0.04693022297759342,-0.04605070623715471,-0.04589863540403918,-0.0422519875626655,-0.04557177253284577,-0.04872464325724575,-0.047735477481163684,-0.0462252018277573,-0.04682862527404534,-0.046920596327561785,-0.04486327690087116,-0.04671107918623056,-0.04613293484997518,-0.04661992708362751,-0.04536164382074281,-0.048335995510899316,-0.04519130044582084,-0.04785233795302451,-0.038518147537079356,-0.03998492408436,-0.04525770310040325,-0.04596698749421241,-0.04592029947168343,-0.04404087073696469,-0.047487574803873216,-0.04682671201599117,-0.04818997762313125,-0.048561807857155526,-0.042041501433418345,-0.04725703879834811,-0.04352189012671058,-0.040753169621075815,-0.046683194116636795,-0.04382035269367419,-0.04570118146296061,-0.04458426303315042,-0.0458371720949655,-0.045429413765829846,-0.05113877000216871,-0.043316709530022104,-0.04582499054569418,-0.04497897306158277,-0.04485762425990865,-0.05013701824784246,-0.04789259355623994,-0.04459369850086091,-0.044469652212269145,-0.048392145335605,-0.04961378043854827,-0.04105628992138397,-0.044728647457714245,-0.045155358941922234,-0.04433290981583803,-0.044980001469882035,-0.04720441982570442,-0.04725793699184742,-0.04710800396009618,-0.046687317182722815,-0.046168204759956026,-0.0457806837618047,-0.04584309833502544,-0.04497651570239122,-0.0462332025806937,-0.049078453196252064,-0.04601224733847149,-0.045054253269914524,-0.04566227889721955,-0.0474936923463708,-0.049604696310632176,-0.04698904275933798,-0.04435331601082612,-0.046329224969077314,-0.04504927756647823,-0.030482896325987767,-0.041349588798852976,-0.04581294403677391,-0.044497568536360825,-0.05355154382671154,-0.04644324141227709,-0.04398391297396652,-0.04616031698121968,-0.04574528119766653,-0.041811249355050095,-0.04565141525956015,-0.046280508152424266,-0.04448628540396032,-0.043623968664691246,-0.05030845411478917,-0.045123195254921554,-0.042373633645101105,-0.053581672703899325
min_user_sum_textblob_polarity,0.03642985159605635,0.03735088449619494,0.03781628472916347,0.037930781845461135,0.034825496408261186,0.014187193699774624,0.041197640580419415,0.035673098366157965,0.04110744708659736,0.037054164300385155,0.030871088455350474,0.03773965221197416,0.0373488165796237,0.032704557242123886,0.035536858505364234,0.03688620798083377,0.039187183501848355,0.04257399052187113,0.03949731755135036,0.03563191856452383,0.03768676078581941,0.034988020141888725,0.03565634200609889,0.04088666149011135,0.037094660275160105,0.03741152625551566,0.03906843186306414,0.038284872586427994,0.035064520360191496,0.035986242882353615,0.045293008568864174,0.039104463472893036,0.03258206400991093,0.03793489251778065,0.03627984059872455,0.037421922999676116,0.02189179113716481,0.04024936870436951,0.020935356692359085,0.0365056852224366,0.03759172611781902,0.0394549907687014,0.036837790460698155,0.02862996192142493,0.03593790488441875,0.03895741968077816,0.03609039405435813,0.0375328981986623,0.03665991873833279,0.03852266566290452,0.034117334261480066,0.03734269687647767,0.03750401169280186,0.037776503274558865,0.036243284095521036,0.037776938554408904,0.036486706587747365,0.04061924138243269,0.03665975366762176,0.031749774361040456,0.03534027944629453,0.03787413577766822,0.03735189090876226,0.03714143950954612,0.033511034424828064,0.036263302698723354,0.03843076287667108,0.03905131092586398,0.0414758161780453,0.03723298785790734,0.03698059482699485,0.03841014246085339,0.03675305834117042,0.03605230532409356,0.03871780234868018,0.03724262972476972,0.035120197860320564,0.04038379066006072,0.036244776796697895,0.04955875634628735,0.04928358952817201,0.038202025919134394,0.035326264372788595,0.03760693675124821,0.03363434235995354,0.04031855056403498,0.03736235041615592,0.040094437393562166,0.041163503631549234,0.035442680812223695,0.03482626868412763,0.029601688564372838,0.0336498920114466,0.03677741283817477,0.03867900251213288,0.03721905835717531,0.04160804817249685,0.03728045903453491,0.03699500587737639,0.03469172637418598,0.03607914390662897,0.03788755417613085,0.038924478315821145,0.03700963462502084,0.040956795253859445,0.03517421895111886,0.03713016998861446,0.038272193549673456,0.03609916114016698,0.04174775021308581,0.04021389304993614,0.03753512921334193,0.037145145063818025,0.03595176189119302,0.03446600925060683,0.036617378640628896,0.037699676771812435,0.03669287928551557,0.03597742203367176,0.03701452303040674,0.03779945211790281,0.03731146438796794,0.03891498528369307,0.03412571296398969,0.03751395325608421,0.035077512541583686,0.03655438038294048,0.03693169681402415,0.038148693911835105,0.04320314815311488,0.037959133145427065,0.03618334766581267,0.037742533209541455,0.038958577345233274,0.03525954859505339,0.03336055054529349,0.037363306846791434,0.037643835005960725,0.04273272533180102,0.03763942111438921,0.035925693705969444,0.03916325969689778,0.037164151007577056,0.0356421466927474,0.03706533902162877,0.034148557177995094,0.038466936213541976,0.037878185248850955,0.03184077172813048,0.03600286485809965,0.03393846176367123,0.037130088929321896
max_user_sum_textblob_polarity,-0.022761259142798314,-0.02277261023028334,-0.02335181096014268,-0.02312320948834288,-0.02391038633227742,-0.03529074771567383,-0.02426415006097079,-0.022662291964307038,-0.023859082425530972,-0.01884331700816335,-0.02300567353404452,-0.020956294210308604,-0.023038560668904202,-0.01967107850753964,-0.020249493658404387,-0.022249587002663218,-0.022345965605811487,-0.01568561359510558,-0.015916925757424927,-0.015418731741126256,-0.022922255017846678,-0.02423914857415673,-0.023164774689168287,-0.0236199481191002,-0.023029164199970475,-0.022919940244613683,-0.02295115513008348,-0.023069612934601923,-0.023900340283637092,-0.024537552326204186,-0.02035552178666719,-0.022190501373789112,-0.021189006647485152,-0.026055450461212867,-0.02313039085912791,-0.02157423550102294,-0.0379450820711604,-0.01998742572050511,-0.027232277754197592,-0.023191787513715388,-0.0219046806027239,-0.018786156470153324,-0.022964572233582996,-0.021195321408588395,-0.020253128898801286,-0.023584536305886077,-0.02346447085650709,-0.022271641201553595,-0.029356141988107595,-0.02145628322103036,-0.023469214117389774,-0.022851747922272674,-0.023422278950946594,-0.022135537198479237,-0.01679744962219095,-0.023409515141113297,-0.0183599610638585,-0.023508630903617572,-0.023074126269827244,-0.021940571184684225,-0.02445730695779147,-0.02391532896607982,-0.022843912267795856,-0.02294974880790921,-0.022520987669354574,-0.02305546148153574,-0.024668286670524453,-0.023539128068858488,-0.018807401119336563,-0.023629234559400296,-0.02369767140662791,-0.021342240156233584,-0.02432289928958821,-0.02425052709305437,-0.02236114418913327,-0.02236645979011827,-0.026371906134699877,-0.01989881156755638,-0.02481529917178667,-0.009216894826194272,-0.012116618467846858,-0.02154029625745258,-0.023407277763202956,-0.02288938484348088,-0.023374216690294176,-0.022675149744261006,-0.02346529226098601,-0.02104723799526074,-0.022256880687309896,-0.022158502918454098,-0.02695178175180272,-0.025458778954560567,-0.022224073489762346,-0.023090018242066503,-0.019636785575226863,-0.022720542242225944,-0.019378989421933824,-0.02280217202815471,-0.022501129571417887,-0.02942876510574536,-0.02142412758487643,-0.0223830379213785,-0.019156267795194103,-0.021904783239507307,-0.023582203925639617,-0.025263488308402943,-0.02108655932856755,-0.021558450825057723,-0.02389616237769874,-0.02193247244498321,-0.019634980606124636,-0.022327736009871226,-0.02225377545656125,-0.021740392362885268,-0.023328156269337187,-0.023753974146175496,-0.02429102220399513,-0.024399965404449254,-0.02311088887036082,-0.02359012787398497,-0.022488081595821798,-0.022822692676924466,-0.02067408092730884,-0.02544860065164095,-0.02533359383849082,-0.024743777481423854,-0.022313060327651842,-0.0231598061352159,-0.02449890972275164,-0.022093347694910254,-0.023576487631762247,-0.022503523991754128,-0.02289018114601636,-0.02106165313267147,-0.00942092848508654,-0.020100882194557523,-0.022736345393257515,-0.021783438807824677,-0.026600105478005395,-0.0231165460881785,-0.021510902014045694,-0.02273138079990283,-0.022530142468692886,-0.01756187159081403,-0.022952334047671025,-0.02389118592395597,-0.019082155905978955,-0.02215271214908569,-0.02929783442661438,-0.02348306297057215,-0.02188231722346933,-0.02743927872334557
average_user_sum_dale_chall_score,0.006670509469627368,0.005932475784658648,0.006702377532059656,0.006703486005738262,0.00710437384546483,0.006937420597232837,0.006751165506059578,0.008586374483397339,0.007188041677377709,0.007644033479399599,0.006808424978266347,0.0071144630633488875,0.006557465891965487,0.011527600674288641,0.00796863022701473,0.006583297456749004,0.00681905013244021,0.005582328869119597,0.009254464967580556,0.004728574818263679,0.007234099352185549,0.006295806113238179,0.006257861984129429,0.006273064212952345,0.006666840427540635,0.008941012810158964,0.008055158083101482,0.007137855408540655,0.007204629000464369,0.005363207041164865,0.00833440659535432,0.010203308265695342,0.00657566114340919,0.003392176951699212,0.006581409556896071,0.007664769216977016,0.005364145961940022,0.004903340191218841,0.01349772727698393,0.0070911472097096775,0.005743409198006913,0.007866018413345732,0.006748543955055308,0.006438666401057241,0.006429259893700461,0.007417230110991827,0.006393374750579538,0.0069246869017449,0.006163325669011028,0.007461034741311427,0.006152709416354084,0.006628930421162506,0.00656021842896783,0.007306774558796061,0.005835120152956633,0.008398417349204625,0.006702549610013099,0.006357639954430668,0.006815031949753228,0.0061280594800084435,0.004668097947639529,0.005549662309674839,0.006599695783040853,0.006631593664580736,0.0062400883935570355,0.006534086054025882,0.005231111321034854,0.005359482806724341,0.00951015473452722,0.006422726668204038,0.006598608412397285,0.005917010739871437,0.007299991288674286,0.0074848660647877825,0.006695172233611684,0.006653698389556928,0.00523513544285725,0.006452539640839973,0.0064774480504646535,0.004201823507952715,0.011465106113776461,0.006847888805984172,0.006789305496049173,0.0064972536175565984,0.006392700940239903,0.008373892133621878,0.006961934074664411,0.005475741395422717,0.005928747061310394,0.006491105577708284,0.007739558470329104,0.005591078219891626,0.0062472706282626096,0.006009723686915819,0.00825806934150359,0.006633483503732246,0.007148587758007296,0.006573962271855294,0.007157924316745666,0.005806688580494611,0.005206244711859825,0.006673225607250123,0.005925144663793319,0.006903642672043428,0.006308205994184282,0.0064023918720639795,0.006430058619741504,0.007848281380521847,0.0010581495339640444,0.007337201145596373,0.008975696187474666,0.0059860952461666455,0.006558235067387739,0.006351243019783284,0.004290281024603887,0.0034124382631705655,0.007624069801536329,0.0067479165307883174,0.005229940404018001,0.004778014112046905,0.006790081935325456,0.006579450908008919,0.009030801623635341,0.007656721471067995,0.005387409825044329,0.008542654881682397,0.006521052444738603,0.006705117471302273,0.00851910102618623,0.0080562160223641,0.007160036794046531,0.0049941330969709005,0.006682569958509718,0.006246314662709912,0.0055142991099209875,0.007142679037597943,0.006632080575011155,0.00749985959888828,0.00640883359963295,0.007331069139155315,0.005910341365433272,0.005169841816368237,0.00663997799708772,0.005148329689452452,0.006806131115821821,0.0076122739769406535,0.0058344599247507475,0.00535795327653154,0.005664375634972492,0.006290606691265216,0.006840339400899564,0.010583460084318505
stdev_user_sum_dale_chall_score,0.00450222721474821,0.00384714408546908,0.004896006579887932,0.004648600653711697,0.007496771545064661,0.00978346901443277,0.00405474805249479,0.003734639986614212,0.00651346729052037,0.00534932613943334,0.005757359963311575,0.004792605638900601,0.00482403106579244,0.011773385805181759,0.005682601800222774,0.004479736947640554,0.007077491117824863,0.0025403725912261192,0.0017950226662400998,0.0011115229531415624,0.005806267291816821,0.004047704118242687,0.005806965536251298,0.005145683589506865,0.005041917251758794,0.0054923331197858916,0.004360272034031767,0.004930127342898213,0.005451053687763004,0.007121362204831359,0.0019804368136408547,0.005160202604401778,0.006015328684412319,0.0022263777286225424,0.004597756928598876,0.004112861250029081,0.005972058510876,0.005927346023243459,0.0036247817286311265,0.00607031410791849,0.004689567756842632,0.003983458556978271,0.004783661344361763,0.011114500663086668,0.00546696245676735,0.0038152343778102213,0.005517851975432463,0.004604192769966441,0.005790943021663188,0.006712068591886573,0.006824682957380441,0.004767129410381987,0.004373632209357409,0.005631426816073811,0.003920411574507161,0.004683666584289658,0.004423762581780528,0.00656045308619721,0.004394374403938611,0.005969839661157932,0.0037711369908660624,0.00407481145108479,0.004807607456597781,0.004721562406798866,0.005940911508272568,0.004617185623457441,0.003991024724773615,0.004056075403832845,0.009349652191022396,0.004836331769697841,0.003092446304845625,0.0017154061066121384,0.006098490904713965,0.00564708857768666,0.004477328146386933,0.004604929868343249,0.004137365153133359,0.005830700196567416,0.004771609637069289,-0.0008874864336960685,0.008363255610365225,0.005097136308298568,0.008030391228098335,0.004939813203844028,0.003929779766581676,0.005510549182893088,0.0055584604273800995,0.01000252861825492,0.004992333789315887,0.002713343514868287,0.005671004729970076,0.007129788912567955,0.0029380093178013565,0.006335127521717693,0.008115658940432886,0.004750642577242295,0.001413643326722832,0.004613434666183389,0.00597011731624237,0.006020846367146504,0.0059110628947259825,0.004217083044322353,0.006178602783498237,0.004359304712818467,0.004984970108628318,0.005876189348025973,0.004387177463803519,0.005001543704015132,0.008756106900999107,0.0023426181998144596,0.0018322385249790237,-0.00013709353648424898,0.004445128366437061,0.005308914682354844,0.004206242305190892,0.007110332081404562,0.006108222553772944,0.004628957326200807,0.0041048946691522245,0.00468949337449057,0.0046268862928190106,0.004727146071660231,0.005823466996980404,0.004973619879405379,0.00462819254904054,0.004104242489853352,0.004661595523067134,0.0047997763198825896,0.007656275602365838,0.006098092888560277,0.004703004525947482,0.004824285947831956,0.0046602542393506825,0.003388527305325212,-0.004072283151173271,0.003010833794160896,0.004733129477821441,0.005155385906725559,0.004719611672972853,0.00515971908083728,0.0049772230126947925,0.002856966020606347,0.004813782577330519,0.003850306458956943,0.005556393913416495,0.0042405375775551295,8.557518165891627e-05,0.004105039072354261,0.006494753578084553,0.0050741499412277485,0.00438853088460299,0.008635475247385595
min_user_sum_dale_chall_score,0.021650690818842726,0.021489875429862235,0.02136651673064132,0.021730334113634883,0.023346598112113662,0.013008043569920559,0.022121841404781684,0.02262234497065914,0.020809414343211236,0.01933641084297353,0.02380118410235288,0.022224246038747265,0.021693611755673935,0.020805944235320624,0.021271786477729933,0.02202196900462018,0.02099985882315219,0.01525393627450811,0.023060304769982963,0.022422376941987995,0.02108563753204564,0.021205777579891113,0.020302476862862046,0.020552729899068405,0.020887472120814453,0.020127479522434637,0.017624044602637265,0.0213013117702614,0.020303200734960544,0.02212783717290645,0.029827972821196855,0.02434896054987709,0.01965473392865083,0.020172929617628694,0.021142730887147226,0.02360163444915105,0.02329870673659274,0.019775526958627297,0.027029446358276026,0.020920405358611834,0.020238730489045592,0.022881195372673753,0.02122755052907352,0.022547769227219502,0.021752653660889774,0.01951513388717238,0.021042912724818525,0.021670911384670026,0.01883315951288756,0.017415910058926606,0.0198992544222869,0.021404726408609392,0.02160417464886707,0.018817907242788673,0.02138683521253505,0.02314685524666789,0.019937282600752816,0.01913145685793849,0.021634698728006805,0.016864076317681848,0.022083413360603925,0.019047449785520545,0.021445339800447598,0.021463120626173816,0.016008536804290905,0.02136730492107858,0.02062697742560298,0.02252456776696999,0.02220642290527043,0.02108078420379278,0.021775646843580458,0.021918820468647293,0.02128794469516162,0.020522365945561723,0.021252751913032795,0.020763615420305047,0.01565547832220618,0.02249887701159456,0.020779789131095735,0.02912476214241612,0.02817036699842206,0.02121585957378877,0.021769258326156088,0.0214144523934161,0.021382850891039747,0.027033195200319556,0.021769562133785066,0.021482493619640167,0.01730660409672423,0.017581865282664973,0.02003741793933078,0.018497464948114314,0.01595620124276983,0.022873189327254694,0.022235634391708826,0.021291092294735095,0.025954230898525842,0.021337498958904057,0.021550589682776424,0.01845291403153029,0.02108645775580248,0.021731821534534967,0.015703324028669304,0.022347746017425976,0.022157587085513866,0.024517582201200476,0.020770044736299478,0.02456417027510444,0.018122154133379618,0.02629611240861325,0.02788303536472638,0.024213434949697438,0.0211484725542904,0.021753260854763312,0.022028630406432985,0.019469746120442926,0.022200238283427234,0.02137279554403695,0.022343199662098766,0.02101644984442619,0.02127409439653258,0.021506475430100196,0.02354116398784338,0.017727679191988824,0.019428548538010362,0.022032709118451378,0.021271851515866906,0.021106476807098012,0.019365683219625337,0.021895803099120807,0.022082129142330677,0.016227506806023508,0.02126819289132006,0.021516217329050416,0.031650255472624816,0.0243975603775829,0.021369278169363827,0.021325608915215007,0.020776830123001445,0.02103131465973342,0.021530070975512315,0.02566662179690618,0.021776958317663565,0.01979194361421685,0.021202461966844895,0.024271371188739642,0.014823793519599742,0.021519916518698567,0.019214133457966902,0.02016536253132193,0.021664399848565916,0.016765125269612022
max_user_sum_dale_chall_score,0.010349067192427466,0.009793258114867982,0.01057214035863795,0.010513864676048462,0.013056397787755934,0.01284902978661569,0.009926006758681999,0.010206457993567347,0.01185401826129635,0.010617779660862863,0.012587152864106185,0.010559484663796016,0.010584628356154454,0.018114091517984033,0.010991087129445637,0.010398238109154396,0.013007503321211377,0.007417786637680765,0.008503277678548098,0.007516749448365021,0.011497431915228506,0.009815249310513322,0.011131383387513532,0.01067781909631426,0.010619457575984762,0.010930814437193265,0.010166618501778728,0.010679847397258338,0.010985136502493085,0.01236348161305044,0.00832396074364254,0.011126982927295383,0.011421799058688228,0.007778638332732617,0.010504918433507406,0.009541656116562573,0.012209064289618779,0.011053609029326263,0.009739772029648939,0.011793722874598674,0.010114694077860514,0.010318913819699786,0.010498085043956716,0.015203734010459258,0.010894478623762244,0.008369375091404665,0.011049836123525784,0.01037539797444714,0.010990981245124595,0.012040960631101147,0.01168415206173489,0.010503296373135625,0.010240803951393457,0.010930468742666767,0.009784203941175988,0.010807333848543649,0.009862387656597747,0.011399169939711492,0.009713806747522952,0.010461954485250202,0.009536221902956905,0.009520167223907179,0.010532376725096222,0.010490790794369896,0.011558581543810896,0.010384647729716413,0.009710778244475743,0.009463645722361786,0.015485550734576765,0.010490304533912814,0.009267593405819036,0.007945602100028107,0.011625696918887585,0.011363316328319488,0.010227511276688143,0.009930804643605844,0.008849509470557461,0.011562823213030697,0.010144635843924074,0.00729883477820439,0.015028624961419544,0.010621769124849051,0.013572684073406314,0.01064689220775399,0.009780917674691868,0.011983962272584138,0.01118459435913845,0.013863273310511008,0.009989312627870532,0.008205072668872758,0.011566598236961384,0.010246975621567182,0.007016991487970954,0.012333909619375218,0.013503148562294814,0.010482445380839256,0.008615132671792175,0.010366808570106995,0.01146484493737578,0.01060386719841661,0.011329746893554,0.010184518905873751,0.010763756817001556,0.010494874798998972,0.010697759116029059,0.012223575728452715,0.010010261630481073,0.011488997280043258,0.01395685501384321,0.009613975935768392,0.00890365108245949,0.007707912017992907,0.010203089982494862,0.010951751642853325,0.009338458795543686,0.012476746015839969,0.011802598708804436,0.010540729930730096,0.010044692243194792,0.010615638744775703,0.010330766498382752,0.010478060880727681,0.012138753842107705,0.009136275000683532,0.009806834085661348,0.010209736284593512,0.010416682420389692,0.010461954393123783,0.01254417414082875,0.012051857062823449,0.010574708288300573,0.009152550691154069,0.010384017903399457,0.009420900104541647,0.005975308844472333,0.009420297026339432,0.010455670016590122,0.010908391354070507,0.010503419062336285,0.010821475347620565,0.010613071234098253,0.009576124951357257,0.010589376077387951,0.00873515340726123,0.011192787718718476,0.010817724639438052,0.00541533016271448,0.009545838739764919,0.011532420991665727,0.010551170131706956,0.01019799727118936,0.01199158546478635
average_user_sum_please,-0.005134931969846979,-0.005274434021143539,-0.0054088475113751285,-0.005648467267102853,-0.005635061435150229,-0.0062819872392806415,-0.005026599062945255,-0.004752038136328078,-0.0054334497412175005,-0.004499833592927878,-0.005258001270231043,-0.005355003528990167,-0.0055819434147160426,-0.008860309820903503,-0.005637050941825698,-0.005571567961389029,-0.004652499124313916,-0.008478148266507567,-0.004581125128753295,-0.004904513951215759,-0.005436562357993257,-0.0049096573809831595,-0.005657118849639441,-0.0047403773885763625,-0.005190133906016417,-0.00572275034827832,-0.006681811869571332,-0.005217590992463611,-0.004929518191661068,-0.005181134521982914,-0.0040396258358083165,-0.0050497305712542215,-0.005982009761256483,-0.004714574961454333,-0.005100884390163777,-0.005866281179275169,-0.0064750564553470585,-0.004811980789892192,-0.004827372983163539,-0.006300494500409534,-0.006537482040064428,-0.0038211086257862797,-0.005303611105478305,-0.004058435788349229,-0.00599168358581903,-0.002703727425439251,-0.005338784901997448,-0.005554326361259493,-0.0055343287911996525,-0.0057088579611276205,-0.005248327291602121,-0.00536553790620341,-0.005306717500212041,-0.0048385403972458696,-0.0048150671190836025,-0.004519643943366928,-0.007195223985316921,-0.005563320014361354,-0.005438824628563619,-0.004519831854580606,-0.0046676154596226906,-0.005118523122305485,-0.005373454658886468,-0.005377755736060336,-0.006498151354972485,-0.005369977520381775,-0.004910809149093639,-0.005000265701225705,-0.0040656313012235445,-0.005340550180992541,-0.0051807506024727345,-0.004730342581648017,-0.005502518644541402,-0.005334636690891356,-0.005246205112948251,-0.005117688894929826,-0.003164931857385943,-0.006401445980463862,-0.005352857688876635,-0.0050504678193970835,-0.00502630812569004,-0.005570756031674992,-0.005982909791869241,-0.005253605307760577,-0.0013506871196708667,-0.004946997994247847,-0.005437441393186439,-0.006315556541577911,-0.005173658234848845,-0.005588995624972091,-0.005887046929239175,-0.0038160725904143773,-0.005260587298663976,-0.004687241304929368,-0.005053731601736092,-0.00536865432362953,-0.005359868218220902,-0.0053483769910986105,-0.005288540615586972,-0.004591098670616873,-0.005046005845380562,-0.005299199357934853,-0.0035003039964109396,-0.005357632849607978,-0.005930245125020451,-0.0031017058934111217,-0.0050346686735151126,-0.00519034828876617,-0.005969786385267267,-0.005388355310166662,-0.00744945544529972,-0.004592437294895311,-0.005450659599069159,-0.005555365501774878,-0.004666128027951973,-0.006159969655819467,-0.005402439482774984,-0.005548463064863757,-0.0049988829648523105,-0.005189394764895652,-0.005290416368393548,-0.005434315320170337,-0.007667596977129627,-0.005133254424516014,-0.00435362215136416,-0.0032572034425838847,-0.0050946388407661445,-0.005217403353812704,-0.005447136904383741,-0.0043203736910128136,-0.005424596331775083,-0.0054177460815786616,-0.005301152689187897,-0.004876019283722931,-0.005372670110618335,-0.0048449852745900985,-0.005344625055162583,-0.00491309911707382,-0.005396584673622188,-0.005352432004908561,-0.005444235173953494,-0.005315201258372702,-0.005347445824592566,-0.005960261427570746,-0.005530218528871313,-0.0053222811846794175,-0.003913579269151436,-0.005753966726549967,-0.004954652706846016,-0.005507768887311892,-0.008245315641889961,-0.004859886462792666
stdev_user_sum_please,-0.009262840422871255,-0.009514486451954247,-0.00975695328851751,-0.01018920040931812,-0.010165017794467095,-0.011331999270421538,-0.009067420028780564,-0.008572142960935336,-0.009801332947374699,-0.008117194296930185,-0.009484843615339264,-0.00965982479304912,-0.010069198852804398,-0.015983003562688676,-0.01016860664101137,-0.010050482700565692,-0.00839258576532851,-0.015293627050027396,-0.008263835095387227,-0.008847192202083104,-0.009806947758371369,-0.008856470371578128,-0.010204806892308023,-0.008551108281942542,-0.009362418514416316,-0.010323198742906168,-0.012053237987752886,-0.009411948013878204,-0.008892297042906713,-0.009346184636597494,-0.007287031202151536,-0.009109146671210194,-0.010790873599096239,-0.008504563602021255,-0.009201422413977976,-0.010582112237981263,-0.01168027444709254,-0.008680272774095124,-0.008708038561620196,-0.01136538429041947,-0.011792883189123974,-0.006892850703174941,-0.009567118634383266,-0.00732096224345284,-0.01080832409186381,-0.004877220542715527,-0.009630568211931052,-0.010019380790828094,-0.009983307420937861,-0.010298138437136724,-0.009467392844653276,-0.009678827626125312,-0.009572722221515097,-0.0087281833220938,-0.008685840165242733,-0.00815292994365649,-0.012979375768593215,-0.01003560433069004,-0.009811028640340136,-0.008153268914376306,-0.008419853936078598,-0.009233240705252298,-0.009693108558609161,-0.009700867218654105,-0.011721935051569637,-0.00968683619136333,-0.008858548031861497,-0.009019917602489765,-0.007333942140344742,-0.00963375257692933,-0.009345492088930077,-0.008533006617539323,-0.009925925489871628,-0.009623085305099609,-0.009463564672764125,-0.009231735852782492,-0.005709181526917326,-0.01154748941969614,-0.009655953938544843,-0.009110476584038543,-0.00906689521065562,-0.010049018070572553,-0.010792497153213537,-0.00947691379287852,-0.002436487829674543,-0.00892382864311784,-0.009808533439110334,-0.01139255452063959,-0.00933269825448276,-0.01008192024787135,-0.010619571318122413,-0.0068837662611048595,-0.009489508520121625,-0.008455256756273146,-0.009116364080729581,-0.009684449293068255,-0.009668600145929305,-0.009647871263108313,-0.009539933163616048,-0.008281826244496047,-0.009102427684164359,-0.009559160337424138,-0.006314155190503774,-0.009664567792069617,-0.010697496010489818,-0.00559512899061889,-0.00908197669972036,-0.009362805236813425,-0.010768824001967853,-0.009719987659601304,-0.013437980762412505,-0.008284240972315253,-0.009832377597608877,-0.010021255283582326,-0.008417170776440506,-0.011111893257134095,-0.00974539392479139,-0.010008804062804319,-0.009017423301406726,-0.009361085186868482,-0.009543316810959795,-0.00980289435456775,-0.01383148358013365,-0.009259814319547198,-0.007853445281528322,-0.005875629100959744,-0.00919015614448051,-0.00941160953483102,-0.009826023052130754,-0.007793468794137819,-0.009785362391319627,-0.009773005309512351,-0.00956268392757025,-0.008795791022975234,-0.009691693321668452,-0.00873980915681471,-0.009641103192166687,-0.008862678876846088,-0.00973483250680043,-0.009655186052487153,-0.009820788656410723,-0.00958802596818397,-0.009646191543337276,-0.010751642048303107,-0.00997589296943838,-0.009600797359892738,-0.007059657355789114,-0.010379509582506045,-0.008937636884725746,-0.009935396338025024,-0.014873623151293092,-0.008766689226354492
min_user_sum_please,8.127424365314135e-31,4.6334985567040314e-30,7.341644948004143e-31,-9.494353143342976e-30,-2.3726301356884113e-29,3.2083585461060865e-29,9.761961109115582e-30,-3.658785411849651e-30,-1.4563111867478523e-29,-1.27919303941228e-29,1.018489532490302e-29,1.2859434238673574e-30,-6.822606827991783e-30,1.8418342133655672e-29,-1.4917386680748555e-29,-1.2971138175448033e-31,-2.8364133255963016e-30,3.756333763532865e-30,5.796278760627825e-30,-2.621518062401574e-29,5.811686200182923e-30,2.3113855634568972e-29,-3.788400497106912e-30,-5.7820268790393595e-30,4.6865579266719e-30,5.9864643426360646e-30,4.2087347074694265e-30,5.23121091494461e-30,-5.841249224829267e-30,-2.4311976652972272e-29,2.332397459150162e-30,-4.36357947499816e-30,-3.6657187596494454e-30,-7.172163112898066e-30,2.1329770430585856e-29,5.78491577395594e-30,4.859602732175093e-30,-3.2239104304070135e-30,-1.6169626330589135e-29,1.6096055806713543e-29,1.972681893787236e-29,1.842315695851664e-29,1.0787615100999005e-29,-3.7266744423893014e-32,-8.67438846952011e-30,5.067506869671695e-30,7.154251964415265e-30,-9.246871145489216e-30,-1.1627802039237936e-29,-5.11199585138704e-30,7.653741895492095e-30,-1.129076429897017e-30,-1.3116160700260392e-29,1.9603366828437138e-29,-1.0889207905565432e-30,-1.392071793452816e-29,-2.0294390492483278e-29,2.328333746967505e-29,-1.431322245719428e-29,3.662155789252329e-31,-4.029238036652536e-30,6.896562537856253e-30,1.5619965924461018e-29,1.14823943284367e-29,7.132488956043689e-30,-7.169466810975924e-30,7.970653667841014e-30,-8.214476398800438e-30,1.307735321188099e-29,8.659077326462232e-30,-8.018898212947915e-30,-1.5169587206966063e-29,4.820987836790129e-30,-1.4084036793812198e-29,-4.480897497560509e-29,-3.563769658043307e-29,-8.882196310519493e-30,-2.3920820281267224e-29,2.785482108216981e-29,-7.966609214957801e-31,-3.419498245909259e-29,-2.3687879054493588e-29,8.616225385199616e-30,7.196911312683442e-30,9.295115690596116e-30,-2.270228440545342e-29,-1.5658773412840421e-30,-6.386383695588074e-30,-1.627006357718893e-29,-3.4431775545755e-30,1.341207983621549e-29,1.5803314455166683e-29,-2.355335284787814e-29,6.669784286904656e-30,-1.679805727144269e-29,-2.2351572562580504e-29,-2.471805898174632e-29,1.6214981980779455e-29,-4.058069207920013e-29,-4.3703202298035156e-30,-2.3344196855917686e-29,3.3302891708852424e-29,2.7700072611138297e-29,4.845736036575505e-30,7.667030812108367e-30,3.703755876051093e-30,9.31716758845935e-30,-1.3465428095675018e-29,4.161260534340281e-30,-1.591992951329933e-29,-2.8965986363584027e-31,-1.592012210629377e-29,1.3202249768774502e-30,-2.619515095259411e-29,1.6668153296693771e-29,2.1090473634995742e-29,2.735879782499288e-30,-9.715353604461411e-30,1.6577441996313133e-29,-1.4390452247964207e-29,-5.4182187125446106e-30,-1.5822188568621678e-29,-2.4453147317895856e-29,1.100418592324535e-29,3.2444215843147375e-29,-4.501832356055998e-29,-1.025114731498994e-29,-2.857810407278444e-29,-1.007608028304514e-29,-3.353236626172616e-30,2.3809501530481642e-29,1.5191446511834858e-29,3.9151266874475924e-30,1.5744669888360092e-29,-1.5125868597228473e-29,1.2472514912846178e-29,2.77841394532108e-29,-1.7423503020882445e-29,-2.855191142554077e-31,-7.083185149467376e-30,7.586430643935761e-30,9.483471639157188e-30,-5.149262595810933e-30,2.7211464184247255e-30,-1.5264342960229915e-29,1.572695133287173e-29,1.4264014947115185e-29,-1.1695016994297051e-29,4.7570469626364726e-31,-6.0157384777907505e-30,1.634247854309789e-30,1.8161856413311902e-29
max_user_sum_please,-0.008307177819967725,-0.00853286111103679,-0.008750312242096176,-0.00913796371083935,-0.009116276056453862,-0.010162858118844285,-0.00813191927191467,-0.007687740760258171,-0.008790113177973898,-0.007279729904158802,-0.008506276575018987,-0.008663204654530542,-0.009030342913856714,-0.01433401058757264,-0.009119494635750371,-0.009013557738073214,-0.007526708778202489,-0.013715758192611114,-0.00741124152832939,-0.007934412715204085,-0.008795148699611474,-0.007942733640570424,-0.009151960047105855,-0.007668876263969589,-0.008396482274721727,-0.009258137214200896,-0.010809685441997036,-0.008440901733611231,-0.007974864014822503,-0.008381923272990935,-0.006535216112161171,-0.008169340907467975,-0.009677561280139248,-0.007627133675840258,-0.00825209640887431,-0.009490338174747233,-0.010475201168147291,-0.007784714641330376,-0.0078096157865247436,-0.010192798750981407,-0.010576191879574004,-0.006181703868759349,-0.008580063143947906,-0.006565646431678559,-0.009693211376637539,-0.004374029613583508,-0.008636966523389682,-0.008985664663925797,-0.008953313043411674,-0.009235662421724123,-0.008490626229275574,-0.008680246933814256,-0.008585088599705389,-0.007827682178663125,-0.007789707635503339,-0.007311778644967728,-0.011640272052582947,-0.009000214394283862,-0.008798808550222005,-0.007312082643516411,-0.007551163646569516,-0.00828063195428764,-0.00869305447881798,-0.00870001266504334,-0.010512563578993099,-0.008687429242099603,-0.007944596945197877,-0.008089317749696581,-0.006577287171089291,-0.008639822352171866,-0.008381302176614517,-0.007652642178292835,-0.008901851301304652,-0.008630255640461647,-0.008487193016226798,-0.00827928235994198,-0.0051201558037718715,-0.010356115792166115,-0.008659733162502799,-0.00817053361098501,-0.008131448600145749,-0.009012244216384612,-0.009679017329486641,-0.00849916488548804,-0.0021851113409357015,-0.008003142447564938,-0.008796570783039769,-0.01021716578350532,-0.008369828303277493,-0.009041751821504341,-0.00952393253948839,-0.006173556683638363,-0.008510460193841211,-0.007582913899111733,-0.008175813684881798,-0.008685288604058771,-0.008671074639705779,-0.008652484390090977,-0.008555682443269388,-0.007427376500757869,-0.00816331512945479,-0.00857292591767978,-0.005662713331525572,-0.00866745831047888,-0.009593817612156146,-0.005017870256726285,-0.008144974106980707,-0.008396829098327991,-0.009657786576501692,-0.008717160418399029,-0.012051562008887871,-0.007429542097104697,-0.008817954900175793,-0.008987345762154934,-0.007548757312959587,-0.009965460807852267,-0.008739945477089475,-0.008976179154466959,-0.008087080789791467,-0.008395286508787469,-0.00855871699410709,-0.008791513492198245,-0.012404466488532852,-0.008304463924740456,-0.007043192311934425,-0.005269430705653871,-0.008241992499078764,-0.008440598176008498,-0.008812255963689578,-0.006989403698180505,-0.008775790330663934,-0.00876470814947301,-0.0085760859731889,-0.007888314680960632,-0.008691785254218702,-0.007838108556741896,-0.008646414592248906,-0.00794830160405707,-0.008730473698101971,-0.008659044500522727,-0.008807561609253872,-0.008598813433458998,-0.008650977969793465,-0.009642377313481786,-0.008946663553165516,-0.008610267179512016,-0.006331300802481541,-0.009308638371123865,-0.008015526069994033,-0.008910345026352741,-0.013339086792416143,-0.007862215364943918
average_user_sum_please_start,0.0,0.0,0.0,0.0,0.0,0.0,0.0,0.0,0.0,0.0,0.0,0.0,0.0,0.0,0.0,0.0,0.0,0.0,0.0,0.0,0.0,0.0,0.0,0.0,0.0,0.0,0.0,0.0,0.0,0.0,0.0,0.0,0.0,0.0,0.0,0.0,0.0,0.0,0.0,0.0,0.0,0.0,0.0,0.0,0.0,0.0,0.0,0.0,0.0,0.0,0.0,0.0,0.0,0.0,0.0,0.0,0.0,0.0,0.0,0.0,0.0,0.0,0.0,0.0,0.0,0.0,0.0,0.0,0.0,0.0,0.0,0.0,0.0,0.0,0.0,0.0,0.0,0.0,0.0,0.0,0.0,0.0,0.0,0.0,0.0,0.0,0.0,0.0,0.0,0.0,0.0,0.0,0.0,0.0,0.0,0.0,0.0,0.0,0.0,0.0,0.0,0.0,0.0,0.0,0.0,0.0,0.0,0.0,0.0,0.0,0.0,0.0,0.0,0.0,0.0,0.0,0.0,0.0,0.0,0.0,0.0,0.0,0.0,0.0,0.0,0.0,0.0,0.0,0.0,0.0,0.0,0.0,0.0,0.0,0.0,0.0,0.0,0.0,0.0,0.0,0.0,0.0,0.0,0.0,0.0,0.0,0.0,0.0,0.0,0.0,0.0,0.0
stdev_user_sum_please_start,0.0,0.0,0.0,0.0,0.0,0.0,0.0,0.0,0.0,0.0,0.0,0.0,0.0,0.0,0.0,0.0,0.0,0.0,0.0,0.0,0.0,0.0,0.0,0.0,0.0,0.0,0.0,0.0,0.0,0.0,0.0,0.0,0.0,0.0,0.0,0.0,0.0,0.0,0.0,0.0,0.0,0.0,0.0,0.0,0.0,0.0,0.0,0.0,0.0,0.0,0.0,0.0,0.0,0.0,0.0,0.0,0.0,0.0,0.0,0.0,0.0,0.0,0.0,0.0,0.0,0.0,0.0,0.0,0.0,0.0,0.0,0.0,0.0,0.0,0.0,0.0,0.0,0.0,0.0,0.0,0.0,0.0,0.0,0.0,0.0,0.0,0.0,0.0,0.0,0.0,0.0,0.0,0.0,0.0,0.0,0.0,0.0,0.0,0.0,0.0,0.0,0.0,0.0,0.0,0.0,0.0,0.0,0.0,0.0,0.0,0.0,0.0,0.0,0.0,0.0,0.0,0.0,0.0,0.0,0.0,0.0,0.0,0.0,0.0,0.0,0.0,0.0,0.0,0.0,0.0,0.0,0.0,0.0,0.0,0.0,0.0,0.0,0.0,0.0,0.0,0.0,0.0,0.0,0.0,0.0,0.0,0.0,0.0,0.0,0.0,0.0,0.0
min_user_sum_please_start,0.0,0.0,0.0,0.0,0.0,0.0,0.0,0.0,0.0,0.0,0.0,0.0,0.0,0.0,0.0,0.0,0.0,0.0,0.0,0.0,0.0,0.0,0.0,0.0,0.0,0.0,0.0,0.0,0.0,0.0,0.0,0.0,0.0,0.0,0.0,0.0,0.0,0.0,0.0,0.0,0.0,0.0,0.0,0.0,0.0,0.0,0.0,0.0,0.0,0.0,0.0,0.0,0.0,0.0,0.0,0.0,0.0,0.0,0.0,0.0,0.0,0.0,0.0,0.0,0.0,0.0,0.0,0.0,0.0,0.0,0.0,0.0,0.0,0.0,0.0,0.0,0.0,0.0,0.0,0.0,0.0,0.0,0.0,0.0,0.0,0.0,0.0,0.0,0.0,0.0,0.0,0.0,0.0,0.0,0.0,0.0,0.0,0.0,0.0,0.0,0.0,0.0,0.0,0.0,0.0,0.0,0.0,0.0,0.0,0.0,0.0,0.0,0.0,0.0,0.0,0.0,0.0,0.0,0.0,0.0,0.0,0.0,0.0,0.0,0.0,0.0,0.0,0.0,0.0,0.0,0.0,0.0,0.0,0.0,0.0,0.0,0.0,0.0,0.0,0.0,0.0,0.0,0.0,0.0,0.0,0.0,0.0,0.0,0.0,0.0,0.0,0.0
max_user_sum_please_start,0.0,0.0,0.0,0.0,0.0,0.0,0.0,0.0,0.0,0.0,0.0,0.0,0.0,0.0,0.0,0.0,0.0,0.0,0.0,0.0,0.0,0.0,0.0,0.0,0.0,0.0,0.0,0.0,0.0,0.0,0.0,0.0,0.0,0.0,0.0,0.0,0.0,0.0,0.0,0.0,0.0,0.0,0.0,0.0,0.0,0.0,0.0,0.0,0.0,0.0,0.0,0.0,0.0,0.0,0.0,0.0,0.0,0.0,0.0,0.0,0.0,0.0,0.0,0.0,0.0,0.0,0.0,0.0,0.0,0.0,0.0,0.0,0.0,0.0,0.0,0.0,0.0,0.0,0.0,0.0,0.0,0.0,0.0,0.0,0.0,0.0,0.0,0.0,0.0,0.0,0.0,0.0,0.0,0.0,0.0,0.0,0.0,0.0,0.0,0.0,0.0,0.0,0.0,0.0,0.0,0.0,0.0,0.0,0.0,0.0,0.0,0.0,0.0,0.0,0.0,0.0,0.0,0.0,0.0,0.0,0.0,0.0,0.0,0.0,0.0,0.0,0.0,0.0,0.0,0.0,0.0,0.0,0.0,0.0,0.0,0.0,0.0,0.0,0.0,0.0,0.0,0.0,0.0,0.0,0.0,0.0,0.0,0.0,0.0,0.0,0.0,0.0
average_user_sum_hashedge,0.0081239281884269,0.009052492811155465,0.008355978069391852,0.00896026796917189,0.006977669674117652,0.014804127886504157,0.009192389706827946,0.0044098848130199875,0.010204831873307764,0.004046819550545058,0.006541310892335965,0.008955849490442905,0.00801530890813423,-0.0019444920234060097,0.009997792812517678,0.007917354212149884,0.0015970013497983975,0.004921933801279987,0.008835342918677429,0.012479997445643671,0.008593946120023125,0.007831285690646832,0.009104850465567488,0.011418220605092233,0.007899500108787741,0.009089562221813452,0.0033074417782472205,0.009375830889564021,0.00806974947537917,0.009202063096516059,0.013210800607797068,0.00797431841699169,0.002748621747744701,0.008242543702373978,0.007557025551596456,0.007964708516264782,-0.0004356356903442195,0.00835473945551536,0.007790437213832382,0.007368721308063107,0.007613515223782195,0.010041520643594756,0.008438368713775886,0.013552011052051973,0.01009134677809326,0.013174762617325794,0.008611766620408625,0.008051292006771106,0.010821844415731533,0.00790292897389113,0.010604245074205501,0.008471815851356992,0.008679363842589955,0.008395037026969749,0.009344700992723413,0.0044339013850299,0.003721273351549684,0.00681158355269143,0.010094309499269549,0.008105266515014429,0.008699942017632169,0.008773026885772953,0.008261405621770298,0.008397359182056665,-0.0003496027878120535,0.008372959309892788,0.009881866084282214,0.007285039980357486,0.011309301211613826,0.00834231755559328,0.009388678892177559,0.009385488376553196,0.007439424838774515,0.009080535722654689,0.008723344306320616,0.007994932836626716,0.007661952640403175,0.007758428603123833,0.00990191952092037,0.003655945017210586,-0.0008054521196534398,0.007220546442654985,0.007577200186700143,0.008032473239932208,0.00831198675598881,0.013352694554351315,0.008886331760748465,0.010995944436729362,0.007606799375328606,0.006897339185595781,0.008454687253578985,0.012570086424236205,0.011308231569560259,0.006610727214900358,0.006463236320547456,0.008370431735907449,0.014137121903525587,0.008386083295037176,0.008380873703239524,0.010264016979835696,0.008383233777695214,0.008687262580407633,0.014109311013629219,0.00932357496869778,0.006458723002152073,0.008099950753687454,0.009224317450595477,0.004607502642018892,0.012828853241169422,0.008710975149321103,0.010268711154498594,0.005206747658421664,0.008488410043459947,0.009271884645078679,0.006813371944633214,0.011170030665348564,0.008044605816544533,0.007224005663164483,0.011653841244154861,0.008395537716566861,0.008561030899181863,0.00827985553418006,0.008340538011438792,0.007886576984827098,0.0072128454153701695,0.007341606446324429,0.008392129543892006,0.008113825080519957,0.009635349142036868,0.008488597898586844,0.00818702318598583,0.01202257462149259,0.008614010849374566,0.012391485118165783,-0.001170888044534522,0.009989238987329847,0.008505762043276181,0.006241339503446164,0.009616099602621091,0.009460968593188275,0.007310416990005955,0.006573688652330436,0.00788169797210611,0.011760944970692407,0.007850911348546373,0.006749523922690175,0.0025025104555299518,0.011731778008831888,0.013690105288460767,0.008131159164288398,0.008414939664957287,0.016822885048412888
stdev_user_sum_hashedge,0.0032112725622504504,0.003611848020268767,0.003786830094585256,0.003967471360882977,0.0018487409695007355,0.009694996344005075,0.0024037969014978843,0.0012275899094372012,0.004319506684975896,0.0011546699436140212,0.004290406147295107,0.004389848081348495,0.0038010929636677487,0.007791298189282371,0.002999131943835388,0.0019483628453903163,0.002325663021079138,0.002079275422364835,0.0009228511051090349,0.009880205356460234,0.0037883878099765197,0.002894104665162896,0.006502911528261803,0.005311158035580457,0.002847377917316667,0.0012956552158375832,-0.0005470834537455413,0.0024898088394720045,0.007671178146090745,0.00605910656778596,-0.0005130841331711291,0.0020574658181275055,-0.0007594067499643942,0.0013005922681426077,0.0026919980933587627,0.005219706500406788,0.009655103792328338,0.0005602789099342586,-0.006121785993282791,0.0011056094185820384,0.003912570652710905,-0.0011451394646509242,0.003315688703465588,0.00554122623384485,0.0021234466737371374,0.009512160992712031,0.005348839688780546,0.0032318424388173054,0.0007507913841657446,0.0009873291178213162,-0.0003179420629156242,0.003439271215476832,0.0033815353058080314,0.004932657867225878,0.004710619397452912,0.0013797837982048979,0.0028126469656796363,0.0027170642133431486,0.003425993580323932,0.002443302646538812,0.0036679177869237637,0.0009324333954839885,0.0035177657992452875,0.0034674863568404973,-0.0071816497606700756,0.003554386459583571,0.0022420645234074465,0.0029800175186489417,0.0022116361473051138,0.004139354521716126,0.0037559880730203125,0.006095788865523639,0.005610324939592385,0.00572920185873832,0.00379772931470712,0.002941809838669038,-0.0021724609191418535,0.002751169207567298,0.0018121248562455545,-0.0066258856536036675,-0.003010720215664618,0.0034997951163693803,0.0024715220832026864,0.0031129652204033445,0.0021763595301782395,0.004973931284016806,0.0048352984889529545,0.005065303380115561,0.005805164040064892,0.0008835802156677438,0.005543057085175421,0.0166244471297913,0.0007656564531751123,5.2856516471116305e-05,0.004638218959525753,0.0031955738017304816,0.013081290804242215,0.0032469024969682104,0.0038217890931894144,0.003304633714606469,0.006488003341258423,0.00340571255484819,0.0016937235483750293,0.0036187601294317426,0.0014048290768148282,0.007745739884983184,0.0003332208227393817,-0.0015838522867845837,-0.00780239749184271,0.00116776049495061,0.00880091216561375,0.003531120977390925,0.0032434193280572975,0.003953384843104572,0.004556051509172119,-0.00542712145139081,0.0028906521521157224,0.004888676685810205,0.006105297746003742,0.004923952518429106,0.003603972141529551,0.003149354142914685,0.0012960349927356842,0.004758745147203504,0.0043073744674125775,0.0019969122903746687,0.0029651912006613745,0.004207079242191977,0.006198463320098008,0.005165599480384608,0.003542192408922162,0.01089606518180943,0.0029923405931900696,0.002972457597454919,0.0003145446073741921,0.0012996861777986035,0.003371197038485427,0.0036332510985886274,0.004435843433375556,0.002623908781434924,0.003999601877532056,0.0063298582253369816,0.0030546504168232815,-0.001957514324807507,0.004771279596594152,-0.003726498428780284,0.001895136121885319,0.0067122464659789376,0.0019583531626115504,0.0029939976522508974,0.0009899258551745128,0.0002111350240681124
min_user_sum_hashedge,0.049033804489392624,0.04941755058497645,0.049346694160003216,0.04965928267764037,0.05015240740909257,0.04597998046088362,0.05313215609279841,0.05291404755323676,0.04775237486069154,0.04204537483316116,0.044254622778652095,0.04732332698480711,0.048975293464767373,0.027083784451804087,0.04964568625509644,0.04952973832628477,0.046461168868270494,0.043367801728824575,0.047169018432750315,0.049057314384890735,0.04907593610155621,0.04935465843576525,0.04927125274724147,0.04822664654028402,0.048891263838004594,0.049553625447325896,0.04281917848513119,0.049720876830292984,0.04520564484228164,0.04794694232672721,0.05413293988795257,0.04962394809893177,0.04355153995374851,0.056246010297394705,0.049370338539922724,0.046495209003242055,0.02496280462862148,0.04854006097018752,0.048359519829925826,0.04925019626486743,0.047350979913594264,0.05329027652600632,0.049201999362673624,0.04801127338294861,0.04710361325240027,0.05206734481390636,0.049906739575877546,0.049798962636781116,0.050376267144745746,0.047776330994500585,0.05452316506357995,0.049297354408666165,0.04930055159316574,0.04692969756482608,0.04906172431612628,0.04929651468880737,0.04108779598127721,0.0504975740277811,0.04895837363629747,0.048017904609792994,0.04781039477221468,0.05225394255110127,0.049002180503997114,0.04927046422632411,0.042982858737542214,0.04964538536609875,0.0506695617630926,0.049157944326126364,0.05013778290570659,0.049110946320752094,0.048541455874057095,0.04856138661877773,0.049846802941183835,0.04898052288979056,0.04882268556069138,0.049448901479293116,0.047079136248583356,0.047834039984161324,0.05146891113025586,0.050410464740257774,0.05076398087010426,0.047411190525699046,0.04885510850833188,0.04849136779833475,0.04957042468065647,0.04742998966568092,0.0492608531015759,0.046685308746125115,0.04478442296391,0.048311271796811155,0.04655814358282903,0.050168783805560696,0.047833383690278466,0.050060403154819605,0.04675346943915809,0.04926082358082075,0.04902009221947202,0.04932888949870781,0.04887467236895568,0.05030333456255339,0.04841042203753574,0.0497159512098082,0.04947789982648662,0.04924066064507894,0.05053323945658916,0.044986062183431534,0.05260223816162422,0.05107467291349394,0.04948089619847643,0.05194960424429403,0.054054620024269334,0.04908051731017691,0.04949706906477555,0.05038944388807918,0.051671766126063695,0.05006985615351224,0.04945017624104468,0.04770531690047754,0.050059938166046994,0.049854732656161194,0.04970685207778349,0.04906528844950665,0.05359123018737393,0.04586654837449599,0.04732501472646536,0.04774369577007774,0.04896783396503308,0.049388029459765725,0.04943516934731665,0.04909628222168067,0.04868157666768288,0.04775158774582061,0.049370226762442126,0.051118817046727445,0.0516275147297361,0.04838648101547057,0.04930657781188533,0.04948541903150447,0.04671769027094718,0.04976228549616939,0.04941662453895619,0.04333092266899894,0.04906199629894413,0.05102611964954944,0.04769549696531035,0.04954578294588431,0.042490908568653646,0.049546285361080265,0.049733329287727175,0.04787212859166268,0.05196995004021061,0.05309999913275635
max_user_sum_hashedge,0.02628338536146757,0.026804375091446217,0.026837181520724722,0.027321136325700733,0.02468911925049651,0.032882699119156616,0.026569947575281323,0.0282441349137035,0.027712665847996844,0.022477067266362002,0.024409339617221006,0.02655112432563805,0.026682315697155422,0.020970311249749532,0.02656531056089495,0.025374865516751405,0.022181109026864647,0.021266985916356194,0.02299201707352054,0.03365924951544368,0.026724088798348828,0.02592500111099397,0.02983931639175763,0.02899726174419529,0.026022215646131722,0.025602902821697422,0.020690331704855642,0.026004018755269122,0.028969522362509822,0.028385951023099702,0.02499399237046193,0.025831795287250006,0.01807729638113512,0.02736383658482555,0.026109136927310716,0.026829832030606782,0.021128185681198706,0.024679990105994053,0.02110097101798698,0.02360255113417479,0.026750909712447507,0.02499479971827515,0.02656869777694052,0.02620748773436104,0.02491710374112563,0.033809340141508076,0.028388807986419084,0.026487666228267325,0.024043266620939606,0.024616445739895628,0.02427850339585948,0.026624541019089506,0.02673284030304194,0.02879234017856205,0.027820872193370247,0.024678812560828614,0.022622895620398497,0.02537185517901982,0.02633077176096706,0.0253966347485551,0.025451244783192217,0.02527141732542904,0.026489138907127376,0.026621895687316516,0.015549253177580949,0.027116508037247175,0.026165509979877415,0.02519971725071251,0.027092516289857087,0.026991957307804664,0.026916582900243617,0.029350930980371174,0.028459740838060167,0.028626307251804355,0.026947135636145193,0.02571274124006727,0.019465966037443227,0.024762717659159356,0.026103429817279467,0.012126699764486045,0.021353891570227657,0.02579284358470353,0.025758222135108186,0.026094549162151284,0.02552934910105994,0.02626725536160272,0.027709683698690202,0.02817976467930792,0.026876390224215452,0.02561334980187547,0.028817468529079876,0.03325384186475791,0.02521946047195199,0.02363798066487616,0.026555279939137828,0.026395800031771475,0.04046574980477879,0.026478407064342468,0.026366210880867012,0.028634818058982353,0.029565741111609704,0.027150781780768657,0.025571119852388025,0.027557401010156996,0.02341018915241457,0.028444296296395687,0.02506442194663702,0.021225480979137,0.01491071938343042,0.0250522586378327,0.0335690209744564,0.025665109373689623,0.02664457851321311,0.027232791345728567,0.027257296063877903,0.017685287304026267,0.025919720788719496,0.02697131176691701,0.02901705153998622,0.02900865138893409,0.027080589860121695,0.026289683485100024,0.026785863103318572,0.027593263795163286,0.026187873994732404,0.024862800974831293,0.02616187542455864,0.027541276276882715,0.03136272175918836,0.028507239547725202,0.02641287271840254,0.03387694424640192,0.026172179548692075,0.027137085175692903,0.023807233271053097,0.02379015734578951,0.02656044948212387,0.02692237327625373,0.025963723010993874,0.02624266805991923,0.026828295360783662,0.02625047633697787,0.02612079538916909,0.020703208573187953,0.026784403275274152,0.017428592268454772,0.023557250959743804,0.029173749881561864,0.023845284074277842,0.026053908644074683,0.02538832032903436,0.02387378056974195
average_user_sum_indirect_btw,0.0,0.0,0.0,0.0,0.0,0.0,0.0,0.0,0.0,0.0,0.0,0.0,0.0,0.0,0.0,0.0,0.0,0.0,0.0,0.0,0.0,0.0,0.0,0.0,0.0,0.0,0.0,0.0,0.0,0.0,0.0,0.0,0.0,0.0,0.0,0.0,0.0,0.0,0.0,0.0,0.0,0.0,0.0,0.0,0.0,0.0,0.0,0.0,0.0,0.0,0.0,0.0,0.0,0.0,0.0,0.0,0.0,0.0,0.0,0.0,0.0,0.0,0.0,0.0,0.0,0.0,0.0,0.0,0.0,0.0,0.0,0.0,0.0,0.0,0.0,0.0,0.0,0.0,0.0,0.0,0.0,0.0,0.0,0.0,0.0,0.0,0.0,0.0,0.0,0.0,0.0,0.0,0.0,0.0,0.0,0.0,0.0,0.0,0.0,0.0,0.0,0.0,0.0,0.0,0.0,0.0,0.0,0.0,0.0,0.0,0.0,0.0,0.0,0.0,0.0,0.0,0.0,0.0,0.0,0.0,0.0,0.0,0.0,0.0,0.0,0.0,0.0,0.0,0.0,0.0,0.0,0.0,0.0,0.0,0.0,0.0,0.0,0.0,0.0,0.0,0.0,0.0,0.0,0.0,0.0,0.0,0.0,0.0,0.0,0.0,0.0,0.0
stdev_user_sum_indirect_btw,0.0,0.0,0.0,0.0,0.0,0.0,0.0,0.0,0.0,0.0,0.0,0.0,0.0,0.0,0.0,0.0,0.0,0.0,0.0,0.0,0.0,0.0,0.0,0.0,0.0,0.0,0.0,0.0,0.0,0.0,0.0,0.0,0.0,0.0,0.0,0.0,0.0,0.0,0.0,0.0,0.0,0.0,0.0,0.0,0.0,0.0,0.0,0.0,0.0,0.0,0.0,0.0,0.0,0.0,0.0,0.0,0.0,0.0,0.0,0.0,0.0,0.0,0.0,0.0,0.0,0.0,0.0,0.0,0.0,0.0,0.0,0.0,0.0,0.0,0.0,0.0,0.0,0.0,0.0,0.0,0.0,0.0,0.0,0.0,0.0,0.0,0.0,0.0,0.0,0.0,0.0,0.0,0.0,0.0,0.0,0.0,0.0,0.0,0.0,0.0,0.0,0.0,0.0,0.0,0.0,0.0,0.0,0.0,0.0,0.0,0.0,0.0,0.0,0.0,0.0,0.0,0.0,0.0,0.0,0.0,0.0,0.0,0.0,0.0,0.0,0.0,0.0,0.0,0.0,0.0,0.0,0.0,0.0,0.0,0.0,0.0,0.0,0.0,0.0,0.0,0.0,0.0,0.0,0.0,0.0,0.0,0.0,0.0,0.0,0.0,0.0,0.0
min_user_sum_indirect_btw,0.0,0.0,0.0,0.0,0.0,0.0,0.0,0.0,0.0,0.0,0.0,0.0,0.0,0.0,0.0,0.0,0.0,0.0,0.0,0.0,0.0,0.0,0.0,0.0,0.0,0.0,0.0,0.0,0.0,0.0,0.0,0.0,0.0,0.0,0.0,0.0,0.0,0.0,0.0,0.0,0.0,0.0,0.0,0.0,0.0,0.0,0.0,0.0,0.0,0.0,0.0,0.0,0.0,0.0,0.0,0.0,0.0,0.0,0.0,0.0,0.0,0.0,0.0,0.0,0.0,0.0,0.0,0.0,0.0,0.0,0.0,0.0,0.0,0.0,0.0,0.0,0.0,0.0,0.0,0.0,0.0,0.0,0.0,0.0,0.0,0.0,0.0,0.0,0.0,0.0,0.0,0.0,0.0,0.0,0.0,0.0,0.0,0.0,0.0,0.0,0.0,0.0,0.0,0.0,0.0,0.0,0.0,0.0,0.0,0.0,0.0,0.0,0.0,0.0,0.0,0.0,0.0,0.0,0.0,0.0,0.0,0.0,0.0,0.0,0.0,0.0,0.0,0.0,0.0,0.0,0.0,0.0,0.0,0.0,0.0,0.0,0.0,0.0,0.0,0.0,0.0,0.0,0.0,0.0,0.0,0.0,0.0,0.0,0.0,0.0,0.0,0.0
max_user_sum_indirect_btw,0.0,0.0,0.0,0.0,0.0,0.0,0.0,0.0,0.0,0.0,0.0,0.0,0.0,0.0,0.0,0.0,0.0,0.0,0.0,0.0,0.0,0.0,0.0,0.0,0.0,0.0,0.0,0.0,0.0,0.0,0.0,0.0,0.0,0.0,0.0,0.0,0.0,0.0,0.0,0.0,0.0,0.0,0.0,0.0,0.0,0.0,0.0,0.0,0.0,0.0,0.0,0.0,0.0,0.0,0.0,0.0,0.0,0.0,0.0,0.0,0.0,0.0,0.0,0.0,0.0,0.0,0.0,0.0,0.0,0.0,0.0,0.0,0.0,0.0,0.0,0.0,0.0,0.0,0.0,0.0,0.0,0.0,0.0,0.0,0.0,0.0,0.0,0.0,0.0,0.0,0.0,0.0,0.0,0.0,0.0,0.0,0.0,0.0,0.0,0.0,0.0,0.0,0.0,0.0,0.0,0.0,0.0,0.0,0.0,0.0,0.0,0.0,0.0,0.0,0.0,0.0,0.0,0.0,0.0,0.0,0.0,0.0,0.0,0.0,0.0,0.0,0.0,0.0,0.0,0.0,0.0,0.0,0.0,0.0,0.0,0.0,0.0,0.0,0.0,0.0,0.0,0.0,0.0,0.0,0.0,0.0,0.0,0.0,0.0,0.0,0.0,0.0
average_user_sum_hedges,-0.010168799019658014,-0.010220937362318418,-0.010923683775349156,-0.01042331804488078,-0.009161703101326631,-0.013019935107035361,-0.005789670469799595,-0.0104790317941173,-0.010329619182706546,-0.007379713593278058,-0.011316315797399924,-0.01165088427438905,-0.010815861260949331,-0.010128998875576077,-0.010180555412394925,-0.011262510303712746,-0.008836852290966778,-0.014285062383342054,-0.005804435457218791,-0.011213159263176346,-0.010783393899586165,-0.010487745461016655,-0.01058371354401836,-0.01030016445254769,-0.010790825806683765,-0.01087277621874922,-0.013505695145331717,-0.010786622690868178,-0.008886454734253042,-0.011921082515162034,-0.00431513506977119,-0.009656770241452218,-0.015314283326797906,-0.014613508900867888,-0.011432656017436801,-0.009978845433323929,-0.021656092803620144,-0.010978165538262915,-0.0034825401979931003,-0.01015004686426764,-0.010865248154476238,-0.0031971499880693657,-0.010961560837045511,-0.014779145392001324,-0.008582561673180701,-0.005506811140690744,-0.00908394168504393,-0.01119943098285684,-0.012086531136385241,-0.009899464357232712,-0.008304400274163966,-0.010536149836865513,-0.010785241192435051,-0.007259599814360831,-0.008678635697563386,-0.011113256037376326,-0.017759966913034157,-0.015164500360185372,-0.010569799706389778,-0.011015779838218599,-0.01159056231756794,-0.01114008262543827,-0.010589775280463228,-0.01059154979866684,-0.010095751852742776,-0.010126125112943609,-0.00933197472455025,-0.00991049846550204,-0.008002212409544407,-0.011156361432363336,-0.01018997281810645,-0.010549768758557981,-0.011255504065191057,-0.010958421766947914,-0.011324475882314711,-0.011110126713430174,-0.003180696539957277,-0.00903947745484628,-0.011860441200859863,-0.007585750146145626,-0.0035881104807828877,-0.010645347539391878,-0.013827242843505574,-0.010452772146476622,-0.01066948773680227,-0.008830831420822995,-0.010630158790875806,-0.009150180028283935,-0.01186540633447411,-0.00895880898508809,-0.009243958770074126,-0.007158635748646128,-0.010231423858619644,-0.006995699654327843,-0.011151007358988583,-0.010501963600669885,-0.010465626934911983,-0.010535089002766583,-0.010341224555806577,-0.006776302745927547,-0.009810757284506824,-0.010020254203671225,-0.01263297187278217,-0.009096579961488875,-0.011317673947539932,-0.011900741796280232,-0.010519779801264811,-0.010549234366204273,-0.012811723210079767,-0.004317709140111276,-0.0027962936132332715,-0.006929121659343659,-0.010666756211283466,-0.010831749946734612,-0.011433438804372108,-0.012701610774011673,-0.009607213676652685,-0.01102647702984065,-0.013043895982285805,-0.01119268115611256,-0.010071258191810085,-0.010506667688124492,-0.014619152720676654,-0.01109012454735208,-0.009497325025308617,-0.011521265710139617,-0.01046352107696661,-0.009766826105498578,-0.005059195169392811,-0.013278501657930129,-0.010467779588089345,-0.012064781873519448,-0.01059147532250019,-0.006582183940477979,-0.012627107820511414,-0.00832745746031597,-0.010603111211757422,-0.009880123049317423,-0.013085347089623327,-0.01100871296662306,-0.010273502068441354,-0.010103849477785198,-0.01099514041830675,-0.007252315655243521,-0.009667494234370938,-0.011265570592924583,-0.012378521832457759,-0.010020378759656157,-0.010756492697955634,-0.009438868897260259,-0.010895159431008935,-0.023185871890282816
stdev_user_sum_hedges,-0.031106763792735227,-0.03088566795090855,-0.031635678562165384,-0.03190316375407165,-0.03090905859122608,-0.025525185114461706,-0.03046619183579674,-0.03849399435251206,-0.03161785906076895,-0.033490055255751765,-0.03000978998342394,-0.034200067469200415,-0.03125658417436619,-0.02987754166052012,-0.031207606094357764,-0.03186397151157895,-0.02867737576429792,-0.028053320078744073,-0.03236375178743311,-0.03091917874861555,-0.03130542537462622,-0.03057264819697887,-0.033015124480557496,-0.03179546418997718,-0.03165475087395938,-0.03267581380155143,-0.030579853575037088,-0.03187601562535764,-0.03335643266667915,-0.030048175166369213,-0.03498844347757581,-0.03153417902321763,-0.033490721201286114,-0.031174122020559508,-0.032250356833676934,-0.02864242076803751,-0.025758718064164635,-0.030445347313293597,-0.03288145800708521,-0.03208372865279527,-0.031546597451060907,-0.029945285555366977,-0.03153001594841591,-0.03753947811280957,-0.031116868444942835,-0.02485042610426725,-0.029814273066843935,-0.03158610862579965,-0.032995495983657974,-0.03059322904982998,-0.030326304885153865,-0.03131300803220919,-0.03147457979711336,-0.02754953409325695,-0.030193384781486848,-0.029467758032497827,-0.02841334775175957,-0.03250922895232467,-0.03218364003222528,-0.032283002303334904,-0.030507946971280592,-0.030245394583959667,-0.031173207907655577,-0.03147645014630587,-0.03979901330259442,-0.03083555280843366,-0.029745922603762538,-0.02894689328763009,-0.030763075054144107,-0.030919565466959925,-0.03274441369274078,-0.031085990816125793,-0.029793025986811453,-0.030450715478054287,-0.0318975145433278,-0.031746898905490796,-0.03331460928387225,-0.032709167498787425,-0.032580898275497025,-0.017458423707840225,-0.031245797986276767,-0.03092153479384671,-0.03176605389952762,-0.031135183771475772,-0.033664438678341624,-0.027314592101518292,-0.03135294788651284,-0.015004320226608065,-0.029601665410873217,-0.028725673277127932,-0.03058332424918235,-0.015437802404211205,-0.02935232462846259,-0.029657722919609854,-0.03161251205253862,-0.03120574682137052,-0.02812675746403141,-0.0312652568293465,-0.03095615778228359,-0.02857102328929457,-0.03329889641891393,-0.02991470563932182,-0.026690467222319932,-0.032249085276027996,-0.029381241531269177,-0.03151950429032687,-0.029086498119465534,-0.02872581856356609,-0.031143256875402942,-0.03145587781883499,-0.032523662647440436,-0.028382629824577284,-0.03127722850157495,-0.03142514042256559,-0.025488445776260995,-0.03153178978299708,-0.030467801351628264,-0.03086131209279638,-0.03184778914172399,-0.03188182274613358,-0.030842605623878347,-0.03133927283662763,-0.02832152566499167,-0.029116645560766537,-0.03108096068358189,-0.031743982569762255,-0.03169971757158134,-0.031540778067718614,-0.03237834937323093,-0.026689899516449754,-0.031248115914796946,-0.028047939479997,-0.031256392198237934,-0.028741729852492695,-0.02746340624557765,-0.031147842209374405,-0.03143015765953047,-0.029396170703717445,-0.032073467339383176,-0.03159169202262988,-0.02917032530946809,-0.030506799292919398,-0.030749806700561533,-0.0374702680237127,-0.029429227460141344,-0.03254342881526362,-0.01817906207772692,-0.032265472728702733,-0.030892628962561217,-0.030170550658768572,-0.033505427455067,-0.0346215326547787
min_user_sum_hedges,-0.023293969622719783,-0.02372383155129734,-0.023585688911971367,-0.02347738966477337,-0.019923892101986057,-0.02510655092824257,-0.018171339467264236,-0.017907159787373797,-0.025077459137559675,-0.017946750926132706,-0.028111658482871612,-0.022574949054506188,-0.023266141863097146,-0.026926273698111312,-0.022354178307425122,-0.024529398965890677,-0.016203225441986106,-0.020090519106115794,-0.024027435439694298,-0.022303532933480287,-0.023769814398099477,-0.02403520740624718,-0.02288413797264474,-0.0223823188614991,-0.022915581985300547,-0.020370122021657715,-0.028623135202433855,-0.024696094474411248,-0.02147546759758095,-0.02400457011247726,-0.018507025068947164,-0.02314062698946104,-0.0263779913574496,-0.02117889407026264,-0.023747766399139236,-0.025198246078078967,-0.03784183115873568,-0.02934932023238126,-0.016189219998073358,-0.022316816469660865,-0.02379869837909395,-0.025648240738906442,-0.023673009165272017,-0.02067650968445659,-0.022562551643009472,-0.021302650315701308,-0.022328504320640815,-0.022654455989638257,-0.01653551320447298,-0.022749325346751396,-0.019497003841290345,-0.02344690409048454,-0.023646922059440037,-0.022413847664342203,-0.02221246726729347,-0.02180683762346576,-0.039809083938427116,-0.01913106034092162,-0.02374135781680392,-0.017472747113063323,-0.025938500768654102,-0.022609922119475795,-0.02329167963357286,-0.023386046622483097,0.0003977132827556011,-0.023527597174835393,-0.023746628486307916,-0.024670460433271812,-0.024108865207277775,-0.02381462023256076,-0.02313480035755409,-0.023791526878731612,-0.02238891530364006,-0.02521709854326519,-0.022368909015545974,-0.02336122933374336,-0.014913145470971698,-0.020714356960316267,-0.023511693597432794,-0.03124601365997113,-0.01567899175772996,-0.0229310669088571,-0.021273803962581432,-0.024236351591494912,-0.02198923767535106,-0.030495569454777053,-0.022257279861050056,-0.026092875041871872,-0.027523065297113982,-0.022858654911400118,-0.024246858023010704,-0.020197845916803712,-0.02262898361158373,-0.022064716072776228,-0.022396166428561154,-0.023540325403404033,-0.018000613146941978,-0.02362960602491293,-0.022492641957264057,-0.02021192955517296,-0.020716543243928277,-0.024707941543849504,-0.027016743770301613,-0.024209622360012697,-0.02092658648794745,-0.024209205146319416,-0.02597326642916488,-0.027261211288595107,-0.031527736274835655,-0.02271033815997995,-0.008415272043222174,-0.023923527170775827,-0.023242211773292637,-0.02301490039130485,-0.022507055499880985,-0.028865728667915723,-0.022005160622563892,-0.02319185888403892,-0.025953764133524886,-0.021462557085863566,-0.023404690136700795,-0.023476140117230832,-0.028332119869322384,-0.022652771085223657,-0.024216775978152062,-0.02343594566395608,-0.02378477061561819,-0.022755926278375128,-0.009233195875234025,-0.03152163359118682,-0.023770980980013255,-0.02170143540337805,-0.023412858227212903,-0.023828384546310265,-0.029193039755693012,-0.02706681419999762,-0.02343685664423534,-0.022357848289579166,-0.025301604591532988,-0.023396123601999202,-0.02375956310825653,-0.020642303295229505,-0.024908585743473884,-0.014875887040561545,-0.023534909842038557,-0.02395426507107333,-0.03296466241829563,-0.022806249162200337,-0.022128412250534052,-0.024543833062514075,-0.020778425922372636,-0.021150697645279104
max_user_sum_hedges,-0.02439515851730288,-0.02445806488005688,-0.025081585678898746,-0.025078643551310356,-0.024007245500117416,-0.019327535558415876,-0.022618567449015737,-0.031543906555051654,-0.025323813961263063,-0.02475233210499759,-0.024177576403437012,-0.027182003004527003,-0.024538602856274745,-0.024736827904507527,-0.023800266125210582,-0.02571722305215185,-0.019935781066146158,-0.020413791606936165,-0.025488217565589326,-0.025280015276410224,-0.024742109343677307,-0.02461364152906392,-0.025884261778147743,-0.025211918846315136,-0.0251281610067586,-0.024694329462471815,-0.025058119392415833,-0.025346520585583423,-0.026069766756148326,-0.023901125670286048,-0.029482612553271694,-0.02462165258446343,-0.027159030225673998,-0.024783394318651356,-0.025439091691272182,-0.02195284660128701,-0.02220216794201169,-0.025147296742923687,-0.0239035602785886,-0.025379982090603628,-0.024474534909919857,-0.025260939718036612,-0.024946969640613763,-0.02808668699195381,-0.02471563480869559,-0.019177389065963987,-0.023185773024764076,-0.024789350884497123,-0.02418922651597452,-0.023547561790044566,-0.022167256840595905,-0.024665593889033,-0.02507665447534597,-0.020585869653485286,-0.02336840233744727,-0.022888290605292662,-0.02662902383178493,-0.026489126419060045,-0.02554588130342748,-0.023763270388004475,-0.025179609161052937,-0.023908198829612322,-0.02448561067464633,-0.024864332238960875,-0.026578265055833772,-0.024127804726051586,-0.023465063469621048,-0.022819433837183045,-0.024005351175510857,-0.0246573545883959,-0.025386084257088045,-0.024602483652226954,-0.023465622730353443,-0.024712617227228565,-0.025050622487290553,-0.025235223048794577,-0.023203957991204296,-0.02492435772213616,-0.026013478946462363,-0.0129883491971168,-0.0246783533644876,-0.024048934087189153,-0.02549559850628679,-0.024815101802908513,-0.026354446474059857,-0.022762442391488148,-0.024436385137537806,-0.01141314405384955,-0.024170951810290837,-0.02290971908307111,-0.023564586877586974,-0.01670735114771859,-0.02295720226295806,-0.022946699227172594,-0.02491152008615654,-0.02456990580955109,-0.021291162255777166,-0.024661703832987603,-0.024233864870283128,-0.021299647813576447,-0.025508264797277528,-0.023739745286232367,-0.02156188870619508,-0.02483676445887483,-0.021926788405807494,-0.026219783240759364,-0.023216179509419378,-0.023284662123546875,-0.02521985772791837,-0.025379212276697524,-0.021277584494676673,-0.022452533798924673,-0.024469398872248208,-0.025093204654983037,-0.021272172889308327,-0.02564852897385641,-0.023651083508802153,-0.02430735024987809,-0.02597211282067028,-0.02485644751125305,-0.024124136365963902,-0.024664203431702694,-0.024635977035464524,-0.023715898264356862,-0.024890020254563005,-0.025453825898874932,-0.02504387046257871,-0.024760199168435047,-0.021960477687187327,-0.02399704837951994,-0.024531634095390685,-0.020906222133899654,-0.024581602365420285,-0.02172226841637153,-0.022707004933091128,-0.024559716223271917,-0.024783421796796504,-0.02294876218070735,-0.02524681004635054,-0.025302210397192538,-0.023160329273718985,-0.022809498969570997,-0.02464700456718038,-0.028159469634745013,-0.023056351450645413,-0.024667965629804115,-0.015582741424269408,-0.025137915527456943,-0.022796152829664768,-0.023825609317741817,-0.025709599099122415,-0.02792117927488898
average_user_sum_factuality,0.004585692599069619,0.004224173146116281,0.004838266249427538,0.0047495170425703535,0.0036946532944980015,0.007139617772290404,0.00383205745099915,0.00520112807671756,0.006072189309775036,0.006897098021441996,0.0020493676716223878,0.004541908285264851,0.0044096039533910395,0.005123708497175412,0.005247119522411501,0.007696090880722576,0.007445105854282855,0.0051318692454240394,0.005448002073260769,0.0035599068866604385,0.005013736931803183,0.003541758072481879,0.004157513616521916,0.00593774030794705,0.004423623298880824,0.008071642622734534,0.004307046703556685,0.004935639868550924,0.004068426991758137,0.0050270504824134355,-0.0012610832442743218,0.004981721417778235,0.0015802078984641981,0.004649154928691591,0.004300709504586643,0.007482029945681676,-0.002019082701810934,0.00393517044507105,0.0050867467662474115,0.004643437060337878,0.006041301687834902,0.0020016481663863777,0.0051802630902754035,0.005094702253522122,0.00633638158735883,0.006785283126230302,0.003421617926897544,0.004733923944635818,0.006888923719959508,0.004265586170924677,0.00601782608603723,0.004696841650608348,0.0048476054860530395,0.0033166658410184215,0.004575137376384395,0.003065487701442218,0.0041572179563434605,0.0058166840987478804,0.004395859863863324,0.007171141148451057,0.005764948176345461,0.0036358462968509066,0.004762710290112935,0.0045785077233034596,0.007729264387057496,0.004403171852495977,0.0055244774729793665,0.004849107998289898,0.0028727776187790375,0.004592970220047477,0.004932970197641713,0.00494966935376093,0.004274010671507913,0.004991804341951418,0.004607055733702768,0.004805407414610462,0.0016684591015730561,0.0025206763213332234,0.004702340936284088,0.002379548174380487,0.0010428467375253603,0.0060209919838893275,0.004589866563889722,0.004941462643140248,0.0012705771822458193,0.0022404098451761657,0.004763520793121928,0.012434986046723242,0.006159892100939405,0.005525070068047653,0.0038276821365345673,0.01079408476606376,0.005723919102700623,0.003376586017578763,0.0038200317989613075,0.004716348624532672,0.006111021635246122,0.004695186767362277,0.005032872208293519,0.007319429981337321,0.004481526791805525,0.004082484543974365,0.007628292413158368,0.0032087615780251747,0.003478918788841743,0.00354216654713044,0.0038978628960270783,0.0026382168969523254,-0.0004275229511766813,0.0020846049204861702,0.003672341779509803,0.0032217892681731712,0.004711627248041401,0.00419990952488653,0.002787105811387974,0.0009300146227638646,0.004276708022337116,0.004306030170024664,0.0041761305199258135,0.002004123068161192,0.004613574947161455,0.004813396585240262,-0.0008119017057853636,0.021646572280630792,0.0057074595105418785,0.003970921109919788,0.004696530367759735,0.004848604142066444,0.004256640830217959,0.006801857703067394,0.004854362265369798,0.002562585523014865,0.004252060846108014,0.005387876928845214,-0.0017627514563298766,0.003061098046050822,0.004700114492016186,0.004249826353887503,0.0061820039612462034,0.004708444280482039,0.0048172895364838745,0.00453711746540763,0.0040770606304651015,0.004336649434623498,0.004427937275634938,0.004347812091387694,0.002066968946833032,0.007624980268743807,0.00013733406666757448,0.004706750430462492,-0.0013700411226173085,0.004336699563534477
stdev_user_sum_factuality,0.02291106239265185,0.022310964525679648,0.02289810803005157,0.022869373481830192,0.02226109635489449,0.019295740078270056,0.022166172269930437,0.023265110150604104,0.02313743442728633,0.025189420709180656,0.020034645195472548,0.023491541709755225,0.022936636860747265,0.02133143468182472,0.02417870653907237,0.02327128639685743,0.022096444431918348,0.025501583163682288,0.023501787797127506,0.021539555412705223,0.02285735780146876,0.02132187309528362,0.02340720981113986,0.02319168088929447,0.022318496381246625,0.024957079474587737,0.022470486686726847,0.023110610548858303,0.0223625498629211,0.022942790367172824,0.006299501244641999,0.02295347054916625,0.023287108668467463,0.022655570050329428,0.02285291603334564,0.024813663835546042,0.01217456601905419,0.023532477695325484,0.024604357624910818,0.02196814056099646,0.024427921886926003,0.02084882918421715,0.023000704142844317,0.02561583298534945,0.02451020489532969,0.018790678679044374,0.022076090709786843,0.023075042178289887,0.025081066030228374,0.023441852251016526,0.023958723579289944,0.022938206215118984,0.023022282979340378,0.02074333647284133,0.022542339509477406,0.02079264990657577,0.024731219124611948,0.02380418982445416,0.023818199974231315,0.024554691515740933,0.022996752575974028,0.021313391970409986,0.02290271994135174,0.022790626055377846,0.022699660262351172,0.0229810523509471,0.023510575073018444,0.02248193193380276,0.021403774081480524,0.02260127973231419,0.022764560044688693,0.02224387223476315,0.021692868256824253,0.023015325180326784,0.022924665903374265,0.022432784644581132,0.019742320514572486,0.02318297251669444,0.022263255045803492,0.019029008015114576,0.022826632881926434,0.023591439799580928,0.02228011930334317,0.022998862409639782,0.02127533695990301,0.017468616934501142,0.022586832153590974,0.03128116590974102,0.023753417348528105,0.021517725862739277,0.022958034358712156,0.01830698322119706,0.023386043313690597,0.021231204822216722,0.021886201680076246,0.0229653326903851,0.02224544482305511,0.022988380331226438,0.023218388744297096,0.023975149296046057,0.023303029064328972,0.02214598462481563,0.023161140846714737,0.022304748577928492,0.02276115176448551,0.02024322716919724,0.021853339791473466,0.022094389344081155,0.018031749373161335,0.021292704165383293,0.023930789059859917,0.021894689412233163,0.02307386227815607,0.023016137522689998,0.015706190855140606,0.019595547905040332,0.022909138513314085,0.021884520058486016,0.022264863848168732,0.022238852117763424,0.022744774919183454,0.022993603306174653,0.02122980887519555,0.02697137679778986,0.02149093815623641,0.022124534225406955,0.022945015253149674,0.022952855624787945,0.024224235449464216,0.024322808134868746,0.023066269843538614,0.02212087070563701,0.022878410605940175,0.023941754714974103,0.019172137666836665,0.021979845079182967,0.022950192088328356,0.022470659512607457,0.024432399730696597,0.022619098588740828,0.022405495882688087,0.023793937160717333,0.022402101822937136,0.02262773802445015,0.023288529016020708,0.02555507853911878,0.02007390954676721,0.026926209957627113,0.019395625453619253,0.022941377664682655,0.0209298810415679,0.022046591306039177
min_user_sum_factuality,0.0,0.0,0.0,0.0,0.0,0.0,0.0,0.0,0.0,0.0,0.0,0.0,0.0,0.0,0.0,0.0,0.0,0.0,0.0,0.0,0.0,0.0,0.0,0.0,0.0,0.0,0.0,0.0,0.0,0.0,0.0,0.0,0.0,0.0,0.0,0.0,0.0,0.0,0.0,0.0,0.0,0.0,0.0,0.0,0.0,0.0,0.0,0.0,0.0,0.0,0.0,0.0,0.0,0.0,0.0,0.0,0.0,0.0,0.0,0.0,0.0,0.0,0.0,0.0,0.0,0.0,0.0,0.0,0.0,0.0,0.0,0.0,0.0,0.0,0.0,0.0,0.0,0.0,0.0,0.0,0.0,0.0,0.0,0.0,0.0,0.0,0.0,0.0,0.0,0.0,0.0,0.0,0.0,0.0,0.0,0.0,0.0,0.0,0.0,0.0,0.0,0.0,0.0,0.0,0.0,0.0,0.0,0.0,0.0,0.0,0.0,0.0,0.0,0.0,0.0,0.0,0.0,0.0,0.0,0.0,0.0,0.0,0.0,0.0,0.0,0.0,0.0,0.0,0.0,0.0,0.0,0.0,0.0,0.0,0.0,0.0,0.0,0.0,0.0,0.0,0.0,0.0,0.0,0.0,0.0,0.0,0.0,0.0,0.0,0.0,0.0,0.0
max_user_sum_factuality,0.018200574166213644,0.01754985011406303,0.018211049858229265,0.018114667091820483,0.017658993980785336,0.015486622615071274,0.017459869576213566,0.01871924905463154,0.01875636464841786,0.020163565606840256,0.015268236146506953,0.018484882338149308,0.0181709318250164,0.017031882512158154,0.019239837914213853,0.01849884361569966,0.017524226431647038,0.020281835235399184,0.018939479055542906,0.01666475696543144,0.018174590672146843,0.01661789642013205,0.0186227413225726,0.01851617314300064,0.017634788882074988,0.020532530380695767,0.018097768692748928,0.018338482679952722,0.01758101699533936,0.018184705165375167,0.003142331334934357,0.01829114514217999,0.018250425187506556,0.018109446454059246,0.01805339643757265,0.020682272658227585,0.00800222431659498,0.018655152291144034,0.02007124020020913,0.017603898848555365,0.019426197191564534,0.01607447443152764,0.018359640454983176,0.020360476123804268,0.0198076247614335,0.015185622857719783,0.017211844603384915,0.018307793037137234,0.020629903344113264,0.01860689043832308,0.019223475529828095,0.018183570038546967,0.018293158151482226,0.016065236108083462,0.017746788198916095,0.016331375093211604,0.019746634035686005,0.019182796760253105,0.01900306568155313,0.02021781102233758,0.01846689319731262,0.0166137659350967,0.01817256996823243,0.018030411011866365,0.019683133054523065,0.018267452760733736,0.018750233897418093,0.017946570861606483,0.016368192892706038,0.01790577288404558,0.01811879671801244,0.017670850185856755,0.01697892466687532,0.018175511516143293,0.01810897659028591,0.017801031169797112,0.01523291673891463,0.017763351924524023,0.017778686195577684,0.01563625028552907,0.017495750884997045,0.01907397856781551,0.017913518448768317,0.01832854959121113,0.016757149181760776,0.013391323800992009,0.01790243520820793,0.026344024350603047,0.01904372834204802,0.01747187676970528,0.018143397300363948,0.015553720093470629,0.019253931551392156,0.016035165055966395,0.01712049458032422,0.01820406901300653,0.017753773039658256,0.018220417112529808,0.018463329177114175,0.01940547966194811,0.018189242742572585,0.01741795126862764,0.018534268251107676,0.017453691379700497,0.017780584394632374,0.01567483130938712,0.017115902556596275,0.017242464487605923,0.012819410405394957,0.015915664496120432,0.019533474996933475,0.016833739491181263,0.018360710490499928,0.018077183387640278,0.011777446420676907,0.014526029969969607,0.01800425515813804,0.017153376031697642,0.01721183193327061,0.017050534019303232,0.01797130553380225,0.018219040482371707,0.016452292803439635,0.02629454962255092,0.017310271118531846,0.017489213149247333,0.01819437615754405,0.018257223565505232,0.019193720185510153,0.019081618389137793,0.018283237212992867,0.016878574417040156,0.018011201398686408,0.01908347035229938,0.0135728026078577,0.016919875070155438,0.018189608250826335,0.01778579078888763,0.019691898234281874,0.017908990722113445,0.017695934567173527,0.018139012698646026,0.017601149304465828,0.01762849763541386,0.018410223845910827,0.02036491387128227,0.015727876371419643,0.02200570400127802,0.013642116432793065,0.018172321042241653,0.01648014212525885,0.01829587367073547
average_user_sum_deference,-0.021942637290710172,-0.02265190333047144,-0.021626226885785943,-0.02150841627642438,-0.022861464586434902,-0.014742753468035729,-0.02294176443852667,-0.026899102395703325,-0.020956596977855076,-0.02011815982063789,-0.01622828640518115,-0.024629650841315402,-0.021110928257899807,0.01531112246232675,-0.020918571718352902,-0.021344081441138495,-0.01825227130492407,-0.02633474252543866,-0.025482386342935644,-0.021078423439649753,-0.021617024571639415,-0.01956610611761181,-0.02174863215277645,-0.01968674270289954,-0.021418320379642662,-0.020250384660815655,-0.020283391086897244,-0.022382119248671742,-0.019510211873982303,-0.01886503598231049,-0.02614109915244644,-0.02317369703147852,-0.019594060972972498,-0.018183743279966975,-0.022197564119226545,-0.02167614425833579,-0.018998257899535263,-0.029254462066458715,-0.01773680358341806,-0.021423500483591033,-0.024261200583370463,-0.03732845569953937,-0.021309292317201675,-0.030365898940727852,-0.022991972225157812,-0.022176302878058336,-0.02246485522691865,-0.021889147394985615,-0.020023542605936362,-0.013027715597582357,-0.018878284924425694,-0.02185139270803909,-0.021489402628535405,-0.01947948709498236,-0.019574404406089856,-0.022622805498579455,-0.021776178490618775,-0.02425917405878612,-0.02299694443064701,-0.019628801835976886,-0.02414609142139195,-0.022666931705798726,-0.021493870000490935,-0.021866808211715546,-0.016446142930998765,-0.02116388816835275,-0.021778779104539844,-0.022984727047161712,-0.02173577252299987,-0.02173781755300651,-0.020768454295708633,-0.022538169963161624,-0.021114871246757032,-0.020290486250794385,-0.02099182889673855,-0.022626362156042065,-0.02445720603079242,-0.021734500474569287,-0.02165366030989541,-0.03511565518528728,-0.020855300241004706,-0.021862488845831068,-0.01895668311978237,-0.02149613889106383,-0.023224087004066765,-0.021487880195271997,-0.021563739570149495,-0.017958566512920403,-0.020442227910650396,-0.023644419442187994,-0.017599064621776888,-0.02576197267596346,-0.01733007074497113,-0.01861722484286688,-0.021036664210968954,-0.021913756720203167,-0.004878693883997948,-0.021911896573178498,-0.023196216466455574,-0.01871838507125546,-0.019309123777444415,-0.020736403072735048,-0.017448695458903013,-0.02309655296816915,-0.02032259678319723,-0.03291232395139397,-0.02225348605282494,-0.030715647993815588,-0.021880845910748122,-0.025717202266939028,-0.019753584447699007,-0.020284596638005817,-0.021619322643071516,-0.022309457689577216,-0.02013780697507,-0.022772089467325413,-0.024413820689485038,-0.021402222458665476,-0.022777359181248354,-0.01748013877524193,-0.021716701400167192,-0.021592020282284404,-0.026373769518618397,-0.019390967591226233,-0.018752663134906738,-0.02065795382043789,-0.022352569280019607,-0.021617798048509995,-0.023250039904662487,-0.025168977952879885,-0.021415771637089763,-0.02109732810619073,-0.022084226607526857,-0.02339219479898371,-0.016520656422936812,-0.01390754118736641,-0.021790391322029933,-0.022228927415211337,-0.02198877952267301,-0.02042345844021581,-0.02211552933883117,-0.030029735009827134,-0.02298869433850994,-0.020920850314865926,-0.021375639988803815,-0.02522895182443797,-0.01663065518498264,-0.018261002742188358,-0.021951137170939758,-0.02032285622777709,-0.02255076594772802,-0.027927094546659807
stdev_user_sum_deference,-0.01753528365974727,-0.017463727943371442,-0.017480063979496585,-0.01742276159142571,-0.016640964139688665,-0.012004706624465192,-0.02019563343165738,-0.016397876407731105,-0.016283330958885393,-0.01657948025093358,-0.018144599642816894,-0.016794241519910207,-0.018171354811697897,-0.01503201960928259,-0.01802737932554089,-0.017396722826447414,-0.017373060359802385,-0.01640125750264785,-0.017983920125206446,-0.01264322923212844,-0.017504166390093334,-0.017856482575918854,-0.017776341363459132,-0.012989161203675784,-0.017514830323246695,-0.01798544572097164,-0.019486744614911955,-0.017497438349136862,-0.01698471438245268,-0.016119675570360315,-0.0036748218524481346,-0.017970751582000496,-0.019306017978245663,-0.01552967528924875,-0.017324931347535336,-0.016921136123053064,-0.02142029545454425,-0.013115863063302993,-0.016515453838824544,-0.016138838419932938,-0.01944608267132982,-0.011834678633733754,-0.01749123622876269,-0.018044765531737596,-0.014313151202155677,-0.014776933661720483,-0.017093217482239458,-0.01817633340522723,-0.01758314229616654,-0.01456422178362464,-0.01726316442203804,-0.01762763182511231,-0.01758842298125196,-0.01899158361771302,-0.014461226540022895,-0.016334032923965347,-0.018799721782711724,-0.023468415834995877,-0.01937129739717218,-0.016813115558957106,-0.018820340437556232,-0.01957683202675605,-0.017146321922492852,-0.01769394406758825,-0.008762423598426824,-0.0175909402933593,-0.016156812973362092,-0.01801582257596917,-0.018427071715064733,-0.01760764825218189,-0.01686467998034965,-0.016265562949411255,-0.016394228965974346,-0.015778794549203286,-0.017384297950199044,-0.01922783877205589,-0.024396561815344588,-0.01823797120663908,-0.016665127039297657,-0.01560163004828715,-0.012266475760740414,-0.017865104443764115,-0.019128074737369244,-0.01717640251090559,-0.017629111878828548,-0.023200615753169188,-0.017473089391633015,-0.01640842782278254,-0.01698802314784951,-0.016890456784348896,-0.017525283213306708,-0.015422613431926881,-0.013588117565891053,-0.017136005851059413,-0.016344486876372737,-0.017601790364879827,-0.011793618549977028,-0.017608711856905622,-0.018022455177340697,-0.01412264031378272,-0.014598885454973516,-0.017124358024241434,-0.01565866587383867,-0.018237836969920575,-0.01669414832320923,-0.020840580204196192,-0.0177622104897037,-0.018310509727665666,-0.014751928372947747,-0.012305765668311874,-0.017609813282296216,-0.015487329065166734,-0.017935603807697154,-0.017185258950881792,-0.01614366633106349,-0.016613103151948583,-0.017707397825966975,-0.017863173074665145,-0.017870110773044484,-0.0162591617157384,-0.01751661058399022,-0.017380014095417333,-0.02300038400396304,-0.01678041145378512,-0.017655092035484946,-0.016424495543129837,-0.017281525027225894,-0.016573107337004504,-0.01703122842729076,-0.020620242101719463,-0.017502416338510872,-0.015343602605470005,-0.017249055053740997,-0.018130149235334632,-0.018831624122337715,-0.01819287070961679,-0.017568840944371424,-0.017332346416964517,-0.019931971852862808,-0.017192867964895178,-0.01769741605068631,-0.016484087895130395,-0.018165344015535677,-0.016674802481739866,-0.017532713524825203,-0.017772374847702888,-0.017508779635524663,-0.014722577213308122,-0.018243310591731704,-0.016507534363319976,-0.018834442415047857,-0.028743652671661665
min_user_sum_deference,0.0,0.0,0.0,0.0,0.0,0.0,0.0,0.0,0.0,0.0,0.0,0.0,0.0,0.0,0.0,0.0,0.0,0.0,0.0,0.0,0.0,0.0,0.0,0.0,0.0,0.0,0.0,0.0,0.0,0.0,0.0,0.0,0.0,0.0,0.0,0.0,0.0,0.0,0.0,0.0,0.0,0.0,0.0,0.0,0.0,0.0,0.0,0.0,0.0,0.0,0.0,0.0,0.0,0.0,0.0,0.0,0.0,0.0,0.0,0.0,0.0,0.0,0.0,0.0,0.0,0.0,0.0,0.0,0.0,0.0,0.0,0.0,0.0,0.0,0.0,0.0,0.0,0.0,0.0,0.0,0.0,0.0,0.0,0.0,0.0,0.0,0.0,0.0,0.0,0.0,0.0,0.0,0.0,0.0,0.0,0.0,0.0,0.0,0.0,0.0,0.0,0.0,0.0,0.0,0.0,0.0,0.0,0.0,0.0,0.0,0.0,0.0,0.0,0.0,0.0,0.0,0.0,0.0,0.0,0.0,0.0,0.0,0.0,0.0,0.0,0.0,0.0,0.0,0.0,0.0,0.0,0.0,0.0,0.0,0.0,0.0,0.0,0.0,0.0,0.0,0.0,0.0,0.0,0.0,0.0,0.0,0.0,0.0,0.0,0.0,0.0,0.0
max_user_sum_deference,-0.019354869370340144,-0.019252148270613757,-0.01923749402269212,-0.019272040565982765,-0.018629774069585554,-0.012889949561017282,-0.022260825024051453,-0.01767551292196034,-0.01801149917475059,-0.018190073469146792,-0.0197119477697361,-0.018623088594004182,-0.019878705279284085,-0.018052583874473577,-0.019515373585991924,-0.019150504207296158,-0.018751985058350976,-0.018415798541485853,-0.020131399209948813,-0.01416780125422789,-0.01924396817146755,-0.019954565816010912,-0.019443027679489296,-0.015167162179755507,-0.01928337436983657,-0.019449450050014486,-0.022010423717888104,-0.019412809118175528,-0.018707280151571,-0.01785803860970147,-0.006444503849202747,-0.01963935829412497,-0.021341485609450834,-0.017666992914714325,-0.019057086138197073,-0.019116650680184505,-0.022448397063169562,-0.014417239413249284,-0.01741247744539165,-0.018390294171843256,-0.021451025544428265,-0.013281117193432244,-0.01921413024023077,-0.02112516686807834,-0.01650629427109882,-0.01646716502548839,-0.019160869720942372,-0.019821528546355063,-0.01913148141040113,-0.016279387124595694,-0.01878608743641165,-0.019405897565401613,-0.01935001566892231,-0.020812619707764442,-0.015946290490567387,-0.01732902913450523,-0.02121640926555517,-0.024934301006802717,-0.021349716549163275,-0.017489294784631598,-0.02100123686565282,-0.021700812235627774,-0.01889592551349937,-0.019467458406017282,-0.010229378908273558,-0.019411847547002363,-0.01818840105072521,-0.02011150788020006,-0.01929178334327853,-0.01945122536461546,-0.01855946673717345,-0.01782445917918865,-0.01812894468319093,-0.01757723813456146,-0.019096000007422398,-0.02111303830843335,-0.02656099916707077,-0.019974548300808338,-0.018965688111270237,-0.01768591687189567,-0.011841544438514755,-0.01976377602369555,-0.02091079594099762,-0.018847446902518217,-0.019689009109706567,-0.024438772877154853,-0.019302467159360487,-0.017338804354086523,-0.019027854104301023,-0.01822563770050021,-0.018523329605955086,-0.017932720617665182,-0.014846122195739185,-0.019058200203762594,-0.018333200443303027,-0.019359792369652747,-0.0071586915623618325,-0.019386095250250222,-0.019799732111733498,-0.01571439113402795,-0.016221649111142815,-0.018767366843565732,-0.017725286549289135,-0.019832667564070237,-0.018148042469074845,-0.026420380892680097,-0.019655097630983547,-0.020204583855072428,-0.017874628906658925,-0.014218274292570623,-0.017867022331189024,-0.017821676843561438,-0.019639899841141832,-0.01908270586054294,-0.017868756559620516,-0.019478439168680754,-0.019516563346007834,-0.019635503327359888,-0.02003828567026416,-0.01789301478919709,-0.01927387986951984,-0.019146741589834718,-0.024103336045881482,-0.018448639801123868,-0.0193929053890761,-0.017912657409954708,-0.01922574692446108,-0.01815926767384672,-0.017986746880109233,-0.02180105955928651,-0.01916189858128558,-0.016365291624542276,-0.01920055484067311,-0.020125897139941423,-0.019685655348580293,-0.0206723599074981,-0.019335594965047963,-0.019384234550069712,-0.022168624186224575,-0.019079984027649002,-0.01914902329585466,-0.018014271103537732,-0.019885664305228798,-0.017706448230418344,-0.01931864566151171,-0.020967922916194967,-0.019520337035350124,-0.016889407046508154,-0.02024607776748175,-0.01808678141750033,-0.020657977180102975,-0.029796635888688108
average_user_sum_gratitude,0.007689549550688643,0.007723048609425872,0.007966564503953126,0.008644050947316736,0.008267785691424445,0.0013040506249151936,0.00780421103956324,0.007417364676435422,0.007584077889436412,0.007664909324086034,0.010462711803482273,0.003957576670155935,0.007862110980271522,0.011871996504300333,0.007601708541049615,0.007711950847061472,0.012753608917102584,0.00805772037459648,0.004046719344622289,0.005844617332673071,0.007643193853464793,0.007106039700378073,0.006780471136683174,0.008735507034528862,0.008027454720522985,0.010874349602494168,0.007950929038691608,0.0063577194047284855,0.008045547311123315,0.009648354402704,0.0030164198606167335,0.006913124533915149,0.007693103652739141,0.009665835258979977,0.007997456223400923,0.008753454126336657,0.0021060596312906703,0.007147284096661651,0.004962314554741506,0.007396245746887611,0.007990538632492859,0.004963755940761473,0.007741062503159283,0.0024853742182480614,0.007360488254212341,0.009202350132847096,0.00735445752418074,0.007724922543301219,0.010882404149647768,0.01109081394249447,0.00990493278744731,0.007891829421761504,0.007857893037661658,0.00560626223278005,0.007913943738608733,0.007201656767032413,0.00940981009988209,0.008503025847002722,0.0072361568864447185,0.005509489156193618,0.008392806804809923,0.007125490937225985,0.008037127045141902,0.007789773188809907,-0.0032667768325550907,0.009675753432415194,0.00783211094705068,0.008362192763253302,0.010546902281000137,0.008004627599995493,0.007389025059468083,0.005340300935913286,0.008300762387046714,0.008576840412474123,0.007481927665658039,0.007658501893392277,0.006758158006328585,0.009473674182279738,0.00754487184018603,0.0013577535599991553,0.005738402197557056,0.00874267918575693,0.006683508904640594,0.008019541260616204,0.004484989124642778,0.006813196910040909,0.007662043504816132,0.01048767119747617,0.005635342829426432,0.0077980298578002585,0.008026713795263095,0.006284367368068616,0.01464955298477693,0.009717488716885513,0.007529272586298672,0.007887425020475234,0.008132570508829633,0.007911565155928377,0.007715430509335143,0.00994995689404463,0.009987381601583523,0.008068804314852091,0.007494809560744683,0.008263156475653923,0.007584990592159825,0.0046968757044071946,0.007926916745475913,0.00756430130553538,0.010914059492757179,0.006095024079707705,0.005832508413695449,0.006238855072022756,0.00803435600807043,0.008546974876270791,0.013379294872309988,0.009489547759391705,0.008080093215628002,0.0076310191750958425,0.009943638759590787,0.006584491966805533,0.007992088330800333,0.008107128383031573,0.002404249081738436,0.007865331551281713,0.007289740734232591,0.008671881397518875,0.0076826254008986305,0.008603220437044732,0.008636065531814043,0.010252302187188485,0.00752756350395857,0.00732513923736934,0.0076122262496376054,0.006322648608014155,0.012710992645466296,0.00613312254272636,0.007863712370031913,0.008820385140852531,0.008376453708169869,0.008454836109820741,0.007734198419920249,0.007485759418967734,0.007745739173895868,0.007631345817661811,0.006107869955070444,0.0069042519405229175,0.004719262867027702,0.009430208867237545,0.004853674924146328,0.008280414950510514,0.001669160105230041,0.0025293798679462617
stdev_user_sum_gratitude,0.0060417589781575146,0.006004449210112083,0.00634117679170062,0.007321924685539545,0.006879433190963916,-0.002397726309144055,0.007340636502585246,0.00495027327077912,0.005993474930454189,0.006675163887870457,0.008311796236712653,0.009666329209793626,0.0059509912963548505,0.008768228094044185,0.006730635917834532,0.006368764084089583,0.011970224066544272,0.0026939672563090116,0.002527497618328066,0.0035048729830702945,0.005939297024605315,0.005550784619327035,0.005606998238282885,0.005744020753486776,0.006486486158732291,0.009340552832596327,0.0035268413461875606,0.0037840598097193577,0.0061776162713250244,0.005212075929538771,0.0008354012402959129,0.005047850057649147,0.0050541032674364566,0.007167776209459556,0.0062519390597855435,0.006542293747900793,0.00085173050111412,0.0048301057251338925,-0.005140863391697054,0.0062000344786462,0.004421705564843011,0.004488817537910363,0.005869128567946265,0.006002841079575918,0.007077695432908944,0.007780179055478727,0.005486099860409396,0.006382507536308546,0.00714468748021812,0.010465390712812677,0.009439025230475915,0.006092501707539143,0.0058979839458872,0.005458373244661592,0.006627128139104932,0.00935424098433271,0.008136411570980061,0.0076201095772919815,0.006837194908179528,0.004957744905291473,0.0069937676613052715,0.0077316834461095985,0.00638540601974081,0.005964583261950129,0.0024035877869509076,0.0030369837666894724,0.005986763672610771,0.00819494225019254,0.007341629830927736,0.006179192549993458,0.005533813724626246,0.0025902245278609107,0.0064608229963851104,0.0065404050877367155,0.006735931964404699,0.006259406163560105,0.006636759533904627,0.008894871441348241,0.0051339207807710304,0.006620463884055085,0.008529632615581309,0.007039638556086596,0.009237784791328602,0.006312676152249417,0.004655364281514395,0.008863656890522886,0.005849110911529841,0.007185607238020928,0.002291033431351965,0.00497476777941094,0.006429665568323019,0.008052082767925423,0.014198800536468804,0.006532272986790933,0.006701106804388587,0.006030344687809863,0.006310040499366727,0.006104682430996202,0.005767114819051309,0.005191110912981052,0.004517418108962944,0.005441903034806707,0.0060241185930502055,0.0066684756440588515,0.006866401715355942,0.0019271436855564832,0.006489335092860366,0.00741783964167694,0.01174288912893031,0.0034337425324373824,0.008475083368651761,0.004750216892103502,0.006304693923450206,0.006951754679064049,0.01115360712018736,0.01055020574739656,0.007274508494465243,0.005847136067375276,0.0060408987813843126,0.005057087721601021,0.006002811057478254,0.006222675845192932,0.005444618360307615,0.006548465221745385,0.005665392686955409,0.007737370516533578,0.0056066944557250946,0.006284981865137658,0.005572205232440521,0.007557204602903592,0.005841053800415995,0.008176207269433113,0.006095203115956367,0.004224322207338984,0.006569435086239181,0.0052980647749259445,0.006133851603634578,0.004996791879297142,0.005342112772174079,0.007164694585491142,0.005976840835494553,0.0069217146520107265,0.006743316789535051,0.008907993789317132,0.005398823648379855,0.005274495881791527,-0.0029795891262980236,0.006031906753067776,0.004115782822502281,0.0063683800759219145,0.0047023182029826555,0.01246274230134074
min_user_sum_gratitude,0.0,0.0,0.0,0.0,0.0,0.0,0.0,0.0,0.0,0.0,0.0,0.0,0.0,0.0,0.0,0.0,0.0,0.0,0.0,0.0,0.0,0.0,0.0,0.0,0.0,0.0,0.0,0.0,0.0,0.0,0.0,0.0,0.0,0.0,0.0,0.0,0.0,0.0,0.0,0.0,0.0,0.0,0.0,0.0,0.0,0.0,0.0,0.0,0.0,0.0,0.0,0.0,0.0,0.0,0.0,0.0,0.0,0.0,0.0,0.0,0.0,0.0,0.0,0.0,0.0,0.0,0.0,0.0,0.0,0.0,0.0,0.0,0.0,0.0,0.0,0.0,0.0,0.0,0.0,0.0,0.0,0.0,0.0,0.0,0.0,0.0,0.0,0.0,0.0,0.0,0.0,0.0,0.0,0.0,0.0,0.0,0.0,0.0,0.0,0.0,0.0,0.0,0.0,0.0,0.0,0.0,0.0,0.0,0.0,0.0,0.0,0.0,0.0,0.0,0.0,0.0,0.0,0.0,0.0,0.0,0.0,0.0,0.0,0.0,0.0,0.0,0.0,0.0,0.0,0.0,0.0,0.0,0.0,0.0,0.0,0.0,0.0,0.0,0.0,0.0,0.0,0.0,0.0,0.0,0.0,0.0,0.0,0.0,0.0,0.0,0.0,0.0
max_user_sum_gratitude,0.005828448881065465,0.005789176906974417,0.006128551749190758,0.007109616388051517,0.006717738096139018,-0.002544222911995163,0.007158762058292729,0.004716159453654189,0.0057683381297509,0.006468271140441866,0.008083981442101186,0.009440743878393377,0.005734882332269211,0.00856196466094563,0.0065206816155653005,0.006160425255147267,0.011843309883592076,0.0024643887231843853,0.0022713382581205123,0.003250767962034028,0.005719361042342342,0.005336934473427712,0.005368620565521523,0.005534095576227209,0.006269757525880206,0.009134267143226078,0.0032351937508010705,0.0035440524382376213,0.005953066629106699,0.00499010626076006,0.0006541232463600621,0.004819458854251896,0.004828490914703762,0.006949283217813193,0.006028575669926105,0.006231228521273016,0.0005945608567732991,0.00458747418938356,-0.005422399440172188,0.005980463924622702,0.0041746313574191046,0.0042537834258163775,0.00564826646623677,0.005656815748593577,0.006883884257576349,0.007573950264587331,0.005295425426421162,0.006162347212055376,0.0069549341839596004,0.010298965249433176,0.009232673253122173,0.005874768362580441,0.005678187369930978,0.0053278004088300164,0.006370385371721548,0.009194668460760313,0.0077864868160612095,0.007426725531351102,0.006605916176133824,0.004721875740468303,0.0067946037778081805,0.007579283159903536,0.0061700039791918355,0.005742281406636799,0.0023640711445583693,0.0028220399206714724,0.005775400430210487,0.00799886258207019,0.007143334875124688,0.00596196360786099,0.005306121212496652,0.0023452044152188637,0.006237669234738159,0.006324884407520554,0.006518945023823457,0.006041684004285735,0.006362390865153507,0.008710443187004,0.004896267336266283,0.006404520730165265,0.00842454468704535,0.0068182451395458876,0.009021005145749533,0.006097346304098236,0.004441355694210859,0.008684188358915719,0.005640895657224621,0.006938028702542342,0.0020496529649239228,0.0048196418935034825,0.00620865294948848,0.00785507525022529,0.013998502535692915,0.006315744871930865,0.006487120152285556,0.0058122339165345566,0.006012986909976352,0.0058853792536652585,0.0055553651467839206,0.0049524726288903516,0.004269313520977472,0.005220448192748907,0.005853076271460116,0.006430067980293888,0.006690214078064891,0.0015745012661899814,0.006283880125190345,0.0072002466803173,0.011620519935962024,0.0032116219488653704,0.008247624408993673,0.004567883398334464,0.006084742125461458,0.006734358067888576,0.010897082768878186,0.01041316209251695,0.007067131254613974,0.005621267425261269,0.005817529754152096,0.0048888689237642745,0.005780479556724381,0.0060070198816765345,0.005232027101100862,0.006294983832178301,0.005473027498953729,0.0075311198283758655,0.005379946656870652,0.006068359406248818,0.0053970170582067845,0.007328001316537779,0.005619453458691061,0.008009486024627623,0.005885960045403095,0.004066151395171293,0.006339291139770757,0.005038672134239277,0.005913355079038071,0.004791233383886324,0.0050733305833613905,0.0069469066606676925,0.0057628376760862805,0.006680187854422227,0.006515650209869403,0.008745252291117764,0.005414749787098178,0.0050855664473981824,-0.0031671839833936014,0.005825219137174102,0.003977207692272124,0.0061606606103498844,0.004499935725138248,0.012245493780877201
average_user_sum_apologizing,-0.007265265461767246,-0.006610715735296452,-0.0067000164741588385,-0.006782331402842684,-0.004068798869493587,-0.01303711732161325,-0.004611992732184414,-0.006445442154519402,-0.01237617134538533,-0.004675618172699345,-0.009496546764888794,-0.006778016955033504,-0.006837671053479465,-0.009663739702510506,-0.010578560476114074,-0.0065844706763615425,-0.006952914528634122,-0.006155801972388778,-0.009517857129271516,-0.005610198470002668,-0.007178521205445451,-0.007818455590884562,-0.00713517907442003,-0.008622585247304195,-0.006750695147429519,-0.007441529014763231,-0.009414757214432494,-0.007535835367403838,-0.007062731609934708,-0.0061041732427599155,-0.0005881211605485012,-0.006924944903365298,-0.01197572519876248,-0.008535757828951314,-0.006313785496152873,-0.006921982445585945,-0.007138264720287718,-0.006650800891114472,-0.005324076020065892,-0.003955131765772047,-0.00483160376531518,-0.005720529846875013,-0.006993788457368373,-0.0072698343258071315,-0.004655729190132981,-0.0055044138692742425,-0.00721860172595354,-0.0065881400636511826,-0.007333788752454802,-0.010541558004500205,-0.0050752108050722755,-0.006931073882037529,-0.006993928890657256,-0.006995395632518805,-0.006063155742637852,-0.005908616836872784,-0.006393422610880688,-0.0035983914493328386,-0.007138781190071245,-0.0067616324214905335,-0.007364699968584183,-0.007822275853395448,-0.006901587612525106,-0.006816465682604401,-0.013526964753103086,-0.007283756150685456,-0.0066516331935344035,-0.007003635660983507,-0.008113645725318239,-0.006847964784658814,-0.007235012382401951,-0.006640983955852329,-0.00686428716443475,-0.005889026146780751,-0.007113601627746808,-0.007397227371478984,-0.009536274937059006,-0.0038907588485373543,-0.007799306662825785,-0.004926854475472765,-0.008946846029052578,-0.0065160862334236675,-0.004155747585511752,-0.0067643238541881655,-0.008763105371840035,-0.011101142257488336,-0.007659322286251225,-0.006757456269071784,-0.006818853571467186,-0.004405411141738294,-0.006751348965878288,-0.004212213609320183,-0.0067568792921863935,-0.007785637549137915,-0.00685376923606168,-0.006738790630605944,-0.0006984536962106099,-0.006805373284210154,-0.007357742966081111,-0.005115049361122406,-0.00591546257270462,-0.006303939233202279,-0.010420714377063017,-0.007719368905662028,-0.005632927204650633,-0.0016763687966873646,-0.007055775518752089,-0.005657023127598251,-0.0035004726241502967,-0.003758818939251174,-0.010421041881112425,-0.007710621023214891,-0.006774083260499823,-0.0061810778988135254,-0.004398130082638946,-0.004687388185628824,-0.005948870429921363,-0.006175081346499408,-0.007358777741014086,-0.005098052861559199,-0.006634975832165677,-0.0067707646842039525,0.0033310657866171224,-0.007536400299577491,-0.006549236035589711,-0.005249677270657293,-0.007116252376560773,-0.006649821210494163,-0.0052734305941293125,0.0009398720080248573,-0.007480190452795852,-0.0036741760106831613,-0.006718166537120312,-0.0068886810680482075,-0.009740533340686556,-0.010917221649255782,-0.006873833001786979,-0.0061370244421914705,-0.004267871839895448,-0.006632630806044552,-0.007126105535786349,-0.009802332423565804,-0.006550711304148227,-0.009146206269185265,-0.006729178491129773,-0.01908972859019266,2.3088172367959417e-05,-0.006610190958793961,-0.013100928266113757,-0.0067774626710229696,-0.007407250480956877,-0.006447673000031816
stdev_user_sum_apologizing,-0.021653600607651046,-0.021447055712460555,-0.020057288986010682,-0.02082987913894027,-0.018951078140870548,-0.018640938915234967,-0.02235150635759373,-0.020736455549758764,-0.02122179751056966,-0.02177741429590603,-0.020441339656126045,-0.02338622425446551,-0.021407639001957864,-0.021546462863068307,-0.024239769531657546,-0.020878532629888327,-0.019863286988287078,-0.020442082732337087,-0.02276282344992768,-0.021703194071016767,-0.021370660223215425,-0.022103268195905496,-0.02251996182405253,-0.02273446954374047,-0.021687286371750998,-0.022574926585407225,-0.02113484796158513,-0.021097057830520464,-0.02163274573923362,-0.021209863477381456,-0.01281923445004359,-0.021336285261793094,-0.021457410544685473,-0.018964139310879993,-0.02112230950024813,-0.021719594895933093,-0.017977300435273916,-0.02180619579035365,-0.02061989564353879,-0.012807642571834022,-0.02074674286190253,-0.018349851617154612,-0.021672167462168487,-0.02254386805833649,-0.019260483966751306,-0.020594360301918118,-0.02154001480995513,-0.0217455545827359,-0.017693827210667087,-0.024417602378519934,-0.01868814669994003,-0.021531590273394116,-0.021272139424952437,-0.020276483050886633,-0.02127535192703081,-0.019876510612355656,-0.02381027017239983,-0.019879665242871068,-0.021505553142202035,-0.021819271889205447,-0.021489975675122164,-0.023139458848887125,-0.021513947474722905,-0.021530130499829155,-0.02009362058529372,-0.02151510534475339,-0.020764756491953733,-0.02168466053037415,-0.021791973440393457,-0.021513673995554247,-0.020606804518586826,-0.021306986516869655,-0.02207048619133919,-0.02115139645466658,-0.02175995434643037,-0.022137027090987204,-0.02177614251800051,-0.0183190411692474,-0.021249943340694827,-0.025688897485829306,-0.02151448249130451,-0.02034963502230452,-0.020110366631228078,-0.02123044628799476,-0.02264143683629502,-0.018591985622904636,-0.021582651478555356,-0.016310468903208305,-0.022314897895928047,-0.019058181973145398,-0.021231329676679934,-0.013841156099522016,-0.021151042169458636,-0.022808956472285515,-0.022397829833565086,-0.02133573806820848,-0.02280800857667345,-0.02151808893179251,-0.021081146694045053,-0.020641192028585057,-0.022649602545111863,-0.021329735638936094,-0.022942085103784177,-0.02102318900754349,-0.019977864193528084,-0.019650285666395925,-0.0219496854587262,-0.020865864951621724,-0.019729588335631758,-0.01838960040801236,-0.02052151907311865,-0.021399414174447587,-0.02158650012425698,-0.02122907889671659,-0.017116404229628335,-0.021793527704476713,-0.021379925428526136,-0.021020317556734378,-0.02226195533161712,-0.022201492012638824,-0.021294531295214934,-0.021306729424642977,-0.022552396379515033,-0.018417254300584655,-0.0200408548254861,-0.019468852141475097,-0.021454337194691447,-0.020941747850710096,-0.022830707148757467,-0.021515144411431878,-0.021317561327981127,-0.023249518532131853,-0.021507502790901446,-0.019622876140173724,-0.022883730088593755,-0.024485795398605625,-0.02158208497942915,-0.02034565663666222,-0.018151922325535044,-0.021982085986433732,-0.022398661686223793,-0.02702366128747208,-0.022408713504626244,-0.023165448715791476,-0.020862667880239185,-0.021613380453676247,-0.019418812309327467,-0.01980349897868682,-0.025351481673409046,-0.021360520478388725,-0.021744115605501345,-0.018709115025450647
min_user_sum_apologizing,0.0,0.0,0.0,0.0,0.0,0.0,0.0,0.0,0.0,0.0,0.0,0.0,0.0,0.0,0.0,0.0,0.0,0.0,0.0,0.0,0.0,0.0,0.0,0.0,0.0,0.0,0.0,0.0,0.0,0.0,0.0,0.0,0.0,0.0,0.0,0.0,0.0,0.0,0.0,0.0,0.0,0.0,0.0,0.0,0.0,0.0,0.0,0.0,0.0,0.0,0.0,0.0,0.0,0.0,0.0,0.0,0.0,0.0,0.0,0.0,0.0,0.0,0.0,0.0,0.0,0.0,0.0,0.0,0.0,0.0,0.0,0.0,0.0,0.0,0.0,0.0,0.0,0.0,0.0,0.0,0.0,0.0,0.0,0.0,0.0,0.0,0.0,0.0,0.0,0.0,0.0,0.0,0.0,0.0,0.0,0.0,0.0,0.0,0.0,0.0,0.0,0.0,0.0,0.0,0.0,0.0,0.0,0.0,0.0,0.0,0.0,0.0,0.0,0.0,0.0,0.0,0.0,0.0,0.0,0.0,0.0,0.0,0.0,0.0,0.0,0.0,0.0,0.0,0.0,0.0,0.0,0.0,0.0,0.0,0.0,0.0,0.0,0.0,0.0,0.0,0.0,0.0,0.0,0.0,0.0,0.0,0.0,0.0,0.0,0.0,0.0,0.0
max_user_sum_apologizing,-0.021689553388496735,-0.0215536253777405,-0.020155833007448155,-0.02093118668165924,-0.019033768144612474,-0.018793078792062157,-0.022485358723347195,-0.02082403262403655,-0.02140935123129825,-0.021929664808123202,-0.02046782157953641,-0.023548231619291142,-0.021508576366548716,-0.02161449660103392,-0.0243268823206269,-0.020983881821402418,-0.01994588124658045,-0.020550872008923908,-0.022785627408335195,-0.021851505110847658,-0.021479866622165847,-0.022219265970195794,-0.022616550051824787,-0.0228642033516034,-0.021788796807271624,-0.02263313991220242,-0.021182156352826047,-0.021193645575281826,-0.021820217946875553,-0.021317740062544742,-0.012817842303467445,-0.02142070095480332,-0.02145357760516495,-0.01905479675683089,-0.02122849023740668,-0.0218225710241434,-0.01802988307280611,-0.021900434660261113,-0.02070905871804367,-0.012839398386797787,-0.02094492984384868,-0.018424412713229248,-0.021775181745552742,-0.022771260697475246,-0.01935714073080833,-0.02079202727504388,-0.021646179005161546,-0.02185480244430507,-0.017786271404100364,-0.02438197233966205,-0.01879300239624115,-0.0216362612247702,-0.021383863264049924,-0.02026269599527226,-0.021375419974011246,-0.019848990064704735,-0.023970186942364538,-0.019985523581462928,-0.021591049042059676,-0.021898125616644164,-0.021615937864948483,-0.023219358047893844,-0.021617200141166824,-0.02163840982233906,-0.019716881623969493,-0.02159968951177335,-0.02085972074712509,-0.0217826024478065,-0.021932460884410213,-0.021633085165820493,-0.020652871521720493,-0.02141801876298333,-0.02220453894252352,-0.02126569675769766,-0.02186273576153636,-0.022240185740472942,-0.02179718215478369,-0.01844759847343736,-0.021369332434259702,-0.025598233802848192,-0.021483456211604537,-0.020452532828467842,-0.02013608617653709,-0.021329306878958315,-0.02260269477415199,-0.018601381423024352,-0.021682589139894494,-0.016448470372332453,-0.02249977883072883,-0.019112781133283803,-0.021295263873331503,-0.013943160368584616,-0.02128815591412376,-0.02294239887671299,-0.0225189570457302,-0.02144093315820751,-0.022980443852520887,-0.021622886191512335,-0.021184347683771934,-0.020712963610527255,-0.022759972842320127,-0.021427122369315113,-0.02304504060008429,-0.021122212597415892,-0.020085244791060206,-0.01972059386431311,-0.02205525489250308,-0.020952646492953073,-0.019811646124023124,-0.01853012113250193,-0.02063511740660778,-0.021459382114171963,-0.021674242343051174,-0.021359862931201214,-0.017262005103346335,-0.021894323690022185,-0.02148976140219628,-0.02115248236591969,-0.022413846185734897,-0.02230044606340239,-0.02139758745391698,-0.021396355320368876,-0.022592245648758516,-0.01841459617822687,-0.020103315945995896,-0.019598950483360397,-0.02153432822444816,-0.021042445619911872,-0.022940727135815405,-0.02170563429473847,-0.02144148599116978,-0.023376559082951137,-0.02161559699113834,-0.01961662907153138,-0.023037004660163573,-0.024580247942056332,-0.02168840799218678,-0.020388175858209297,-0.01831461101691388,-0.022080605897304914,-0.022509350626208426,-0.02720860254766295,-0.02251900995057986,-0.023325634841122145,-0.02093647524658954,-0.021604542761943117,-0.019458249819519373,-0.01993092621533082,-0.02552583890036991,-0.02145157040759161,-0.021736329024817855,-0.01876679867781712
average_user_sum_1st_person_pl,-0.016554193624736424,-0.017287355217141552,-0.01711892122388506,-0.01704469487231683,-0.01550058051797807,-0.014709447741872324,-0.015025185309135373,-0.013869114609709094,-0.018354698008582217,-0.015795393641953225,-0.02333581970820468,-0.01675489581083705,-0.016556446644681058,-0.01604251948114431,-0.019177690077525386,-0.017090796985635336,-0.01582891283221985,-0.0133162847277307,-0.015550195902466535,-0.019259698824554444,-0.0169659069595495,-0.017404598283686037,-0.015526363067616334,-0.018383892966360844,-0.01684016716047941,-0.01442658208847947,-0.015405351551976094,-0.016542694518748298,-0.016713679262660052,-0.015480046775598564,-0.015850969931998315,-0.016331192731062153,-0.02353793129210276,-0.013123646789605158,-0.016866159815997782,-0.015202636008670733,-0.013381572522512614,-0.016048018983014896,-0.021161299830031635,-0.019170283018990188,-0.012590770421615957,-0.02205451861824148,-0.016807200802821276,-0.01682301429754315,-0.01853148509038153,-0.021766502017283168,-0.016572268974088093,-0.016632799780615916,-0.014930974198748276,-0.010490003050110157,-0.017983597426118943,-0.01675107171271959,-0.016661119714086986,-0.011824917844145754,-0.017495549024285663,-0.018213350218507188,-0.013788146832924682,-0.019550425111460955,-0.01673831554782371,-0.01427544248922146,-0.018627131747550936,-0.015245971879792373,-0.016617091981909783,-0.016728439834018203,-0.009961572907518774,-0.01630032549905032,-0.016239049133155124,-0.01720735996083595,-0.014428531964531954,-0.016788222987295435,-0.017115926633386517,-0.01644400469573018,-0.0172547033577745,-0.016918056991001025,-0.015796589625028282,-0.015707376554930496,-0.017744094636968657,-0.018308786292669292,-0.017581259146273613,-0.009033955846529686,-0.013591317798154683,-0.01647618494733057,-0.010429721793190936,-0.01589027272372078,-0.017437005876045113,-0.020162928380679984,-0.016269970068429798,-0.016699339397375407,-0.015020157002573552,-0.011312964326707727,-0.014427621110542126,-0.015940363558731213,-0.014805961676964526,-0.016231772465851783,-0.01779350284300249,-0.016681066284893204,-0.014211165308822844,-0.016792557447861844,-0.017372682035802767,-0.015070107402244352,-0.013762917799324032,-0.016554047365429786,-0.01740329521207963,-0.018832864956461574,-0.01657090276665657,-0.012909791514218576,-0.016704219197537507,-0.017311045941178653,-0.01639372697323193,-0.016669295853441714,-0.018234635054927336,-0.017240019641020756,-0.016505768667114975,-0.018794835985002124,-0.017853082774565737,-0.015356760878818956,-0.01699635502923907,-0.01783238194757976,-0.017287088581084818,-0.014909754243202039,-0.01648713838296519,-0.016548715193459133,-0.01620380689199554,-0.014570076408122568,-0.01530975404660415,-0.013189738833919846,-0.0167276197526305,-0.015727139825817363,-0.016008878407658807,-0.014902025647983073,-0.01649385399360795,-0.01563335947959206,-0.01704518659533437,-0.017723292959560325,-0.01486706644320782,-0.017546924808951602,-0.016774880415330692,-0.014533532618274628,-0.016806700372937185,-0.0165045781374159,-0.017060382756880967,-0.01831892890063854,-0.01677344733528909,-0.02025157774454434,-0.017537336333403104,-0.019705690170118917,-0.007198452938171111,-0.016388892407904185,-0.015105049993143903,-0.017168802238227494,-0.017785275737995196,-0.01760719526217868
stdev_user_sum_1st_person_pl,0.019898081398681274,0.019251713068015815,0.01991417068674104,0.01959340273438247,0.02118268785010838,-0.004060458504288652,0.020822209965111724,0.022006495295295754,0.017652701110280108,0.02229486867177071,0.016082480111834108,0.02104488681027291,0.019476992176841096,0.01203352586043292,0.019025236920456,0.02020203861442676,0.02343038009678999,0.017559929078250807,0.021132757604261143,0.013803004576592977,0.020086533584482053,0.021049206093741276,0.017746466998923304,0.02045009871150735,0.019831087618072472,0.023029165183364196,0.016219827443040638,0.019198614635244256,0.01923346668055588,0.01907751386516219,0.014821018131269407,0.019757868850307954,0.018126632701688964,0.018005909932092723,0.019463631334826124,0.017238347637715236,0.018341237910135148,0.02268997951816797,0.023369622475480772,0.016574336779094468,0.023054177677404038,0.01576997899208305,0.02025595736513092,0.023225448945489464,0.017865773862759806,0.02667479865738298,0.01977298912423447,0.020191061748374952,0.018369305609162286,0.024810065862609244,0.023167833032995636,0.02006492359355582,0.01944229896455411,0.021034645159846422,0.01979499688084869,0.016145006479317783,0.020827153892116826,0.02259053562271829,0.0198700385993165,0.023063806164222083,0.018953549084424343,0.016550482268818598,0.02022352354819482,0.02021673847037377,0.010964332139220214,0.01926565228870513,0.01864105816631939,0.018805077304022814,0.02017950090000693,0.01939920765385598,0.019650347869996445,0.018978611373725293,0.01854917312152523,0.021884460975892993,0.019893506168202558,0.021555797094933625,0.02731035270702337,0.018789739923256877,0.017853256714036234,0.026690133847996855,0.023157104481053115,0.020510108169181362,0.019813776472799735,0.0200112436008459,0.019346657382710453,0.021279302492982845,0.019864987571779978,0.018804071490660386,0.01817016409018819,0.01776934370973139,0.020633367853935665,0.016598997831300564,0.022293221651622945,0.018572703494661034,0.01976155135859245,0.01992501008239327,0.023099898668034722,0.020038907552061874,0.02002034119739079,0.017374503168686706,0.018226109990163223,0.02004155151976308,0.01776308495337681,0.0186029617330675,0.020696314975959453,0.019054453009984502,0.020130217184017273,0.020686184369075756,0.014747057683413455,0.021653322578902057,0.03036673739136043,0.023725876596140512,0.01989030686091933,0.017691274823577137,0.01493694681355957,0.01763677466745886,0.020495061412266022,0.01963287191556285,0.01987084318280201,0.017920848629106378,0.020343149924147097,0.02012035337846634,0.017084982221665573,0.022996945156057828,0.019917644251204177,0.02366668882606288,0.020092157230753076,0.020847962743628812,0.013896472216274809,0.017694068513063068,0.020761820849181396,0.01915279815401281,0.019795201089158658,0.020400898360393514,0.02069523450806459,0.015916324307762637,0.020059401063240064,0.0207244665997284,0.020376130603736102,0.019362663088250184,0.020379409995029102,0.020118324545717832,0.02149451557657349,0.024817606251118632,0.019764035550392512,0.017100289661115993,0.0166026957060754,0.015737253297096444,0.024146378511271372,0.019957761325691516,0.019929243194038545,0.018547053389027148
min_user_sum_1st_person_pl,0.05091198050958845,0.05048463583294769,0.050123736818433684,0.05061245274220343,0.046416776246364325,0.04196282022395448,0.050129251923455666,0.053159041341762914,0.05408881872526739,0.04768923353054843,0.04915036430849483,0.051653977501708324,0.05097766023761245,0.054909936180911896,0.04962955084714666,0.049039576892369464,0.04745458474419241,0.05189694234670611,0.051727660680234745,0.05281815647785082,0.04955579301178723,0.04729215343214726,0.05183620047262314,0.04868850018550528,0.05044704189921788,0.05015518365558435,0.053053856521223484,0.05168388700458842,0.05437281270672785,0.049610734557675354,0.050838847264294704,0.052247363412863984,0.045551900830664765,0.04891955068496932,0.05081919946929477,0.051180801150125306,0.04907397435205396,0.04591061776878571,0.04975285573992205,0.04861598687838632,0.04969882342044997,0.049956981021369744,0.050406788579217605,0.05062865954096555,0.05182722538409515,0.03975242760035188,0.051678538409032124,0.05073912046003551,0.049894839402874515,0.05368308528627107,0.04496312033422211,0.050601806936950156,0.05071254689233862,0.050586101249486495,0.05041166551331118,0.050788318871258176,0.0542677414816426,0.04013633731646833,0.05104104045696999,0.04603969649193536,0.048108572836353114,0.0509804815436308,0.05056300034736745,0.05063476097809938,0.05673252857055582,0.051301247932779376,0.04918912236912821,0.04910827104929069,0.05224255116236496,0.05034808345542779,0.05112496869735894,0.050360188517612064,0.04884829556755113,0.050229827253916906,0.05041448998941031,0.05137007106668733,0.045385604664896585,0.05377580703231816,0.050042068233856964,0.04887990600582582,0.04435131063333164,0.05024899020316138,0.05122327707456739,0.0507469238772064,0.05261834170986086,0.04849369508431499,0.05107813918027981,0.040926374397298994,0.05264644248377091,0.05885919971064521,0.05450310565058443,0.04517566691165305,0.051307352222122515,0.05434655101208575,0.05064679841214956,0.05060672967283625,0.04397677802520688,0.05055456388058217,0.05023138550131901,0.05321858768801625,0.05511652572898045,0.05069411450770676,0.04810733125704967,0.051607581748834945,0.04853166664713694,0.04630751348355999,0.051112944968648745,0.05037343590757465,0.05005796829975136,0.05338254520696235,0.04281904262274268,0.04874857620518909,0.050947327319578344,0.051205358911291056,0.04736002688150856,0.05289320356030166,0.051951177019660115,0.04969134013124596,0.051792811637707936,0.05354871698428543,0.0507332249491734,0.050650005744938234,0.046775883539853284,0.04389120551342382,0.04854661464360964,0.04775605078201705,0.050673119916105985,0.05080407798728785,0.06006606860559205,0.04921927271745543,0.0510751126604102,0.05177395175249501,0.05109347345390813,0.0509860557194508,0.044353312198941355,0.04801826431459138,0.05055440391028964,0.050341343363680124,0.051021314904377016,0.05065036809264641,0.04694597383869085,0.05270126747794232,0.04967416425650465,0.04838690420998449,0.04963821459048769,0.038486872726047075,0.045811334557094935,0.055386149490657316,0.043298107261420686,0.05091822560336327,0.049840846754966625,0.035487239710145786
max_user_sum_1st_person_pl,0.0337070960715056,0.032863768232330975,0.03336560996871325,0.03334859285813681,0.03324352659213245,0.012244978302198738,0.03483812036079543,0.036879839089263546,0.03285172156629344,0.03459190905663963,0.028796185750450832,0.03457231487687061,0.03322568603874038,0.029437037416951237,0.03210799589627778,0.033240860935575094,0.03589258816724922,0.03269251983132071,0.03697849916021016,0.0277226948979059,0.03353625055919681,0.033487177317475594,0.03189161398747782,0.03308104181385336,0.03333124257947142,0.03709768795267827,0.03221365833560466,0.033198005577206494,0.034027072625522264,0.031481181236719565,0.02743009309421993,0.03421820381249929,0.029581673276401203,0.031088647949527422,0.033292900599632545,0.031943847889103864,0.03279021779189272,0.034536925711281696,0.03385646370838136,0.030325571908816698,0.03596172075704351,0.028700402997322273,0.033968801373509896,0.034968888648393794,0.0315145396425297,0.03558901300117567,0.03386914303750495,0.03389531895455383,0.032785877227698414,0.0395695683534999,0.03442887210744667,0.03370270159878441,0.03343388343964221,0.03524793104075927,0.03269066339524801,0.03059222351163392,0.0359766078645018,0.032674776003816686,0.03351150226752743,0.03482940653459127,0.03167132200099833,0.031040885139566553,0.03380927552835183,0.03382977571934063,0.03068099558640358,0.03316191171167942,0.031854619536652515,0.03204966567091692,0.03369071127686217,0.03302302685509942,0.033441113397635724,0.03313538562287785,0.032058306661393206,0.03484628616749375,0.033837971255059954,0.035185208689334974,0.0385944228306681,0.03261596530497539,0.03143624081237249,0.041479320367190965,0.03350833242251066,0.03425675113863713,0.03359121742790606,0.03377505537414818,0.03364522678870059,0.034932674038399114,0.03376269972623958,0.028421444449630445,0.03298340509712277,0.03528304545338287,0.03596143192891994,0.027125165735346596,0.036000917797277446,0.033001323488219776,0.03332800667603746,0.033578449031243046,0.03484259842502676,0.03364596504553161,0.03321677728054058,0.032066519880956754,0.03324224899396879,0.033808585020657034,0.030628217747740757,0.032616597443053084,0.03352951564445882,0.03208807400321685,0.03388015785172806,0.03422502937281775,0.028637171260481965,0.03510467899549989,0.04051598582371782,0.03646804125557771,0.03370425771318504,0.030991580491253206,0.028679402817068864,0.032118756192292035,0.0341674615386528,0.0331457909439679,0.03320103804983474,0.03267827738334593,0.034004008025878205,0.033792821622589675,0.02972922459559172,0.03616119163900885,0.03384706938439578,0.03690953882552789,0.03359275466936762,0.03460860116639601,0.030749968006682612,0.030941662551468095,0.03454107389085592,0.03296456910034046,0.033445193880101684,0.03428259155425635,0.03081481720285204,0.029777890972046302,0.03365736125944647,0.03381377543261253,0.03427243758359852,0.03315524342459549,0.033064385974667675,0.032991063861304015,0.03450981091444489,0.035639744971646514,0.033317846104441176,0.02835113185801266,0.030331448460534535,0.031573449775728575,0.03605490042568828,0.033654747617301334,0.03347635723202114,0.029753904262140012
average_user_sum_1st_person,0.0646659556141699,0.06509493842901341,0.06472952564184838,0.06486823553348542,0.06491676145122774,0.050058537777638905,0.0648855841023522,0.06406918451760071,0.06166162866314469,0.07091622126599262,0.06503514396003322,0.065604187506594,0.06453973751533992,0.06352739076146491,0.06509607742171228,0.0666650799275094,0.0653406975592567,0.06247969300902576,0.06628398486382392,0.06783526718765169,0.06438318317730873,0.06517831457171443,0.06499181526729886,0.06346074265347403,0.06523217613020556,0.06201105343025755,0.06329769919607055,0.06457895636701226,0.06548684992542872,0.0637226931909036,0.05099615773793545,0.063436130556715,0.05954191114552529,0.06662912073671867,0.06422659310435747,0.061200893518284095,0.060399804661932815,0.0606881912498569,0.05866024821353735,0.06349287525052909,0.06435923130564791,0.06395882466372854,0.06475765769784386,0.06601069497890708,0.06784845383779455,0.06660310551901126,0.06512211042702623,0.06450060919005908,0.06407846485578114,0.06525572385362258,0.061248176177416,0.06480585406790615,0.06453214036924,0.06462657153882177,0.06655372841482794,0.06492112534007838,0.06633507363467027,0.06587077780457803,0.06597341185646578,0.06261448943001438,0.06467031644705333,0.06524808509135764,0.06462248517641223,0.06487659321350302,0.06196018876237151,0.06409922942141967,0.06570017877127124,0.06420688631556654,0.06382451605869838,0.06490438364929364,0.06357617265473421,0.06482514314729712,0.06560744150817223,0.06337105430686485,0.06567659177145205,0.06592367970556758,0.06384724669139455,0.06463675942844135,0.06489599751270947,0.06213656719030658,0.06495149956033364,0.06415000095648302,0.06558507095502542,0.06452930989701577,0.06767852957695297,0.06246737439682318,0.0648941278183196,0.05766528171175348,0.06396492412453375,0.06455804532132711,0.06256487624896642,0.06460989420961029,0.0684606908474914,0.06213410686275701,0.0661544354800985,0.06468282787404851,0.06203988663986211,0.06479556828234237,0.06477081366004467,0.06304402489451638,0.06422248693955904,0.06395312168627992,0.06664730242308536,0.06365981641510356,0.06497230453598977,0.0673726412148957,0.06420136927039821,0.06431759000321588,0.06074627923511692,0.061358853306687444,0.058693494700534796,0.06107664782926775,0.0647895524171114,0.06558523690447818,0.06378067109351906,0.06164148226822706,0.06440233287333078,0.06587207948170838,0.06432393026910103,0.0655012963020351,0.06486503306501992,0.06433902427184914,0.06505866390002875,0.06361913026993368,0.06251787137611572,0.063589534744035,0.06466633463709436,0.06423982982894855,0.05947329380148488,0.06297920111326095,0.06364370928358386,0.06379164728469235,0.06536868922871868,0.06561885844199883,0.060241612861561,0.06096196857477777,0.06478559689845995,0.06393652089005167,0.0648799095319147,0.06506023192568702,0.06395515858739781,0.06537821666560446,0.0649374320517249,0.06406480385211703,0.06589107859316021,0.06360890938652906,0.06740060020289664,0.06688388319521155,0.06427255292571013,0.06390199376272986,0.06686502544524559,0.06452918551268749
stdev_user_sum_1st_person,-0.00393771451154012,-0.0033576542386678718,-0.0028754538419902744,-0.0024834389916251077,-0.00775472882075498,-0.0006573571533551642,-0.006509278331723808,-0.002377148773067132,-0.003122286012451885,0.0025208603449948814,-0.002802731464890636,-0.0072131016107381315,-0.0030356494778363916,0.003144013234100738,-0.003787801169294225,-0.001254488833614167,-0.006026444683636256,-0.006793563195874106,-0.005449058439288569,-0.0012909791576953822,-0.0038606942656054383,-0.0024793774891983646,-0.002683090573766367,-0.001633706773000605,-0.003395782262988721,-0.0040431662179410514,0.0031142470832725465,-0.005271925149256083,-0.0023520027755692917,-0.005306638037625103,-0.020609785259419394,-0.005241983515056213,-0.0010662404606220192,-3.142143268299556e-05,-0.0035141553610538202,-0.002132769878020394,-0.006834238859933042,-0.0017792502552055182,0.006862969369135567,-0.004457356536981494,-0.0040232069099326515,-0.004373318082576025,-0.0036751599277621717,0.00048418372369846835,-0.0017455641412438688,-4.840174930659594e-05,-0.003687607995787879,-0.0037033376629645974,-0.0022563026262841686,-0.0016949883025850782,-0.0019155829249313666,-0.003594805045747642,-0.0038269338199419254,-0.0036137233387415254,-0.004436140146328357,-0.0006873921181341502,0.0019299890330625614,-0.004777785845550244,-0.0035902155043693682,-0.0053135789643998605,-0.002304869007617745,-0.003539788942089804,-0.003807062029258997,-0.003668983088944845,-0.006331244775709298,-0.0030086628799783867,-0.0031281503995856073,-0.003049784596055779,-0.005860206446693569,-0.003738458248082004,-0.004277979598310413,-0.0046455014614463,-0.0009192083688276858,-0.007112892938191513,-0.005231582544066286,-0.0038311935981215827,-0.00027477838598283406,-0.0016874801643303045,-0.0017776741172300763,-0.011048984825695217,-0.017869975353323325,-0.0028479591683616056,-0.009540418183934982,-0.004886056991433132,-0.002087302775240815,-0.0025050971534859422,-0.0025610512143446947,-0.003675321719650004,-0.004259312104973047,-0.006074447036704449,-0.0025742279308364324,-0.0032334382703597267,-0.00818615472913048,-0.000932768912279015,0.0014266554693212544,-0.0039013447850930073,-0.006834138891456136,-0.003762527177832903,-0.003918153754868505,-0.007112408075347564,-0.005406547509199637,-0.002794589618547159,-0.0029690814547462027,-0.0008912493027410269,-0.002720406343405109,0.00026065143509990465,-0.004343310481432665,-0.005110740247902552,-0.006186760945889236,-0.005582921282145684,-0.004603425797426496,-0.008035498420107689,-0.0030799717506442854,-0.0026920259255377573,-0.005990603887901824,-0.007728088655232567,-0.004669495415080913,-0.0009495636402728179,-0.0021616066931833353,-0.005043620178803837,-0.0030311155341170345,-0.004022714821266959,-0.005440405288840289,-0.008769912672252474,-0.002140475748632075,-0.006340702219044459,-0.004076420728442149,-0.0029944240596360104,-0.00853980424968901,-0.007792615735921587,-0.0043792658639538575,-0.004469532790250895,-0.002867466020319308,-0.0016422118205842821,-0.009320219384775376,-0.003689431472972583,-0.0034492864717833244,-0.005016323239176154,0.0002787980990225586,-0.0035992022224628105,-0.004636789226854192,-0.0038055581363332907,-0.004357043015700769,-0.004330298154428314,-0.003169932100286703,-0.006342369831855805,0.005803253745515959,-0.001276298057998523,-0.0022700999355890084,-0.0031414707283518523,-0.0016385209659077844,-0.0034642299231766394
min_user_sum_1st_person,0.0167000426398494,0.01747996080059179,0.01739768381140719,0.017347196279194937,0.020144232582739556,0.013736280535227942,0.014595085573903053,0.012087672922765351,0.015117653473556033,0.01583702820851729,0.018911115417990072,0.018748925326396677,0.01646351019631227,0.019280450916798135,0.017246895359381287,0.01737944491347449,0.01789220754098493,0.01988675434627929,0.01411571840872503,0.01678128441069761,0.01675712348836147,0.016554791099985183,0.01638675700119223,0.01602283068735144,0.017014453666694525,0.018826603204097805,0.017828528203300272,0.018022407714433003,0.016822746266818622,0.02017282513762588,0.02818778036268531,0.017619160145912676,0.016391562726699848,0.015842925628190924,0.015449448042082868,0.018649133773635133,0.022523880662539283,0.009091587823490795,0.02504662716037573,0.014922853330352091,0.0190326637961249,0.022243355690920043,0.017141805740400213,0.024878505246608427,0.01999918295985654,0.02184088931732842,0.01652360394257632,0.016999865990913653,0.017252830408085413,0.014989292905539766,0.008145378998185017,0.016913463804378123,0.017684450082493336,0.018929908053493247,0.01724883621888445,0.011402021261752718,0.020551558572903455,0.01886516926242113,0.017659235703993376,0.015376426413320965,0.014941114225227273,0.013462082901287038,0.016960436836211568,0.016943893797653008,0.015469645111119895,0.016555222908676497,0.016360513113650305,0.015532528505838647,0.02289030273160285,0.016772637325895512,0.017718055882651247,0.017215285975506704,0.018635273189760517,0.017662909390048928,0.01831178734844203,0.0163079828945902,0.00714409655476433,0.016221900603610985,0.017019601011707144,0.021734219731330856,0.031839059471164596,0.017365635831421034,0.020207404862221306,0.01656211009545959,0.017817507067224903,0.013630094768638575,0.017119181998575046,0.016113648384651964,0.01924884401843454,0.01780774085613293,0.016163352393939182,0.012284199318580262,0.03382113032764372,0.015100898078854287,0.016268486519947133,0.016726121812084445,0.019129566321687066,0.016864252052560313,0.017011724621522735,0.01848909200170727,0.018235064941332632,0.016958823327621535,0.020957545648109366,0.015283532824958056,0.016157807048891443,0.02064743981715109,0.01688850298757972,0.017369353552776363,0.011822890263690673,0.018112982929244154,0.023549918957310137,0.020284747831049353,0.016832523363358477,0.01692737289760189,0.017909242582267674,0.014654978033689068,0.018036761556682646,0.016888702651606132,0.015255441212558406,0.017881901670859547,0.017115876928988256,0.016641591494912233,0.01306551333662846,0.026307056510764315,0.015425879677934781,0.016588726525889306,0.01784448103339976,0.0165425957919648,0.015353248028286106,0.012808311829187569,0.016894489506758793,0.018331635944697548,0.01689193171777606,0.015613511003586315,0.015531347509280057,0.016844672695621454,0.016599754406883483,0.01821787973779803,0.013988306625474366,0.01721516254889111,0.017339335199146832,0.019511241666587752,0.017729042682720877,0.016828321545177334,0.015432131053932817,0.012596466151158735,0.008224990670857708,0.016291036690483717,0.005093966499757412,0.015215426111494956,0.01719910644328224,0.024619693624704248
max_user_sum_1st_person,0.007876860481267053,0.008440610690580917,0.00879545394913344,0.009115337989024482,0.0058598129357897615,0.006492281194632187,0.005239040298363386,0.00742216477385438,0.007207978067669945,0.014155022736394927,0.009259094750263477,0.005619969808521293,0.008402346255780046,0.014002461145829082,0.00845575872497683,0.010546701372260929,0.007227803021167394,0.00556841503610012,0.005709408573001299,0.009892826600380374,0.007777032845889622,0.009002322991441627,0.009116938915842384,0.009232608570119618,0.008302979429517049,0.006828017425744389,0.012836244810691101,0.007028911561624134,0.008476484594347954,0.007416767146262466,-0.007707934834368525,0.00671997039415726,0.009898830901390843,0.0108658314452319,0.008121884037918616,0.009422337100676876,0.006777362745995105,0.008127080598533768,0.019444911234234127,0.0073938525468785895,0.007761688281277067,0.008785256867682896,0.007998497820663813,0.01581145551229183,0.01068478566550763,0.011329228541680829,0.007733993600478332,0.007908101596519043,0.009699289739925135,0.009364568625161284,0.007661942920418979,0.008072313542218186,0.007971360186970615,0.009063727395561839,0.0074791473592013095,0.01039166863144158,0.013336622997260208,0.008036938722357124,0.008493278580952434,0.00659464894118845,0.008703002211995114,0.0076430865920985155,0.007839979823919114,0.007990032633639267,0.0037748726306990788,0.008349903391629625,0.008825084151712287,0.008043333294111091,0.010056645749495408,0.007920307721975113,0.00746204166427737,0.0068831127888091485,0.010962182795423082,0.005186550541274395,0.007121747335349831,0.007637679940984498,0.00980099117461306,0.010137728641312401,0.009566652419660432,0.002625868450488419,0.0017937399310759472,0.00861181359089207,0.0045755424576831944,0.006758755920849713,0.010796926624065077,0.008560416562104933,0.009244495569022237,0.006449704784289301,0.007555028111087967,0.0049509770815189345,0.008139505976163216,0.004930632714277648,0.008297860710943577,0.009351796000461121,0.012406487046009596,0.007759368795586634,0.004522811750051942,0.00788287336028208,0.007961025388000087,0.005032134678709539,0.005882189432811798,0.008568674688385958,0.009762729231355627,0.010013231393061468,0.00916226097690766,0.013093925193188236,0.007228316665276199,0.006686772473594903,0.0031837401680748388,0.006268085046692865,0.009562245239952428,0.005231464237180377,0.008542866767749202,0.009077527965825392,0.005066456315364547,0.002885474371714723,0.007417657437815038,0.010529403615412634,0.008538923301138143,0.0062173730885694035,0.008628066048260326,0.007595189683002149,0.005482204310532881,0.005107507490617178,0.009157067762093563,0.0053252014023237445,0.007936098747105578,0.008383986538125408,0.002366338433335018,0.0026110707244900826,0.007167226942389359,0.006840561410518113,0.008660956174141487,0.009793807388491626,0.002846790870666174,0.009094775206656594,0.008102126785708201,0.00734854470461121,0.0104118725061687,0.008082857672145023,0.007437247116631929,0.008964260583011844,0.0076628105942862035,0.007942752116460153,0.008391578626111467,0.006218551290404739,0.014864778137296513,0.010212448001529172,0.008212776674350948,0.007608943847302572,0.010767344624716678,0.01272075159031381
average_user_sum_1st_person_start,0.006502888513991058,0.006611833610140222,0.006551768716304696,0.005985350682703015,0.0070304399934731955,0.009978083943892746,0.0037371160512325334,0.0062583825451621306,0.004178759433487097,0.005245435430102777,0.005715536497067311,0.006892972313197327,0.005937754031149901,0.006619915076782854,0.0047627341086888065,0.006059625643402776,0.009994567555284481,0.0044504182030565935,0.006263610176825928,0.002735254808882542,0.005890407447107858,0.004717902906827433,0.008382446577361449,0.008060765704608824,0.006034787870746534,0.0025821611094823766,0.009134267944722668,0.006240284240899979,0.005393842189033043,0.006548689842410785,-0.0002902210819496955,0.005579452094996295,0.004878313005279558,7.131999110024899e-05,0.007010541319007187,0.006501733987783207,0.006097985407621988,0.008321805276426978,0.005109055768062164,0.003396617393034671,0.005269135238058022,-0.00010646976151876958,0.005840951125304077,0.006523422191028918,0.006494270332317045,0.0066641008297197895,0.005890204776012568,0.006104303360979785,0.0048134338518093425,0.012025154117725381,0.006910791173960459,0.006188031005140406,0.005694549700635815,0.007429363020435767,0.005119200407358967,0.005052391326927934,0.008166730111188621,0.004241185367579166,0.005422129143996127,0.008948816279395666,0.0035301533486307764,0.009459956461317396,0.006312910561615497,0.006043530948024222,0.00859001803873274,0.005790898948484248,0.006681112146617716,0.003573803842164357,0.005573209855515967,0.005945797552127927,0.0062975198536842315,0.006374342515489495,0.004288939337798239,0.00463779039665419,0.007084677809524594,0.00502590882382671,0.0006111513793788693,0.0058063216308553295,0.004023248151564538,0.010355707096945856,0.006147900891793313,0.00588526496130311,0.0068195600877782765,0.006605890734473305,0.007013171751565262,0.006216684511048617,0.005168771587274287,-0.0019783968819505953,0.006766975927767935,0.010733024332955936,0.005795065733746253,-0.007625497549927142,0.012754162380483021,0.007711459287748271,0.005253598745045228,0.005928006038612086,-0.0010300735531529855,0.006368413857231996,0.005790491101636601,0.00671234734431784,0.007000716177564338,0.006085572941284767,0.006941240988588464,0.006420188506944978,0.005706200236350822,0.005252770002550997,0.005984940792371843,0.005146878781363816,0.01680154372257918,0.004862654699112484,0.0016856666121558735,0.006652734384091115,0.006206846776415335,0.004269920531562539,0.0012628443309950438,0.012952564002290879,0.005829974102243001,0.005932268338909457,0.007330985718629362,0.005852110395034046,0.005934479680330081,0.006310782111924148,0.0067127512881810444,0.006068028304388317,0.009029948707145208,0.004068751790620307,0.006944663452757424,0.006405705036215321,0.011813332301054014,0.00517475549697517,0.00600883994851281,0.005723864582496238,0.006329655198508732,0.007381463645115054,0.0005636189028939351,0.009259798242020799,0.006246268054449644,0.006537253927337047,0.005690692307094874,0.008021535729044196,0.0073748462769152355,0.010202533922222892,0.006694664351130071,0.008508075200605203,0.007227542620316272,0.004133845893546826,0.02023866495531408,0.003338791273679245,0.008477285833170924,0.0067591768080133875,0.007387597292901352,0.010674341812502347
stdev_user_sum_1st_person_start,-0.03884751785431528,-0.038679596720186615,-0.03893435202709154,-0.03855839085555231,-0.03519333334982163,-0.03771522860364652,-0.038339695584128725,-0.04145508930871045,-0.03950175848063312,-0.03664786232495855,-0.03882609246820169,-0.03992522933302537,-0.03903786024864837,-0.04900631749189604,-0.041035330245760504,-0.03834317944226784,-0.037392863592570845,-0.046510249301535425,-0.043278087674907234,-0.03870372600682086,-0.038614019900962485,-0.03859061846926271,-0.03643914020789292,-0.03503597610609547,-0.03777116975457783,-0.03353555333798979,-0.03696580798574019,-0.039582942447522286,-0.0403067238892961,-0.03665720277668319,-0.03161115480151766,-0.03836169181613431,-0.04629007409416903,-0.03283035867723143,-0.038310548302580905,-0.03459104568030331,-0.041020767557255415,-0.034450809580139616,-0.037915931379160016,-0.042416859896870114,-0.03664711061088313,-0.038455393317270554,-0.03907714207415279,-0.04210493971711628,-0.039099283969059324,-0.035978811991182004,-0.039081891928403514,-0.0385955747002416,-0.03664006244466736,-0.037868478596578964,-0.03926285300656247,-0.03875518919258355,-0.038872989395202305,-0.039545423550316955,-0.03771281300418864,-0.034540232482409845,-0.03805028615290039,-0.036918938930068146,-0.03993517162943244,-0.034605487320365454,-0.03893152798430029,-0.0359416669990711,-0.03845348739488156,-0.038806838584663675,-0.03144315587934616,-0.039397317636857956,-0.03948886806934889,-0.03936381846040844,-0.037698493360467,-0.039643588681866924,-0.03813018721155644,-0.03871826455216351,-0.040826170629563056,-0.03840126043073731,-0.037779507216491315,-0.0387757232502101,-0.034468710878877526,-0.03841241261583135,-0.0388189462877891,-0.04156103861158106,-0.0404123963187236,-0.03844631361493468,-0.03882490041376579,-0.0383644820583714,-0.03916126031432621,-0.04626820628926424,-0.03929491023315959,-0.040346808825540564,-0.03789744931927207,-0.03503110647782244,-0.039936577820289296,-0.038661124921294275,-0.03718537068553741,-0.036420221815836755,-0.04024151170637652,-0.03849191158464038,-0.04195911457726435,-0.038599727551051136,-0.039661611145138456,-0.041202034204765425,-0.03818034311436902,-0.03899645065142472,-0.0357487877736699,-0.03870429227596616,-0.03618862721845001,-0.043507494722571004,-0.036473137961087504,-0.04135031032096664,-0.03672761620643656,-0.03579662365729769,-0.04207220857522452,-0.0370994408844563,-0.03875728979191355,-0.038788060113393585,-0.04002563727033109,-0.0378905353908048,-0.03648493844756759,-0.03844633940386175,-0.04056360281782644,-0.03907771437726009,-0.038618210420646934,-0.03863322564214626,-0.03936344367942241,-0.03564519922239499,-0.03454960582347754,-0.03909041025916077,-0.038204593640982415,-0.03851257891294364,-0.03961095849144107,-0.036840471691028956,-0.038906786658123055,-0.03174871092602141,-0.038677045483929695,-0.037792055764997556,-0.025227218522696267,-0.034414024411001436,-0.038517636528757254,-0.03750982397850601,-0.039491727011447424,-0.037735231388395046,-0.03815796069445766,-0.04097056688868887,-0.03890187554385299,-0.028433763375608004,-0.037219806453019734,-0.04306248429785097,-0.035335855236507764,-0.03749266249130026,-0.03488226461026459,-0.03769130640780517,-0.040834852055262126,-0.03295860168139394
min_user_sum_1st_person_start,-0.01690223002436997,-0.016573574166834505,-0.01540810007573027,-0.016048956360908466,-0.01546712450435913,-0.009266168319702998,-0.015081172325137646,-0.012262220905316833,-0.015178442603494388,-0.016075007100729656,-0.01462300957015189,-0.01727271070441823,-0.017002219818328095,-0.011111804156376026,-0.01593944464778822,-0.017351357697092108,-0.014754872853300734,-0.018434351763806353,-0.017075005207047453,-0.019210821519517786,-0.01731506639543729,-0.017620829780447364,-0.017129426107446895,-0.01617335364799353,-0.01820811877573677,-0.025405300708235896,-0.016299134315406034,-0.017669577233620306,-0.015503053951397066,-0.01426879443569731,-0.00936882653161903,-0.016659150811718093,-0.012390748998562408,-0.018611148641984925,-0.017680095381075712,-0.018165256006431013,-0.014613390534286107,-0.016845662937779976,-0.007537864521345441,-0.012971039584604698,-0.020452853729907475,-0.014144128690963162,-0.016895495346789607,-0.014397471227924234,-0.017826962804334823,-0.01446179515810697,-0.016726626913399115,-0.017728268994516273,-0.012977870257006821,-0.013568815160569785,-0.013405623692492428,-0.016935167638188052,-0.016632502989317288,-0.019309870956477453,-0.017854162236413833,-0.023650456184566432,-0.024553611902618802,-0.020847617287068458,-0.015970545604607436,-0.021996628611562194,-0.017516455004223865,-0.01513954398272209,-0.01696385701788389,-0.016923575026228346,-0.022090680864647903,-0.01643511390296481,-0.014421669540739155,-0.01663885664074634,-0.015024499996028319,-0.016147146194011502,-0.015699421972337792,-0.01573130877165458,-0.016921136623715458,-0.01716134128090157,-0.01812194347363138,-0.017925005687266755,-0.026576705982015544,-0.01580734774306277,-0.01655628181029281,-0.0023215298938250315,-0.011467990901503834,-0.015948041654878307,-0.015715104687644345,-0.016765139050768874,-0.01576403335593025,-0.017219342669803774,-0.01725719312625626,-0.02441514337273381,-0.015899996731542007,-0.018176717014939586,-0.021496994245547227,-0.01728142706695448,-0.0045150047101834385,-0.018976288946348945,-0.018387548127005268,-0.017344483738207364,-0.021742970443819815,-0.016886723461485433,-0.016308502335844372,-0.015680623694901443,-0.015121384333417141,-0.016866242964036465,-0.016803062756745014,-0.017104788789380578,-0.018832642648483423,-0.013115048885677289,-0.01784596737529346,-0.017223605550282486,-0.014241749291814248,-0.014652888262875606,-0.013803204942199608,-0.015862920587970494,-0.017115658512766987,-0.018893573384624718,-0.021187923708322634,-0.013911433357147382,-0.015582310027997277,-0.016477420325405466,-0.016237858597814955,-0.018028424152003626,-0.017058241937094265,-0.016899318062635803,-0.009622879557782248,-0.016191717041357523,-0.020675346283867406,-0.016163895165343972,-0.017440466974603254,-0.01721611937578172,-0.005198033354950768,-0.01599501108401518,-0.016895858262602675,-0.019991138832464676,-0.016886288353740515,-0.016936692869672657,-0.016772974828146485,-0.01891807561106225,-0.01706654834190329,-0.018348791302777515,-0.01549408878141404,-0.01560137830866972,-0.018540626404793162,-0.014027953614644222,-0.018395513702676208,-0.01764124539123836,-0.017425742418340752,-0.012503245109352199,-0.017294782162508397,-0.01521784165693302,-0.018779060474459743,-0.017430409099884577,-0.012823688504761684,-0.012754626468644219
max_user_sum_1st_person_start,-0.042181592652743474,-0.04205018455361324,-0.041932659168541046,-0.0417945411990484,-0.03884242418598634,-0.03713729161587563,-0.04237381203486192,-0.043269254869187215,-0.04177546113820331,-0.03963251734049939,-0.04145619524402234,-0.04417737417350536,-0.042665417622082466,-0.04835943545476705,-0.04403620579169978,-0.04206885111394111,-0.039899408353182425,-0.05280200669669487,-0.047102415857600576,-0.04408589146076438,-0.042339754118062366,-0.04220952484649158,-0.040103940502271604,-0.037665648989791876,-0.04170934790232093,-0.04089486098554351,-0.03843226443382937,-0.043384281394576604,-0.04301004781267834,-0.039098816866712176,-0.0345809383347188,-0.04247648894711139,-0.04717002832171196,-0.03627643467336528,-0.041974546427834374,-0.03927019605698747,-0.04339940715043518,-0.03691465201866817,-0.037039935424065175,-0.04401268939328557,-0.04224336649422913,-0.041564512029821914,-0.04285959380202856,-0.04582659686687444,-0.042581683341295806,-0.039178964129174314,-0.04256533666018809,-0.042804849108775654,-0.03810045867988872,-0.039069931772577414,-0.04222725933988591,-0.04232795694520438,-0.04228151841265616,-0.043094060891481774,-0.04211855609819345,-0.03963676929752169,-0.044061047278542584,-0.04184039414566627,-0.043207886683085506,-0.04000641910337972,-0.043496770581442315,-0.03823657285540435,-0.042052148526690265,-0.04242227007561704,-0.03239878383785917,-0.042570149535917264,-0.04181648734000782,-0.04422272133469744,-0.0389912402244349,-0.042940601199718334,-0.040939924287395256,-0.041780560569260126,-0.044443276180442824,-0.04259979557694584,-0.04173092586130372,-0.042695812366651244,-0.03968752812006659,-0.04140869082489679,-0.042162399582058245,-0.04449909176885301,-0.04259759217038672,-0.04179222564434884,-0.04165652223019309,-0.041548966552030525,-0.04191902463761815,-0.04921133765004865,-0.04292464555839166,-0.04671532021342353,-0.041492949440629076,-0.03842856062636108,-0.04413796082143105,-0.044594230215587394,-0.03573873334647618,-0.04015670614946779,-0.04439532642907585,-0.04225478307180871,-0.046652278881123575,-0.042169715337188815,-0.04302463456342662,-0.04445374733690025,-0.0406598619504607,-0.04246696151797196,-0.03840563458545144,-0.04161467447556603,-0.04035671818891993,-0.04583258541471621,-0.040393868662735435,-0.046006883081734555,-0.03695311779423509,-0.039839077385755164,-0.04551564892422188,-0.0408560082541673,-0.04228396794691392,-0.04359334791566424,-0.04391275601851183,-0.039275151927546825,-0.040400676747828344,-0.04219292834861417,-0.04425800278787363,-0.04313750604068259,-0.0424395087976397,-0.04213071446989955,-0.041180947226928895,-0.03883357064352625,-0.037796357722113476,-0.04267572225577132,-0.04191967298743171,-0.04200190897158793,-0.039636124960136965,-0.041052395855265274,-0.04264596810780613,-0.03701428031682175,-0.04220710509126183,-0.04073724426025245,-0.031812878925658615,-0.03801374993095757,-0.04215309737306596,-0.04184107052714294,-0.04251236829188905,-0.04055113002104812,-0.04198967128309602,-0.04382794503822838,-0.043235842748966344,-0.03380223776166947,-0.04066347961594031,-0.044141395159563536,-0.03577551095867816,-0.04065553552089084,-0.039811334238491834,-0.041191203896985544,-0.042561708741441814,-0.03395970468992957
average_user_sum_2nd_person,-0.018759520353285215,-0.01804566426781886,-0.018484169452266885,-0.017924438134507018,-0.01571393884147263,-0.009508672705346062,-0.01766764223137454,-0.016835028632056936,-0.018852025161764863,-0.016404141686643572,-0.023014865796079823,-0.015633451547919182,-0.018749606677491877,-0.01688802756871955,-0.020924071724475597,-0.01801946642857753,-0.018282818715434725,-0.012657313253956515,-0.011336254589525302,-0.01428975810699533,-0.018413652271316035,-0.017239460149367343,-0.016344405425629434,-0.01916723694172276,-0.018332248947304165,-0.01677082303912327,-0.018708943601678952,-0.017762941848881844,-0.02112184491852495,-0.01881596408233673,-0.017365586399842613,-0.01841228982793966,-0.023623584070026897,-0.019524109514678686,-0.019502828328416794,-0.01817592327604765,-0.013471599085898974,-0.020080374055007337,-0.011156237062303054,-0.02115940616547781,-0.009193192806484137,-0.017691820182759017,-0.0179229714194733,-0.018444873363100023,-0.01671379872346746,-0.013578878236922266,-0.018591939775705526,-0.018611419394644252,-0.01988909179452776,-0.017530579576852428,-0.01832588663420543,-0.018221557679979624,-0.017627657802899203,-0.01635805569746828,-0.015303145045457055,-0.02406980097593196,-0.013450621615160781,-0.017397186231456384,-0.017310798408232596,-0.019089509885351557,-0.01969226612023353,-0.019935954064533565,-0.018572677933690537,-0.01813037531726904,-0.022017283269983402,-0.018528883629276433,-0.017002047978128782,-0.0195105272778672,-0.01981469610839541,-0.017328954575009582,-0.018149370404351616,-0.017792494134748912,-0.018124953110806474,-0.018284140887119632,-0.018696251383271887,-0.019126391666436704,-0.01977885836618659,-0.017939681017463856,-0.017341225081537265,-0.018893151859039364,-0.015084712418686823,-0.017928847725422366,-0.019007658370922526,-0.018458178194866455,-0.021989684777587264,-0.01715320437631278,-0.017306599270514228,-0.017085034544155542,-0.017995341545426095,-0.015759413668900848,-0.018605325557283378,-0.01901692829318402,-0.01690547821249531,-0.014944040609349894,-0.015485400550381346,-0.018185775951981734,-0.021974998159783404,-0.018332037254322274,-0.01909849438587439,-0.016057263620239987,-0.01718080531602594,-0.01794242528276758,-0.017037161166756805,-0.018361439325731314,-0.019580595795307198,-0.01072081247784528,-0.019629883826971253,-0.02018936183394756,-0.01666436956323843,-0.017245633036688607,-0.017659459684212765,-0.02001066622911317,-0.01829017667524972,-0.017436558948386877,-0.023698432415599775,-0.017575936085100573,-0.017996167315466507,-0.018511022110773635,-0.016330893136875493,-0.01718956745531154,-0.018083935216053636,-0.018484741995358663,-0.020525203776961973,-0.01991356227536125,-0.018245037424006988,-0.01765697412448678,-0.01778526796345883,-0.017941914730723513,-0.020272615481273553,-0.014902397858219701,-0.0186383547188478,-0.021800538814268182,-0.017231901388858585,-0.01706506938162134,-0.021687089830109238,-0.017998506046195475,-0.018250118865609587,-0.018325443381596983,-0.017383485238272607,-0.018032525137332507,-0.018331075075687812,-0.02093475401719281,-0.018409617001653257,-0.02112329877753122,-0.01853619123074235,-0.01714019605682309,-0.013989523865249053,-0.014318057978744334,-0.01624030476999322,-0.018797073396420717,-0.022286501649751433,-0.011578478970774417
stdev_user_sum_2nd_person,0.012456081356498203,0.01247441271249902,0.012470983468627253,0.01278476166837295,0.015483729835340312,0.01984104908890137,0.013300402234300778,0.010946785415673874,0.010517149016086382,0.010907321835502248,0.011478212310441802,0.013418311776184431,0.011953101081896811,0.01041878723623076,0.012937434527339848,0.011239245303032212,0.011226801517835597,0.012123176455576526,0.014686501469691875,0.013867012551138293,0.012236899575061909,0.012718803914644482,0.01212254689476853,0.01189316030003633,0.012929989051908968,0.009668457762966945,0.009257798529479744,0.011842950571550624,0.006769180129930042,0.009111120472253343,0.007183080579441836,0.012047739313651124,0.01025785591284027,0.011058937587605636,0.014797955539820353,0.013832576969112723,0.014294233823937004,0.013669990742308617,0.016432472742386833,0.010676146487975999,0.015197746599166968,0.014566838232074723,0.012307415770307618,0.015351474536685622,0.011871790711978792,0.016692731574301043,0.012695012699260379,0.012111307384819291,0.008861992226981967,0.014604542713494815,0.012958168561370893,0.012434198701907479,0.011998828684369587,0.013928121760319403,0.014562887623004936,0.007775875999279362,0.01614723054674769,0.013027774635623057,0.01384989248049064,0.011037206846298605,0.012676032949040981,0.01118137244808326,0.01223618944442936,0.012327728927616709,0.007973240611859497,0.01195100543932056,0.013880225483991373,0.013669840339956146,0.012002064463220842,0.012715068946599314,0.012362495308675355,0.011710521931614601,0.01248031657630861,0.01173926535287754,0.012002052149373475,0.011840452755549534,0.010418267160274431,0.01259986453602726,0.012741585734301283,0.015607708944247435,0.01552695795596452,0.012236693816826976,0.012710907967307462,0.012142613119789886,0.011414436064763878,0.014859522330029218,0.012184014106532439,0.012445807250087385,0.009965165527930439,0.013765928225021373,0.01210596664994126,0.009977794918970396,0.0108170715036571,0.01445832339552544,0.014240166343897603,0.01244168057916149,0.005361687612646847,0.012472766132971937,0.012336306809435236,0.01540976910964989,0.010699061642870962,0.01219895515441318,0.010014302626681971,0.013096146212172408,0.011002819541989962,0.01143304621463443,0.011834959768323886,0.01300600061899606,0.01755584498583075,0.01333953012819984,0.0136113488668167,0.011228284416633365,0.013459088289352111,0.013149556216238817,0.009316379057680287,0.016544691746244376,0.012783936982671534,0.011784764255675201,0.013145066811744602,0.01261292741792463,0.012584261840216063,0.012323295461785727,0.012338233611068826,0.012285934788661378,0.011607652907993204,0.011351330617152777,0.012875153411404971,0.012172264323244654,0.01102921093086923,0.014045812133479246,0.01136921372965208,0.01201789438349059,0.01262523019852251,0.012124675951972856,0.010537326387141253,0.013700055522574035,0.0124387906026099,0.012670435874524788,0.010627699493906219,0.013091874761097966,0.012849120136341806,0.006629664085005737,0.01297889103909206,0.01711402363594687,0.012412657151807133,0.013703561810247775,0.01871390932207461,0.014645800284990827,0.013239290732055068,0.01200031881192122,0.011311523811696509,0.01759607206891789
min_user_sum_2nd_person,0.01646085187944979,0.0155676890099772,0.016370430017848304,0.016087950127825105,0.012829709774730575,0.0032551211119046493,0.016904394481517343,0.015269741378391726,0.01599090027015614,0.01783073208540565,0.016426903919289474,0.018168222139760652,0.01710153253271862,0.024057552138926463,0.01750500732672451,0.016991593551227323,0.018566064703612675,0.016515160296942246,0.012003042599187734,0.015129053470037226,0.01712896661951183,0.0161392347178273,0.016151948208385298,0.018346593930970972,0.016020092734675525,0.0215511184785704,0.01567806714677107,0.016168306742611584,0.01679396733751764,0.015386770759689172,0.02129993087525011,0.015843112957302397,0.021157833209008867,0.015620028716006854,2.1329770430585856e-29,0.014812901436185865,0.009888073958967375,0.017150045005223005,0.017331378423251873,0.017244560797618547,0.01894319125886978,0.01336847809416339,0.016063606649461652,0.01430686415421075,0.01831747177276922,0.009477554855606557,0.017003816265565852,0.01542822373834631,0.014357814921356115,0.016767664347137765,0.016296122159913655,0.01644888964011828,0.01660836930629221,0.020156347044040953,0.013860574652286269,0.009294279853253479,0.01223794839618261,0.01711320802970397,0.01567377985487916,0.014081114008344362,0.016012703368514875,0.014759951399249602,0.016564093805600685,0.016531809567835086,0.0058738855806536785,0.016368912026071276,0.015452538496435072,0.01676783257496003,0.015194634594947843,0.015763910376631905,0.0164203476857901,0.01664139170582743,0.015304013106243339,0.016652299060015554,0.01578742189143667,0.016347611686959397,0.0169486767584403,0.01755773012872823,0.017190335350529204,0.011236768197466563,0.013444615957039153,0.016856135728507075,0.024694996198743775,0.015929647876159504,0.01475900391383966,0.014776616918093382,0.0167025311737033,0.01672572724016963,0.016748985761712385,0.013215378748811669,0.014610169917414423,0.015430786603088026,0.02127893376429971,0.018262628240988423,0.01578825904157582,0.01633216552887677,0.018505198735430384,0.016386800239060095,0.017037601981422658,0.014060767496012724,0.017958893386590884,0.016566430871182678,0.023346670929991646,0.015207619957450992,0.01689128148884238,0.023793890987098408,0.014732455871272834,0.014583465258095821,0.02606842252384286,0.014887941530740134,0.01771547613290836,0.018455538750135062,0.016098582451937644,0.016041341492087996,0.0193812168229961,0.022662957603226046,0.01698733234561485,0.016008385096230343,0.019998468797961334,0.020253728414492123,0.016620445652545,0.016196706094602588,0.014259358809660727,0.01802398585499963,0.015742385299029375,0.016962976408266574,0.016686588938148197,0.015968886762704346,0.014794578031169979,0.015067967493562893,0.017501485640721497,0.017902883630832766,0.016648202731455147,0.017532180374721554,0.019655304053418705,0.013115144503448894,0.0164416616867626,0.016699088251370744,0.01780254162691542,0.01604381157131093,0.014592820553258671,0.013473732575743247,0.01583932531016133,0.011979793036818355,0.017095766414469128,0.01952931135979818,0.007474884496705165,0.017456318634242574,0.016021914132685357,0.01705236214876317,0.015746417427152114,0.019397244289306836
max_user_sum_2nd_person,0.012825262602173612,0.01268171134458051,0.012761237834090042,0.013135412386047497,0.015520850471185892,0.0184571062308395,0.0140371899250341,0.011353920448858822,0.010718670128881076,0.012052291473132129,0.010548092468206045,0.014509955564875611,0.012226679611097423,0.011792772264358087,0.013171593513600855,0.011647744245668945,0.01214733655279369,0.013199735433461163,0.017605927571019343,0.01487088256581445,0.012663418599258805,0.013115320058998934,0.012084709235182742,0.012378430018774398,0.013136071859581577,0.011130919656211321,0.00908492798214017,0.012370629099748384,0.007302278811431834,0.008714671395662637,0.0077958978300706645,0.012632316314734611,0.010522863508837283,0.010645032096615253,0.013439065140698349,0.013623494809100627,0.014709785593736107,0.013998906833030584,0.016868233546505008,0.011093580250194962,0.015960988969115353,0.01457836047311664,0.012655364305095358,0.016206903158469656,0.01286741018316193,0.016913546437885875,0.013071780086731597,0.012405228254016559,0.00925641059192001,0.015417666923169789,0.01298040010779053,0.012785980283541089,0.012386571372904128,0.01473402373310824,0.015024279303419884,0.006879248779228029,0.016296603465206297,0.013447915880825282,0.014073265797829724,0.011160366283813297,0.01274661795514416,0.011344516137850234,0.01261601615957421,0.01269963562070909,0.008170372818491709,0.012208108282213038,0.013978105479035384,0.013700327759666207,0.01271687663195378,0.01287924691274835,0.012797758737574508,0.012267125623788488,0.01257381548224168,0.01213738995088964,0.012393450027502837,0.01225395081516098,0.011088109499241222,0.013114206192156834,0.013068126692814673,0.015261570128585563,0.014862786475313534,0.01248101062184203,0.013816576715368322,0.012506105847580568,0.011212936510841879,0.015565426478954768,0.012623824320449608,0.012054998221592207,0.01083341792239451,0.013662379482739573,0.012198478254740294,0.009731317920967885,0.011648886804121692,0.01518592232495937,0.014590630162082225,0.012805639296255378,0.005512613587715671,0.012811592862940424,0.012637032411869371,0.01551550395840561,0.011397161032417082,0.012577968440721628,0.011874260839802961,0.01332095485350892,0.011641811144579343,0.01271218662379785,0.012012048930030677,0.012850730728860064,0.01882600180409337,0.01391138804085527,0.013895103602040751,0.011813046537109826,0.01366213798337292,0.013490155330332399,0.007997639755102544,0.017285067546618064,0.013444729589089896,0.01213501666647431,0.013831825910088205,0.013108155668967997,0.012966062868188426,0.012682352059889853,0.012144605395692766,0.01218314943464452,0.011918820403287839,0.012184075099384892,0.013286424965543267,0.012417982897563181,0.01181621912933461,0.014842344276810417,0.011961555565118501,0.01248927608838193,0.013252683908338092,0.013191248733771869,0.009873580532266897,0.01388275899800393,0.012787449575154944,0.01306060775840505,0.011601562382582314,0.01329386935992119,0.012708463568624505,0.007201228251671991,0.01328592708383401,0.01603063757920984,0.012969508623920312,0.01458893704651137,0.018185217118767895,0.015383509258763984,0.014083071519872599,0.012255373208914896,0.010723880855531252,0.01968188768094807
average_user_sum_2nd_person_start,-0.00022632005100929609,-0.0005852233063278452,-0.00023852149195468034,8.789935782710107e-05,0.0019752008967927545,-0.0009104328943144238,-0.0007064486715507232,-0.0017430334056256352,-0.0003074577975367386,0.0002454723972368355,0.0013140354707116796,0.0007895107406717004,-0.0003801064657045633,0.00356794596825192,-0.0005079302605318888,-0.0005558017874138146,0.00017781581054834676,-0.002871937357317564,-0.0007423090271275173,-0.003021505944668933,-0.0008615777544500906,-0.00013728543478015807,-0.0001373972241065155,-0.0008968889946004534,-0.0003297934265490167,0.0014063301701204645,0.0008358980475803388,-0.00021957792928086785,0.0003622806358537728,-0.0010022928327035876,-0.004928533453213293,-0.000569472030986509,0.0005816390383217426,-0.002048241234181923,-9.757357621974737e-05,0.0025221738693405153,-0.0016840110432594533,9.99844425290863e-05,0.006563840619271751,-0.0029437464093347394,0.00023122958503936884,-0.002560039991085593,-0.000329617033924077,0.002794550596474818,-0.0014033295463257676,-0.0018167960358638456,0.002025889689280417,0.00020883941911804035,-0.00019886556723922554,-0.0006886771262726516,0.0005755693193281427,-0.00023909840728887286,-0.00012441675534053797,0.0010841554863836181,-0.0011399822209543047,-0.0068654350984090635,0.00225862158857139,-0.002587232174650812,3.1477568982865405e-05,-0.002492724335068177,0.0005454460098288866,-0.0015425867916089263,-0.00020410772366175924,-0.0002537273907519035,-0.00428773408757161,-0.0004779265401480496,-6.388783216301243e-05,0.0005775152143546753,0.0004654010197974977,-0.0009579978605032367,-2.5901648614953462e-06,-0.004491030245309275,-0.0023286098919106718,-0.00040054372782909187,-0.0004609143275945936,-0.00036085301629297604,-0.0027283517838815876,-0.0003406156970558894,-0.00014060421875265045,-0.003702894444072997,-0.0017671616833146659,-0.0008301019270840829,0.0014169196626583024,-0.0003077200491127287,-0.0005068080839046793,0.00270411702757393,-0.0003582944530416696,-0.003569890306115729,0.000635029503958124,0.0005844798614502702,-0.0006399318588716629,-0.007372943641863595,-0.0023102517073005932,0.003797239292094745,-0.0009944994170234187,-0.00035889352026173896,-0.004603185021535248,-0.00023712678433943698,-0.0008901816676412759,-6.25716073987502e-05,0.00245767954559928,-5.733775674363582e-05,-0.0008217367403506332,9.553159617908813e-05,-4.1045673237588044e-05,-0.003764980389843575,0.0003679214845836191,-0.001470651316096739,0.0024820127586837396,0.0018924908665887627,0.0019653781081633214,0.0030038329945747833,-0.0007919741967770963,0.0014946323380624453,-0.012692003713710223,0.0009866225427249253,0.00032941429010133194,-0.000152302427447658,0.0011818126869533431,0.0009895712924280382,2.1466128162494873e-05,-0.00030069611230779635,-0.0006070552261284202,-0.005037067518560467,-0.0010828919972119535,-0.0016356749375849283,-2.281937472405071e-06,-0.0007881663171266998,0.002615270061551671,0.00045949704244307825,0.00017781736526905484,-0.002391677797214424,-0.00019461263479900442,-0.001672883645620805,0.0017403729649113752,0.0010540465410408834,-0.0003053812014747132,-0.0004619053763044931,0.0003608749393655599,-0.00042794753102928795,-0.0006205598657175312,0.0025875952895068957,0.00012086666866626804,0.0011415292452992033,-0.0040173980379085966,-0.0017515481804581037,-0.0013397104580309873,-0.0013521309100354845,0.0019874084660387956,-0.0007350282105490352,-0.0005906450336256837,-0.0011839588703445522
stdev_user_sum_2nd_person_start,-0.030078104878177036,-0.029210005736199477,-0.030363946417371297,-0.029855514831365854,-0.03160116103396793,-0.019071681677907633,-0.031079237095973974,-0.03155002042427699,-0.030564811975010632,-0.029097962615807802,-0.030875414871664855,-0.029494552051193966,-0.03022727702689665,-0.038483224620447724,-0.029562707486817094,-0.029825221604079966,-0.027381847318622678,-0.030900613656319326,-0.03054599287325738,-0.0317142849431912,-0.03011733023657543,-0.030622221009288526,-0.03098947115782099,-0.030086683656877042,-0.030293119163412263,-0.028168977491757362,-0.027817147414720456,-0.02977347403902948,-0.029135063688533355,-0.028683791340598404,-0.023574318622594702,-0.02955295054153178,-0.02566199915915234,-0.03062268197252534,-0.03042867800179104,-0.030350552886072486,-0.02707645192222585,-0.035853960183796184,-0.024843174367964148,-0.03314952493221516,-0.031050096014146156,-0.02989061792143995,-0.03008935481814931,-0.03178028603884187,-0.03105559974360246,-0.0262119406413068,-0.031337603014572835,-0.030010183008162397,-0.02995875221361577,-0.03773917295483811,-0.028912028299123153,-0.03019947919081022,-0.029734327775357654,-0.02860259135629159,-0.0306449140164705,-0.02907743478948013,-0.03406744198111203,-0.03399858819963805,-0.03091644943929135,-0.029856099102460273,-0.03006659262567484,-0.02972300627190588,-0.030140293617667242,-0.030282834449270848,-0.0263558697040292,-0.030177540248114167,-0.030041317342888604,-0.030442390604091277,-0.028666180094594276,-0.03076487255605671,-0.029297496496545318,-0.030034419395606336,-0.032219085129070985,-0.029250735687016097,-0.030355833844539257,-0.030319129058575138,-0.032609020830103606,-0.031125776919337964,-0.030378878174010124,-0.02776280584169513,-0.029264782398951077,-0.030015750416655176,-0.030833735845786386,-0.03071934791399224,-0.030629001191505738,-0.026098254801207123,-0.030349873718236667,-0.028981545816256695,-0.032325516793125425,-0.02280784146856054,-0.0336106004849112,-0.027923992253791934,-0.03094078782636663,-0.03060238768553383,-0.03052216956031627,-0.030256305949981983,-0.022711773812688053,-0.030165845677889328,-0.030205630279520376,-0.030074880719372747,-0.029688105451204427,-0.02996602471629728,-0.026429774757427422,-0.030662657230246908,-0.028776762508008202,-0.03379767736572278,-0.02931927064693478,-0.03077574391942689,-0.03166900574779565,-0.02697329250840998,-0.029004293881759666,-0.0278389611726305,-0.030322545146351347,-0.02981958595188222,-0.032871251497024204,-0.03091928053701099,-0.03046998814252063,-0.029418981144783602,-0.030146107144899844,-0.031350932935126134,-0.030166615898407384,-0.030215604429338246,-0.02941567148731882,-0.02982092277148351,-0.02683663363912776,-0.030674740599832835,-0.030182531164780303,-0.030776560984398713,-0.03141559952660283,-0.028320850924242313,-0.030181265100953196,-0.030339018452670702,-0.029595448864425125,-0.02857870530069266,-0.029748111076715524,-0.03182629890412209,-0.03030562979568833,-0.03150882575730807,-0.03188634558441924,-0.029865214955248534,-0.02957067611259393,-0.029218632208359227,-0.03073563691521349,-0.026604717379092056,-0.027294919268158257,-0.028146974934708552,-0.023753595049426583,-0.03231289082234809,-0.02800452953836706,-0.030615514069906462,-0.031626303765359555,-0.02876203025262433
min_user_sum_2nd_person_start,0.01670043053947222,0.01683425668316188,0.01671475187130605,0.01690090812876473,0.01314955192194374,0.010073999537825184,0.014705908084795705,0.017970950822339897,0.017544673696332027,0.01637175475133841,0.018232312392489725,0.018359936628961335,0.016883315009442037,0.016772412273687046,0.016604790069453687,0.01641093299483878,0.011721550299631109,0.01716233253690318,0.019047439402913494,0.01910732750575011,0.017157342403904128,0.01663480233483979,0.01841901270883137,0.016392392497040973,0.017042227609724393,0.016896009167657308,0.021824636759358973,0.018148213893232224,0.01754149775137894,0.017149281451812458,0.013276246362444644,0.017578263294961503,0.017378811170128943,0.017314925097106845,0.017471627074998906,0.0238703833929482,0.01876325397110312,0.01856078263448984,0.019246542867804025,0.017186513668613377,0.01879473757194929,0.017939088962720808,0.017209302738872296,0.026281432405716173,0.01551234793593515,0.016559310433253236,0.0149464613304133,0.0172680207460259,0.015233426264776901,0.014255675985555053,0.01692178779037462,0.01703084652272027,0.017138463924740867,0.01059792962924995,0.019963413475291937,0.013523681788654185,0.027017946228702898,0.015597099285676196,0.01816829259961382,0.018099375462241246,0.015881217288447026,0.01265961227846082,0.016924830268973137,0.017333677471916022,0.0033675777555437535,0.016178020493501154,0.0165480391384384,0.01591439394055742,0.01589257865156007,0.01701287886993096,0.017631360829692546,0.018255946603623098,0.017501003247223715,0.016966439984077042,0.017114059948118567,0.01706561333507584,0.021239020273258965,0.01522171190235004,0.018265849220934164,0.017014029903708223,0.009411152642190827,0.017497182338007324,0.017632342034724493,0.016904111944095256,0.016455395133803088,0.014856695452462668,0.016291242112345478,0.019420292440630343,0.017929193713479282,0.012268923853602037,0.017339654569879896,0.01595098547850029,0.017498887080959785,0.017037498528797494,0.016889852210941414,0.017044868816271236,0.02280847312624332,0.017146870535522378,0.01652914321375756,0.018349198344808852,0.018889588145617423,0.01716106955705808,0.01364262586928899,0.018647429446613108,0.014193928365909013,0.02589082910470205,0.016228259752554965,0.017303193734824977,0.011344697941549579,0.016781140960920257,0.01824140566294974,0.014186938775084285,0.017236368080536493,0.01718966233222722,0.020912433139246036,0.012150780738506244,0.016534509550491173,0.01756636111005033,0.017427051993660698,0.013232494218624578,0.017343967598544237,0.016908492093622763,0.01652121295492239,0.01971099696482228,0.01510684178756643,0.016551768141036313,0.01757863511420684,0.016991606193591732,0.01384585957398653,0.018171799174856937,0.01725666001003495,0.013789117102691184,0.016417960237359048,0.012328979501781405,0.01802922707197797,0.019871594583746783,0.017239312757876532,0.015917610382367636,0.020559422058634674,0.01726332388173707,0.016736670489371934,0.01892677837182752,0.017887287923977445,0.013657539203575705,-1.5264342960229915e-29,0.014775274380622769,0.012919519063967828,0.016219825301163265,0.010889964984213962,0.01636609924144429,0.01562536233249068,0.018353607489830705
max_user_sum_2nd_person_start,-0.025839957332481345,-0.024959148784759185,-0.026117181613396986,-0.025577674783372403,-0.02811241137781838,-0.016497372739275755,-0.027259234523184288,-0.027005089046771874,-0.026132225925666705,-0.02495066281447267,-0.026286102505498725,-0.024903715361561527,-0.025946171074562003,-0.034068240924527156,-0.025355406190975108,-0.02565539616914461,-0.024287055312153624,-0.0265454270516208,-0.025784264244045178,-0.02691703897141635,-0.02577824652789571,-0.026388037421135047,-0.026357036571304032,-0.025915913539378704,-0.025975907696830575,-0.02392452787802946,-0.02249876623804489,-0.025223716119335174,-0.024730569862337702,-0.024373943596784686,-0.02021159419412922,-0.025132388076796894,-0.021359725194191208,-0.026239362771022144,-0.02601471698906171,-0.024535068717397263,-0.022443516023173782,-0.031097230499070275,-0.02014706289340205,-0.02874594417593492,-0.02633411664985793,-0.025384469045752832,-0.025739414098036803,-0.025408748841099955,-0.02705922645883316,-0.022078816500011367,-0.0274599050238558,-0.025648884548937396,-0.026044553587279307,-0.033890277200061526,-0.024647688521058572,-0.025886557457244504,-0.025406722276224706,-0.025730778423926636,-0.025680449327083424,-0.025555009636076823,-0.02749058853902843,-0.029927240435919582,-0.02634038806520926,-0.025315466512641098,-0.026008290057659866,-0.026377670896032376,-0.025851751558639415,-0.02590191544157706,-0.025112466426627993,-0.02605203337044618,-0.025837288719674282,-0.026369612792051786,-0.024632220122548877,-0.02644505681303929,-0.02487018646147757,-0.025456039461459485,-0.027764376417226285,-0.024970115190311587,-0.026021670400358007,-0.02599629154882154,-0.027327225986887856,-0.027191785113888686,-0.025791726665703143,-0.023500261250905118,-0.026640499086677302,-0.02560409827559509,-0.02637677430779124,-0.026424253208921174,-0.026434025317271764,-0.022340632060290543,-0.026196239223210755,-0.02416804060650103,-0.02777488174054156,-0.01968067381809596,-0.02916460655282117,-0.023891447029579977,-0.026511036966463664,-0.026280287148295396,-0.026233979704273703,-0.025939220749975313,-0.017275497892063677,-0.025828128458799827,-0.026002596410642377,-0.025475278696374226,-0.024977426247205583,-0.02562902298731267,-0.022932002025603727,-0.025986401144035942,-0.025113137345737745,-0.02747312974532841,-0.02519919365350655,-0.026392064121743306,-0.028574696512300345,-0.022776940306626844,-0.02444884081480787,-0.024194838082300274,-0.025962201725168214,-0.025479120800873126,-0.027656040936744654,-0.027662591673900724,-0.026260712183325072,-0.025003595435966024,-0.02574733429329353,-0.02784879167571535,-0.025785667530956922,-0.025929201698376318,-0.02522951308858099,-0.024927592815540175,-0.023010014379577157,-0.026457757118874672,-0.025749823583345197,-0.026461185618618002,-0.027777729919619038,-0.023793755752294775,-0.025819179490743284,-0.026734219160017624,-0.02542848535149489,-0.025327792263329606,-0.02522492873106582,-0.026859329955625896,-0.02594496483157613,-0.027414908398427525,-0.026767409912137427,-0.02550772412955058,-0.025334305432467806,-0.024508794230501015,-0.026224654497142445,-0.02310032255248099,-0.026771912839323897,-0.024367948781760608,-0.02046565308410274,-0.028137301518406273,-0.025080143266819607,-0.026440376046221147,-0.0275942149978083,-0.024186617396331822
average_user_sum_indirect_greeting,-0.0148691862182476,-0.014884838522960415,-0.015045946086754323,-0.015202897680793434,-0.014881086192119352,-0.017419787831351664,-0.017470718290136276,-0.015725506431654344,-0.015042091713176997,-0.016354121032867895,-0.014048294321629446,-0.016143410020295672,-0.015011488023749825,-0.012760369886296995,-0.014653462564012402,-0.015127619548191452,-0.015732869724915097,-0.013459330660301244,-0.017155924217116085,-0.01715179236380681,-0.015028288977743016,-0.014513659131436641,-0.014705733319052668,-0.014395364222756538,-0.015062852465898929,-0.014318834938688628,-0.0006129355835300509,-0.015098014742766182,-0.013733331802882486,-0.014680228118002526,-0.011194112003009127,-0.015075411645216863,-0.014091790544308038,-0.014792986537782073,-0.015166802632885109,-0.014153531869725369,-0.015908251823105127,-0.015753171274788008,-0.013679058171604268,-0.014403594368295792,-0.01633165190220077,-0.014987927783715688,-0.014847453494743729,-0.020816393885860582,-0.015586002878449155,-0.01854470790886888,-0.015170760908119167,-0.015391384419262197,-0.015373640039943794,-0.014064785209031887,-0.01624158096492971,-0.015062197780792213,-0.015121713567636547,-0.014330775709114646,-0.016341780293434582,-0.01470404289299649,-0.02345481143028484,-0.015329367808351292,-0.015019585879766602,-0.01560806802382416,-0.015016450618127591,-0.015046050822237525,-0.015042085944429722,-0.015003623125936304,-0.013518895495243755,-0.014620221780120606,-0.013572976098143032,-0.015224460996379665,-0.012137877758829607,-0.015081113674232913,-0.014616310453250335,-0.01506563215840833,-0.01583893634648551,-0.015425482785014731,-0.015689197655715588,-0.015902646144527584,-0.015470931643872601,-0.016242787941166622,-0.014955555059895684,-0.01108932696867626,-0.01934104980342573,-0.013698080004285247,-0.016571490073263966,-0.015191101533701908,-0.01430320852739725,-0.01389478490701117,-0.015245815694547641,-0.014632558300120176,-0.014992771327530945,-0.015151369813607925,-0.014026659101529698,-0.01051999038633625,-0.013786978026227944,-0.015245671830497467,-0.01583685270606491,-0.015099921317173137,-0.017302624294076432,-0.015050643217005428,-0.014869622040699379,-0.01598374356771689,-0.01502437734759528,-0.014737272900990792,-0.014914282886175105,-0.015125662285266076,-0.01524394013291291,-0.012846899092651912,-0.014467897079785783,-0.01504631517062873,-0.010520465499309135,-0.014380289480605948,-0.01698411387296752,-0.014839834210859392,-0.01506591352587415,-0.015754442291147704,-0.013287492340718625,-0.01245359462266711,-0.015344737809689769,-0.015077443337602147,-0.014463030297254433,-0.01464323092657846,-0.01509226932029547,-0.015089920130806346,-0.013102895463884556,-0.013429179552322718,-0.015940847957478008,-0.016497171390906687,-0.015048887436022623,-0.014909564752672008,-0.017144964462239235,-0.01448208156050063,-0.014764010527511593,-0.01604383185014632,-0.015149639597616631,-0.01480221641441448,-0.010893067732526306,-0.015793524587811664,-0.015048816838299539,-0.014942178415895964,-0.014071192192918983,-0.014338364722824773,-0.015463716602438764,-0.016298097885299234,-0.013612268595984871,-0.01521957707275381,-0.015407737196536314,-0.01343310112208199,-0.015127295596860598,-0.012047474833281916,-0.019078147596141324,-0.014418651915070736,-0.014293082392508772,-0.015678958125067706
stdev_user_sum_indirect_greeting,-0.014869186218247614,-0.014884838522960422,-0.015045946086754332,-0.015202897680793434,-0.014881086192119338,-0.01741978783135167,-0.01747071829013629,-0.015725506431654365,-0.01504209171317699,-0.016354121032867895,-0.014048294321629403,-0.016143410020295686,-0.015011488023749839,-0.012760369886297002,-0.014653462564012436,-0.015127619548191447,-0.015732869724915118,-0.013459330660301265,-0.01715592421711607,-0.017151792363806838,-0.015028288977743009,-0.014513659131436648,-0.014705733319052675,-0.01439536422275654,-0.015062852465898929,-0.01431883493868863,-0.0006129355835300648,-0.015098014742766182,-0.013733331802882495,-0.014680228118002514,-0.01119411200300914,-0.015075411645216877,-0.014091790544308052,-0.01479298653778206,-0.01516680263288511,-0.01415353186972539,-0.01590825182310514,-0.015753171274788008,-0.013679058171604261,-0.014403594368295792,-0.016331651902200758,-0.014987927783715674,-0.014847453494743743,-0.020816393885860582,-0.01558600287844917,-0.01854470790886887,-0.015170760908119153,-0.015391384419262213,-0.015373640039943794,-0.014064785209031887,-0.016241580964929725,-0.015062197780792227,-0.015121713567636549,-0.014330775709114646,-0.01634178029343458,-0.014704042892996476,-0.023454811430284838,-0.01532936780835129,-0.015019585879766602,-0.015608068023824155,-0.015016450618127623,-0.01504605082223753,-0.015042085944429733,-0.015003623125936318,-0.013518895495243766,-0.014620221780120618,-0.013572976098143032,-0.015224460996379675,-0.012137877758829612,-0.015081113674232902,-0.014616310453250321,-0.015065632158408327,-0.01583893634648552,-0.01542548278501472,-0.015689197655715588,-0.015902646144527594,-0.015470931643872613,-0.016242787941166605,-0.014955555059895697,-0.011089326968676264,-0.019341049803425735,-0.013698080004285245,-0.01657149007326397,-0.015191101533701904,-0.014303208527397264,-0.013894784907011154,-0.015245815694547648,-0.014632558300120169,-0.014992771327530944,-0.015151369813607908,-0.014026659101529712,-0.01051999038633625,-0.01378697802622796,-0.015245671830497461,-0.015836852706064882,-0.015099921317173123,-0.017302624294076467,-0.015050643217005414,-0.014869622040699382,-0.01598374356771689,-0.015024377347595302,-0.014737272900990767,-0.014914282886175113,-0.015125662285266094,-0.015243940132912942,-0.01284689909265192,-0.014467897079785777,-0.015046315170628741,-0.010520465499309128,-0.014380289480605962,-0.016984113872967548,-0.014839834210859375,-0.015065913525874143,-0.015754442291147704,-0.013287492340718625,-0.012453594622667142,-0.01534473780968977,-0.015077443337602154,-0.01446303029725443,-0.014643230926578451,-0.01509226932029549,-0.015089920130806362,-0.013102895463884557,-0.013429179552322736,-0.015940847957478025,-0.01649717139090669,-0.015048887436022612,-0.014909564752672026,-0.017144964462239246,-0.014482081560500635,-0.014764010527511568,-0.01604383185014634,-0.015149639597616602,-0.014802216414414485,-0.010893067732526317,-0.01579352458781166,-0.015048816838299528,-0.014942178415895947,-0.014071192192918983,-0.014338364722824768,-0.015463716602438785,-0.016298097885299224,-0.013612268595984871,-0.01521957707275379,-0.015407737196536328,-0.013433101122081976,-0.015127295596860595,-0.012047474833281904,-0.019078147596141345,-0.014418651915070722,-0.014293082392508786,-0.015678958125067713
min_user_sum_indirect_greeting,0.0,0.0,0.0,0.0,0.0,0.0,0.0,0.0,0.0,0.0,0.0,0.0,0.0,0.0,0.0,0.0,0.0,0.0,0.0,0.0,0.0,0.0,0.0,0.0,0.0,0.0,0.0,0.0,0.0,0.0,0.0,0.0,0.0,0.0,0.0,0.0,0.0,0.0,0.0,0.0,0.0,0.0,0.0,0.0,0.0,0.0,0.0,0.0,0.0,0.0,0.0,0.0,0.0,0.0,0.0,0.0,0.0,0.0,0.0,0.0,0.0,0.0,0.0,0.0,0.0,0.0,0.0,0.0,0.0,0.0,0.0,0.0,0.0,0.0,0.0,0.0,0.0,0.0,0.0,0.0,0.0,0.0,0.0,0.0,0.0,0.0,0.0,0.0,0.0,0.0,0.0,0.0,0.0,0.0,0.0,0.0,0.0,0.0,0.0,0.0,0.0,0.0,0.0,0.0,0.0,0.0,0.0,0.0,0.0,0.0,0.0,0.0,0.0,0.0,0.0,0.0,0.0,0.0,0.0,0.0,0.0,0.0,0.0,0.0,0.0,0.0,0.0,0.0,0.0,0.0,0.0,0.0,0.0,0.0,0.0,0.0,0.0,0.0,0.0,0.0,0.0,0.0,0.0,0.0,0.0,0.0,0.0,0.0,0.0,0.0,0.0,0.0
max_user_sum_indirect_greeting,-0.0148691862182476,-0.014884838522960415,-0.015045946086754323,-0.015202897680793434,-0.014881086192119352,-0.017419787831351664,-0.017470718290136276,-0.015725506431654344,-0.015042091713176997,-0.016354121032867895,-0.014048294321629446,-0.016143410020295672,-0.015011488023749825,-0.012760369886296995,-0.014653462564012402,-0.015127619548191452,-0.015732869724915097,-0.013459330660301244,-0.017155924217116085,-0.01715179236380681,-0.015028288977743016,-0.014513659131436641,-0.014705733319052668,-0.014395364222756538,-0.015062852465898929,-0.014318834938688628,-0.0006129355835300578,-0.015098014742766182,-0.013733331802882486,-0.014680228118002526,-0.011194112003009127,-0.015075411645216863,-0.014091790544308038,-0.014792986537782073,-0.015166802632885109,-0.014153531869725369,-0.015908251823105127,-0.015753171274788008,-0.013679058171604268,-0.014403594368295792,-0.01633165190220077,-0.014987927783715688,-0.014847453494743729,-0.020816393885860582,-0.015586002878449155,-0.01854470790886888,-0.015170760908119167,-0.015391384419262197,-0.015373640039943794,-0.014064785209031887,-0.01624158096492971,-0.015062197780792213,-0.015121713567636547,-0.014330775709114646,-0.016341780293434582,-0.01470404289299649,-0.02345481143028484,-0.015329367808351283,-0.015019585879766598,-0.015608068023824162,-0.015016450618127616,-0.01504605082223753,-0.015042085944429722,-0.01500362312593631,-0.013518895495243762,-0.014620221780120618,-0.013572976098143015,-0.015224460996379682,-0.012137877758829598,-0.015081113674232913,-0.014616310453250332,-0.015065632158408327,-0.015838936346485515,-0.015425482785014735,-0.015689197655715588,-0.01590264614452759,-0.015470931643872607,-0.016242787941166605,-0.014955555059895697,-0.011089326968676257,-0.019341049803425735,-0.013698080004285245,-0.016571490073263983,-0.01519110153370189,-0.014303208527397247,-0.01389478490701114,-0.015245815694547644,-0.014632558300120169,-0.014992771327530944,-0.015151369813607918,-0.014026659101529712,-0.010519990386336246,-0.013786978026227944,-0.015245671830497458,-0.01583685270606488,-0.015099921317173123,-0.017302624294076453,-0.015050643217005425,-0.014869622040699382,-0.01598374356771689,-0.015024377347595284,-0.014737272900990778,-0.0149142828861751,-0.01512566228526609,-0.015243940132912928,-0.012846899092651916,-0.014467897079785777,-0.015046315170628741,-0.010520465499309128,-0.014380289480605962,-0.016984113872967527,-0.014839834210859375,-0.015065913525874143,-0.0157544422911477,-0.013287492340718625,-0.012453594622667128,-0.01534473780968977,-0.01507744333760215,-0.014463030297254426,-0.014643230926578462,-0.015092269320295473,-0.015089920130806345,-0.013102895463884557,-0.013429179552322722,-0.015940847957478025,-0.016497171390906677,-0.015048887436022612,-0.014909564752672022,-0.01714496446223923,-0.01448208156050062,-0.014764010527511568,-0.016043831850146326,-0.015149639597616602,-0.014802216414414485,-0.010893067732526296,-0.015793524587811674,-0.015048816838299542,-0.01494217841589596,-0.014071192192918996,-0.014338364722824765,-0.015463716602438771,-0.016298097885299224,-0.013612268595984857,-0.015219577072753804,-0.015407737196536314,-0.01343310112208199,-0.015127295596860595,-0.012047474833281918,-0.019078147596141324,-0.014418651915070736,-0.014293082392508772,-0.015678958125067706
average_user_sum_direct_question,0.01793948177163773,0.018501532377724093,0.018843674975040497,0.018694594014173723,0.020736283608360398,0.019796074112802275,0.018246694108002618,0.017184148213580372,0.01702115611068946,0.015233617347687517,0.01778702808654549,0.018766201258158952,0.01822854105192315,0.009443398247930737,0.018322580574205813,0.018423092809702543,0.015274249408653611,0.01606501511715895,0.018241242628829032,0.022912521260345528,0.01828410206064169,0.02003891716935586,0.017985350225868977,0.018082814356638846,0.01873790099363096,0.016011128588906434,0.012151892732449071,0.01760548114626819,0.017902942311815745,0.019612540432333844,0.026846233632719693,0.01860346720166436,0.021528458977437246,0.01999364997454632,0.018642372392588542,0.018553782605077354,0.015533887283988584,0.013442209945835037,0.021885893683773035,0.01730663933929253,0.018299222419850075,0.020715858677703484,0.018214897676939373,0.020596292707088504,0.017937493975206602,0.025620214081366055,0.018571788289918872,0.018547467555187387,0.013825248534959339,0.01732914208832511,0.01918183859335096,0.0183934071424649,0.018392636598814578,0.012995797632946941,0.020470290633960452,0.02086659188211991,0.01755699724737051,0.019381690579197558,0.018619524420375892,0.0175990524640813,0.018659532313577157,0.01832383874576526,0.018407490794666113,0.01848571228951671,0.008056892790773963,0.017765813422857532,0.01747882677894091,0.019409910054955636,0.017739053193854826,0.018688938396338114,0.018718117971056592,0.018662957057533312,0.0243876635964129,0.014351626487134183,0.018910103326373384,0.017961056091138367,0.02175194032309398,0.021491337654409876,0.019643571641318473,0.0142248992185771,0.014710448471711922,0.018475805903103146,0.017322163822783433,0.01797947893017893,0.01663768058339376,0.017794161481455222,0.018465545925464677,0.012137301957286557,0.020800888814245685,0.014228503680732012,0.012400353180317675,0.030360356194360835,0.015736990655110007,0.018524059755466626,0.0192932867095318,0.018301928452203325,0.015152861646345588,0.018413853437794947,0.018857185954007587,0.010158251450984472,0.016965356729047386,0.017826891862215144,0.016091972146698927,0.018466927823716797,0.020709765506726797,0.01951670111612131,0.018748067798467848,0.019192229376336963,0.015737103526183075,0.021084692275577258,0.01590147922284707,0.01955151204053319,0.018216467230958457,0.019811864696524857,0.02140430302333528,0.016434417163223105,0.018227343381342666,0.018843952651975186,0.019574972311066526,0.017059909312239357,0.018422317814573222,0.01800537444371715,0.018512780002319366,0.01898698809647221,0.02055422678396903,0.01925064936581298,0.018109547791105185,0.019032576688081018,0.018362538133484582,0.020891113847398224,0.018039936042415085,0.016825645509640448,0.01878016688912882,0.01886246450073898,0.016458508791372124,0.01899289738750414,0.018408893152834976,0.018442662523778207,0.018190402328366176,0.019183132600337955,0.019413953305232302,0.018812959996040178,0.01873269798003834,0.01773102038923805,0.018517023925736203,0.01923988503043777,0.018711271352544454,0.020312712627387944,0.017190630112122216,0.01817359195237641,0.01603433873130791,0.025301533830656434
stdev_user_sum_direct_question,0.020846833718988714,0.021306271121026166,0.02134927618255874,0.021547930478642095,0.022046701110327388,0.01325710822115119,0.02017479939708841,0.019326035261948447,0.020647859379331286,0.018388079422462407,0.02098166741166545,0.02103917048907795,0.021101087482312215,0.009834992880773889,0.020902058245806075,0.021105488482497665,0.017817995872431013,0.017038709132253478,0.019626396765837398,0.024679010662810637,0.021080035884523254,0.022076601514418745,0.02054447141548431,0.020830357005101472,0.02145708056634939,0.020695792387333645,0.017050180060414057,0.020848490940687782,0.022014601759892373,0.023180628912959432,0.03349271408993112,0.02091116430006985,0.02411180944981721,0.021883551800189478,0.021105026205547286,0.0205463334695538,0.02063970552334462,0.0206942698286604,0.017349751401513923,0.02085493494345876,0.021371198646937158,0.021248659803513908,0.021105522143303572,0.019577426654807998,0.020841727124959894,0.0241408365567082,0.020544587656026243,0.021018752087046635,0.017466475020225358,0.0200437221488788,0.022560961554734315,0.021223729981538972,0.021455139797008218,0.017456438301505256,0.023203904064950254,0.021854163114908495,0.018171852761156924,0.020906002654527554,0.021808225462352268,0.021050679955330637,0.021056734464796202,0.02144023490534567,0.02133114912833224,0.02132570604717604,0.013026853281599766,0.02073666960420669,0.020016091155111566,0.02151020719295411,0.022266856413722867,0.021387656068871122,0.021861176745330398,0.02121972965352227,0.021215126141194106,0.021859270137827895,0.021493819268737988,0.021426744150916593,0.02741342718438639,0.02314909709745299,0.02173468241755437,0.018654677278626068,0.015258154581503664,0.021205552466979537,0.022057824155518997,0.021113600775170445,0.019986580361359994,0.021019726034896494,0.0207744916053946,0.015250515322295322,0.02330770440769503,0.017457499260497073,0.012661470988452267,0.03294635133991955,0.016834485004153413,0.0208067695159049,0.021254887213100912,0.021327587882251284,0.014019390372250314,0.021326915737373015,0.022063550310332917,0.010682490001406982,0.020255021711649238,0.020427461900812658,0.018027705804305398,0.020921444735023168,0.02225571522889771,0.018934565557836167,0.02175596321462489,0.02159107644743233,0.021292087603704393,0.025049331273928825,0.017120348549152058,0.021410789039181657,0.02083335496132046,0.02258837841477626,0.01975125209584643,0.021445865110069504,0.02104029807700533,0.021409193233723735,0.021980607238716518,0.019666629599239333,0.021063198094704905,0.02094074439233036,0.02165589176521751,0.021491805770374035,0.02129952314526958,0.021976798095698205,0.021173665858327504,0.02141451880452756,0.020508471010912837,0.024124622367192226,0.021173518351642558,0.019630217234136205,0.021514893121721647,0.02185500597314881,0.02170815989210988,0.01926539172631048,0.021273702661271703,0.02084572451273077,0.021787270671064715,0.021730086573239802,0.021642974888742356,0.01834217522682901,0.021236840249807206,0.02383179920581092,0.02159936849035271,0.02224232410707113,0.015065598883311427,0.02133796999684277,0.022136242642762146,0.021472899630196746,0.019203772166055025,0.023778861224313243
min_user_sum_direct_question,0.0,0.0,0.0,0.0,0.0,0.0,0.0,0.0,0.0,0.0,0.0,0.0,0.0,0.0,0.0,0.0,0.0,0.0,0.0,0.0,0.0,0.0,0.0,0.0,0.0,0.0,0.0,0.0,0.0,0.0,0.0,0.0,0.0,0.0,0.0,0.0,0.0,0.0,0.0,0.0,0.0,0.0,0.0,0.0,0.0,0.0,0.0,0.0,0.0,0.0,0.0,0.0,0.0,0.0,0.0,0.0,0.0,0.0,0.0,0.0,0.0,0.0,0.0,0.0,0.0,0.0,0.0,0.0,0.0,0.0,0.0,0.0,0.0,0.0,0.0,0.0,0.0,0.0,0.0,0.0,0.0,0.0,0.0,0.0,0.0,0.0,0.0,0.0,0.0,0.0,0.0,0.0,0.0,0.0,0.0,0.0,0.0,0.0,0.0,0.0,0.0,0.0,0.0,0.0,0.0,0.0,0.0,0.0,0.0,0.0,0.0,0.0,0.0,0.0,0.0,0.0,0.0,0.0,0.0,0.0,0.0,0.0,0.0,0.0,0.0,0.0,0.0,0.0,0.0,0.0,0.0,0.0,0.0,0.0,0.0,0.0,0.0,0.0,0.0,0.0,0.0,0.0,0.0,0.0,0.0,0.0,0.0,0.0,0.0,0.0,0.0,0.0
max_user_sum_direct_question,0.020875016872902517,0.021335075395403132,0.0213781385961373,0.021577061456007227,0.02207650638335156,0.013275030708876909,0.02020207401750572,0.01935216242512693,0.02067577353678665,0.01841293854877041,0.02101003284931425,0.02106761366601815,0.021129614365784262,0.009848288958338286,0.020930316058603803,0.021134021315749305,0.017842084294053037,0.017061744024191503,0.01965292999233502,0.024712374595450278,0.021108534308017665,0.022106447210257306,0.020572245801167288,0.02085851788389327,0.02148608872232617,0.02072377134615694,0.017073230460075618,0.02087667633502501,0.02204436363731288,0.023211967160353668,0.03353799340327486,0.02093943442348184,0.024144406574446508,0.021913136509161556,0.0211335584138396,0.02057411037257618,0.020667608657477157,0.02072224672911332,0.017373206796261427,0.02088312904954208,0.02140009069783122,0.021277386192268016,0.0211340550220617,0.019603893677862232,0.02086990337519101,0.024173472923528047,0.020572362198856595,0.021047167660036302,0.017490088215421414,0.020070819563955924,0.022591462064332615,0.021252422667284793,0.021484145329229185,0.017480037927907505,0.0232352737783791,0.02188370809286664,0.018196419567328554,0.020934265799831875,0.021837708336494083,0.02107913869209458,0.021085201386744277,0.021469220287415207,0.02135998703566848,0.021354536595927443,0.01304446448414482,0.0207647038255658,0.020043151215424874,0.02153928717163138,0.022296959318074842,0.021416570368806037,0.02189073120512297,0.02124841693116339,0.021243807195276385,0.02188882202004856,0.02152287709232939,0.02145571129462849,0.027450487816617485,0.023180392716502726,0.021764065867727084,0.018679896822660556,0.015278782314463401,0.021234220578264903,0.02208764446595838,0.021142144575554807,0.020013600525579045,0.02104814292458116,0.020802576958896646,0.015271132727623465,0.023339214450397622,0.01748110032122602,0.012678588225076906,0.032990892017090365,0.01685724380236358,0.020834898506408683,0.02128362202078547,0.021356420975084372,0.01403834340089558,0.02135574792152312,0.022093378362048756,0.01069693182331389,0.020282404785842742,0.020455078099539996,0.018052077735997464,0.02094972875671269,0.022285803071311228,0.018960163487123677,0.021785375434633266,0.021620265754493807,0.021320872703166963,0.025083195848676583,0.01714349381066863,0.021439734612933584,0.020861519893095246,0.022618915989647728,0.019777954116177696,0.021474858103699097,0.021068742778348935,0.021438136650081825,0.022010323158422978,0.019693217217120924,0.021091673754933326,0.02096905450552231,0.021685168697100157,0.021520860871886156,0.02132831829695478,0.022006508865765873,0.02120229086161813,0.021443469420606376,0.02053619672709729,0.024157236813800855,0.021202143155516606,0.019656755625583486,0.021543979435377822,0.021884552090579906,0.02173750748607409,0.019291436904563954,0.021302462905848918,0.020873906167091644,0.021816725216103124,0.021759463810220217,0.021672234358101797,0.018366972294551594,0.021265550659525543,0.023864017780301106,0.021628569007554027,0.02227239384582186,0.015085966297272498,0.02136681712541562,0.022166168968355916,0.021501929172208327,0.01922973403988088,0.023811008231135147
average_user_sum_direct_start,-0.005960465219034575,-0.00561596571719971,-0.006082319427415793,-0.005628386317216174,-0.008934241826121441,-0.004655552626847369,-0.003305752010017246,-0.006498366331241755,-0.004883659528945018,-0.003501643062229009,-0.006399687146992971,-0.00379361806496481,-0.0052448830960403255,0.005259268407762235,-0.004820095535935213,-0.005625104250354014,-0.005353572421922342,-0.006132448330819464,-0.007012936535064331,-0.006378293230871067,-0.0059364714923329735,-0.005725850598414359,-0.006964305553098517,-0.006744007212319075,-0.005572078049228038,-0.006169409326233348,-0.007112911865704728,-0.0058676695262258015,-0.005086859674755726,-0.005673314419539936,-0.008675204661826023,-0.006948671968794739,-0.005382327556264603,-0.007399401521886737,-0.006449429647442051,-0.005754893040507324,-0.0006990245965433489,-0.007741976137271643,-0.0015234422172272048,-0.008498380305934253,-0.0045838480207549825,-0.008131349348897431,-0.005704865972204463,-0.008571940133080973,-0.003265408289850606,0.0010464850301655348,-0.006658073252137176,-0.0064088377688190715,-0.009320408184530008,0.001138704557911159,-0.004528156408690571,-0.005913402767153821,-0.0063347563877357155,-0.005696757829708594,-0.007235400238969961,-0.004236335927204876,-0.005720448818411921,-0.01310008871569726,-0.006327398902878763,-0.011077755739342488,-0.006987331757515515,-0.005113644251278682,-0.005678330703647809,-0.005927229976616622,-0.0029914061179136704,-0.006642775840222383,-0.0055476649854500695,-0.006522557001869343,-0.010622687485310117,-0.006386741131041679,-0.005593584465842573,-0.00591556843861714,-0.006820509228204236,-0.008144962401822872,-0.007767668237989491,-0.004598160687286598,0.0074805883482697375,-0.008315479903554739,-0.006403077913542674,-0.0020452684943391107,-0.008427157278913616,-0.006511124627012411,-0.005665310153193418,-0.0059738288424944115,-0.008657471844419059,-0.0052573860634900615,-0.006790437245980177,0.0005572148037033039,-0.0035964086472103467,-0.008669606988700819,-0.005597206670076332,-0.002671449452772985,-0.008169381247828992,-0.0021242992540706548,-0.004291587355409399,-0.005952268086328552,-0.005705839276550405,-0.005756021530991751,-0.005565996136253713,-0.0013906009178157996,-0.005958976769981457,-0.005869713869077191,-0.006610584834570325,-0.006490804179848989,-0.00579960137655296,-0.005001318800402381,-0.0049009816451099815,-0.004766816539112696,6.388270704838286e-05,-0.006180108991515151,-0.009235230844811709,-0.006201253685826004,-0.0058216482460204735,-0.006942056743882237,-0.0036917674808088115,-0.0013116889467191875,-0.005142082186880356,-0.006277676193463096,-0.005925087208851487,-0.0063270536002167505,-0.005892100021522189,-0.0051259258543356594,-0.00555526867959083,-0.00757894017098578,-0.007326814006395838,-0.004169546257596291,-0.005777043347345436,-0.008425665522172393,-0.006271588946813452,-0.0025301972772731624,-0.005516275019369153,-0.0011594000060384402,-0.0057203975429419,-0.004602779232324484,-0.007262436707877589,-0.003515379645280956,-0.005903565506309962,-0.006856435721242084,-0.005742902356617587,-0.006004862066810359,-0.006594516054357621,-0.0065425183294447724,-0.006031081826473855,-0.005329471173257015,-0.006735157442540159,-0.012518540144387453,-0.010121992005403257,-0.004348623479610233,-0.005517626340497356,-0.004774596240884491,-0.008629160108325495,-0.012030827606184234
stdev_user_sum_direct_start,0.02059500382166954,0.021055564664667355,0.02083818024568793,0.02108435337123584,0.02274782052139344,0.027186598572731323,0.02068982219989686,0.023176833538986023,0.02092333058897651,0.020414988654685585,0.02348481309358293,0.020677444160722216,0.02091344387816871,0.024757299779309287,0.020540888094273662,0.020946647050973783,0.021518940481699042,0.019190216240610368,0.020498632115672495,0.0201953626740633,0.020922990893662223,0.021310299977597903,0.020925149385263235,0.019623356243544457,0.021104651312278445,0.019549078785652103,0.020056059366265245,0.0200927556457574,0.022274995796943416,0.020117259899322774,0.02112768277916819,0.01994960160226739,0.020258974354490096,0.022085699980556435,0.020812074267191977,0.019501296011228013,0.01758431216397098,0.020116015287380495,0.024117834422135158,0.020045452119592595,0.022223071358786876,0.02212560425703088,0.021074696570384684,0.017147682146784998,0.021444551215821596,0.023770563490596537,0.02102479179238685,0.02068834558716453,0.02309527499570336,0.023054641509783272,0.021446136232039288,0.020793623383453794,0.020552359396100034,0.0180888725851763,0.022985703370730977,0.0196006910856134,0.018571401657169466,0.016463018456101385,0.020545809901211173,0.019342508749885697,0.019935782271513186,0.019593004068457508,0.020778192207213025,0.02092569733333901,0.01892453504544601,0.02111068185829153,0.021083054376953514,0.020023246278107563,0.020459249687686636,0.020839701921343025,0.02162483046740822,0.021378534716201526,0.021631820554546412,0.01480173615378504,0.019589975703405885,0.02074694683663615,0.01945589726677456,0.019525330728476953,0.02096812462412428,0.02213084551459878,0.02003534646382845,0.020372720508157485,0.019725665208323646,0.020862010275571913,0.018707304624636715,0.019905152505181187,0.02050413324765437,0.0178522045241725,0.021858303589120217,0.016885171955252284,0.022367751187179652,0.021384662495355138,0.017705206678504552,0.021518935953639462,0.020472559667962482,0.02087996010408645,0.02221596966292039,0.020837809126277633,0.02037383958584328,0.023202476297537588,0.02047610135638397,0.02121553871241689,0.01870299228382733,0.021856453569157663,0.02066384190108495,0.01780492344969476,0.02089391575252999,0.021654490925900813,0.021492975419419174,0.022915923250361285,0.020781818411096237,0.020891678638499236,0.020852739220198622,0.019791506849349404,0.02082459898447838,0.02054799447719703,0.020746054636097848,0.020411292280787526,0.021040929416048116,0.020007736435776774,0.020631316266504336,0.020974212636160956,0.020048346057065368,0.019258548060951557,0.019915403300783584,0.021695508082003892,0.02079725167868697,0.02028619906682576,0.020488754783730335,0.02276655725429294,0.02077445097405678,0.021182687705823166,0.02095111341348521,0.01985950054200885,0.0221681247963099,0.022222902324741094,0.020805687972296514,0.020524039788728663,0.019717766541137646,0.019681975345374497,0.020150189695885605,0.019235629546221707,0.020231081735910456,0.02311435487133779,0.02027921247090167,0.01953455777812538,0.010485177100606959,0.022422208653205995,0.021123968087962297,0.021194744056991392,0.01896156910918196,0.02023837692225764
min_user_sum_direct_start,0.0,0.0,0.0,0.0,0.0,0.0,0.0,0.0,0.0,0.0,0.0,0.0,0.0,0.0,0.0,0.0,0.0,0.0,0.0,0.0,0.0,0.0,0.0,0.0,0.0,0.0,0.0,0.0,0.0,0.0,0.0,0.0,0.0,0.0,0.0,0.0,0.0,0.0,0.0,0.0,0.0,0.0,0.0,0.0,0.0,0.0,0.0,0.0,0.0,0.0,0.0,0.0,0.0,0.0,0.0,0.0,0.0,0.0,0.0,0.0,0.0,0.0,0.0,0.0,0.0,0.0,0.0,0.0,0.0,0.0,0.0,0.0,0.0,0.0,0.0,0.0,0.0,0.0,0.0,0.0,0.0,0.0,0.0,0.0,0.0,0.0,0.0,0.0,0.0,0.0,0.0,0.0,0.0,0.0,0.0,0.0,0.0,0.0,0.0,0.0,0.0,0.0,0.0,0.0,0.0,0.0,0.0,0.0,0.0,0.0,0.0,0.0,0.0,0.0,0.0,0.0,0.0,0.0,0.0,0.0,0.0,0.0,0.0,0.0,0.0,0.0,0.0,0.0,0.0,0.0,0.0,0.0,0.0,0.0,0.0,0.0,0.0,0.0,0.0,0.0,0.0,0.0,0.0,0.0,0.0,0.0,0.0,0.0,0.0,0.0,0.0,0.0
max_user_sum_direct_start,0.023566701840751943,0.023976927839935186,0.02369982511853396,0.02409957839196171,0.025179022324138628,0.03091221072680916,0.024216930764904356,0.025611067634971486,0.023774439820425593,0.023944079375821405,0.02619116253331437,0.023795674403829147,0.023808066765463657,0.028564117101239066,0.023898069384372566,0.02401107351168861,0.024661751990871665,0.02291150821214536,0.023884997891020443,0.02335055421050347,0.02384167004852472,0.02415630506407193,0.023554888510226444,0.022644861843067663,0.023971653683475612,0.022931002427376657,0.02271525741911334,0.023243339044113204,0.025052158830366947,0.02304947610538599,0.02234265717161545,0.022914634575528142,0.02295188408133332,0.024528690402834476,0.023853846705727735,0.022654392970627817,0.02191898865623608,0.022442425199962368,0.026546509890589938,0.022919423353375618,0.02496416200916037,0.023830472319613463,0.024008251191928818,0.019472345354555668,0.024321961269735855,0.026401317892842384,0.023801751893378714,0.02354638419013281,0.02567923847195086,0.026749905166344595,0.024289787735155374,0.023702228539411035,0.0234872797758528,0.02131280060035867,0.026144002191722616,0.022681855347147492,0.021466637859040183,0.017636692410254208,0.02363893849530621,0.02129704719931203,0.02258132204743117,0.022883724113254254,0.02372221698345927,0.023795369120070235,0.02332549587045892,0.023955665738960037,0.024162124148012203,0.022885695531486127,0.023375371904045254,0.02363886368376989,0.02457439498394432,0.024174421473805694,0.024071543832383552,0.017882481313682592,0.022553323175429574,0.023771083683788406,0.022789668818013618,0.022016556761002,0.023849244985700666,0.02418670322645068,0.02262638667031465,0.02303647892468297,0.022901040634526196,0.023831583983787853,0.021436033021619734,0.022897467787797204,0.023310253034485695,0.020206529538429257,0.02513163311903963,0.01921654750846448,0.025086743733753625,0.020631905897078882,0.02047859142985241,0.024755022391449215,0.022973826926769213,0.023784578316041464,0.024184319841017817,0.023763875080233476,0.02328226068386909,0.026862045971590795,0.023585560411841032,0.024022334479876124,0.021757542208566592,0.024688404493880836,0.02355928009332102,0.020743027727883674,0.02403055587857653,0.02450340233385421,0.02601625476793234,0.02566124012683867,0.023305172399874532,0.02363684666274623,0.02381995804969842,0.022752276556309962,0.023511751457429682,0.024491259435924225,0.023659655714710858,0.02317591331198886,0.023819834914732788,0.02276699747742467,0.023580584617428287,0.024047443681381817,0.02310165911160947,0.021481369666682307,0.02207870107603255,0.025310554304521962,0.023753038231810422,0.022570784270980096,0.023616984369378383,0.025761188725723652,0.023769574565730048,0.024722573072890868,0.02384599850681158,0.023172353886512786,0.02539404341122319,0.026329318819848437,0.023702695418901902,0.023315581918295945,0.023080110361900913,0.022617482203982218,0.02291335277891978,0.022523629363348622,0.02322540223614379,0.02603427836309387,0.02318654965664811,0.02301251230882847,0.014781547036072661,0.024941433373659866,0.025639574313729707,0.0240599861348715,0.021904924578765504,0.022285782695090794
average_user_sum_haspositive,-0.015037792497057365,-0.01480281511848551,-0.014825352644488823,-0.01505459407561497,-0.013564478154625267,-0.01255750939917807,-0.01387448188373502,-0.015489909879481487,-0.016854890977447773,-0.019629113789197877,-0.01366994202780575,-0.01630911266718611,-0.015401441466495846,-0.011610462628841725,-0.01603510448394183,-0.0155113003580007,-0.013704264375045114,-0.01116115340790705,-0.012813894482685126,-0.013719763394347098,-0.015073448097388774,-0.01452802149274328,-0.014668731717410236,-0.014054642078879916,-0.015369465255190189,-0.011478798117030146,-0.015154624289898798,-0.014466780633055832,-0.014387673422804306,-0.01668157523662197,-0.010584161565992293,-0.015386359494033318,-0.012963840441677078,-0.013894026860476083,-0.01569640374301208,-0.0158511595639887,-0.018192771828470684,-0.016578142927659092,-0.01720629737959908,-0.014651840801079659,-0.01692774183704674,-0.009658196430633604,-0.015225662717184972,-0.016407139035818086,-0.015084823631115147,-0.012293896801096311,-0.015456938732374848,-0.015118523103985225,-0.015444483338661308,-0.010498509453929557,-0.01482148627205293,-0.015366677639499067,-0.015296520754071365,-0.015698209153216052,-0.012845824902632034,-0.016846228429618554,-0.015340706806231008,-0.014942081528916714,-0.015362420811680913,-0.01243547571087859,-0.010959291729531688,-0.016296617088147322,-0.015435228044312408,-0.015392064783590363,-0.015891289192910222,-0.01554692817795199,-0.014799489565189002,-0.013712584754048764,-0.011215768585381243,-0.015471859653866825,-0.014784561337114456,-0.015617112428578422,-0.014736606956950827,-0.01651078328563277,-0.01531276927580225,-0.01581953297595981,-0.012123479272805894,-0.015580107697291066,-0.015538071265206102,-0.01397572199930467,-0.010567122001717725,-0.015953553926268228,-0.01531054554581751,-0.01531296767143859,-0.014333339147983046,-0.016447745846194618,-0.01571118502436693,-0.016137120233129264,-0.01565788478303633,-0.015014686319549688,-0.015869965769806028,-0.015545469194725065,-0.014063193232174268,-0.015055581414004982,-0.01625694641593981,-0.015490946146414608,-0.014233302863890906,-0.015347883952121236,-0.01593673932936794,-0.017138750266599334,-0.018155264066984478,-0.015156671074002146,-0.013628366466551044,-0.014297740164411002,-0.014876290798147954,-0.016216492649909396,-0.0144648416736471,-0.015030505587207659,-0.019225218274856314,-0.011835974530326839,-0.008799178520816117,-0.01324392230073817,-0.014829745059007199,-0.015578136490578175,-0.015400083824929824,-0.01975006419752124,-0.014833166971199987,-0.016370252920790383,-0.01710330189853951,-0.0171832637638356,-0.015391060149034713,-0.015062296884232437,-0.01639221766779932,-0.016389516849786283,-0.01692174847286405,-0.016831172759142733,-0.015326257065464236,-0.015414982548499491,-0.016223951292472165,-0.014584894719911786,-0.015039980597579255,-0.016001939264794422,-0.015098370383978973,-0.013570434749283685,-0.011761197231601744,-0.0142873789421585,-0.015390417185243633,-0.01472240518555021,-0.014623586958104699,-0.015032976996788697,-0.015864058899004645,-0.013953600196782644,-0.015289114978234652,-0.01345053861749831,-0.015386417339440695,-0.010991609490541917,-0.016021825077313513,-0.015732540270074327,-0.01732616095451848,-0.017089050205662284,-0.01600707576839793,-0.0064869052516887335
stdev_user_sum_haspositive,-0.0294804897954761,-0.02819997470115874,-0.02957648485469503,-0.03009690937659198,-0.02932283591104931,-0.02588935547106332,-0.030437323287893822,-0.03322411710191846,-0.029529854602667327,-0.031473757122039925,-0.027972425749754375,-0.031294853699945606,-0.029850857375376096,-0.031697928242184294,-0.032092274715963,-0.029756214255509932,-0.03288476223194936,-0.021843911034726902,-0.03190786575443524,-0.027215325434954103,-0.02925749824435414,-0.029238772078065398,-0.029968858494134734,-0.02313287164029482,-0.029008573859591394,-0.027845536493738027,-0.027279466277414753,-0.029065955225239398,-0.031168062570445326,-0.027207916919551524,-0.02492284899592797,-0.029167868474383577,-0.026942140376999477,-0.03253000930280976,-0.028155775559746736,-0.029202047039178697,-0.016938404450371626,-0.023969035268219904,-0.029360751518137558,-0.029143973088601973,-0.025900363541862523,-0.024025077044977583,-0.029133589820990884,-0.02844150722086619,-0.027867451344671175,-0.02207458005571971,-0.03154272464102172,-0.028803673344683402,-0.028035397640569084,-0.0350453542858381,-0.030643093796183636,-0.029348237874780272,-0.029969235620899596,-0.03406572915214296,-0.029130078964223538,-0.03215052123388527,-0.029045705198437584,-0.030970898515959827,-0.02862451250753291,-0.026592270837671315,-0.031153582762939704,-0.031201719767145156,-0.029070755155783858,-0.029506956186829834,-0.023205170406679985,-0.028158634134844773,-0.02933376467444051,-0.030043857093521593,-0.03281989919094218,-0.028869715615710053,-0.030280677252780986,-0.030798468755751242,-0.02914462845013142,-0.030177619027526754,-0.02909726104463614,-0.029964218601452125,-0.030720393157804553,-0.029558705212667673,-0.02988052586981743,-0.03172144330674083,-0.03365988560132725,-0.027899268773674914,-0.03282240464907509,-0.029407940215394536,-0.029515709814121785,-0.03487486793696769,-0.029142388630061862,-0.029180443867845404,-0.030773954879097957,-0.03401187145781209,-0.02947537208966923,-0.015125299866175447,-0.028885379081254776,-0.031226144946440864,-0.02956433326523438,-0.0294359137864827,-0.017671456645260996,-0.02939832274709347,-0.029315221331850223,-0.03282233831545415,-0.030395902224028905,-0.029469923607864122,-0.025612752031046758,-0.02950543576982089,-0.026640268705902026,-0.021247241212456913,-0.029905852406148934,-0.0283319174790138,-0.031192950264401935,-0.031922544833362855,-0.02308928175071237,-0.02883397930792587,-0.029279514635688116,-0.026835545079490458,-0.027951764366737554,-0.029954240016460718,-0.029322787237498354,-0.02869842892755943,-0.027655440424518823,-0.028886130334281234,-0.02975055489868572,-0.02966245695961874,-0.030543439865119305,-0.02522324879737377,-0.03541699472018722,-0.029625540195870822,-0.029401241620459824,-0.029241705552609215,-0.029496706306710935,-0.02895274038780926,-0.028773204684473714,-0.030181050541891,-0.029218550560165583,-0.028309659180243755,-0.03126779431492722,-0.03466254643545664,-0.0291990736046576,-0.02906648138327529,-0.025152630002864405,-0.02972351092965661,-0.026430614746216125,-0.02605425432520845,-0.029901613528814975,-0.02656253736393798,-0.02934046895784918,-0.027034307597361706,-0.02075087488945454,-0.028690762526269665,-0.030181764147374893,-0.030510773438042434,-0.029754863392780807,-0.0186072083082515
min_user_sum_haspositive,0.004930670810470286,0.004180325927911364,0.0048594002166393105,0.004973785744065562,0.0016487230093855752,0.011272683286951092,0.0027409850005137293,0.006595450477820928,0.0037931330299969413,0.0028600685922966357,0.0020907779576344113,0.007121335687438659,0.005568266848201081,0.002490790380675338,0.005378130756084261,0.00452437266279896,0.006184778752599422,0.007236212741575727,0.0054704865006504205,0.0018727114132191108,0.004790555148024726,0.002236979966051095,0.007855934682476348,0.0030294547181332464,0.0042870234759141215,0.004062023349732867,0.0046965829488272645,0.005739815903348116,0.004622011381747237,0.003075476548214825,0.00042344241717777974,0.004625571785074032,0.007442455226826895,0.002888420910402657,0.00359456337199833,0.007217702574612128,-0.005026497720687797,0.00928079788475865,0.0018795294670619252,0.0028853721581540252,0.003882129083831398,0.005305850797303231,0.004351655792590663,0.010322125641873568,0.0031856978570785933,-0.001298052514535658,0.0056334675027340415,0.0047658595368026465,-0.0012815216075680782,0.008227175619400225,0.004886498566763662,0.004629720081390606,0.0037665443237723147,0.010988923836693977,0.0026292189640488225,0.005635451655910376,0.0050142571617210075,0.008233518236513698,0.0031196845664473102,0.0039630511449047605,0.009315369909016331,0.005528116318373955,0.00464069533315082,0.004557885713538108,-0.0001062017669939512,0.004426064790068535,0.004470420878907444,0.0060299020167531164,0.008182941735306544,0.004395752180628584,0.004965077758569723,0.006127619540958602,0.00488286084061593,0.0037778189737825915,0.004149526403841568,0.004129254176174119,0.009301307753919413,0.003452170272299701,0.004689794798334092,0.022061694678452877,0.010074082704659704,0.004001853366405357,0.005575706603528463,0.004816417760139437,0.00690995827173573,0.009559038920312408,0.0046612162493922735,0.007877203020088968,0.005966970876669831,0.009940934978617325,0.004477187267853955,-0.006414876358987152,0.004242853705326968,0.004521375400734263,0.0053885936494317,0.004627157987624381,-0.0015809353536471518,0.004638610371990561,0.004715490286114517,0.0032290539811819785,0.0044024828053910135,0.004902123794905566,0.004726812356291328,0.005398552976623203,0.004569004835826512,-0.0019367811042796806,0.0047702283243467175,0.008255725285197215,0.0052619000459288405,0.0070317763951761696,-0.0041282699237716654,0.003699920482630549,0.004798301992269598,0.002230906557672562,0.004649294403733947,0.004671788615726065,0.0047205387341215325,0.0030121367305511234,0.0030466136058460817,0.0029458297395890207,0.005054116635400768,0.0048009242114134855,0.004407329617019586,0.003837979850771908,0.007825373989872719,0.0017048847789754053,0.004374667117483393,0.004779639575463216,0.0032250197119433784,0.004566039532202287,0.004845052515143368,0.0059284991767079125,0.004688424535627173,0.004065652013782072,0.005379803194017003,0.002691645170129221,0.004616141965854905,0.00596716623285326,0.0018512484676380739,0.004167557364055795,0.0038973045534919475,0.003822443090113115,0.005136253464133263,-4.747012669500429e-05,0.004513729375015421,0.007409457213136766,0.006651014793656469,0.0020061235755557526,0.0022632078531705305,0.003960372849571934,0.004734802609352053,0.009111298257167541
max_user_sum_haspositive,-0.02982662959060177,-0.02943441038708191,-0.02978128638261217,-0.029939349096992876,-0.0312245515703048,-0.02110759650485851,-0.03078352999547028,-0.032712338544953326,-0.029836610105999344,-0.032822277983094755,-0.029173242506829268,-0.03039300759726314,-0.02941624492048361,-0.027033885717842016,-0.031372696466376686,-0.03035038623491779,-0.030270859716460832,-0.023769362190329078,-0.030479718718276084,-0.029449292486335137,-0.02940403381542539,-0.03164809719001824,-0.02865800274187297,-0.025048012059917524,-0.0297518323158218,-0.02756367655777883,-0.02722096118102947,-0.029248976856162883,-0.029960486112987617,-0.029087374689221353,-0.03114560045785386,-0.030479688889732695,-0.025550595769395033,-0.030949292886155434,-0.02976612497738401,-0.028333281572224023,-0.025400937751037394,-0.023756343202222863,-0.03533834344894565,-0.028979328450464154,-0.02880291147320898,-0.027834423251782585,-0.02982264299891227,-0.023834868952199613,-0.029074697045262797,-0.029647645954680703,-0.031095968135483883,-0.029302682125306116,-0.029582249193190836,-0.030021020142997165,-0.030268222849780778,-0.029813822307319087,-0.03085279871466373,-0.030491564824529003,-0.030338150152310277,-0.03294610193389282,-0.030273263933104373,-0.028854718779320755,-0.030075839085954584,-0.02780760315218748,-0.02826824351093891,-0.03135602812228521,-0.02943171218807241,-0.029992338582255095,-0.026799483132314603,-0.02924114949056561,-0.029751034266197064,-0.029874518427367307,-0.028133856942701842,-0.02936474655100614,-0.030336642270442235,-0.030619075134599508,-0.029563370381059155,-0.03142635530313023,-0.029922247535752778,-0.030528232382871945,-0.02802529625002571,-0.03034144780231773,-0.030022684127422004,-0.019372560779539114,-0.032514625281331075,-0.028925234848817503,-0.029997529917969206,-0.029530351416204418,-0.028635703948103365,-0.03189890784814468,-0.029575768209710696,-0.029176068289280314,-0.030242548600372163,-0.032529915559217866,-0.029482703814894127,-0.027636892838470647,-0.02957664949222763,-0.03234975983043083,-0.02945941607357419,-0.029863606724325278,-0.02290859317209854,-0.029877680144336043,-0.03001501109059278,-0.03469829546917662,-0.029977638806152996,-0.029744303880555142,-0.025117341762866945,-0.028917384472935573,-0.02692305152932968,-0.027594066845499143,-0.029992711446004194,-0.02665879278441305,-0.02706460037818665,-0.03137714707426259,-0.027841517397213543,-0.030297260755131207,-0.02945993102109184,-0.029152377898830087,-0.02761373192375729,-0.02888751486334141,-0.029809371926351524,-0.03013005729544967,-0.029676632749716842,-0.030335920989965362,-0.03015040010960545,-0.030015733485558894,-0.0301866154239638,-0.02706371385193969,-0.03299273661347019,-0.03174338314063478,-0.030445665819646105,-0.02989958330958142,-0.030129517051863217,-0.02908645216501953,-0.02904945511159023,-0.028767529283083,-0.02972179384077207,-0.02907564032524007,-0.029332312066042365,-0.03566208848953627,-0.02968729498233054,-0.029247453064496394,-0.025742663941108038,-0.030286229718860014,-0.028985779987307406,-0.028896679570061277,-0.030334528077858625,-0.029544418274564197,-0.029935288445443367,-0.02509659115004387,-0.02383950909004941,-0.03003004985965662,-0.03275931324782424,-0.03148383242925721,-0.029822600570310987,-0.017409944382162593
average_user_sum_hasnegative,0.013818872740140365,0.013679914034920863,0.014482608628069746,0.014391440446275723,0.015928021955035985,0.01285584569330676,0.013442201140800514,0.01412639184497044,0.014635060015103727,0.016648046553880438,0.011827278876102323,0.014458390530314936,0.013805619797112322,0.014035727310817113,0.016336497839636588,0.012626809048474085,0.013276313453828011,0.0137763057843373,0.01454660238056634,0.01607101656757196,0.014514786908889384,0.014988448101622955,0.012079425767160715,0.014924384869691436,0.014599559809581442,0.015297064409553413,0.018423940735985606,0.013105293307996155,0.013593506841481005,0.012679494754255373,0.016279667046056802,0.013068092033625498,0.010452910326821368,0.016846097872947326,0.014146798080563128,0.012865261958462715,0.016413407540292645,0.013093305140984448,0.014688916730660705,0.013742086098524411,0.015000904150329064,0.008849133367890118,0.014165343306593359,0.014369696443234136,0.013551060005094711,0.018140998574917952,0.01579180258994429,0.013876613705876721,0.01538413588873798,0.014323019991171065,0.010549288830589476,0.014209819197977676,0.013954658889294057,0.015956032530904808,0.01349864600726239,0.014196573408856508,0.013740383384587046,0.01578748604992633,0.014535976058179186,0.019420998420435993,0.01214889687102421,0.012464349156523424,0.014703966094725823,0.014118142422607737,0.021469248420185418,0.013469954905207712,0.013749058093558194,0.013251224242976036,0.011284442498953197,0.014065040040553136,0.014903648746841497,0.015117778262862999,0.01295486200685573,0.013379869100567612,0.015034948662597485,0.01664351279433976,0.009012204495753032,0.010480454853854255,0.014200313526914792,0.008661198789922296,0.009871987615346599,0.012523861032736741,0.015818336738296863,0.014094348630067482,0.015085758480008486,0.013480626948766387,0.014251966023246285,0.019290192511384807,0.014462791746053548,0.011249228431565263,0.014172635943583827,0.014569832572930501,0.014735276382085697,0.013325839202669295,0.01456962753814863,0.014134149334719277,0.013153395007234794,0.014143623338218671,0.01470864337287751,0.010276523834221354,0.01210031149383048,0.013369181140230571,0.015489675190478211,0.012719820983142269,0.01451406077720558,0.01260903384704234,0.013035928475288379,0.014931027307026473,0.008594715403636542,0.01220746771770702,0.01951967343788722,0.01346225692367369,0.013867029371231788,0.014265704871682865,0.011139000771254461,0.013127120346097785,0.014048953420533276,0.014444457489802057,0.013108569724229625,0.01574977397037962,0.014018801235583475,0.013787276068969753,0.012891159889895427,0.01864885138945161,0.014306454626893892,0.013772415610989991,0.013972085683426162,0.014121524200673311,0.01678611964568792,0.010960225343595125,0.014372074284990776,0.013981167497074246,0.014166281175291735,0.014501067954583865,0.011575109651617083,0.009736146901547473,0.014294249020541314,0.014450507413573808,0.013541935820671896,0.013466329074774328,0.01341245583826916,0.01345718172852913,0.01353838736073483,0.014416901980848325,0.014955033854117129,0.014369902404911305,0.006407125356206014,0.013119839061089805,0.011506096700180726,0.013384313358554029,0.015197209056018101,0.013269066240030793
stdev_user_sum_hasnegative,-0.026187676787298973,-0.026808807753512895,-0.024739308634419067,-0.026645849833548573,-0.02641320784235976,-0.024069990691293848,-0.025632659913305697,-0.025839183337838616,-0.023688527288605446,-0.022633162831617443,-0.023893752855338235,-0.027343545658568717,-0.02569155082885158,-0.021573838524958693,-0.022733476161947888,-0.026878020529118148,-0.030279957297093686,-0.03089620720377996,-0.027632509547883016,-0.024393595339145636,-0.02578000912030046,-0.024966815123279452,-0.026668883520130658,-0.0238588300393439,-0.025279437080786442,-0.02776119212921451,-0.024569939664819226,-0.02725371730361012,-0.021905748178393622,-0.024532566372406486,-0.018389840343239823,-0.027287265814103723,-0.03003337832096337,-0.022342735043736208,-0.02615320856328919,-0.02826960026702674,-0.022949769857611477,-0.02769744984502174,-0.02389833516005114,-0.02219357342319841,-0.023566385920210292,-0.03144693032621973,-0.025827715330820414,-0.02485924653836788,-0.02504029614247081,-0.02468252266688653,-0.026027666444996718,-0.02636787100506689,-0.0231011285739905,-0.02413894381288299,-0.028614486757637378,-0.025913131709415768,-0.02615258910554937,-0.022997050745072835,-0.027723246676183887,-0.024574615508186834,-0.024617438963996374,-0.023218107269343164,-0.0259459847716531,-0.020431042860799973,-0.02568047957367335,-0.027460593160967127,-0.025432104724165502,-0.025560892562761492,-0.027183137460167595,-0.025855477509181882,-0.026739741630916046,-0.02418934951140361,-0.027198036420001844,-0.02626835915324187,-0.025791096763367063,-0.02681091629215309,-0.02691700124117374,-0.025755386145795263,-0.02600445001426977,-0.023548093450249163,-0.019294385972328507,-0.031597548691623165,-0.025092299514962297,-0.03311801306547108,-0.03000232748335288,-0.027737337858280083,-0.027050560865021805,-0.026167148579008648,-0.023924556959568563,-0.02449868219469785,-0.02568491770499665,-0.014202234435335004,-0.028025383521413663,-0.0289395865346777,-0.025110024693417665,-0.03171724076703191,-0.029459060931146377,-0.02663276903846559,-0.026207144958428776,-0.02586117906259704,-0.026561403198067615,-0.025974923106705364,-0.02500493861767202,-0.02445786815683889,-0.03000099802961071,-0.026250001211917888,-0.025061079104208562,-0.027040386210393348,-0.02603081126103037,-0.024429541968406944,-0.028032726745321746,-0.028243148492836684,-0.02794549804079411,-0.02354877525702897,-0.023737940253950103,-0.02840847196052102,-0.026795244726364516,-0.024869311657839104,-0.02630423993558373,-0.02589344292188601,-0.0251496333445923,-0.025783865507048177,-0.02665135674648517,-0.025317446322921388,-0.026145849622495207,-0.026763714320610903,-0.029571151979916353,-0.022668657172426544,-0.019850199662717383,-0.02764973973391481,-0.025513914723670022,-0.02597227782350749,-0.022520424582695854,-0.030639476989325246,-0.025956397040398337,-0.031866997494822025,-0.026217385780229918,-0.02833201071230745,-0.02035908641921833,-0.02913261592148425,-0.025922261637250577,-0.02318088322772361,-0.02467267093913622,-0.02702065514942478,-0.02790291754022915,-0.028581172964935342,-0.025611470843414374,-0.026475091842386667,-0.025479620667647456,-0.0239359259087611,-0.02308768535714882,-0.027587051749849097,-0.02581043771111362,-0.026445944053467313,-0.024400937119141614,-0.039125520747699205
min_user_sum_hasnegative,0.028434149249224834,0.029790121382032284,0.02750418056484375,0.028914819590115087,0.03278943964521325,0.016153405932126254,0.02840371228583733,0.02689540290869623,0.02491249575611458,0.0314556311789643,0.027473410163172902,0.028550276034909804,0.028668555205383736,0.027018960819544358,0.02571019027644943,0.02940864711496987,0.030623157197557614,0.03138962303502593,0.024090260797691873,0.029170322225503514,0.02917769865726337,0.0280490766528631,0.028484762568802606,0.0288245086047169,0.02844460349292158,0.02943251949538619,0.03078703377729122,0.02858337995306344,0.021208326859020743,0.02876028444703687,0.034670235308841266,0.02693364313736832,0.02732723238068942,0.02481960159257967,0.02910268070554103,0.02876874801872216,0.034989413848459223,0.033855185499819695,0.019534782821376908,0.028559661043502545,0.02788569116916491,0.03206533155760586,0.028127588409429354,0.030687567935407688,0.027545873064203513,0.0251466134074124,0.031322624172570424,0.02856978241962592,0.023587346412110334,0.030071875104219263,0.03195827898681704,0.028742089954864797,0.028283990714494896,0.0285487485108952,0.02752206215023567,0.028422362361443926,0.03275486634131212,0.027719765434361193,0.028427268205146686,0.028395123278660096,0.028424395014967165,0.030210853692752764,0.028642897181549064,0.028469680609479256,0.030153879127406493,0.02784219502683835,0.03204915529436893,0.027331132673545103,0.03160666271280899,0.02951358249891483,0.028077736143857397,0.02779171608134532,0.028353031686461076,0.030259445300843343,0.027144444705095333,0.028436491529762846,0.026502449018558406,0.03008590146427461,0.026850981901668174,0.0306802186995912,0.026765562759811304,0.02799418102427532,0.03304789115630285,0.028077920754222767,0.027520142859859122,0.02395201752037434,0.029223151590562126,0.0353401023618642,0.030381177033058267,0.026309634744834283,0.025462538232642815,0.037519316979116854,0.023745344719920583,0.03207966578949828,0.028373363779090822,0.028935380890551646,0.02321206517145974,0.028661864175342305,0.029025862297535496,0.02031856507366448,0.02854687232626606,0.028759819424307387,0.028058629296207487,0.026815127797609244,0.02995356195224847,0.02947296093664311,0.029050138490090742,0.030436163415783417,0.02900090331672422,0.027916916602485926,0.027586543930761487,0.033621139552405976,0.028301887106627684,0.029407705497167026,0.033560814049471685,0.028483505791573886,0.029322367390804724,0.031097116256572348,0.03034972645681007,0.03079635539484981,0.02840549943976932,0.02939485196844143,0.03356946251677852,0.0233692031686664,0.025091517256675272,0.028864413788754543,0.027941839589164453,0.029012067899297354,0.024973143281888655,0.03564565283289829,0.027967641250850793,0.025563825403726936,0.029194043427167315,0.03227442990003854,0.022931009951473416,0.027579342680666495,0.028818900053496244,0.026725514507561016,0.027185031017912198,0.02809515752460119,0.03002636982775475,0.03304692399831668,0.02935458216208494,0.030185857512452202,0.02948986964283494,0.03301324479448828,0.008969408087584492,0.02790081590727696,0.03743065813507657,0.028544360597416774,0.02609712961774234,0.03463143386456248
max_user_sum_hasnegative,-0.011441933488922446,-0.011664552209336007,-0.010655783501836085,-0.011823312321733665,-0.01077419060290864,-0.013917515181661174,-0.011372324863719556,-0.01164022768751775,-0.01048120024077756,-0.006790417838748035,-0.00983820055971413,-0.012968007556852297,-0.011058586739838972,-0.010033824769066613,-0.008221342876119682,-0.011859123375700336,-0.014574351559569963,-0.015129804264301279,-0.014905574682264985,-0.009934859230164992,-0.011029438758328092,-0.01046140845576602,-0.012422413344551153,-0.009058414793394216,-0.010578399748306974,-0.011787350616288661,-0.008898779620524908,-0.012867233810610643,-0.00992921201642671,-0.010290603161190754,-0.0031805455784430295,-0.01301678496811165,-0.014864746874656025,-0.008601939656139281,-0.011387720287582382,-0.01357386775194662,-0.00643114067477236,-0.01079903483377832,-0.01068896039756146,-0.008581104396714561,-0.008998704030517791,-0.015944788434713274,-0.011355402527662642,-0.01074365852569563,-0.011338891660161072,-0.010317585264494934,-0.0100713506941273,-0.011667079865123262,-0.009878786777316285,-0.009872353735538467,-0.013523342298716809,-0.011172012946652434,-0.011704278389860292,-0.00867814843531332,-0.013564878934117465,-0.008913558508484964,-0.011005526817254575,-0.008748134183295724,-0.011075089648365727,-0.006509396286762768,-0.012349756842224438,-0.012295835519111398,-0.010702285146763569,-0.01097532205043382,-0.011424706868795122,-0.011334849232273795,-0.011485460995453722,-0.010752966359477336,-0.011390240095879712,-0.011321541214278513,-0.011045602144085832,-0.012109577011534646,-0.012412226160615743,-0.01064170547552317,-0.011995479168367079,-0.008644944537915547,-0.008324141669996359,-0.015943468704929773,-0.010910690216350737,-0.018299178535566438,-0.016860547186728365,-0.013398405559616397,-0.01090078144938763,-0.011672904757072108,-0.00968442092146822,-0.01140990016555091,-0.010836528215980818,0.000594523344505023,-0.01290393026239078,-0.015190830281362647,-0.01177991243858185,-0.013387921289341308,-0.01614681283249841,-0.01085480616830173,-0.011463283359005406,-0.011044085862280745,-0.01356402923787227,-0.011245885954091425,-0.010081708102663636,-0.012604638798882333,-0.014854431666152051,-0.011584777769014155,-0.011096729132149437,-0.01264900803459963,-0.010925892542361431,-0.010193799846924392,-0.013001461693434213,-0.011790638649147093,-0.013663988658708139,-0.009478748747517049,-0.00960792316247803,-0.012061232491919604,-0.012111476924570524,-0.010095370707139752,-0.009774263845029649,-0.011312670728651147,-0.010340312208524664,-0.010604773559121499,-0.011143918700199457,-0.0099190398523054,-0.011503124875613013,-0.01168528766288419,-0.012459601747746508,-0.010939786390709715,-0.008093192014777508,-0.012722078676538382,-0.01110332119513502,-0.011283279563650245,-0.007583481235216727,-0.013275712389543,-0.011454988049563417,-0.015298110355140036,-0.01120838537666247,-0.01173449375104436,-0.00874720153098286,-0.015588424991110293,-0.011138801251051787,-0.009173190431569032,-0.011269091067824998,-0.012411797776919208,-0.012724565210282292,-0.011744781296878207,-0.010957236556670968,-0.010261819798559006,-0.010187303284838956,-0.009213475709853133,-0.01698093083792568,-0.013589540964265227,-0.008365866474073565,-0.01159666627593341,-0.010419710511325038,-0.02180344450519527
average_user_sum_subjunctive,0.0,0.0,0.0,0.0,0.0,0.0,0.0,0.0,0.0,0.0,0.0,0.0,0.0,0.0,0.0,0.0,0.0,0.0,0.0,0.0,0.0,0.0,0.0,0.0,0.0,0.0,0.0,0.0,0.0,0.0,0.0,0.0,0.0,0.0,0.0,0.0,0.0,0.0,0.0,0.0,0.0,0.0,0.0,0.0,0.0,0.0,0.0,0.0,0.0,0.0,0.0,0.0,0.0,0.0,0.0,0.0,0.0,0.0,0.0,0.0,0.0,0.0,0.0,0.0,0.0,0.0,0.0,0.0,0.0,0.0,0.0,0.0,0.0,0.0,0.0,0.0,0.0,0.0,0.0,0.0,0.0,0.0,0.0,0.0,0.0,0.0,0.0,0.0,0.0,0.0,0.0,0.0,0.0,0.0,0.0,0.0,0.0,0.0,0.0,0.0,0.0,0.0,0.0,0.0,0.0,0.0,0.0,0.0,0.0,0.0,0.0,0.0,0.0,0.0,0.0,0.0,0.0,0.0,0.0,0.0,0.0,0.0,0.0,0.0,0.0,0.0,0.0,0.0,0.0,0.0,0.0,0.0,0.0,0.0,0.0,0.0,0.0,0.0,0.0,0.0,0.0,0.0,0.0,0.0,0.0,0.0,0.0,0.0,0.0,0.0,0.0,0.0
stdev_user_sum_subjunctive,0.0,0.0,0.0,0.0,0.0,0.0,0.0,0.0,0.0,0.0,0.0,0.0,0.0,0.0,0.0,0.0,0.0,0.0,0.0,0.0,0.0,0.0,0.0,0.0,0.0,0.0,0.0,0.0,0.0,0.0,0.0,0.0,0.0,0.0,0.0,0.0,0.0,0.0,0.0,0.0,0.0,0.0,0.0,0.0,0.0,0.0,0.0,0.0,0.0,0.0,0.0,0.0,0.0,0.0,0.0,0.0,0.0,0.0,0.0,0.0,0.0,0.0,0.0,0.0,0.0,0.0,0.0,0.0,0.0,0.0,0.0,0.0,0.0,0.0,0.0,0.0,0.0,0.0,0.0,0.0,0.0,0.0,0.0,0.0,0.0,0.0,0.0,0.0,0.0,0.0,0.0,0.0,0.0,0.0,0.0,0.0,0.0,0.0,0.0,0.0,0.0,0.0,0.0,0.0,0.0,0.0,0.0,0.0,0.0,0.0,0.0,0.0,0.0,0.0,0.0,0.0,0.0,0.0,0.0,0.0,0.0,0.0,0.0,0.0,0.0,0.0,0.0,0.0,0.0,0.0,0.0,0.0,0.0,0.0,0.0,0.0,0.0,0.0,0.0,0.0,0.0,0.0,0.0,0.0,0.0,0.0,0.0,0.0,0.0,0.0,0.0,0.0
min_user_sum_subjunctive,0.0,0.0,0.0,0.0,0.0,0.0,0.0,0.0,0.0,0.0,0.0,0.0,0.0,0.0,0.0,0.0,0.0,0.0,0.0,0.0,0.0,0.0,0.0,0.0,0.0,0.0,0.0,0.0,0.0,0.0,0.0,0.0,0.0,0.0,0.0,0.0,0.0,0.0,0.0,0.0,0.0,0.0,0.0,0.0,0.0,0.0,0.0,0.0,0.0,0.0,0.0,0.0,0.0,0.0,0.0,0.0,0.0,0.0,0.0,0.0,0.0,0.0,0.0,0.0,0.0,0.0,0.0,0.0,0.0,0.0,0.0,0.0,0.0,0.0,0.0,0.0,0.0,0.0,0.0,0.0,0.0,0.0,0.0,0.0,0.0,0.0,0.0,0.0,0.0,0.0,0.0,0.0,0.0,0.0,0.0,0.0,0.0,0.0,0.0,0.0,0.0,0.0,0.0,0.0,0.0,0.0,0.0,0.0,0.0,0.0,0.0,0.0,0.0,0.0,0.0,0.0,0.0,0.0,0.0,0.0,0.0,0.0,0.0,0.0,0.0,0.0,0.0,0.0,0.0,0.0,0.0,0.0,0.0,0.0,0.0,0.0,0.0,0.0,0.0,0.0,0.0,0.0,0.0,0.0,0.0,0.0,0.0,0.0,0.0,0.0,0.0,0.0
max_user_sum_subjunctive,0.0,0.0,0.0,0.0,0.0,0.0,0.0,0.0,0.0,0.0,0.0,0.0,0.0,0.0,0.0,0.0,0.0,0.0,0.0,0.0,0.0,0.0,0.0,0.0,0.0,0.0,0.0,0.0,0.0,0.0,0.0,0.0,0.0,0.0,0.0,0.0,0.0,0.0,0.0,0.0,0.0,0.0,0.0,0.0,0.0,0.0,0.0,0.0,0.0,0.0,0.0,0.0,0.0,0.0,0.0,0.0,0.0,0.0,0.0,0.0,0.0,0.0,0.0,0.0,0.0,0.0,0.0,0.0,0.0,0.0,0.0,0.0,0.0,0.0,0.0,0.0,0.0,0.0,0.0,0.0,0.0,0.0,0.0,0.0,0.0,0.0,0.0,0.0,0.0,0.0,0.0,0.0,0.0,0.0,0.0,0.0,0.0,0.0,0.0,0.0,0.0,0.0,0.0,0.0,0.0,0.0,0.0,0.0,0.0,0.0,0.0,0.0,0.0,0.0,0.0,0.0,0.0,0.0,0.0,0.0,0.0,0.0,0.0,0.0,0.0,0.0,0.0,0.0,0.0,0.0,0.0,0.0,0.0,0.0,0.0,0.0,0.0,0.0,0.0,0.0,0.0,0.0,0.0,0.0,0.0,0.0,0.0,0.0,0.0,0.0,0.0,0.0
average_user_sum_indicative,-0.011630201710827667,-0.01167296975769931,-0.01187832651433247,-0.011731748622091958,-0.012273517292155856,-0.011755121512030038,-0.012033122569155057,-0.011649129440017862,-0.011883429139944342,-0.011860100227133498,-0.01069529780339704,-0.01178692910398129,-0.012007115703094116,-0.014722877105323415,-0.011864021388552604,-0.011839870724925518,-0.010913833983845964,-0.0115990403289155,-0.012360185895026292,-0.012056978569642796,-0.011961822623135988,-0.011841177445503195,-0.011678915946114494,-0.011488430665714193,-0.011815567597112678,-0.012228241885991947,-0.011255795052606484,-0.011535446185070537,-0.012370051201385643,-0.012376855941913558,-0.01174211642003487,-0.011840791103229789,-0.010582169933576909,-0.011702138995092237,-0.011809694326160544,-0.01153328290125414,-0.01104443651872173,-0.010364555551483263,-0.012752236270238713,-0.012027659506170869,-0.011932751602386573,-0.012659146518031458,-0.011826303603864562,-0.01424830489023258,-0.012762750336593796,-0.011054405946056549,-0.01205527639669679,-0.011986679370877707,-0.014913596111202652,-0.01243678966579602,-0.011513382328853627,-0.011757232973059332,-0.011650759968774523,-0.012064918664631481,-0.01159985516896131,-0.012714018549930815,-0.008243198546873264,-0.01131170504525636,-0.011762910134865497,-0.01219978631058605,-0.011323394110123947,-0.011891930158377237,-0.0117868522367494,-0.011751449770509643,-0.01423796850393815,-0.01170931238752011,-0.01181315343587514,-0.011539876651510506,-0.011340395156198765,-0.011785644029494466,-0.01180886780484193,-0.01184199102962825,-0.012373465654298504,-0.011352044595984847,-0.011957630689838027,-0.011958381861869687,-0.01219350620240619,-0.012047745924099192,-0.01180963510061281,-0.010169337376798279,-0.013594169725088461,-0.011737026947858258,-0.011660956410369345,-0.011697611420052054,-0.011271160924878043,-0.011611651752103585,-0.010271904793535108,-0.01195235940465448,-0.01191029441013159,-0.011612808078731534,-0.012319355524478843,-0.014154445728221134,-0.01121164381417904,-0.011877736000358966,-0.012229079245154697,-0.011700950735933816,-0.012399861002883936,-0.011502073184091303,-0.011717431927317211,-0.01168422425487775,-0.011872813399433779,-0.011856352871277794,-0.012305058396452274,-0.011396815884003132,-0.011660270043594836,-0.012684699105745614,-0.011698053297612185,-0.010829333866019829,-0.011509989042951795,-0.012250940192621039,-0.01349074806181838,-0.011352698597603069,-0.011773381369088386,-0.011683974762656245,-0.012406885684914834,-0.011309400967291067,-0.012190832862797426,-0.01175739072365493,-0.01159950101833692,-0.011870032333056746,-0.01181119151000096,-0.011724233273526846,-0.01165145802422969,-0.010868272240401485,-0.012263024791395804,-0.011906095712913747,-0.011474553995349555,-0.011810894644055357,-0.012249906011899497,-0.01202982009239573,-0.011669157501267433,-0.011361865929355014,-0.011755798088443816,-0.011559442944306842,-0.011128682920310037,-0.01259620203460882,-0.011755388234212747,-0.011944739202057538,-0.011598683706757743,-0.011957707426354554,-0.011560361963343695,-0.010965310421118478,-0.011412187436420678,-0.011218348600183505,-0.011772600499770634,-0.011016790287867945,-0.010814668574538543,-0.011136212705669488,-0.012506138179518842,-0.011871861107493024,-0.011477333345026375,-0.01023526652191037
stdev_user_sum_indicative,-0.011630201710827667,-0.011672969757699311,-0.011878326514332472,-0.011731748622091967,-0.012273517292155851,-0.011755121512030038,-0.012033122569155057,-0.011649129440017864,-0.01188342913994434,-0.011860100227133498,-0.010695297803397032,-0.011786929103981283,-0.012007115703094113,-0.014722877105323417,-0.011864021388552602,-0.01183987072492552,-0.01091383398384596,-0.0115990403289155,-0.012360185895026294,-0.012056978569642801,-0.011961822623135984,-0.011841177445503191,-0.011678915946114497,-0.011488430665714203,-0.011815567597112676,-0.012228241885991947,-0.011255795052606491,-0.011535446185070535,-0.012370051201385643,-0.012376855941913564,-0.011742116420034868,-0.011840791103229798,-0.010582169933576914,-0.011702138995092237,-0.01180969432616054,-0.011533282901254148,-0.01104443651872172,-0.010364555551483273,-0.012752236270238715,-0.012027659506170865,-0.011932751602386573,-0.012659146518031456,-0.011826303603864562,-0.014248304890232585,-0.012762750336593803,-0.011054405946056545,-0.012055276396696794,-0.011986679370877704,-0.014913596111202656,-0.012436789665796017,-0.01151338232885363,-0.011757232973059323,-0.011650759968774526,-0.01206491866463149,-0.011599855168961323,-0.012714018549930817,-0.008243198546873269,-0.01131170504525636,-0.011762910134865497,-0.012199786310586045,-0.011323394110123952,-0.011891930158377226,-0.01178685223674939,-0.01175144977050964,-0.014237968503938147,-0.011709312387520111,-0.011813153435875147,-0.01153987665151051,-0.011340395156198767,-0.011785644029494464,-0.01180886780484194,-0.011841991029628253,-0.012373465654298511,-0.011352044595984859,-0.01195763068983802,-0.011958381861869686,-0.012193506202406192,-0.012047745924099199,-0.011809635100612807,-0.01016933737679828,-0.013594169725088461,-0.011737026947858257,-0.011660956410369343,-0.011697611420052052,-0.01127116092487804,-0.011611651752103585,-0.010271904793535108,-0.011952359404654484,-0.01191029441013159,-0.01161280807873154,-0.012319355524478843,-0.014154445728221133,-0.011211643814179037,-0.011877736000358961,-0.012229079245154692,-0.011700950735933814,-0.012399861002883941,-0.011502073184091303,-0.011717431927317206,-0.01168422425487775,-0.011872813399433779,-0.011856352871277797,-0.012305058396452273,-0.011396815884003125,-0.011660270043594836,-0.012684699105745614,-0.011698053297612183,-0.010829333866019832,-0.011509989042951791,-0.012250940192621032,-0.013490748061818379,-0.011352698597603062,-0.011773381369088384,-0.011683974762656243,-0.012406885684914833,-0.011309400967291062,-0.012190832862797433,-0.011757390723654929,-0.011599501018336927,-0.011870032333056748,-0.011811191510000957,-0.011724233273526842,-0.011651458024229695,-0.010868272240401485,-0.012263024791395795,-0.011906095712913749,-0.011474553995349558,-0.011810894644055351,-0.012249906011899507,-0.012029820092395727,-0.011669157501267433,-0.011361865929355015,-0.011755798088443823,-0.011559442944306839,-0.011128682920310043,-0.01259620203460882,-0.011755388234212747,-0.011944739202057533,-0.011598683706757741,-0.011957707426354557,-0.011560361963343693,-0.010965310421118476,-0.011412187436420676,-0.011218348600183496,-0.011772600499770636,-0.01101679028786795,-0.010814668574538541,-0.011136212705669488,-0.012506138179518842,-0.011871861107493026,-0.011477333345026375,-0.010235266521910364
min_user_sum_indicative,0.0,0.0,0.0,0.0,0.0,0.0,0.0,0.0,0.0,0.0,0.0,0.0,0.0,0.0,0.0,0.0,0.0,0.0,0.0,0.0,0.0,0.0,0.0,0.0,0.0,0.0,0.0,0.0,0.0,0.0,0.0,0.0,0.0,0.0,0.0,0.0,0.0,0.0,0.0,0.0,0.0,0.0,0.0,0.0,0.0,0.0,0.0,0.0,0.0,0.0,0.0,0.0,0.0,0.0,0.0,0.0,0.0,0.0,0.0,0.0,0.0,0.0,0.0,0.0,0.0,0.0,0.0,0.0,0.0,0.0,0.0,0.0,0.0,0.0,0.0,0.0,0.0,0.0,0.0,0.0,0.0,0.0,0.0,0.0,0.0,0.0,0.0,0.0,0.0,0.0,0.0,0.0,0.0,0.0,0.0,0.0,0.0,0.0,0.0,0.0,0.0,0.0,0.0,0.0,0.0,0.0,0.0,0.0,0.0,0.0,0.0,0.0,0.0,0.0,0.0,0.0,0.0,0.0,0.0,0.0,0.0,0.0,0.0,0.0,0.0,0.0,0.0,0.0,0.0,0.0,0.0,0.0,0.0,0.0,0.0,0.0,0.0,0.0,0.0,0.0,0.0,0.0,0.0,0.0,0.0,0.0,0.0,0.0,0.0,0.0,0.0,0.0
max_user_sum_indicative,-0.011630201710827667,-0.011672969757699304,-0.011878326514332462,-0.011731748622091968,-0.01227351729215585,-0.011755121512030023,-0.012033122569155055,-0.011649129440017851,-0.011883429139944324,-0.01186010022713349,-0.010695297803397027,-0.011786929103981273,-0.012007115703094113,-0.01472287710532341,-0.011864021388552599,-0.01183987072492551,-0.010913833983845954,-0.011599040328915497,-0.012360185895026297,-0.012056978569642782,-0.011961822623135972,-0.011841177445503195,-0.011678915946114485,-0.011488430665714191,-0.011815567597112678,-0.012228241885991944,-0.011255795052606491,-0.011535446185070531,-0.012370051201385637,-0.012376855941913546,-0.011742116420034867,-0.01184079110322978,-0.010582169933576907,-0.01170213899509223,-0.011809694326160537,-0.01153328290125414,-0.011044436518721721,-0.010364555551483263,-0.012752236270238701,-0.012027659506170858,-0.011932751602386566,-0.012659146518031456,-0.011826303603864555,-0.01424830489023258,-0.012762750336593794,-0.011054405946056535,-0.012055276396696794,-0.011986679370877698,-0.014913596111202654,-0.01243678966579601,-0.011513382328853617,-0.01175723297305933,-0.011650759968774509,-0.012064918664631476,-0.011599855168961308,-0.01271401854993081,-0.008243198546873255,-0.011311705045256363,-0.011762910134865485,-0.012199786310586056,-0.011323394110123945,-0.011891930158377221,-0.011786852236749388,-0.011751449770509643,-0.01423796850393815,-0.011709312387520097,-0.01181315343587514,-0.0115398766515105,-0.011340395156198769,-0.011785644029494457,-0.01180886780484192,-0.011841991029628235,-0.012373465654298508,-0.011352044595984856,-0.011957630689838017,-0.01195838186186968,-0.012193506202406201,-0.012047745924099197,-0.011809635100612814,-0.010169337376798284,-0.013594169725088458,-0.011737026947858253,-0.011660956410369346,-0.011697611420052056,-0.01127116092487804,-0.011611651752103576,-0.010271904793535104,-0.011952359404654472,-0.011910294410131583,-0.01161280807873153,-0.012319355524478832,-0.014154445728221124,-0.011211643814179035,-0.011877736000358956,-0.012229079245154695,-0.011700950735933805,-0.012399861002883941,-0.0115020731840913,-0.01171743192731721,-0.011684224254877744,-0.011872813399433779,-0.011856352871277787,-0.012305058396452276,-0.011396815884003124,-0.011660270043594835,-0.012684699105745607,-0.011698053297612188,-0.010829333866019825,-0.011509989042951804,-0.012250940192621029,-0.01349074806181838,-0.011352698597603064,-0.011773381369088377,-0.011683974762656235,-0.012406885684914827,-0.011309400967291057,-0.012190832862797426,-0.01175739072365492,-0.011599501018336924,-0.011870032333056741,-0.011811191510000946,-0.01172423327352684,-0.011651458024229688,-0.010868272240401482,-0.012263024791395795,-0.011906095712913737,-0.011474553995349548,-0.011810894644055353,-0.0122499060118995,-0.012029820092395735,-0.011669157501267435,-0.01136186592935501,-0.011755798088443816,-0.011559442944306837,-0.011128682920310044,-0.012596202034608813,-0.011755388234212743,-0.01194473920205753,-0.011598683706757734,-0.011957707426354554,-0.011560361963343684,-0.010965310421118472,-0.011412187436420664,-0.011218348600183484,-0.011772600499770632,-0.011016790287867943,-0.010814668574538541,-0.011136212705669482,-0.012506138179518837,-0.011871861107493015,-0.011477333345026373,-0.010235266521910367
average_user_avg_num_words,0.00918902128268957,0.009565544252833902,0.008842446064862187,0.008924796901524285,0.010677276688499972,0.008421511360472351,0.011379224614716526,0.010676548396646869,0.008554750717554349,0.008807852912326573,0.008452207054539423,0.007877750383515599,0.009277619260094266,0.013696667653222713,0.007481577649236073,0.009063296861817857,0.012667291616171436,0.009887278974597982,0.009477772002811623,0.006698511818471511,0.009132277825598285,0.009768645582357922,0.010011615853445427,0.009241013056316884,0.009300417863185126,0.010315237480127058,0.008740728521823077,0.008787123321705496,0.009016822873824465,0.008692442530270149,0.005280140048340975,0.008749253590519382,0.00989665210261039,0.008560494448292379,0.009179315433651998,0.010290666152496217,0.008213846372350021,0.006763889571197983,0.011539709079566144,0.008064689937154236,0.009732105436761673,0.007763148984138147,0.008756896902419117,0.004013123693435421,0.008136876212333475,0.009864985793379319,0.008817093001121419,0.009354439199363785,0.009255070070605977,0.008374888634670695,0.009097221895739988,0.009067208826887642,0.008952032448687114,0.010630198370660225,0.009946327273863414,0.01126437039309627,0.009274319024339412,0.0093091508050233,0.009212038028724404,0.007734980235480759,0.007748029349926329,0.010126041316820066,0.008992058270727748,0.009017624256415798,0.006166864927520507,0.009119697918616379,0.008601160205001665,0.008101164074895358,0.013945440532251345,0.009051676708358098,0.008309414148471438,0.008848114250244041,0.009178628430175756,0.009461282928427657,0.00867714528941254,0.009078611312962493,0.009350859754611906,0.008544341827577837,0.009001638559880672,0.012859285658816819,0.009549516657283718,0.009153300673405427,0.009190831696130266,0.009140870784706578,0.009212856991190203,0.0069909312446273415,0.00927562049916075,0.00529987047276448,0.008891873124379739,0.008758019966500143,0.008801297270928123,0.0067384392445028075,0.009460354573682639,0.009368963456838422,0.009655173293268822,0.009046028905478672,0.007755187144551138,0.009048862971626277,0.008100751650406988,0.009156649917277018,0.007725853651634264,0.009723071966066442,0.0056150939782419985,0.009412246440022613,0.009636115041894228,0.010752510393741477,0.009226527395603038,0.009807704261079887,0.0048846263813421414,0.008870373447148788,0.012722187196483976,0.011281214073829884,0.009452528449891886,0.00866950502869935,0.010029763063522955,0.006329943894279273,0.00884487649950066,0.009193928375221882,0.009318493019242528,0.007634469182246641,0.009266084134334465,0.009130857389933165,0.010501447167429605,0.010003488523450286,0.009884163543860399,0.009176315611317754,0.009366117616928727,0.008759965371399754,0.008754216798224378,0.009457841048708872,0.009051353926292102,0.008543439813789105,0.008877477978373162,0.009318274239872932,0.010702955589084606,0.012882771580507778,0.00906235312443613,0.011421818407924517,0.008296922398510948,0.0097581531884078,0.009164315597896568,0.008224112647924962,0.009565358936323902,0.007778897802255488,0.009040502927641907,0.00682111290091233,0.009989173285177445,0.00678530785921057,0.008680214553213245,0.008694974756486933,0.009710351420449586,0.010721527391667594
stdev_user_avg_num_words,-0.026643719891640837,-0.026004730623980735,-0.02643460497869523,-0.026512082339897075,-0.031028830240023203,-0.023493856945270772,-0.027068677102075285,-0.02711396797241363,-0.027210833040645383,-0.027047201044956833,-0.024567863311030023,-0.025011239692511858,-0.0268280992483061,-0.024911394955594964,-0.025671760390471577,-0.02578923185186554,-0.02492226479191039,-0.022652435252330697,-0.02779035981353094,-0.025633861215570316,-0.026426021328857952,-0.0272424887384805,-0.026710555565564835,-0.025533882847716176,-0.02637966974780314,-0.026254105201770305,-0.02670940332604626,-0.026210838464099804,-0.026712730515494575,-0.02684756087112335,-0.02766884527368386,-0.026213834872386294,-0.02892501608178523,-0.028279455869285545,-0.027098871752834736,-0.023501169701128075,-0.028555939338048196,-0.03041859093249223,-0.024304131807687458,-0.026215865304177532,-0.02562177400775041,-0.026577051113070498,-0.02658257938555297,-0.018391660422060425,-0.027703672835025697,-0.02694310976709965,-0.026601885222716906,-0.025957235149552258,-0.027497383238350007,-0.028111110746731754,-0.02775790671552507,-0.02651695406633329,-0.026682203774948843,-0.02669332155463178,-0.02424022039287049,-0.02915968971205756,-0.02874071775237933,-0.025142418386321405,-0.02590974029317289,-0.02646468358205262,-0.028241925900747002,-0.026354429844937643,-0.026632028090167882,-0.02660418389111367,-0.023535428577839284,-0.026616082202063567,-0.025789340797345545,-0.028414052222712517,-0.02634870814654301,-0.026382784763703617,-0.02654229698524295,-0.025810717409924896,-0.025616646155663184,-0.025320907397623195,-0.025994960388779898,-0.026473559904727228,-0.030152338521091022,-0.027058494191991724,-0.025672027975951334,-0.023827417762525636,-0.02769202598076561,-0.02656777075687886,-0.02714627181093677,-0.02754036247345305,-0.027109066235977433,-0.024594839506955443,-0.026398813374491376,-0.026690544786312075,-0.025650824879383534,-0.026759661012707988,-0.027973029557960136,-0.021295144796006475,-0.02538678836190107,-0.02717707298455999,-0.02706713927998888,-0.026586537610793364,-0.027360835804136625,-0.0265323945965539,-0.02672506889752307,-0.02542279780552416,-0.029254803719379628,-0.026870703163480086,-0.025773807084975054,-0.02721215964820131,-0.027339027723936076,-0.023241909907125578,-0.027737657075132406,-0.02802167535847411,-0.02532287299478648,-0.024411281966639668,-0.023258881759283114,-0.02524820907642914,-0.02649240055332728,-0.02638546968478445,-0.0252852482801524,-0.02636641171909188,-0.027262596706994505,-0.02622470807441639,-0.02498890100499193,-0.027448321466977208,-0.026390145486738438,-0.026627313551453397,-0.026102782674705245,-0.02482731032055971,-0.02628582440745441,-0.02572888544000056,-0.026312373616158895,-0.027359330606715283,-0.026300255177576195,-0.026164897720739936,-0.02671751518467957,-0.02862446129304273,-0.026414366049237113,-0.026001735495619616,-0.029713896157766234,-0.023284048035480977,-0.026421507325160482,-0.02636779621813386,-0.026865054090194553,-0.02594925706642555,-0.0263801558466484,-0.025424561980589424,-0.026578964395637908,-0.022994940193933035,-0.02652269294123723,-0.027174925449360777,-0.02250811513398965,-0.0281825545681955,-0.028349753984501857,-0.027434312727772074,-0.026498596880968128,-0.022574340454501678
min_user_avg_num_words,-0.005380213316472589,-0.00542686022325631,-0.005619231789843384,-0.005470159639503167,-3.5014233503613025e-05,-0.01028109701452117,-0.004260238517400884,-0.003501556021426785,-0.004393299175749153,-0.004314287994904774,-0.004371224420389489,-0.006506362598999375,-0.005465007156252059,-0.005323129039155324,-0.008023270726410485,-0.005583736345838905,-0.002839293540684542,-0.009750135225432055,-0.005191938782665522,-0.005487041074950345,-0.005500586617913839,-0.0054093917796308524,-0.0035960961697430347,-0.005252201830469097,-0.005455762726197911,-0.006214776813496075,-0.008045668099335138,-0.0062863200464356676,-0.005403472184564129,-0.003657523398069412,-0.002452262897192683,-0.0059464052897078915,-0.0065216548295072155,-0.003855512558692149,-0.005215114162003447,-0.004904429863190394,-0.0031091265176783917,-0.0008698621397640778,-0.003264378859033198,-0.006001041044909652,-0.00570173028866355,-0.0031804409191634256,-0.005500819501616577,-0.008523478721611084,-0.004097259333339849,-0.006252051862256759,-0.005120383766027078,-0.005580852453732259,-0.007206824838023617,-0.006462304194827207,-0.0042641759776463105,-0.005453164595793373,-0.005217610195456397,-0.004276247297306779,-0.005850985370605796,-0.0026495826998852714,-0.006078499230148303,-0.005508203248123543,-0.007475218098736417,-0.005676666577428084,-0.005845986690110973,-0.004806431448565717,-0.005192108019810668,-0.005549800377161603,-0.0034193696392605193,-0.005309120896316209,-0.005484307460884807,-0.005188693394771657,0.00026794910691733953,-0.005533551650784731,-0.005702884351237683,-0.005401496142631764,-0.004815704718646347,-0.005562976405922729,-0.006407691180592233,-0.006285463813876181,-0.006041789384006626,-0.004859793399054279,-0.006628949364634608,0.0041417673600292245,0.002350098437980534,-0.005341700062231852,-0.0021689125718109357,-0.004111854617475988,-0.004250914393043695,-0.00988117448987082,-0.005395614392664026,-0.007410764052496602,-0.005745078718033208,-0.007114101598251331,-0.006048458218520178,-0.0072023855780518975,-0.0072342510748528805,-0.00336951156414678,-0.00391299572157896,-0.005414065715939366,-0.0015956886890096805,-0.005468486735703947,-0.005433540507782424,-0.00508614111838789,-0.004614149997126966,-0.004100132668318206,-0.007218374741076798,-0.0048392855860299455,-0.005047190837252916,-0.003580746975995765,-0.0042463024060069516,-0.0038099890885031056,7.158511885776986e-06,-0.0025390617828704772,-0.00855040096375428,-0.0009761808717826852,-0.005458330088617162,-0.0054567449605253835,-0.0038037605343333395,-0.0012925777613031599,-0.00533773968721709,-0.0057652347871629366,-0.006942725083126842,-0.005284847443498262,-0.005852740010304413,-0.00548830129972523,-0.003332923039882159,-0.00446797456303936,-0.0038222199214561344,-0.0057759796982271945,-0.005488971120381171,-0.004870028119097752,-0.0040671695175553725,-0.0043308518901599945,-0.005204414871847937,-0.004295747709801611,-0.005570702533934875,-0.0075620465366406184,0.0035132724307872995,-0.005251543692279869,-0.005454242575728532,-0.005136820963997785,-0.006071692575018998,-0.0052272778959957375,-0.004599608650935203,-0.006524093118254699,-0.005079072905325152,-0.012872349211653599,-0.0055647696505284295,-0.010176237937279687,-0.012996911812935115,-0.005969282847208247,-0.0037019644307406136,-0.004940073852765979,-0.005147648408018443,-0.002504540495706275
max_user_avg_num_words,-0.020987832765848653,-0.020635538350866414,-0.02091872542678152,-0.02097845803887663,-0.022606274982042606,-0.019308125599770402,-0.0208972177089137,-0.02109630245217126,-0.02141885108143543,-0.02130186273398961,-0.01684316088284714,-0.02175245337368591,-0.021366143659230587,-0.01675250252941796,-0.021592229881125698,-0.020527717645739192,-0.015294149294600238,-0.021655184288388054,-0.02322275240316613,-0.021485110074170033,-0.020988829734954067,-0.02148226726518454,-0.02080680479791633,-0.020317060306093482,-0.020894243507504205,-0.021218868433613126,-0.02115401348274835,-0.021403017457908537,-0.02119061588965285,-0.01991342596305284,-0.024037152605237755,-0.02150269819387779,-0.023101106392048598,-0.020280994154773153,-0.02091493647503119,-0.018365675756435877,-0.022275626462221185,-0.02356717338039001,-0.018883914447210454,-0.02088382728876023,-0.021003164765770164,-0.02227664005605134,-0.02117756629721053,-0.018957083739859406,-0.022723556614026183,-0.021506644639320012,-0.02098423853128923,-0.02072329621266441,-0.021715277237955074,-0.021990173527273678,-0.02180078756286381,-0.021094277218388434,-0.02107777461791214,-0.0198570141911918,-0.019348097451221898,-0.020946105573431094,-0.02381149009684923,-0.020462252419555533,-0.02211977457947458,-0.02176257227736182,-0.02297606472126696,-0.020014861465663975,-0.021029626306044012,-0.02125260551619761,-0.016346798200159426,-0.020925689478647657,-0.020274831512470306,-0.022747957720898895,-0.01728364817763185,-0.021064705692623184,-0.021096431521047437,-0.020886083621051033,-0.02011180860101327,-0.02005936711194343,-0.020976552367931257,-0.021315494226945744,-0.023640604363652565,-0.02157945603112738,-0.020996471830303454,-0.014311357730881895,-0.019371498814207105,-0.02103987938443298,-0.019400943161872193,-0.0213296989911713,-0.020922691664704257,-0.021536940591552877,-0.02099240892951128,-0.023361122671292367,-0.0204926650446739,-0.021558177640367035,-0.021702530275418616,-0.019743372051482237,-0.021619808643253642,-0.020029653918656902,-0.021164185363545307,-0.02116579343882692,-0.021822321138259108,-0.02110488113861126,-0.021363763378679995,-0.020259132372414505,-0.022935907974585085,-0.020524623921302543,-0.02186066858361455,-0.021205280195032747,-0.021235269320624053,-0.01851632187295826,-0.020981289846007653,-0.021166721431470366,-0.017578514744186813,-0.01827869751062119,-0.01948255777408456,-0.015930442047105434,-0.020907424323938974,-0.021158980595058375,-0.019440514971757097,-0.01868348704533507,-0.022005533680469522,-0.020905096265237316,-0.020415695647211893,-0.02165871761278873,-0.02101210950242286,-0.021156432458652105,-0.019826276231182573,-0.019007273603917053,-0.019654165042344678,-0.020597261685275876,-0.02094393735620738,-0.021762931093622977,-0.02112206853991313,-0.020396959876489797,-0.021141590597439745,-0.022544227420411796,-0.021242272315088396,-0.021657530432414123,-0.016152810457201336,-0.017381349326021672,-0.021040787674799034,-0.020156959194571986,-0.021635397993613394,-0.02041006426717875,-0.02047546187003525,-0.02115602712137444,-0.02117743380623695,-0.022878779955483736,-0.02097866769445877,-0.02365461234686688,-0.01820191171299429,-0.02318682771395351,-0.022464101987985853,-0.021585401179420552,-0.02078493419653226,-0.01951393524587967
average_user_avg_num_chars,0.03231434371212233,0.0328469374931302,0.0322895237808594,0.03216916471368556,0.03299732193586415,0.02912965941014826,0.03431964420602725,0.034112468396621576,0.031634008845873876,0.03163688843270007,0.03236094686204334,0.029548666389167817,0.03263882364590244,0.0356442595682441,0.030377709623101014,0.03221186105708146,0.03670596851957674,0.039478778317570476,0.03141850114128714,0.029438879399184686,0.032387406592894304,0.03297193367223697,0.03227478743392154,0.031924990898529966,0.03229670651909625,0.033814362924000536,0.03339093073031497,0.032037696451184525,0.03136101356426116,0.03187464378798839,0.028552516746384617,0.032075641084626544,0.033460873757982165,0.03035714571829745,0.03214661784045404,0.03303458778444413,0.031578014577302485,0.02625915965195598,0.035416738217841394,0.030245466703139996,0.03374813285951019,0.031126003484396293,0.031992283718427925,0.02435237262597941,0.030435699200150268,0.03494310521207027,0.032088385282865985,0.032470607089343365,0.03378376909568068,0.03154574688575815,0.03283643399158975,0.03231718020266589,0.03223863272329048,0.03122984694618764,0.03290850983271953,0.033834871439074335,0.03366823632736454,0.0332020389035976,0.03184051028372249,0.03101743270495987,0.03166345577804652,0.030833115612787114,0.032165186822315346,0.032210838784744,0.02858310201879504,0.03282225880046938,0.0316182679822158,0.03142540296451442,0.033350865280168035,0.03213511641794092,0.032106931234968085,0.03240588241893,0.032750012307276505,0.03279552525025699,0.03170794090761602,0.03225080761376412,0.03194640262571332,0.032613035320274604,0.03171938680851507,0.03467009288808631,0.031018678896540308,0.032675049736268336,0.029835720316651382,0.03195467238970874,0.03171045001736138,0.02838911688092295,0.032609463463343855,0.029302846198304304,0.0315968950438623,0.0334056188068734,0.03216204580109319,0.029670348799057382,0.03297556128147627,0.032842431310151084,0.03360517454547479,0.03220464223533656,0.0312607241348689,0.03225888582695576,0.03125381211994334,0.03251199937506765,0.030135024612766872,0.03276882073343475,0.026902598247990222,0.032515983322882226,0.03337102937917651,0.032177187690608525,0.03186169099809551,0.03411339711082666,0.02513260042654658,0.030750611685913663,0.03624347637061634,0.034724927763939276,0.03281473668502177,0.03150760721687764,0.03212043460365807,0.02720351082286767,0.03233515872010949,0.03271312406585144,0.0323879570650161,0.031080379442889893,0.032386258782747104,0.03240477509340491,0.0322385252413558,0.03296885950246779,0.0325974013088696,0.03228045449964533,0.032362050239872875,0.03242345160314831,0.03186172490527991,0.03251458215159427,0.032209754795573704,0.02875096372956015,0.032241722779825704,0.032651739625807405,0.032460339909966676,0.03204174186649361,0.032241760840070015,0.03363584257954157,0.03185309896331197,0.03278108015119007,0.03224873292765647,0.03192983780806072,0.03233895643842977,0.029210389550078045,0.03259737363570222,0.03038290091851834,0.03146153692104749,0.0315842059387206,0.029063400529159008,0.03202472355642427,0.03233547105888413,0.028852824902680492
stdev_user_avg_num_chars,-0.008977139683145929,-0.007377194546459177,-0.008321373878347,-0.008662450896881975,-0.015761231209952847,-0.008389739645766052,-0.008774413795205839,-0.010784292316694649,-0.00847012498575015,-0.010515518286713777,-0.004745836723987299,-0.005158460916657667,-0.008272832895032039,-0.005423018615032011,-0.0075151513549569695,-0.008063943485142616,-0.004121363677725292,-0.0049187768514030745,-0.012217911537174718,-0.010914936304296347,-0.007979825744833486,-0.009594537470053992,-0.009329764791078363,-0.0076530130260550455,-0.00857196697356677,-0.01075092326406102,-0.0074655996530856306,-0.007712027604479057,-0.00824387276380721,-0.010650324190656795,-0.010008509452499129,-0.009404646356276674,-0.006485157465569333,-0.012484076798165655,-0.009083072752009164,-0.009846265424055424,-0.009043954874326944,-0.016473350081995942,-0.012483562808947447,-0.009195765982224624,-0.008578052867977618,-0.006039853814033791,-0.008858049514302108,-0.0027379089924463654,-0.010782399596827022,-0.006378597847645847,-0.008299657692255713,-0.008034817275458447,-0.012876582034622676,-0.009538072830593202,-0.009170029920423406,-0.008529617163716509,-0.009133116112334286,-0.008140260573370042,-0.009511798538199551,-0.011642393735791222,-0.005834351123167105,-0.007076519637859463,-0.009854866517013146,-0.010277252066414241,-0.009504576846224699,-0.009479301973840684,-0.008692547676780564,-0.008488923285217035,-0.008932061566678685,-0.009606282025808443,-0.008322242716433047,-0.01032085633391663,-0.008468077216369198,-0.008288963938450486,-0.008973080354303402,-0.008767330456377271,-0.008069831226345994,-0.007332731794541613,-0.008482124925112989,-0.008346279851097902,-0.00795232338465363,-0.00919785462671613,-0.009689871756782388,0.0038840984797466147,-0.012748806141298452,-0.008542927048691478,-0.01033213886326479,-0.00988163547953885,-0.01002588036731747,-0.000556184008818076,-0.008249815755649361,-0.006158963995105848,-0.00800595014664308,-0.005533977048334056,-0.009285705886194946,0.0003108802697673607,-0.012481991073243213,-0.0062084128268662525,-0.0088477223071402,-0.00874602057429608,-0.01010880707880695,-0.00859490901797615,-0.008532206116340021,-0.010880383252830188,-0.015513799728887508,-0.00944336149528871,-0.005330500258017054,-0.009548032073054538,-0.008561661945743785,-0.007524995290245574,-0.009089264390836438,-0.006642707788023545,-0.005543433419342032,-0.004610882353174622,-0.008493539902534692,-0.004774597232649586,-0.00856267262610983,-0.008803352854090743,-0.006157272422072202,-0.007221116897871367,-0.007295710501197832,-0.007602384522844207,-0.00693779918827679,-0.006728205839277945,-0.008790733557424173,-0.008691999898610504,-0.010786066808117901,-0.009379650432045042,-0.011304533856667295,-0.009581619735623124,-0.008474481954639547,-0.009620633141012521,-0.010407804700984336,-0.009181284294165905,-0.008269715629146121,-0.012037945620011791,-0.008395004905351094,-0.008802281031211374,-0.013334862557166292,-0.01032722860000784,-0.008550886603254251,-0.009593550384948022,-0.010053910422818908,-0.007336714911575922,-0.008706635448083474,-0.005664164591117066,-0.00797000764779081,-0.0019921286833517807,-0.007900858753703515,-0.009153436597004887,-0.008300384117587043,-0.011726255391082008,-0.010190552688290961,-0.009289877748199973,-0.009687148854707879,-0.012609413717833482
min_user_avg_num_chars,0.031123373751154277,0.030676969041268407,0.030907085959829543,0.03107976011162506,0.035997466919029095,0.02622985617567434,0.029738295037384177,0.03532364071703077,0.031244804174824094,0.0322846371624974,0.030136823455012757,0.027596506576690567,0.030846153547163843,0.027199919823267155,0.02822728772015011,0.03131434706439614,0.029946279346231407,0.02628745513377397,0.03231405207897146,0.032573141594747765,0.030700564893654612,0.031936380131084706,0.03326329465980986,0.030594045777283536,0.030829793710394366,0.03216301786574417,0.027894623706985353,0.030114781670918665,0.030353222333902297,0.03372224611972108,0.03283655573306676,0.03145523432473732,0.02799303031586551,0.03272221554369717,0.03093811851406615,0.03438237116115118,0.03187634648308925,0.0315707826512011,0.03824632943372002,0.03012215688210553,0.03221290446340415,0.03080011586113623,0.03112600269819979,0.027813395230504186,0.03203370945013779,0.031073927743857338,0.030745094291861483,0.03063983595927155,0.030997749591260344,0.028025536625952155,0.03240783770297594,0.030964020561795827,0.03147122529496928,0.028644682692741293,0.03181789819520407,0.03347281399962355,0.028338761271391136,0.03128826659020737,0.029693986627698753,0.03146475904124978,0.030875489873108057,0.029840326434232074,0.031011078267773214,0.030756208233110517,0.03151132125605337,0.032051195404357614,0.03070818417054698,0.031094162674123904,0.032306329169284234,0.030732004933784512,0.031452215035515,0.03213717667429619,0.03285297208029199,0.030493927825440612,0.029915047964191963,0.029913834259820873,0.027100654660019145,0.03246341607458453,0.031149344949951172,0.022635470756520934,0.03569536923557417,0.031309837456388656,0.030475799357436398,0.03157869352091393,0.03195637836442972,0.0196634772444255,0.03102913565714807,0.026892686055504104,0.029883980512774005,0.028232882886307327,0.029941594702671243,0.027511791459616915,0.03313497646936897,0.03042481219756716,0.03317237192460112,0.031034403160336933,0.03395294397033481,0.03095652391311634,0.030602369525474814,0.03343385265285519,0.03333774600675864,0.03201571833342534,0.026749108563764085,0.03201925658725735,0.03043578087198995,0.033065311455840095,0.03086037452745312,0.029103260547067217,0.025705452293925447,0.031051854886896272,0.030175983028308193,0.033473855985143686,0.03113000353880378,0.030877535741719322,0.03195313755969164,0.027536335309106402,0.02983237743004782,0.030925918130245533,0.02963483089750091,0.02916712240579773,0.03078857506679944,0.03095810204788188,0.03276617352547451,0.03388504696828825,0.03497181092259639,0.03127279673829602,0.03096539355188703,0.03216123583906261,0.032888791609522613,0.03184672827816161,0.030552274396893578,0.029096896906315565,0.031015919042058974,0.030118046358214794,0.03600765378167019,0.03217500505674653,0.03096189017123021,0.031213156419013954,0.03078291519618847,0.030748399639197996,0.031654576137493146,0.028272037707909498,0.030514978028576334,0.019738806554069538,0.030466126472335164,0.02713844883620734,0.021828873052459605,0.03356746125436482,0.02913132042700061,0.03139357992855982,0.03137736691365739,0.03409110494994411
max_user_avg_num_chars,0.014573227718465578,0.015493721889090982,0.014975994731955213,0.014713945294900518,0.010808402082606786,0.012019073401793293,0.014539959026274089,0.014484109576781989,0.014419061652285332,0.013331846841129378,0.017723632720593928,0.014663274578678345,0.014867378801855268,0.016221391400802386,0.014151849776683118,0.014994627695847836,0.02082373092879887,0.01637622156159233,0.011107622011443833,0.012157200663248683,0.014977778127992008,0.014285832997429374,0.014729186214081227,0.014996229531753662,0.014668531756414806,0.013523938619634685,0.015311957257619874,0.014811074192860586,0.014166663924209602,0.014372703623940044,0.011606579100988884,0.013740670834460773,0.014929697147864346,0.013799186813230498,0.014742498459041777,0.014863880703405712,0.013941631514507977,0.0069311615883189265,0.014216202729515074,0.013439133043624327,0.015127482866717444,0.014394386322684602,0.014445543122333784,0.014901060878426286,0.012293324393693666,0.017178892479584554,0.014732757515083572,0.014936581287125036,0.01223721219549588,0.01356472486775737,0.014641676725905519,0.014683089736817673,0.01439023760835526,0.01466663158357971,0.014516003418010829,0.01438102639694622,0.015715916816193158,0.015843428835109682,0.012597220983411529,0.012755990025365817,0.013504557760392099,0.01382874029111885,0.014599883455563727,0.014580528623809472,0.015275887015968706,0.014473238260554515,0.014962055858215844,0.012798201422159233,0.015889055279354494,0.01472371917848686,0.014630185516540599,0.014587189666293254,0.015588648499506594,0.015506487110550653,0.01446536720942616,0.014618126529972384,0.014891323879797785,0.014395254252833296,0.013707564874000327,0.0222448762057051,0.0125726818387932,0.014910801199557313,0.01358415682228397,0.013877420125955848,0.013935467142792937,0.01622702119885485,0.014951239917708048,0.014741643270244423,0.014674328963159,0.017145383037084152,0.014003963243246143,0.017065868941872096,0.011568618878986343,0.01761381041062582,0.015290766009124043,0.014483765490486394,0.013510617083691603,0.014625137796192296,0.014274860811295663,0.013808296139089736,0.010006601964273802,0.014450684059192,0.01449452131405815,0.014421964899903956,0.015238159317074593,0.015787264841997658,0.014530630006016138,0.016251726183745086,0.014840543330044132,0.0170592814353969,0.014629956172032152,0.01936723515288618,0.014940003947792144,0.014157179599583774,0.0165065587605388,0.01430178640184525,0.015095646778804093,0.015316022586925737,0.015465348718936265,0.015396947005138963,0.014504789112123356,0.014624043624044385,0.013396778191036745,0.015581120689792144,0.014381382348222803,0.013867686266635985,0.014784440931308748,0.01414794668162247,0.01349439794719847,0.01443586134466974,0.01460867954783509,0.010377627255781318,0.014671432518881422,0.01422032762957675,0.0148228267201276,0.013308180587972335,0.01462157706056534,0.014394340604427427,0.013375775257024729,0.015628961951933383,0.014907416669032019,0.015333695959660446,0.014788794100741066,0.014799840709717332,0.015205488164667099,0.012502189628319664,0.01434488299729322,0.012852795432664241,0.0115342817369796,0.013982586835656816,0.013906226455670592,0.00902363779938749
average_user_avg_num_messages,0.0,0.0,0.0,0.0,0.0,0.0,0.0,0.0,0.0,0.0,0.0,0.0,0.0,0.0,0.0,0.0,0.0,0.0,0.0,0.0,0.0,0.0,0.0,0.0,0.0,0.0,0.0,0.0,0.0,0.0,0.0,0.0,0.0,0.0,0.0,0.0,0.0,0.0,0.0,0.0,0.0,0.0,0.0,0.0,0.0,0.0,0.0,0.0,0.0,0.0,0.0,0.0,0.0,0.0,0.0,0.0,0.0,0.0,0.0,0.0,0.0,0.0,0.0,0.0,0.0,0.0,0.0,0.0,0.0,0.0,0.0,0.0,0.0,0.0,0.0,0.0,0.0,0.0,0.0,0.0,0.0,0.0,0.0,0.0,0.0,0.0,0.0,0.0,0.0,0.0,0.0,0.0,0.0,0.0,0.0,0.0,0.0,0.0,0.0,0.0,0.0,0.0,0.0,0.0,0.0,0.0,0.0,0.0,0.0,0.0,0.0,0.0,0.0,0.0,0.0,0.0,0.0,0.0,0.0,0.0,0.0,0.0,0.0,0.0,0.0,0.0,0.0,0.0,0.0,0.0,0.0,0.0,0.0,0.0,0.0,0.0,0.0,0.0,0.0,0.0,0.0,0.0,0.0,0.0,0.0,0.0,0.0,0.0,0.0,0.0,0.0,0.0
stdev_user_avg_num_messages,0.0,0.0,0.0,0.0,0.0,0.0,0.0,0.0,0.0,0.0,0.0,0.0,0.0,0.0,0.0,0.0,0.0,0.0,0.0,0.0,0.0,0.0,0.0,0.0,0.0,0.0,0.0,0.0,0.0,0.0,0.0,0.0,0.0,0.0,0.0,0.0,0.0,0.0,0.0,0.0,0.0,0.0,0.0,0.0,0.0,0.0,0.0,0.0,0.0,0.0,0.0,0.0,0.0,0.0,0.0,0.0,0.0,0.0,0.0,0.0,0.0,0.0,0.0,0.0,0.0,0.0,0.0,0.0,0.0,0.0,0.0,0.0,0.0,0.0,0.0,0.0,0.0,0.0,0.0,0.0,0.0,0.0,0.0,0.0,0.0,0.0,0.0,0.0,0.0,0.0,0.0,0.0,0.0,0.0,0.0,0.0,0.0,0.0,0.0,0.0,0.0,0.0,0.0,0.0,0.0,0.0,0.0,0.0,0.0,0.0,0.0,0.0,0.0,0.0,0.0,0.0,0.0,0.0,0.0,0.0,0.0,0.0,0.0,0.0,0.0,0.0,0.0,0.0,0.0,0.0,0.0,0.0,0.0,0.0,0.0,0.0,0.0,0.0,0.0,0.0,0.0,0.0,0.0,0.0,0.0,0.0,0.0,0.0,0.0,0.0,0.0,0.0
min_user_avg_num_messages,0.0,0.0,0.0,0.0,0.0,0.0,0.0,0.0,0.0,0.0,0.0,0.0,0.0,0.0,0.0,0.0,0.0,0.0,0.0,0.0,0.0,0.0,0.0,0.0,0.0,0.0,0.0,0.0,0.0,0.0,0.0,0.0,0.0,0.0,0.0,0.0,0.0,0.0,0.0,0.0,0.0,0.0,0.0,0.0,0.0,0.0,0.0,0.0,0.0,0.0,0.0,0.0,0.0,0.0,0.0,0.0,0.0,0.0,0.0,0.0,0.0,0.0,0.0,0.0,0.0,0.0,0.0,0.0,0.0,0.0,0.0,0.0,0.0,0.0,0.0,0.0,0.0,0.0,0.0,0.0,0.0,0.0,0.0,0.0,0.0,0.0,0.0,0.0,0.0,0.0,0.0,0.0,0.0,0.0,0.0,0.0,0.0,0.0,0.0,0.0,0.0,0.0,0.0,0.0,0.0,0.0,0.0,0.0,0.0,0.0,0.0,0.0,0.0,0.0,0.0,0.0,0.0,0.0,0.0,0.0,0.0,0.0,0.0,0.0,0.0,0.0,0.0,0.0,0.0,0.0,0.0,0.0,0.0,0.0,0.0,0.0,0.0,0.0,0.0,0.0,0.0,0.0,0.0,0.0,0.0,0.0,0.0,0.0,0.0,0.0,0.0,0.0
max_user_avg_num_messages,0.0,0.0,0.0,0.0,0.0,0.0,0.0,0.0,0.0,0.0,0.0,0.0,0.0,0.0,0.0,0.0,0.0,0.0,0.0,0.0,0.0,0.0,0.0,0.0,0.0,0.0,0.0,0.0,0.0,0.0,0.0,0.0,0.0,0.0,0.0,0.0,0.0,0.0,0.0,0.0,0.0,0.0,0.0,0.0,0.0,0.0,0.0,0.0,0.0,0.0,0.0,0.0,0.0,0.0,0.0,0.0,0.0,0.0,0.0,0.0,0.0,0.0,0.0,0.0,0.0,0.0,0.0,0.0,0.0,0.0,0.0,0.0,0.0,0.0,0.0,0.0,0.0,0.0,0.0,0.0,0.0,0.0,0.0,0.0,0.0,0.0,0.0,0.0,0.0,0.0,0.0,0.0,0.0,0.0,0.0,0.0,0.0,0.0,0.0,0.0,0.0,0.0,0.0,0.0,0.0,0.0,0.0,0.0,0.0,0.0,0.0,0.0,0.0,0.0,0.0,0.0,0.0,0.0,0.0,0.0,0.0,0.0,0.0,0.0,0.0,0.0,0.0,0.0,0.0,0.0,0.0,0.0,0.0,0.0,0.0,0.0,0.0,0.0,0.0,0.0,0.0,0.0,0.0,0.0,0.0,0.0,0.0,0.0,0.0,0.0,0.0,0.0
average_user_avg_info_exchange_zscore_chats,0.014295753706848654,0.014597003095865948,0.014057416578708636,0.014131034018156588,0.015988630384873973,0.013289409447377746,0.016655019317652852,0.01574826134187086,0.013657011621120218,0.014042889727083724,0.013712470925082517,0.013126031665871285,0.01435476299512943,0.018723931250342565,0.012697288461090696,0.01422859550842933,0.018236578900912192,0.013545359822751837,0.01388940459099897,0.01120317295345331,0.014242302187808753,0.014949281407408374,0.015121039541735876,0.014463040924629161,0.014408195086143234,0.015377386491390104,0.013499052338590037,0.013968118832323934,0.01440361115338491,0.014331050907496404,0.011330625025474654,0.013957268286086537,0.014579559974599506,0.01359939792018291,0.01431523006808271,0.01535955759964689,0.013064667616329993,0.01092090553645513,0.01602436661927164,0.013105208761254757,0.01489532063700919,0.011935659002108356,0.013883992735250122,0.009637022554738608,0.013002591669043325,0.013960813393526183,0.014052556450083466,0.014547875841741349,0.014419845078602278,0.013142255566115165,0.014347851577219852,0.014192026737826633,0.014102561835448668,0.01594394228313197,0.014750047719040125,0.016084621850910374,0.013490606511954426,0.014343280928825333,0.014297050598438523,0.013159142975032448,0.012792664504345633,0.015632014858606907,0.014129046210937943,0.014143799614385357,0.009808595708991537,0.014186640585294247,0.013665617329388934,0.013245932226180559,0.01968050347257567,0.014193513202380825,0.01351937482952871,0.013916621434606367,0.014223367816171197,0.0145116319233498,0.013902953132748596,0.014131467249583179,0.014623352196302487,0.01361403900951878,0.014048592748497565,0.017443854273267428,0.014381020178256402,0.014284205449514864,0.014330979220936941,0.01416985415360433,0.014228649011256285,0.011628488519826044,0.014383141233943058,0.009820763134213931,0.014053304166813604,0.013846197245827002,0.013919605183367557,0.011237575617221853,0.014438702149473816,0.01456539762588845,0.014571847089340059,0.014152782849281075,0.012064929376676352,0.014177473133845021,0.013343649791798157,0.014031017238956087,0.013203958885925637,0.014755052695529283,0.0105979501457967,0.01438623017283742,0.014499131072213666,0.015706703423442915,0.014561355311841242,0.014192999614970604,0.008783729439399264,0.014482192435309096,0.017078104234880338,0.017188990267978863,0.014511130174272757,0.013707558927179123,0.014911376004141124,0.010940492754749617,0.014245735944683749,0.014397365157648615,0.014461796176972769,0.013008766390261436,0.014393669746393006,0.014246382815296652,0.015455080108868355,0.015108583463998251,0.015140352889904672,0.014184838968859676,0.014459397577213057,0.013870332655592527,0.013956241139757181,0.014549300989294257,0.01417721558370337,0.01339125801042008,0.01401598393417447,0.014313835874187171,0.015607356243438444,0.018306374264096863,0.014179551650091049,0.016340356997680945,0.01337867048825752,0.014998575646580333,0.014283129437637758,0.013698438482651152,0.01468417521142739,0.013268120178571697,0.014290018054479381,0.011762596301259011,0.013825044645698378,0.011583403905833674,0.014151112873469917,0.013680741379123723,0.01470873047940546,0.014832439009738985
stdev_user_avg_info_exchange_zscore_chats,-0.03810188298742881,-0.037681438847362504,-0.03795554658044215,-0.03818657456345119,-0.04256294886222491,-0.03462261503654561,-0.04005105142635866,-0.03910754155598562,-0.03829563777307062,-0.03837465588913219,-0.034922714759387824,-0.037346013785403975,-0.03810563869193486,-0.03360773305742503,-0.03738199940950766,-0.037737585891320605,-0.03521980451909078,-0.03581970883936699,-0.03725049617441178,-0.03833793241254598,-0.03778832145289648,-0.03940958328637233,-0.03787984310392729,-0.03726846201027249,-0.03794113367731747,-0.03810212856311063,-0.038719684155129795,-0.03761784277550188,-0.03768632636022196,-0.03831804325257577,-0.04092854199758334,-0.03776289478781904,-0.03645173821124737,-0.04169578605242985,-0.03849533509016261,-0.03356382401436272,-0.038426263699564464,-0.03912547526628414,-0.03765455597465772,-0.037430584086852056,-0.037763316365874836,-0.0386391026565447,-0.03815368553267787,-0.027351134830466632,-0.03878467024524869,-0.03951295120228519,-0.0379504624201019,-0.03743473302720537,-0.03984802383749339,-0.03834025962178652,-0.038866472143203525,-0.038061741397096005,-0.038635902845191014,-0.037372589071396754,-0.037103556887030466,-0.03941076459579253,-0.039741146932003556,-0.03663627287568685,-0.03818627221680661,-0.03806605566215289,-0.039490479642810404,-0.03773605399831328,-0.03808285831985481,-0.03818051866551685,-0.03588138310950395,-0.03806249484910246,-0.038125705579741,-0.03948918358629542,-0.035555950433288235,-0.037977167570545076,-0.03806896669079007,-0.037307502684136275,-0.03718659553042828,-0.03722186294660973,-0.03784828243673378,-0.03835544118022519,-0.03987468237804511,-0.038349386106719174,-0.037936432503560755,-0.027208215404808823,-0.039174030636650405,-0.03799372473257868,-0.03845489728719946,-0.03869311760269029,-0.03838012275691754,-0.03271745178615553,-0.0377750757933226,-0.03798160906379327,-0.03710004388855486,-0.037367819305334754,-0.03841348861567251,-0.033890870537235045,-0.03577833382299739,-0.039271187338555516,-0.03835030732215228,-0.03802562301839882,-0.038789979266616155,-0.038092890567023995,-0.038398168911824695,-0.03857968646353227,-0.040020584396656574,-0.03794842330666315,-0.03719551547760458,-0.03856308472039899,-0.03814799974707044,-0.03782012436536329,-0.03870334766085871,-0.03808768090046766,-0.0368654184192109,-0.03623154173769512,-0.03712883086601821,-0.03582982303928647,-0.038163216424538134,-0.03839168046458423,-0.03637875312794879,-0.03825631073146537,-0.0390192418472426,-0.03793234972105385,-0.03630441949683039,-0.03818331317619912,-0.037988789742027934,-0.03809458251913976,-0.036607675223111216,-0.03565496454187299,-0.03682063699090725,-0.0372945430332128,-0.03803735827803011,-0.038616718979561225,-0.037840552584702515,-0.037251757058723384,-0.03788347778030654,-0.04060949952027617,-0.0380321545424387,-0.03696952514081796,-0.04196934205718044,-0.035089396273559496,-0.03798334450455063,-0.03739970906578859,-0.03897088634991605,-0.03752694511697436,-0.0381061655258753,-0.03679415158043673,-0.037907088435090434,-0.03545779268048993,-0.037910507539280526,-0.038781351559683146,-0.03218897168877344,-0.03922732156911655,-0.03949743475976916,-0.03857600982374476,-0.03782044803037574,-0.0327082452731413
min_user_avg_info_exchange_zscore_chats,0.003424183889100381,0.0035816962112639635,0.0032426504369114763,0.0035989988918296387,0.009237155694602744,0.0019236490363080281,0.0062597741823005836,0.005864052012505406,0.0036321965878318083,0.005194638362992861,0.0026598780365983676,0.004400638916748608,0.003321563514303105,0.0009797305271787848,0.0017753621373737156,0.003718851867491644,0.006640475416971069,0.0030921547891077667,0.0013533624098591261,0.003662641440097378,0.0032509575915401646,0.003557211450805897,0.005311699556712422,0.003622331083770325,0.003432949674608039,0.0028775590451807845,0.0005151171688392601,0.002920001088132595,0.0034033484207930155,0.00524650844371432,0.008127563167375985,0.0031315135582056447,-0.0008480056514074338,0.006749091168291732,0.003736251951272194,0.001741213544213022,0.004299410096897307,0.0028671648039267344,0.005024005361908612,0.0025617833986120433,0.003668449570179859,0.0052915621730461986,0.0032795015664697598,0.002288735656439953,0.005013173151105067,0.001449374673318099,0.003468135694174,0.0037315279785912975,0.003334599472550534,0.0012336770327479431,0.004624857550936546,0.0034491586945478905,0.003866342632293079,0.0048851627087952605,0.0044254010848642986,0.004637999033260595,0.0014242732050060419,0.003299273174744979,0.0018301000776243682,0.004236026985320222,0.0031170730386110975,0.00421156122796899,0.0035949327233986226,0.0033007209841006673,0.003451123779749124,0.0031098241788834104,0.0043754443877758375,0.003612752618891356,0.009137065125757701,0.0034058378534732496,0.0030682314362263426,0.0031836974518198013,0.004074073398432429,0.0033021297796843214,0.003415137175608299,0.002722920714205085,0.0028123080400033473,0.004260907964898558,0.002464785509964507,0.003900359185043941,0.01157085852621691,0.0033696408057182926,0.007398158877272663,0.004261615373268827,0.004306595112979084,-0.00493688724200293,0.00334017777288465,0.0016669308337889854,0.002957117995677546,0.001513837668445264,0.0026536326180470636,0.0010393634576320683,0.0010964571820737496,0.00473489521839667,0.004581777775278347,0.003414751977484101,0.008265488927922698,0.003449683864891648,0.0038102574634789384,0.005010344777116816,0.00466352145751249,0.00380530635220778,0.0023401065290181676,0.003833791807298481,0.003851664895159205,0.007858795615275981,0.004526151836795002,0.004043092905607009,0.006465571033529913,0.007194484807291568,0.003109451444391842,0.007342779152445135,0.003770340021133141,0.003840127974209906,0.004403022265247032,0.006801538976589486,0.004536726614939495,0.0034121875258655487,0.002357155581014002,0.0039366920407974525,0.003144463082346825,0.003338033560691081,0.005402265611988713,0.0024494983344517367,0.0028559482418986665,0.0027911023877842077,0.0035038694437955122,0.0036933632766641376,0.005553739434874489,0.004774956143540107,0.0032266367738572835,0.005572670643106426,0.003465144363058794,0.0010798958873950056,0.012600892486566918,0.004152569489303813,0.003436498609304812,0.0031015454527703323,0.0033086168351521873,0.0038425518109691586,0.00436491498236747,0.0032676144755160504,0.0038149104026354644,-0.000825319287802783,0.0034391350858152536,0.0002807347313032917,-0.005125261923267196,0.0008742912254887502,0.006918136725810913,0.002955787814325598,0.003352160026451681,0.008309942404576503
max_user_avg_info_exchange_zscore_chats,-0.02560161121249432,-0.025400252310055892,-0.025574511761727158,-0.025738228622101428,-0.02683018130121883,-0.023412095906429196,-0.02575106355635201,-0.025925615049143817,-0.025947653000358194,-0.025449073276337424,-0.021679137155506244,-0.0263170157722627,-0.025910718244026472,-0.021113179876628748,-0.025941241495546222,-0.025386742777062606,-0.019125948626602097,-0.02646900098190578,-0.027036032137253443,-0.026826816771888626,-0.025586835592588984,-0.0265567246135514,-0.02518736867761176,-0.025067060840647443,-0.02553763935239733,-0.02600996349928127,-0.026640174498867096,-0.02596245784843459,-0.025411982024802472,-0.024532328106894544,-0.028950564752290606,-0.026152261018079583,-0.026649116315101754,-0.025634051940519858,-0.025429318828386206,-0.023550595330059394,-0.02562359915747112,-0.026809529552391426,-0.02537657357398931,-0.025514113172382342,-0.025948156655056513,-0.027195440699904223,-0.025760489515658375,-0.021704839772009214,-0.02678463549657682,-0.026972805051594197,-0.025613287236160943,-0.025345162116031925,-0.02620621392445882,-0.026213271724542252,-0.0260796288836973,-0.025743869662885638,-0.025963060993785102,-0.02386131772336971,-0.024460559320682754,-0.02529919353981939,-0.028831961437853,-0.024886741870433104,-0.02693644725148045,-0.025443075395526725,-0.027391195234579092,-0.024175979562315868,-0.02564285482437396,-0.025913453879458356,-0.02224882659355156,-0.025708150546028943,-0.025278791044319262,-0.027124853212231913,-0.020396534938583812,-0.025717531506471755,-0.02569731975721772,-0.025480703256882384,-0.024959695404916448,-0.025005403805716832,-0.025621056737852695,-0.026091814740176755,-0.026446498811842255,-0.026040845940358066,-0.026184936207730027,-0.015748302217924615,-0.024128916014085507,-0.025643744769647685,-0.023311076075290003,-0.02581676103952545,-0.025412433457443765,-0.025185378424567337,-0.02558757168883484,-0.02807421004825254,-0.02525319842096104,-0.025515762211982092,-0.025913809721683816,-0.02453488396498308,-0.025330620529378074,-0.02585360373008721,-0.02581844434913258,-0.025754740619398656,-0.026289415262478365,-0.02575722703459874,-0.025873471266440407,-0.025661958656011435,-0.027180218402205684,-0.025304968302424832,-0.026231839091191207,-0.02583359132929182,-0.025644841635751387,-0.024782457278270196,-0.025240688955964118,-0.025339251298901803,-0.02254541945509993,-0.02313435566058993,-0.025699773115837203,-0.02123337171473086,-0.025517314264793565,-0.02605802098137093,-0.02409436104007493,-0.02341934224828538,-0.026177077553580803,-0.02559714419312403,-0.024918825867906426,-0.02569591074485043,-0.02574528185754549,-0.025776304993638133,-0.023739323541930972,-0.02336575362491684,-0.024394856581802547,-0.025452050733203332,-0.025662459217804176,-0.02633746276323459,-0.025621066916799516,-0.024796611415811104,-0.025775255551491072,-0.026144712380277355,-0.025903440087287892,-0.025896977375537818,-0.02263182609214427,-0.022818594308309986,-0.02569710795488708,-0.024769281465921795,-0.026507878879453734,-0.024939860435338135,-0.025373861513211245,-0.025660550341837743,-0.02572778177554316,-0.02660104855779667,-0.025373574015559813,-0.028352114665026566,-0.02279597731097297,-0.0277113038212282,-0.026059680874476496,-0.026115162118906556,-0.025358242627241484,-0.021757509335854637
average_user_avg_info_exchange_zscore_conversation,-0.005534271160601907,-0.006208459554772328,-0.0059443940330260805,-0.007291846127424052,-0.005453823631620714,0.006963196271910383,-0.005564157229520708,-0.004809466416697886,-0.0034109573127690876,-0.0027887210164937934,-0.012897688298447379,0.00036424759111394756,-0.004824482569389169,0.0034698933236512117,-0.008673087339593002,-0.0049131127776269115,-0.00594388864171241,-0.0009690141989155132,-0.008824127230920648,-0.009763999970089764,-0.006131031264150388,-0.00605949675383996,-0.00298106471040677,-0.005890275016258981,-0.006176164102695607,-0.003826783692346958,0.0016606505181820698,-0.0037592150502012422,-0.007466522765376481,-0.002013247001489308,-0.01860354444258177,-0.00639833082577565,-0.012698313855076387,-0.00240097061099024,-0.006910005484759375,-0.004350589100525028,-0.001488387806970453,0.000991602215575458,-0.006060618656056609,-0.00804182688449485,-0.003459601776462328,-0.00541635617349772,-0.005640941412588328,-0.003970072977509793,-0.010253950271519582,-0.016615244300920883,-0.004323985688223692,-0.005790664076380129,0.0015853462295954066,-0.0004526175558364591,-0.00635158162869939,-0.005650516517751905,-0.005719476792550866,0.0026014338377777953,-0.0077341822792703074,-0.008088090452139044,-0.008702182043786373,-0.005625379513072935,-0.007891005662483755,-0.0038793833140368383,-0.003989428559403627,-0.0074105743735559185,-0.006405057095138951,-0.0060022571014090136,0.004818139130637396,-0.004675592575765122,-0.0021257544569147115,-0.005375784756034549,-0.006670033735520914,-0.006218154032085223,-0.0050666886416310605,-0.007132999843150259,-0.009202300855692652,-0.006828557963195262,-0.006238869372098634,-0.005687606314970575,-0.0038922594323028484,-0.008445356400270738,-0.005240714025003895,-0.018966393609911262,-0.005147820632978466,-0.00596800787701959,-0.004193668337071594,-0.005395058312750781,-0.004459272327862876,-0.0035084883361884596,-0.00510386846730319,-0.007501655451512736,-0.006285412661890116,-0.00208766882226364,-0.004105429802926556,-0.014226944136093312,-0.002951445964672294,-0.00435170624771352,-0.008081221088671809,-0.005794716221256522,-0.00883251992896102,-0.005794499561599508,-0.005881412691371272,-0.004236262232006932,-0.001817484381735776,-0.007524244384687094,0.0014686475094343836,-0.006199430470672011,-0.005565527086773735,-0.003973443096605737,-0.005999941121866248,-0.014555482153878349,-0.003541804304944749,-0.005819967206854477,-2.831053202063949e-05,-0.007027855135473583,-0.00619733696249716,-0.00654373079630596,-0.012899363351707438,-0.004025877817385198,-0.004242125290621221,-0.005851036158331397,-0.004739615433791311,-0.0027374773908896317,-0.00593104197868486,-0.005446603968253451,-0.00337705110522106,-0.007830204945984628,-0.01183129706355391,-0.007307978216488903,-0.004939823094827066,-0.006285942694121367,-0.0033334261855738068,-0.006608352596007019,-0.005876579075584778,-0.010954981946434031,-0.005245223860243443,-0.00476955297573349,0.004394390286014571,-0.0027583446279744323,-0.005662315903234315,-0.004634020044358797,-0.0014881655705018884,-0.0059590537270459015,-0.006656287689094462,-0.006448834358273252,-0.005869234390505278,-0.01003824410275184,-0.004398037042299335,-0.004885178181440068,-0.002817257441525743,-0.013933630677129619,-0.0007288154186154243,-0.006858649271707679,-0.0035119910266100396,-0.004422770788650521
stdev_user_avg_info_exchange_zscore_conversation,-0.05549431454694896,-0.05681963446063639,-0.055488197623416266,-0.05536679162580276,-0.05551774535674674,-0.054979826994111074,-0.056437329654172634,-0.051549578746597526,-0.055141872881799864,-0.056530348749477606,-0.05250466342389495,-0.057955055054680744,-0.056225877320010324,-0.05827484597412062,-0.05599745559685545,-0.055109472548276923,-0.054843260637457,-0.04496265039134716,-0.051873748995570575,-0.052766278571861266,-0.05524181251678074,-0.05745984170952574,-0.05630433982998975,-0.05513316926124962,-0.05601141684804159,-0.05255418753276914,-0.05237992346920366,-0.05539058959414721,-0.055503683030353634,-0.05749343324586713,-0.05857803645832279,-0.054576120324894756,-0.052872145457227966,-0.05899915309529617,-0.055836198308047064,-0.05267208970550962,-0.05744889071426601,-0.04412889061049397,-0.056052027883146345,-0.053682671857326766,-0.05586007954432621,-0.0457877387522077,-0.056133739592630294,-0.05498463634518143,-0.05760469659476703,-0.05832418946161572,-0.05531040742908642,-0.05565979478941241,-0.05117623512867144,-0.05428238888019298,-0.056844111786810966,-0.055655786436621474,-0.056117401209779996,-0.05505149108163674,-0.05364562529499033,-0.056627463758758795,-0.05271114703745643,-0.05369458268386396,-0.05527779511603945,-0.0590331100379581,-0.05521869732676737,-0.05441953522846911,-0.056469861014238634,-0.05586958896499273,-0.044411577434268025,-0.055516597438719,-0.055804624866466895,-0.056398204495695804,-0.05235259468192023,-0.05556702768344944,-0.056650123735752934,-0.055224160971716736,-0.05607109670690083,-0.056721567303518114,-0.05630602845470867,-0.0558046014791631,-0.05851329077319271,-0.055288867203317146,-0.05618207189701242,-0.049563240107978274,-0.0484808342622044,-0.0553941256480467,-0.05731449265053129,-0.05568811913439201,-0.05558521398534163,-0.05035997363220615,-0.05522853862083085,-0.05552064990885971,-0.05663017671323349,-0.05397672878513143,-0.05523077647098817,-0.054840123922714465,-0.053122849160901785,-0.05916681996586321,-0.055820357257262955,-0.05547374775474682,-0.056489353846836114,-0.055724089329321734,-0.05588437258547894,-0.05697057353335438,-0.05642966989382074,-0.05355312919494041,-0.057742205958101304,-0.05470558611261868,-0.05858826568054116,-0.057565941134164404,-0.057043822966628306,-0.04859733280285212,-0.05782186858611203,-0.05736632704864597,-0.045213170617733035,-0.05393744558894796,-0.055597731355883216,-0.05529745095581129,-0.05477898322542765,-0.056156751846758855,-0.05632191782250857,-0.05585280655136393,-0.055642257111404095,-0.0543016859741273,-0.05545272801899764,-0.05561233950611152,-0.051115707275716994,-0.055249205407325044,-0.05840956255655419,-0.05453339174066859,-0.056249202049344006,-0.055227303588799945,-0.05741729851252117,-0.052359744885143125,-0.05609447844342874,-0.06053260205033918,-0.05563530256596744,-0.054537460616125875,-0.05482482648805486,-0.06184299814785146,-0.055603413921551804,-0.054440353161182724,-0.05364015364834174,-0.05674950786698513,-0.05589292173895782,-0.055930926575562756,-0.05550284353281993,-0.06350455737343937,-0.055373081557502334,-0.04961062081043588,-0.049563238668956726,-0.05740308843630192,-0.05560798760331625,-0.0551985542461942,-0.05524760493832583,-0.04675012326757885
min_user_avg_info_exchange_zscore_conversation,-0.009971052898770719,-0.008886618457006404,-0.010364035481194996,-0.010474344768539368,-0.010081098522972762,-0.008688742923829408,-0.013325397708438253,-0.013476795107031907,-0.008913838834907713,-0.007817393866317152,-0.0032989121887684165,-0.00683794489090008,-0.009493941510736743,-0.014826795669733273,-0.007862180188595795,-0.00931630329662511,-0.014386237154048548,-0.012102088869328129,-0.019132287159075716,-0.008203996200297504,-0.010800351897412021,-0.010469446499364266,-0.006977189516696897,-0.010110366917975181,-0.009583993726001203,-0.01310783184049966,-0.010534318424881648,-0.010098941988006456,-0.010267230509120399,-0.005534011093611563,-0.006579074149465292,-0.011076590375492084,-0.016171183856049026,-0.0032825247350342732,-0.010318108824773164,-0.01210462561364192,-0.010696712365470592,-0.011870363827059962,-0.010128705495244575,-0.010817760245516249,-0.009708706544807197,-0.014568777500799027,-0.009280327693365769,-0.0029189682474054478,-0.008030283223114642,-0.01950610379153702,-0.008847823232999744,-0.009299570353548304,-0.016144334942437156,-0.01141567597649915,-0.009378284328939338,-0.009803662417327792,-0.00910524166785157,-0.008092047157629723,-0.01119182030538686,-0.010930363714995985,-0.01712271111612324,-0.011261236677145566,-0.012197381653005882,-0.004811535206542202,-0.008728094481966766,-0.01139995853023891,-0.009326083722550498,-0.010024492451006357,-0.004191905614362706,-0.009334983200038493,-0.007971345803980512,-0.008679743470906325,-0.01622478181151499,-0.01021793495734448,-0.0076138779611080384,-0.010266956858911462,-0.009496196014879858,-0.009374496923382422,-0.008522102048794916,-0.011076619383685909,-0.015062463964321298,-0.009366320816843786,-0.009910873744777001,-0.02850097760841017,-0.009329532971643363,-0.010311716606681526,-0.004631430312216512,-0.009705043163987265,-0.007941610896826485,-0.01550503001305141,-0.0110780422128099,-0.009894601420802826,-0.009739190282799794,-0.012980989239943027,-0.010122287625178975,-0.011490001955004993,-0.01243202620654883,-0.0063336856596412205,-0.011261797229536855,-0.009883772446103955,-0.0023359385612507833,-0.009648786160589787,-0.008763524732930739,-0.005817389072584828,-0.007638132557784855,-0.012882441057931158,-0.003783931359185501,-0.010037448582498533,-0.008428819765531314,-0.004999762581967149,-0.008506683726731176,-0.015155897442909048,0.019875541546350774,-0.004835619597729148,-0.02423652117274095,-0.011300942401529264,-0.010099800113756921,-0.008770849946506048,-0.010874747110011301,0.007626508620057582,-0.010647293194572496,-0.010686779663548144,-0.00887590625865176,-0.0065412284800850425,-0.010759513740965797,-0.010047164477865817,-0.010414918880479272,-0.014468675063344635,-0.013744058232759896,-0.012030973785100225,-0.009157316243190852,-0.01050949548153032,-0.004089611445590318,-0.011911331483643359,-0.009822997429412752,-0.001278508583228265,-0.009702843586839954,-0.013712385192436373,0.005475815225739831,-0.00412871978643751,-0.009706184545956379,-0.01289557504875627,-0.011003380303914297,-0.009495966242619282,-0.009394395400321796,-0.008880211568521916,-0.010271874568834567,-0.00170568333075726,-0.009387352438596645,-0.014501344953655867,-0.022634416200761433,-0.01403010580524391,-0.005553057886236935,-0.009737191025449782,-0.009020017086753585,-0.008214682594484508
max_user_avg_info_exchange_zscore_conversation,-0.0963044540360108,-0.0978977618142436,-0.09662358849713604,-0.09663387965925486,-0.0954911190137683,-0.09175871735787822,-0.09996320639375829,-0.09551796576588728,-0.09502455163846028,-0.09661764420829572,-0.08052320412799942,-0.10077433553030575,-0.0975230526485861,-0.09748550560468472,-0.09590492049412552,-0.09556897423885245,-0.09253056791748587,-0.09104888368461228,-0.10061619754060157,-0.09339298977887747,-0.09675923244563502,-0.09899981165730604,-0.096290552654164,-0.09574325994266412,-0.0968895911204534,-0.09484601401629231,-0.09063913320335894,-0.09727961760107293,-0.09639783018723025,-0.0942613983924473,-0.10580213523308915,-0.09721548073327826,-0.09764374863213374,-0.09322047897100573,-0.09669738036335573,-0.09469620937249836,-0.09919299214904713,-0.07843863591821026,-0.0967891065354916,-0.09405348577064639,-0.09799844888354288,-0.08815350091587876,-0.09679257675116842,-0.0957471548351236,-0.10010657052589708,-0.10514673694370272,-0.0951031807604697,-0.09699317611348554,-0.09120059243733226,-0.09374838652901471,-0.09816568424427537,-0.09668833503841763,-0.09661973252568981,-0.09322319279112455,-0.09466607789916731,-0.09806607880434029,-0.097888661722482,-0.09552533618795982,-0.0985677813156122,-0.09819413087198743,-0.09478094983279646,-0.09499086735240359,-0.09753347784104724,-0.09713715426747883,-0.07371358537534337,-0.0956462783048119,-0.09489021405554617,-0.09671021911696376,-0.09446660129844241,-0.09688690957951966,-0.09607160209708011,-0.0969530316318859,-0.09759455709061723,-0.09811214091748134,-0.09710146109627031,-0.09738073844480648,-0.10169428316980661,-0.09607819953960163,-0.09727163577487676,-0.09593432925989416,-0.088801418816613,-0.09639972174492518,-0.09235585310518024,-0.09639000760611478,-0.09478326379383324,-0.09233300078489647,-0.09697322643692041,-0.09905556589699477,-0.0980044456274392,-0.09629427295851309,-0.09442989632164557,-0.10171394871824242,-0.09461032172005109,-0.09788614455692313,-0.09866519261157233,-0.09651358867013357,-0.09645052066464152,-0.09666201955077013,-0.09682600729948948,-0.0963530739044787,-0.09612704460749337,-0.09503955741883577,-0.09511193782438497,-0.09467671243391966,-0.09986911735655768,-0.09696467004015076,-0.09633052993449548,-0.09061343658516416,-0.07564811079374346,-0.09693194794314694,-0.09315164597323193,-0.09290827281137609,-0.09657993440440175,-0.09591342869134858,-0.09676331523789485,-0.0824555822715191,-0.09863099070928424,-0.09760254265005337,-0.09627551011977574,-0.09205833434330345,-0.09689348912083758,-0.09671282118942999,-0.09075521139691045,-0.09843596728324418,-0.10152778464661977,-0.09641595342027892,-0.09708667642128402,-0.0969823874879569,-0.09758171715299852,-0.09397243802065784,-0.09749486623006783,-0.09507588198038588,-0.09686311594347939,-0.09767763551368455,-0.07825823404690943,-0.09888989793763941,-0.0965586892415782,-0.09638032169969192,-0.09382960004875797,-0.09794940671243008,-0.09734576489194244,-0.09811349345088655,-0.09755072176389502,-0.10553572789643743,-0.09565152349878861,-0.09157508616704844,-0.09240878424023573,-0.09991704394838156,-0.09380030499338951,-0.09494962971512105,-0.09513945315604203,-0.08653212966095321
average_user_avg_discrepancies,-0.009517327938852072,-0.009885629664877868,-0.00983656489933539,-0.009508802300857183,-0.008911382031157218,-0.007897285905845416,-0.007468345552910011,-0.0056729066927677235,-0.008015365681523806,-0.00790630838781875,-0.007895968532085296,-0.015196373381232933,-0.00966590661311413,-0.016904801652911354,-0.010618218094576831,-0.009748546537101277,-0.008206144658467293,-0.013339579448747065,-0.008986526755377977,-0.010051089192654558,-0.009516246433077274,-0.008802190807394958,-0.0064073136528627755,-0.008489420315104912,-0.009703910284708711,-0.009497474237576943,-0.008351755852188739,-0.010457770465531604,-0.008776599680671807,-0.01089597078040469,-0.01060334162335147,-0.010472529416263324,-0.018880091915893245,-0.00361780737996463,-0.00887087903462598,-0.00657419490961933,-0.016391072594154815,-0.01140003196488467,-0.011260461648716809,-0.010243738665178165,-0.008414092968752687,-0.013240414902499463,-0.00940081309205909,-0.019741613236935372,-0.013005376374994958,-0.007220891375556288,-0.007931987057545026,-0.010205524747417621,0.00160234926272175,-0.012010772623691053,-0.007882346260091072,-0.009545744432276182,-0.009666953859337205,-0.01400300523161864,-0.011473494177037274,-0.01105911007629233,-0.0015697048366174401,-0.011354195635744073,-0.009320307076113421,-0.010778547933960228,-0.008597477009202978,-0.010389643186149648,-0.009704169869716478,-0.009451134297463568,-0.0010150635232443889,-0.0075905745231188565,-0.009097989242069435,-0.011731543062188932,-0.012345001698494444,-0.009105498313907362,-0.009736583302766263,-0.009186211123333107,-0.009342433014364632,-0.009217715717912578,-0.011066030579103214,-0.009670877012986329,-0.01475172482873393,-0.011653066296303798,-0.009390303852214253,-0.011404278221657092,-0.01061226292876409,-0.009354165640379816,-0.013914383537729884,-0.008365636349221384,-0.009568452238063949,-0.005702707951056429,-0.009901350121045732,-0.00893399510220369,-0.011342950929183443,-0.005575763328394462,-0.009398161562062857,-0.01274989798508594,-0.012052138470148327,-0.009240001392268452,-0.008968132880367297,-0.009705792141095945,-0.01315283132749915,-0.009502212101396831,-0.010050841952209066,-0.00887229826076101,-0.007457773854955357,-0.01027084822469597,-0.007197312251635474,-0.009901806284910622,-0.011731878856341353,-0.00675933104487355,-0.01042368456503713,-0.012208013804431025,-0.01806646117413324,-0.01246372411713624,-0.0011415001512327036,-0.009387034076532672,-0.009850013600062588,-0.009463828510448802,-0.007352306494491104,-0.015480284006667108,-0.009851162173614578,-0.01116701180680564,-0.008934633256224844,-0.006160061672006029,-0.009590396718597807,-0.009558647729866837,-0.011620677945405222,-0.0037793595526724386,-0.010559015988061096,-0.01016982629464079,-0.010026245281946344,-0.008519469490421913,-0.008041445401739525,-0.011818234798549293,-0.009774827167678454,-0.0194680855844227,-0.009160562632571978,-0.013069967917256849,-0.00603211299713699,-0.018613994674603847,-0.009601493871204653,-0.008314759247787518,-0.00891997960598543,-0.00843113674436062,-0.011622745566694001,-0.006565325810337169,-0.01032326449017884,-0.015046181632017736,-0.009976113841778364,-0.007941391690733941,-0.00609451222657801,-2.087412249274223e-05,-0.005152041211110764,-0.00923972548875112,-0.008621238697522376,-0.04321789731079823
stdev_user_avg_discrepancies,0.015895003333935454,0.016026347024630107,0.016452860289241807,0.017016545263616026,0.013918046801120212,0.008747473862749414,0.01741538636480802,0.017543270114397054,0.01740634511331693,0.01655584676313202,0.012600753015541666,0.012456404565057307,0.017091452110149133,0.02777696872447978,0.015338588416754527,0.016023324505788902,0.014174480306383349,0.019983802947410336,0.01999479325493052,0.01563238755690021,0.016156869406290006,0.016060263526274196,0.01747427092737256,0.016665642677400887,0.01576608191423566,0.016078544144682322,0.018476356211629873,0.016425723116472658,0.011881535378714279,0.014325768117929672,0.001897289148204878,0.015910107764378654,0.012438075788203537,0.016059689101692597,0.01626719934665262,0.018326946786400813,0.009778090693236464,0.012982729709536418,0.01494632804716112,0.017482731591894313,0.014351424581549296,0.013680008124579882,0.015665533167950167,0.015267496870494066,0.012290924559171367,0.008033712117897638,0.015859369336107446,0.015585132591759282,0.01833954060129006,0.018944772218429502,0.014887472344135894,0.01582399771061363,0.016085218233623758,0.016477058986713068,0.01476145448484685,0.013854995119363528,0.025027020012943317,0.014998159357243872,0.016776096136776098,0.012489609984563131,0.015401266944950167,0.01666726200685771,0.015909639282920312,0.01553699553531659,0.03372890647536178,0.016374790767125266,0.016141623923374187,0.01524308517366951,0.014224807660468778,0.015697634384220244,0.015193059703855125,0.015728136982738623,0.01615205030034226,0.014206702424157837,0.01625318818592901,0.015060399369087272,0.00967787022784055,0.011549615639617847,0.016099677895347525,-0.0013102650626317242,0.020605872250087212,0.015070730116869413,0.01131733477599588,0.01649046972835811,0.016393205140626553,0.019254196894606324,0.01558799465925564,0.01824864342859004,0.0167284824277501,0.012852248005797436,0.015353484243332756,0.004637587009907023,0.016011301200086422,0.016203386660835144,0.01642063230844705,0.01558963734798788,0.016594331227465484,0.01578498006082814,0.014772487205368825,0.016545022182677657,0.013575696409861646,0.015081466382424085,0.01956776574443925,0.014847115514793134,0.016115256238478263,0.01407499591437948,0.013932436423060662,0.011652234162622229,0.009976465772884774,0.012925225790762716,0.028597798685393677,0.019612324713070273,0.015158307839906413,0.015328605791661492,0.014500191811537447,0.011383972331232103,0.014192471284648215,0.0153683858384399,0.0138978832632171,0.013649378399249687,0.016210345358104908,0.015733138176149672,0.012094144537118174,0.017067792351758617,0.01590605791153298,0.016225164117280266,0.015709946063004583,0.014943029395729276,0.016553290992602207,0.011698919642751547,0.016399250877559692,-0.0012224844957455516,0.01545564396809668,0.013260139487649095,0.020058331469668872,0.020948511103098016,0.015845395928791344,0.015215354147102046,0.015928546917909365,0.015853182795084932,0.016138704363532513,0.0164002510582518,0.015322394568641713,0.010773740968411308,0.01616997316118683,0.01609999708233884,0.016353525952500628,0.022690134749356553,0.010459126277798853,0.016094026255702176,0.017026400258843742,0.014737674995252829
min_user_avg_discrepancies,-0.0126383374272509,-0.012724352368589001,-0.013585726164143816,-0.012030496469666252,-0.013458576297058752,-0.01677046778499862,-0.01113629116710764,-0.012763570722642947,-0.011079033526522092,-0.009916839728562638,-0.006046275411769039,-0.011481632332753386,-0.014236864005739217,-0.017806190536940353,-0.010941683885594328,-0.011593868003448235,-0.006422950820517942,-0.018184368367406264,-0.019298103783243897,-0.01303790646509799,-0.012497776761170143,-0.012091067392344695,-0.013740520665832187,-0.011815073133879417,-0.012688555396117823,-0.012553734895915047,-0.0162333391345246,-0.012682112087710473,-0.011666801758795614,-0.010927809524132956,0.0019014250890019846,-0.01220064831384246,-0.014623430517789082,-0.01189575754507062,-0.012653053856720858,-0.01130304675814986,-0.01105910343879797,-0.012314436386716782,-0.012755643088825402,-0.011517384779267878,-0.010511723097290232,-0.01479309459114514,-0.012443770591840486,-0.015046196282087948,-0.012851909898596026,-0.006053164468839176,-0.012734805253299633,-0.013398388960298088,-0.013625488029539265,-0.018125686485921333,-0.010120455124262948,-0.01263204756736612,-0.012836175783530926,-0.01694158198516156,-0.009907381662646292,-0.012239739313589224,-0.018031219189970332,-0.01737814595021532,-0.013044316117407001,-0.013804921233364575,-0.007957299134419449,-0.014104323939259214,-0.01279778335689806,-0.012597557945763213,-0.004670730284237076,-0.011998384798791228,-0.012162850743642789,-0.010390821327503616,-0.01187846703501233,-0.012940867332494985,-0.012207172787742776,-0.012263915420839377,-0.01340973498396518,-0.012318586178277344,-0.013562823315060396,-0.013052128211974823,-0.01656353645743154,-0.00502016559081217,-0.013268346238300283,-0.014708902335863527,-0.00929784989168915,-0.011669676666822504,-0.009108464170422728,-0.012613208743105425,-0.013789874902639027,-0.013310081198692938,-0.012712376671802389,-0.02136207866761708,-0.01388928168640434,-0.013056567293758578,-0.01392567489215936,-0.0031123819353324617,-0.018558249674005878,-0.012288887966563064,-0.012116057331902588,-0.012322530425741038,-0.01651102542538363,-0.012645804447246112,-0.010248906618568462,-0.013778642900770938,-0.008468267253219822,-0.012972570834162547,-0.012838701021956611,-0.013602167491878467,-0.015358616752324014,-0.01016591766132155,-0.013007994853938235,-0.018331224713157943,-0.015263300912794694,-0.011069203163894203,-0.010089768317999182,-0.010018963430865446,-0.012503315695600328,-0.012276642416077732,-0.01206429532721301,-0.014182452810073756,-0.012294180107550762,-0.013830271671275776,-0.013117311294585293,-0.008627675123055553,-0.012814485107462997,-0.012332164940951143,-0.007651903331138993,-0.007485856639127486,-0.014215658444214477,-0.013577869786681199,-0.013101514591471172,-0.011920465097612423,-0.012233292567305099,-0.01026832271390185,-0.012936968702069535,-0.015026131631231648,-0.011786203631254544,-0.011977148826523745,-0.004718889661910183,-0.012704056642663372,-0.012721616158130361,-0.012439570312405848,-0.012491929690222489,-0.012473268999434253,-0.012633213517678099,-0.008364577597189393,-0.013027843658841437,-0.005701726825009884,-0.013916196831994826,-0.007275397604868519,-0.015804141819892675,-0.013431785291185813,0.011762139741924776,-0.013450059385252865,-0.012007583311781832,-0.05285460932973485
max_user_avg_discrepancies,0.002018894031355297,0.0018250597500937271,0.002016193272996406,0.003141283160157639,0.001050240864477265,-0.004688755197176292,0.00477440462948954,0.003954655017861512,0.0036309674791654353,0.0036914135946853957,-0.0003767061041102422,3.38548132648997e-05,0.002617361235078424,0.011976132357651846,0.0016664539964270503,0.0022112187163185366,0.002441448430851527,0.0022554731405561475,0.005352573632276966,0.0020583481804878,0.0022514933188840097,0.002586390295647535,0.004442358110198032,0.0030102452234124603,0.0018324506423037894,0.001709501515758105,0.0021999381995417774,0.002433699172362816,-0.0011120436072248295,0.0002452361052569345,-0.01016423509227796,0.0017955782803188922,-0.0032886767955952953,0.0026916328938310363,0.002381130684118684,0.005177566088858658,-0.0020101177980742305,0.0007647536649968006,0.0009383228156937054,0.0030631883442476457,0.0011974335746215564,-0.0007328307556694856,0.0017939542681839303,0.0013517092559562627,-0.0014220197816969676,-0.0024030966269166856,0.002537899219344334,0.0013629423857732803,0.0030917864246656247,0.004348268012781112,0.001898473465379736,0.001958366671266476,0.001992906242584396,0.0016340442821163662,0.001912214880103201,-0.00041354763638137143,0.012268167074219183,-0.00014338307847141032,0.0028702316304613333,-0.0019312100616032737,0.002642163502846691,0.00271842752985162,0.0019500545530199004,0.0017123156419247033,0.019586883002569392,0.00244194754333241,0.0025548153759490377,0.0013762340627541982,0.001973706888605032,0.0018224766581963342,0.0008811983680679335,0.0018964091948430913,0.002122344458458738,0.0005515080786527744,0.002071869193330335,0.001463350302990822,-0.0021863979107030404,-0.0006198096446280235,0.0017043807956997371,-0.012500120961512151,0.007299068185400839,0.0012014396875554834,-9.249684457405052e-05,0.003033357880727946,0.0022016505304393655,0.0064449996215824,0.0016499529556136504,0.0019120220321884665,0.0027835523778624964,-0.0007932751019824255,0.00131361218517647,-0.008395408248951686,0.0008570502168709325,0.0032041790148354954,0.002623648509335684,0.0017788876634530874,0.0017776305669062811,0.0019473470608142168,0.0013353963889891594,0.0030011819763657334,0.0013254718215944643,0.0010110699411491342,0.005490134286703464,0.0013367155275959657,0.0014881230969611345,0.002498342260694588,0.0003893363081601646,-0.002901938668859419,-0.0014785615596178622,-0.0009643019445022619,0.013875392394600419,0.005359385169399638,0.0013765531477638038,0.0016293477068211187,0.0016642790969343714,-0.0013340222810972711,0.0007003160062273861,0.0009730044948700056,-8.055300825336037e-05,0.001968199652185698,0.002225365109870637,0.0019642121542936056,-0.000866851710082512,0.004494676737114234,0.0015712507593957613,0.0019147739420033554,0.0017676601482986068,0.0010840036671852411,0.003001537261785644,-0.001551391251336326,0.002352174237431299,-0.012887959657893553,0.0018627590796298117,-0.0006304137327987763,0.006780303411916766,0.007374440461624641,0.001956267788186399,0.0014546532583329629,0.0027824504784030625,0.002065307782525342,0.001975205493478363,0.0037026483670116045,0.0019581039203887887,-0.002462609205885622,0.001813236228318943,0.003707113530756267,0.0036445737871683356,0.009586162744089806,0.00460691080663677,0.002028047759739724,0.0030707337376362324,-0.006777664775972487
average_user_avg_hear,-0.008654932041669144,-0.008519229981656863,-0.00814291317410105,-0.008359303734104475,-0.009989570245707903,-0.00838726301948206,-0.011919243392024591,-0.010061704226538293,-0.007818116530486455,-0.007477380281942855,-0.0036906745067617,-0.008677335367769861,-0.008641020218800088,-0.010785237108217173,-0.008605487323462504,-0.006966480077015301,-0.0072065722512037605,0.0012500093899732844,-0.008511745474651146,-0.010165014697558823,-0.008594299649806734,-0.008341038946255607,-0.009215779992170034,-0.010510032970176615,-0.00851204823130575,-0.0061682689544406855,-0.007232229399578287,-0.00860456109167651,-0.009625768974336334,-0.008789012146914455,-0.009403317292222681,-0.008370722204721905,-0.004209334591928309,-0.009834085581626812,-0.00891045546994401,-0.009615355262994747,-0.00827410407141335,-0.011746217504885532,-0.0034714954258195877,-0.0106477877689008,-0.006596683532698041,-0.009509774907200941,-0.00849799122507418,-0.015764322018216412,-0.00943465403359776,-0.008762317241598648,-0.009094786302197398,-0.009044944029616283,-0.010904282383047696,-0.007873055990911544,-0.008447939459830921,-0.008677670161946704,-0.008892940493408706,-0.007979219611050975,-0.007809371194986543,-0.010097222195798368,-0.006456968518586631,-0.008808898211132725,-0.009374674526170235,-0.008358113485818637,-0.008930411438849848,-0.010763437896626888,-0.008490247099668405,-0.008639591862639453,0.003545802468030273,-0.008893244837356132,-0.010039101788322211,-0.00835108417709266,-0.013329101007539503,-0.008940444985481822,-0.00041936243631143094,-0.008140315816530783,-0.008253042186509485,-0.008437400433300797,-0.008717382871317104,-0.008810482653763248,-0.007875586334960896,-0.008642243132848264,-0.009312978344965781,-0.010816909376378456,-0.01394594625103478,-0.008245024000473729,-0.011906657279981522,-0.009186997910369506,-0.010277975745898704,-0.010800442019828538,-0.00879308837670884,-0.011648953180365497,-0.008265343343240972,-0.0025489136763701178,-0.007772193107845996,-0.007386438538726657,-0.006225507303013689,-0.008065452372828597,-0.007845736838692087,-0.008692544634676252,-0.007029754470128624,-0.008647741829912544,-0.007929748982144274,-0.009928849585019222,-0.009028420738169046,-0.008853057841061825,-0.005164435917715839,-0.008756216319014418,-0.01008043793011485,-0.01425965223301661,-0.008555825878054734,-0.009471586879681436,-0.01149471878739852,-0.009333386337654754,-0.01010086929299279,-0.006366389057424388,-0.008336540946150812,-0.009620656942788672,-0.01008736167069971,-0.009822917348997682,-0.007646741907402464,-0.008355176573832399,-0.0098319778359569,-0.009475647701403007,-0.008445593920412083,-0.008507601482120045,-0.010990431384042773,-0.007606649444730738,-0.009352267095963308,-0.008290483970706359,-0.008304087941044709,-0.00810066402668539,-0.01183717226790947,-0.008652243257860907,-0.008885005918516141,-0.009617267660246483,-0.008820181542859708,-0.008808766460281465,-0.005537537085129244,-0.010879910953982021,-0.008633713619550697,-0.008483484970905926,-0.009092428459069329,-0.007666481346307185,-0.01014051208651073,-0.008721690739282148,-0.008199604463512122,-0.010777748826462853,-0.008930123115819274,-0.012467412948821662,-0.016767457234569627,-0.009906515028306744,-0.00959516191344533,-0.008010806828192843,-0.00980530016824671,-0.013322858197485608
stdev_user_avg_hear,-0.003944273229597095,-0.004667660144661752,-0.0036896633282939833,-0.003846187568150382,-0.0055918804662322165,-0.007845879651560302,-0.006536294550834163,-0.007439058645866813,-0.003898223026223776,-0.001375248183407101,0.0012415274484465708,-0.005192054821907153,-0.004223534866746759,-0.005930421647152823,-0.002983331862067366,-0.005001807110655433,-0.004609627921411679,0.0028192693078856242,-0.0031468523184914592,-0.005197276556165892,-0.004132539304758933,-0.0034768769738683977,-0.004841510537322595,-0.0050278130547506805,-0.0039320169911365565,-0.0021471385723898506,-0.002725089284340893,-0.004549693080664252,-0.0049776085876505425,-0.004110836085297302,-0.009906429814594673,-0.003940652598825754,0.00331541923750203,-0.0025078972515626893,-0.004022450837276842,-0.0036062836043116893,-0.00450541297066466,-0.005693008992478408,0.003019693338826077,-0.004619525349006405,-0.002934695734496357,-0.007153661449613873,-0.004156977132396079,-0.010150977924698643,-0.005216223276111371,-0.0061872865317606045,-0.004610027142483847,-0.004692110861879938,-0.0070105134627307195,-0.0026552350689234006,-0.004443633413745235,-0.004250950988354547,-0.004821462550119417,-0.005142593955727338,-0.0026266451929507217,-0.004791408354502756,-0.0008979726961888257,-0.004522536270531666,-0.00388491411924209,-0.002963962552940352,-0.0052377763939860066,-0.006121748285127571,-0.0038122679498826875,-0.00422704013883691,0.007124281260499634,-0.004513972719144103,-0.005667945288846208,-0.0035709940609642693,-0.00863024405574743,-0.004561042738954845,0.005344998656153424,-0.0038129863065360856,-0.0033668367789942873,-0.004517527148923305,-0.004429894011482879,-0.003971231711529532,-0.0012877438632778234,-0.0035023145789113246,-0.004873608092241476,-0.010061721500328566,-0.011075861412537294,-0.0038067320804862463,-0.008225175912849691,-0.0045708938795361465,-0.004664454410648636,-0.007055700450110757,-0.004432546427689752,-0.00725274883898747,-0.004796097383393277,-0.00856850972021365,-0.004198379872193431,-0.007248843454764979,-0.002922922746306419,-0.004994749667026735,-0.00323119578388212,-0.004208390711474246,-0.002923515646606387,-0.004206509784518713,-0.0032406275884587898,-0.005133225212783565,-0.00593005507354683,-0.0048553250061293095,-0.0006735727528770063,-0.003728891589403177,-0.0050520270666710755,-0.008157855927420283,-0.00433359899438458,-0.005412929421507484,-0.0068969076054090275,-0.006144826202349726,-0.0054108952924386226,-0.0015839730970258533,-0.003958321781707836,-0.005067869844814371,-0.0035562470234147244,-0.005998579093308918,-0.003166696790614697,-0.004536500686002899,-0.006525489577467326,-0.006663991633621084,-0.004165925495602499,-0.003977404945532465,-0.005170884797803957,-0.004409500053495305,-0.004715533524978551,-0.0041986466441161895,-0.0038309848091319983,-0.003989411634281095,-0.0065023644030666634,-0.003900708229371594,-0.004484831433600473,-0.00304981574183953,-0.004247436049140123,-0.004697025750416748,-2.1988221284829565e-05,-0.004214165909017321,-0.0041309008143411985,-0.003335900963464823,-0.003248473227079225,-0.0038679276814715703,-0.005898324486998603,-0.005643153255568297,-0.003276636722949337,-0.006127339417591122,-0.005479249708298972,-0.006729033703459441,-0.017853078209386166,-0.006669562356949044,-0.006036140220071276,-0.0033630095605095027,-0.004919905625179299,-0.006544566563311172
min_user_avg_hear,-0.01524622181405302,-0.015032520589757358,-0.015414675048784634,-0.015028736191831107,-0.01779281037532775,-0.011367305171466707,-0.01943012980453941,-0.015199431613542752,-0.014532921555761472,-0.00816440178773009,-0.009158741820762107,-0.013001936382979966,-0.015343455807453974,-0.009657064239363914,-0.013782854333279656,-6.485569087724017e-32,-0.011577564829301782,-0.016397036441796915,-0.01792252118280614,-0.01507307755943403,-0.014900084273153896,-0.014793136513374583,-0.015878582159535796,-0.014266733737817755,-0.015098238814563038,-0.012895470065155486,-0.016329495151191614,-0.014659057657444512,-0.016271103148883716,-0.013724415848241224,-0.006527497848304151,-0.015329286722092038,-0.020654118639770413,-0.016554910395513895,-0.0157412170895396,-0.01640469382540095,-0.010192167910586214,-0.016260478031879244,-0.023306592398526844,-0.015994056213078273,-0.014266461024818905,-0.01843228152281004,-0.014959131730211926,-0.012404711554877794,-0.013705366450101425,-0.02107855651267916,-0.01570084974249466,-0.015436145070685988,-0.013955044814951448,-0.018732531089647994,-0.010770670693224297,-0.015234172936571446,-0.015421255473025237,-0.013360843714164586,-0.015182359451426543,-0.016626383001838215,-0.020618356189077855,-0.017736904698808315,-0.015386538869610625,-0.014256404544029988,-0.014952627750987657,-0.014650693583341274,-0.01527740281826799,-0.015168997765999151,-0.011794015845536871,-0.01617954978935408,-0.014186174486543007,-0.014733640735371553,-0.0150958596694592,-0.015489448115326526,-0.014640292422705007,-0.01556045811798566,-0.014666832725599668,-0.014468787439216622,-0.01587343194407908,-0.015367891357717645,-0.01952970721011461,-0.015175365471833752,-0.014778698272039535,-0.023791016039784244,-0.016153076767010215,-0.01549629598100302,-0.013186252283337443,-0.015664296968161545,-0.016670280000437646,-0.016102920541801524,-0.014405733614024748,-0.01975227813495649,-0.015460964340068988,-0.018531120470665602,-0.014795108098764165,-0.008139112809137278,-0.017865661162274858,-0.01666298232024533,-0.015572263320320863,-0.01526295624592363,-0.013432154337970584,-0.015340360454693752,-0.015301894520827669,-0.014069312574790637,-0.015026893277929512,-0.015539827961543306,-0.010721021923234438,-0.01681591723920382,-0.01801374298312658,-0.01479196123767423,-0.01513754445453175,-0.019358185401722818,-0.016257080116106375,-0.01570821209103732,-0.017672298556435394,-0.013395620332782632,-0.015482973771579431,-0.014520856728355682,-0.013626983136134429,-0.015801785403805866,-0.016097208893583508,-0.013775873445220313,-0.015033021739892918,-0.015342636704341392,-0.015126025891347667,-0.01508500866034147,-0.017016159375188807,-0.015388716804110407,-0.015208475650225622,-0.01429781398719291,-0.015387882905297289,-0.015710098293139966,-0.020847989671917228,-0.015601587214027709,-0.014802415597923075,-0.017337419043023074,-0.015326004824785928,-0.015728843760590402,-0.010218944356453343,-0.013222721153528032,-0.015133534007513636,-0.01703476628811539,-0.01590159645900154,-0.014633486151032719,-0.014927341788064633,-0.009392836547475764,-0.015453887171100168,-0.01563956230981861,-0.014319198009781325,-0.014465461176051794,-0.023387141778305143,-0.017371041120114478,-0.005997531911154151,-0.013972250295416426,-0.015835216179264693,-0.019364222700031613
max_user_avg_hear,-0.005751603692789493,-0.006449242768292887,-0.005554626036211879,-0.005715107586147343,-0.007550109395421714,-0.008917506119574056,-0.00881216650621592,-0.00911838344664367,-0.005777621011026699,-0.0033735647790246546,-0.00015653913957750822,-0.006993938111084352,-0.006104213753542946,-0.007700079272815548,-0.004900608889294954,-0.005820431063565284,-0.006090339866014342,0.0011550185526131799,-0.005102599604653166,-0.007183199193663902,-0.0059999835490625805,-0.005361390240715826,-0.006725767685252468,-0.00700964050671633,-0.005799803365608676,-0.003860237362645914,-0.004501435031921245,-0.006339498708717736,-0.007008247220057379,-0.005927000002854446,-0.010646156622791163,-0.005806615375140357,0.0010939825204084389,-0.004640277677583788,-0.005781376340615605,-0.005669569705541498,-0.005940673933704153,-0.00790376503876121,0.0004988357403833688,-0.0065859303225533055,-0.004885509250152541,-0.008868065455047475,-0.006002340768969239,-0.012301021322440486,-0.007028968450585952,-0.00809440266024434,-0.0065080868842794775,-0.006563475696058264,-0.00875071682028573,-0.004647278251337603,-0.006028705440966217,-0.006125437843346257,-0.006683614132160124,-0.006680736040773627,-0.00454257909566348,-0.0064912565271754135,-0.003147187507513081,-0.006535078960572427,-0.0058382673766962725,-0.0048433954626603964,-0.007061253757818416,-0.007925832811257097,-0.005715089311102732,-0.006100657356009349,0.006324238012542465,-0.006405041426242543,-0.007466806334187767,-0.005466428613450184,-0.010615501453606615,-0.006436220267842975,0.0035004043596048307,-0.005696780364644136,-0.005223973480520734,-0.006303581472535749,-0.00632118342514053,-0.005876496559348637,-0.0035078204215468686,-0.00553929819641831,-0.006736103747044054,-0.011672855314174408,-0.012768618785765302,-0.005681761813723446,-0.009957551412876532,-0.006481776798084441,-0.006531397882039562,-0.008667209315629436,-0.006252026594382164,-0.009303543679436076,-0.006736062741456682,-0.00940604567147567,-0.005912442022985872,-0.008001330943393918,-0.004884464479667824,-0.006812451299366087,-0.0051824428958108975,-0.0060929598361913915,-0.004749298824606762,-0.006087477850481955,-0.00515056135217019,-0.006904656504005541,-0.0076987860770143055,-0.006686566944169012,-0.0023452729915168623,-0.00571166524935015,-0.007153954513806483,-0.010227216231213568,-0.006141951036555054,-0.0073999585225340775,-0.008893889261669563,-0.007934658238322196,-0.0075055028010754974,-0.0033547499687289406,-0.005804701503021212,-0.006953604284396531,-0.005182560696977747,-0.007908560479961123,-0.005107524329696271,-0.006319355404058865,-0.00837261560117168,-0.008443339571308014,-0.006022846029619057,-0.00582956938868962,-0.007243847826329733,-0.005940863002734328,-0.0065141079345269505,-0.0060492808646116815,-0.00568742167498691,-0.005836730599882668,-0.008865968889477544,-0.005968143696338952,-0.006388132170098225,-0.005284529156778446,-0.0061569382484335244,-0.006431581378513301,-0.0018867061601689338,-0.006173039996244894,-0.006009497849819445,-0.005298599083751366,-0.005422411463142264,-0.005610528790271392,-0.007722313091744353,-0.007153403051835431,-0.00519551276138187,-0.008062321734088572,-0.007197224300724765,-0.008600399714429115,-0.01948192325506783,-0.008666152213882125,-0.007490816452139039,-0.005169470968999674,-0.006734874988235303,-0.008840429696891392
average_user_avg_home,0.025432077083647073,0.024688592957233114,0.02578698285539363,0.026266020032366815,0.026037284651329085,0.019715767692806176,0.02623730844995667,0.02631179317964085,0.025100037165457202,0.02722796132696719,0.026965475959528043,0.02494905005583494,0.024103375391173573,0.03186813994304864,0.027272279840861422,0.0255136016118409,0.025983461809960702,0.020845712794885424,0.027698061837037484,0.027342391257005952,0.025676848605521198,0.02677850231885063,0.025141686599965983,0.025205604588865248,0.025718902029843844,0.02652003641274924,0.024508748159469664,0.02492950149525066,0.027325924499243252,0.023215104398862638,0.022990247496086927,0.02598966952696517,0.02399220485452256,0.02476435470086054,0.02528009873816616,0.02504305259858175,0.023486862094042084,0.02471832613661916,0.021016742795050995,0.02467628459419662,0.025269821253080055,0.028702425640717788,0.023399337707216472,0.01951203577307354,0.02527260739001155,0.030819888689864284,0.026162488557684625,0.025880836138350453,0.024942601850841982,0.027589869584021487,0.023968209316254475,0.02543317670909718,0.02475583125715767,0.02665734281986165,0.026816351727689404,0.024070926384239348,0.023762588176645245,0.025890869869778357,0.025303966196131202,0.024228359561275375,0.02524525926981416,0.025683744774346307,0.0255560358768313,0.025241730292900447,0.02791211263345216,0.024424778586305526,0.02551472941044195,0.027156308926482735,0.030043643584578374,0.025535772046310017,0.025339672845046922,0.026153208006325087,0.02612150429634386,0.026671992293612404,0.026169324468014357,0.02560950621810571,0.025439980800928817,0.0257560636957828,0.024926261264255754,0.025794358282809907,0.030768387338313007,0.0258485251986175,0.030565906296095728,0.02587758397726657,0.024033707921435887,0.03168828586715225,0.026045768942524406,0.02273753480263148,0.02611303084122972,0.02634490603547941,0.024968535543535588,0.024282091258427466,0.023097712329537758,0.0240125388966385,0.026381252349162304,0.02528970422485613,0.02448687752213317,0.02534571053876121,0.025328289064141196,0.023429465107778776,0.02130730322399462,0.025262525745045374,0.028127969228381646,0.02540813457446413,0.025733630737462616,0.02487098562207474,0.02555068592118781,0.025349298291125675,0.021383177759717032,0.026650417783478392,0.019240453050055558,0.02561361439523126,0.02548607985980831,0.02526111896231232,0.022664742115322864,0.02311003037432796,0.025904468737985395,0.024570196678687137,0.02314376717853625,0.024668801822200128,0.02530028471156181,0.025478152441295206,0.02664762191697784,0.027042439126608704,0.024843819829347753,0.026824506975981745,0.02531063425684034,0.026046785003848896,0.024851111576695895,0.02737402705416976,0.025272447597956646,0.02578910363848573,0.02558634416644401,0.020232547553845702,0.023584875449078183,0.022514427538257036,0.025419772075684542,0.024586715595115362,0.023956432966523205,0.02558332783190899,0.024188349323981097,0.025355980634400983,0.025405016582165048,0.02061762216402161,0.02557514138984104,0.02525298275490332,0.022669177463670726,0.024720119472085772,0.024110566533910104,0.024697622371045228,0.024755616284380694,0.02697106633112918
stdev_user_avg_home,0.05316437462274026,0.05256571742593111,0.05326754314110774,0.05304375520780175,0.05030493136484871,0.05500852684481193,0.05076606065035656,0.05160409436834988,0.052833921054531476,0.05306420971818142,0.05276192463323193,0.04887266827283908,0.053025637081485874,0.04574697210196188,0.05715301437795316,0.05324966870252726,0.04977795645420947,0.05910655745019234,0.047070400281720784,0.051425731669408725,0.05296573745372443,0.052603900371497106,0.051457510581231866,0.053099135963454336,0.0529759839800706,0.05388826348043416,0.049289401501501295,0.0521156180103311,0.05111575856986865,0.053837470574206014,0.05349738350593057,0.053440397177211205,0.053159779726704874,0.05169181831112958,0.05315977242465773,0.05335001030546015,0.050385081466560386,0.05443660790370862,0.045029424877655586,0.05297734152548213,0.05281887447175676,0.05007546348828165,0.05374855745749317,0.045594872279324454,0.051569277693238984,0.05196544334967729,0.05180964967607866,0.05362325735803514,0.05248921811359492,0.052529304312128544,0.05349240978325433,0.052841373382973615,0.05245179663263385,0.055715963658852195,0.052698111957611773,0.05539911635848439,0.036870722401899536,0.05476950882363464,0.052531105544636574,0.052152981722779795,0.053184899783572506,0.05252327664499271,0.05308292201501166,0.05231954470879831,0.046125657519746205,0.052651662566347825,0.05153898027381143,0.05408366043594848,0.05235011152816303,0.052683878828262753,0.052957602243564175,0.05327008226370433,0.052754558244468425,0.05277550049908942,0.05303177355594385,0.05195865728098373,0.046670866109444806,0.051857862257912155,0.05326569397486667,0.05150576891818227,0.05303474360736185,0.05324014333342858,0.05103002502733986,0.05237089855236604,0.051957323955482665,0.05655672794582446,0.053831666518582844,0.05664582795538095,0.05327601842776497,0.05335658172711284,0.05136804385234198,0.04728155552239631,0.04685225828931791,0.0462163104612171,0.0539965126074658,0.05283896262433274,0.05178691171240606,0.052733382489967395,0.05392249690087973,0.05422915714520285,0.04422846373925547,0.05223438359866463,0.053639633773151896,0.05270051381546968,0.053152768637530046,0.04857268236219191,0.05238717896679815,0.05486965086993202,0.04434819547429132,0.050800587513529845,0.049559777052981986,0.050707925220031695,0.05266864240033017,0.05231644295504463,0.047712138892707145,0.04824792569531077,0.05203501237721217,0.05147154274462357,0.05245178183122905,0.048658776267211296,0.052965340233834826,0.05324197827394779,0.05239964742297663,0.05546078911969356,0.0520162759757883,0.05264414438873631,0.052520954294771736,0.052936944200326845,0.05432181135136002,0.053039354313591906,0.05340378688150644,0.05640155186312601,0.05287252508738391,0.04931903250599265,0.04555060319654914,0.049884558029873606,0.052706166677466984,0.051355663055573264,0.05010429408163287,0.05099343992886622,0.052840861506290374,0.05401168381651468,0.05214820113156074,0.05790636337631787,0.05448854726443107,0.0562423751603321,0.04661347658380463,0.049035906428168165,0.05431865487218374,0.05281866328454978,0.05232067137113228,0.04905529648507591
min_user_avg_home,0.006957187764977356,0.006963970053011481,0.007132288117883943,0.007655044074595714,0.008200052078210156,0.003178688427144706,0.008900641391667088,0.007518877992783255,0.005631306350582688,0.008040212395019087,0.007045168225021856,0.008591050161929719,0.0074821942975064944,0.0038932225474874486,0.007529002474210327,0.006563413695970703,0.006888396220304432,-0.00017933206426355968,0.002717529187449396,0.005932773504076392,0.0070073232852076155,0.007342763942145036,0.007081949754828041,0.007600980171841697,0.00708552588868977,0.00551803473641773,0.007750696681687035,0.007485043140301652,0.007485437530336778,0.005532438329159938,0.005928520575441704,0.006566511739040047,0.008703883768549733,0.010129946023271235,0.006440161041229882,0.011125426350942071,0.0037955820151467754,0.006077268747238721,0.010242213290845674,0.007055411205162678,0.0074157963464069445,0.013131183933994879,5.3938075504995024e-30,0.009914523427888516,0.007139586959565799,0.007487470709167409,0.007760227079544889,0.006816867804176986,0.006011099788217604,0.007607242284718557,0.005941539709870283,0.006995646638083368,0.005534156105964514,0.007328228031956384,0.003978882883191724,0.007257536507845232,0.011720123338480519,0.0058590864152810755,0.007763233642436325,0.003223730541479036,0.0076379240000109755,0.008674635943398113,0.006726559115623179,0.006850199678145539,0.005620213643732936,0.006744032701414238,0.009141233589506054,0.00818175017586287,0.01388815792668581,0.007064335482061947,0.006568037826530168,0.0061768027392262205,0.0074763861350110455,0.006984471949258768,0.007554505486680405,0.0074021345244049165,0.010127525865442003,0.008365942432495558,0.007113915113065491,0.005975396595877784,0.014507785473989157,0.006352245148067337,0.013043399293764774,0.0073845678558116055,0.00615454866640908,0.005986533837992633,0.006782424484727295,0.009285895388036388,0.006347438666375176,0.006822247389468055,0.006581957885441678,0.005809173451237118,0.005716205500167639,0.008788307550489462,0.006720507803197644,0.006894583086585394,0.005799254102938543,0.007052767251480423,0.007337313058493232,0.005825128218869527,0.009275694962780055,0.006557878564243944,0.0066691524310537546,0.00796080506004939,0.010157811706760903,0.012198775927783442,0.006603840296739846,0.010250602284618212,0.00741944064773716,0.006798190618989104,0.0025412158512643974,0.007758229004893848,0.007748728445485048,0.00711820014018962,0.009110364182163575,0.006249622109565589,0.0067838564040320695,0.006480907647790471,0.006927383849327458,0.007789364359506213,0.006859032841898574,0.00694249466706829,0.008553616655296956,-0.0001596720276913796,0.004765333412848011,0.007126089794888961,0.007138113293366144,0.007586973097154358,0.00730660582853291,0.008906027354055174,0.006077543133066429,0.005607553258242291,0.007509671851825971,0.009077872702250156,0.016714114891973737,0.007437827612134669,0.007025556098597174,0.00840012880164321,0.007016445798146248,0.008197440233328251,0.005724013925582623,0.008158728753370079,0.006943406829012287,0.005780451817182562,0.007432568293522589,0.012637474041150582,0.00953263739900919,0.008529183825929255,0.006158447038968461,0.0065449011767703055,0.006418623496940391,0.004675269955749819
max_user_avg_home,0.04547282220736645,0.04487153992713869,0.045604903351468766,0.04560136526484603,0.043252895970153055,0.04557620201793843,0.04378739371460717,0.044432459824411144,0.04515892438471926,0.04584172060922239,0.04534460897073894,0.04213149862938444,0.04565153028383534,0.043319192209058555,0.04890667809104134,0.04550706381041941,0.0427407046771834,0.04858818661196941,0.041404108301819835,0.04421015342387688,0.04538588911832889,0.045103480879718647,0.044639299962101656,0.045041962276805125,0.04539466096696684,0.04566627315151535,0.04258666236400539,0.044595729033030634,0.04446876301350903,0.04552676439340855,0.0442482953499989,0.04571135515862669,0.045962490277394706,0.04445354308430645,0.045520782546347685,0.04605174846893963,0.04263278659254409,0.046384184521419694,0.037555177856633454,0.045301673286393236,0.045046356241201964,0.043508869919016736,0.04505787246804614,0.03904497007587528,0.04391053230785011,0.044060537454950546,0.04449125175228656,0.04597152930710399,0.04445536087709807,0.04581152501106997,0.045443740547529546,0.04522142805199271,0.044621343468979134,0.048339563533501655,0.044860399419573885,0.046779670666951295,0.03251876421855382,0.0467855043704878,0.04494210630250466,0.043664940903889546,0.045284039877440875,0.045373303522772565,0.045433009218578735,0.04477291624415156,0.0403975341457007,0.044914311760867714,0.044306875980872046,0.04653593777669777,0.046355252375029965,0.045130056509738885,0.04524466852427304,0.04548886392832841,0.04527056590771762,0.04514216978095591,0.045568942515387706,0.04451383101475141,0.04059041504981263,0.04449236086271577,0.045382807049140196,0.04439408857007107,0.047443894298672545,0.045632880315808894,0.045661533221616105,0.04499942569794648,0.04435688458263596,0.049843579324510875,0.046144199058555976,0.04791851645771549,0.04574841425538646,0.045746145228407795,0.044194814230947094,0.04049488320133919,0.039570198140711596,0.03936775000534677,0.04639181766066113,0.04519824582278746,0.043925719733629215,0.045114088524650944,0.0460743122947394,0.04524771920507242,0.03786169025579123,0.04461274628180954,0.04619406004172677,0.04519603865110515,0.04580358521607161,0.04176905010807637,0.04472867798403547,0.04707219283654763,0.037003674080529736,0.04357944653598189,0.041539514652305404,0.04353915479026023,0.045146417793946056,0.044784301618264535,0.04060306343048699,0.04040019425822112,0.04458008798082014,0.044018221509006084,0.044577280903702596,0.042148939751902335,0.04528866214795568,0.04552855974269002,0.04551606594395549,0.04705179419683022,0.04449526905036273,0.04527002735910825,0.044914835983788884,0.045458574163138026,0.04630452534911664,0.04567215202534229,0.04564052662169881,0.04739659150746088,0.04520809530242126,0.04071762859567192,0.04061460601407138,0.04294869742694918,0.045119132721058886,0.04410426122276924,0.0427385049708215,0.04383244922589473,0.04486895570820734,0.04598910366745537,0.044625003664274424,0.0482119952103241,0.04666578270460888,0.04892927848944589,0.039948511376007995,0.04197093169984073,0.045910181152892186,0.0450066835605365,0.044971021910860214,0.04298276737505415
average_user_avg_conjunction,0.02150695485841021,0.021033906156456117,0.020526318783043795,0.021879083597870587,0.021574914013477164,0.014746680043957482,0.02677335080808399,0.014703860370779639,0.02224726174919894,0.02066343790088731,0.016663045419601993,0.021125174045369795,0.020612427088981224,0.016302172188923714,0.020827989035185072,0.02127360179372233,0.019690920910729992,0.014117514854297294,0.02168977690172575,0.02185562499981907,0.020482626105089222,0.021037772899494437,0.022420595634429268,0.02051802068330801,0.021667220919302087,0.019185332232716505,0.02232858331816082,0.02129680598763785,0.01816473435507908,0.024135453537328596,0.01804437784618394,0.021322305179974407,0.013680048502032388,0.02193100866572017,0.02142141834298273,0.017686397959674204,0.018691867960713718,0.034203332481338306,0.015562327813443192,0.0208123577696394,0.01993752913802106,0.023136837427740597,0.021881280134223306,0.017948799598848757,0.02086199207244273,0.008644161825582423,0.021152295076669395,0.020690256797654013,0.018131752641961103,0.020236108714387784,0.023324444198402124,0.02128952775409587,0.02246699234860574,0.021192243315018046,0.021043902234192367,0.01817484130036235,0.023687517218484663,0.0212447323416288,0.02152321750649599,0.020092525430099123,0.02151801975795262,0.027012676721035765,0.02129737375796374,0.02133812357035023,0.02703414651968885,0.02132538046219475,0.022615819919283492,0.022701127381464528,0.02498533623163443,0.021655245589910416,0.020330195227620095,0.020513094896678984,0.019574996024557843,0.02305975255360037,0.022389315448462344,0.02089615890213372,0.022047902728259235,0.021769672364788363,0.02291216571706638,0.01473296978156037,0.022877610298072486,0.020980004005551174,0.02572168305088093,0.021490699437920313,0.021895814795712547,0.02237379381458649,0.021038323846189904,0.025929680865145563,0.02238342653737962,0.020388808833960517,0.017998933587686644,0.02118860398416652,0.02053099316421832,0.024042644982690438,0.018481055111747267,0.021226209792029556,0.015080557895505813,0.02130056009013011,0.02024461345089192,0.021901152624831017,0.023789571965123175,0.020452466227151547,0.02234886765538318,0.019922082065993593,0.019771501275116475,0.020919017885724325,0.021754266931109625,0.015981028196589878,0.02562327244534627,0.025059214202017652,0.01803605871437548,0.016414973818322468,0.020286832905011022,0.02222864850911631,0.019880189482612103,0.025313584936362023,0.020971954466746063,0.021195823624543617,0.020305227218275827,0.02243702855109264,0.021201145048423554,0.02124369861977313,0.018866521902664184,0.017875610877350633,0.02229019640292352,0.020655947861074483,0.021432773373409368,0.020500798292317306,0.020919495574247167,0.018100844039782786,0.02117798963002392,0.01804856498454512,0.021136000062091268,0.01805976608135561,0.022701082800754398,0.027509895634711557,0.021411440297551147,0.01887173604376745,0.020505323903541324,0.02080016840496144,0.021657778077629627,0.018253903591083007,0.021738723682296048,0.01853479756280018,0.021639361951141262,0.02142799537960826,0.018673093224265584,0.018472741074516116,0.02968029302562119,0.020412951896728357,0.02244542442419388,0.02702749920602953
stdev_user_avg_conjunction,0.03992205187723319,0.040068257266339606,0.03904421643408844,0.04028267527162657,0.0312281237933935,0.027659519186959185,0.03772411647570448,0.039603790251393614,0.039014494223087504,0.040846062509496656,0.039086352925932974,0.03736030517345698,0.0387974749485456,0.031008293809753278,0.043006134629169065,0.03988202587984591,0.043171185877906956,0.041003357175393954,0.035884666856103864,0.039842793725765546,0.039282242023176386,0.039219261843132104,0.04241042928901067,0.040346294698525895,0.03954148284629157,0.04025447237480369,0.04052677340953007,0.0401258932682033,0.044500560478313606,0.04116026221465869,0.03575300518795993,0.040778963331637996,0.040787691933066736,0.033440967087706094,0.039896027343002315,0.04274750011349336,0.04425990108987919,0.056658684464045324,0.0506360514084465,0.03652642567085935,0.04292795216236271,0.04066106889275475,0.04023871029385662,0.03776783193801058,0.04009103101947413,0.041302444597546166,0.03919545265345965,0.03885944599938529,0.03860658705691269,0.03822964392624691,0.040011459904698225,0.04006926696649739,0.0409504421703364,0.0344553581882044,0.041614695346418935,0.04155321813909982,0.04082873756065518,0.03982033662548403,0.03947615841595527,0.038809767865339885,0.04064100146822182,0.03939973569060857,0.0399907117861786,0.04013224673511314,0.033058734507549654,0.0406778555191484,0.038427393004359454,0.0395113287706776,0.043944777267265034,0.03982006896805398,0.03910059901680118,0.040749191363757674,0.03868307467744045,0.03867076339423363,0.04000166962541732,0.04185392133555806,0.04384718821894202,0.03984666221343618,0.03965940476820007,0.03245335103232015,0.03653345217157391,0.0390605485303189,0.0388911344519332,0.039459689356253054,0.03975114937228162,0.04670433737231911,0.04077639859682522,0.0452221716759101,0.03999291165364392,0.03985466347579563,0.038266363957455855,0.029888639331451132,0.0463783999162058,0.04396525112800383,0.03978738954108276,0.04018795302045176,0.04230831700800614,0.039926653737223844,0.04110272281058666,0.0418184950933145,0.03939883760734431,0.03919057137747619,0.031954753421782986,0.040550999946719735,0.04128976245328423,0.036754191199141834,0.040124330581088455,0.04021060764042317,0.022829102669180992,0.04279312223612623,0.035524363757422996,0.024552615893201967,0.039499557848027084,0.03981916002571659,0.03967557214051824,0.02677196440082686,0.03912135368489644,0.03953923817535722,0.043414368168887725,0.03911735567626774,0.040515409140978446,0.040159171129007576,0.037581213151419525,0.03645766349358202,0.04052986167513816,0.03888624974469988,0.03965803782707037,0.03964040273878228,0.03508888736010113,0.03927866088563564,0.04044656051486699,0.04215088190047141,0.03941580307634322,0.03962617504384722,0.03294809200425905,0.03928318347170619,0.04020534375272938,0.038899938678569626,0.04010851382154865,0.04063870324053538,0.039376779793977315,0.03861841608036061,0.03991664581894462,0.04519718366586242,0.038134858447872295,0.04251069160166476,0.03185192429283531,0.040211562392618874,0.042355849389929215,0.039418575624848885,0.03931332151183205,0.03356194047115013
min_user_avg_conjunction,-0.020536776318596593,-0.020415508810424234,-0.021346137234575985,-0.021375065323783457,-0.017694131974411338,-0.017377672324626513,-0.01742419873237198,-0.026296238909448363,-0.01908103428869619,-0.021387770448614226,-0.019231196687883034,-0.01885203565593232,-0.02045265673403905,-0.02663277204557247,-0.022870810034264947,-0.020423412216529525,-0.02262079918647649,-0.01715123565961618,-0.01355270357288727,-0.020886187942340928,-0.0214641074727074,-0.021653324622367166,-0.022893836038020005,-0.02043638727421334,-0.02015105488904064,-0.02240615430759758,-0.0246192238554977,-0.020397262032994277,-0.02897917166024213,-0.0232814099898566,-0.02572371790309072,-0.02081991998186518,-0.029441224343616124,-0.02237161649764346,-0.020364341569895125,-0.032420667273544125,-0.025770470191364806,-0.014961718489470246,-0.02880213636032921,-0.02087377802591557,-0.02200259621407656,-0.01446027308903044,-0.01979330112179052,-0.01677936906719437,-0.021518201565009238,-0.030882154396062553,-0.020663490671704372,-0.02015592960384113,-0.02157007949142505,-0.02133955330661932,-0.018077462253910402,-0.020902996025243425,-0.021561205125910275,-0.021269091978374358,-0.020181460833929764,-0.020099348551986064,-0.016774605902575665,-0.018074890218976965,-0.019478885446856227,-0.015598941893520893,-0.022989278495895916,-0.016617140092488034,-0.02115323376979953,-0.02059273654807313,-0.013372295520698784,-0.021576512490812355,-0.019954929384981248,-0.021227853585383417,-0.017905090918052678,-0.020802849222567164,-0.01996436261741515,-0.020989119310461823,-0.020816287017334595,-0.02141993582827678,-0.02126703944233691,-0.02305275082260827,-0.02657196239211065,-0.019058398321062285,-0.020902837851352468,-0.01609679840885283,-0.022351997264029224,-0.020693025506083665,-0.020225059142896056,-0.02136578929306195,-0.019622987582879965,-0.015718647285814027,-0.02256122988024773,-0.01716695416035759,-0.021820975406757374,-0.019548575695155015,-0.021995490883721824,-0.008832557461632954,-0.021491214422598996,-0.021897845409462935,-0.024281023737764924,-0.020875876748779776,-0.02053574564153837,-0.02067091189376467,-0.022402192064885633,-0.021978379494066107,-0.021415042640285393,-0.02125149375316867,-0.015128335018295308,-0.02092185442687298,-0.0222233810073911,-0.024208078970624197,-0.021181591647176208,-0.024579384075510267,-0.011888859212715076,-0.02245756816094224,-0.016263334871702312,-0.020897432629760408,-0.020898895073062265,-0.02071338896703389,-0.01880781130082298,-0.01719739595852171,-0.020050644152640608,-0.020735389654438906,-0.01929155759557763,-0.019119110391077297,-0.02105329919193127,-0.021001507239156007,-0.024334805035799895,-0.020591248772348934,-0.019578366551706798,-0.02056823978187701,-0.020359377665243844,-0.020622422810047787,-0.01155288829569839,-0.024643067805831323,-0.02126757822339341,-0.022868457180310386,-0.019734128929591754,-0.021807167023500575,-0.0316896035270526,-0.019597750477095163,-0.020810068637574564,-0.020346987263638674,-0.024009670269624694,-0.021804450757185314,-0.021270667257960212,-0.016685864241415844,-0.019649529937691673,-0.020464226128905805,-0.019365529274589496,-0.028698329865775262,-0.020958842577236923,-0.02277056171419218,-0.010355201639037736,-0.021059789603553182,-0.0197176282681102,-0.003014685841313588
max_user_avg_conjunction,0.029521459457618436,0.029649958793925197,0.02871573868971609,0.029822737155627523,0.024488349746714204,0.020849566763905147,0.02822475392737917,0.025629325783357974,0.0291508423553114,0.02915210299986642,0.03187233252462218,0.026987347974086206,0.02804792898204781,0.01987934301363149,0.031390010459923075,0.029620727506360783,0.032634955845704236,0.026225264144809822,0.027231542615412142,0.029549932075789896,0.028597257298078216,0.02918453647179695,0.03007748646370925,0.02973595488294594,0.02931707142025644,0.02846893462119516,0.029215440711360435,0.02936330949559839,0.030695797108655644,0.031738052634316866,0.025953178831101188,0.029716887539974566,0.026240526975243723,0.024761944987050994,0.029784010388888338,0.02791437241644444,0.03158841049339772,0.04520025954575331,0.03376089671251357,0.026776386476602153,0.030553807546223017,0.0326504874331235,0.029928402320291828,0.02647424537490798,0.029492415347278804,0.02790753977494259,0.029031007074772765,0.028507294455698953,0.028403500373710918,0.02722380912510517,0.030432610876018007,0.029441386988861368,0.03035091201917226,0.02423184469114195,0.031008674586355093,0.029965372216299295,0.03192041432119653,0.029461555199086324,0.02903728008314954,0.02887771162287851,0.03029982842625946,0.0305349629787227,0.029396281906157184,0.02957468662156107,0.029593392875408076,0.029799632583656283,0.028793099949806052,0.029773409921359118,0.0344542655476979,0.029442776342483677,0.0289459191853479,0.02971505854683459,0.0282164266258452,0.029058570363138636,0.02935681131030733,0.03043503455070033,0.030873031936418972,0.029939342742851184,0.029648126303346452,0.02538337142930672,0.02631791988244984,0.028626827441453787,0.02924271700987759,0.0289200148687624,0.029668541766853733,0.036330745344506685,0.029676379773234333,0.03448118428338813,0.0290662903012518,0.029562301441791294,0.027016436773345545,0.026054863292572446,0.03322563102641308,0.03356865816187244,0.027798580891430374,0.029474512978586623,0.028589570580842643,0.029369552627918197,0.029531665107286706,0.030437773466819355,0.029254209379817958,0.028635905058671633,0.02531526201702674,0.0294661735638094,0.029927237122740195,0.02476167582780422,0.030040520884746562,0.027878968340617184,0.020432818363100905,0.03365042699399515,0.025087758826123307,0.018170286283549844,0.028698889088001195,0.02967972992492085,0.029794247238102096,0.021649293965965568,0.02897578024668748,0.02913062398055401,0.031781238645025064,0.02930475564604718,0.02961283303210377,0.029438075580484276,0.026450586692419693,0.025878518745016225,0.03031855318726587,0.02841316119831039,0.029277194904311955,0.028874433725604092,0.026390669884723387,0.02739239918898271,0.02965013823428309,0.029212165712551173,0.02908453572426657,0.027874176618660144,0.024698894911799482,0.029978885105681426,0.02957590359005879,0.02795924406277116,0.02815470398939391,0.02976771273875467,0.028725628230452625,0.02962192383200015,0.02966567878295686,0.03185920472950225,0.028704688404780007,0.029627581305796534,0.021129878935638998,0.02907760195079325,0.03460576412117845,0.02907400777919125,0.029338532053944412,0.027859914544469015
average_user_avg_certainty,-0.013022966889345637,-0.014187908282157023,-0.013195659800408845,-0.013133677650440705,-0.018491426722577736,-0.015711507460717644,-0.012151628005866763,-0.014224829022085802,-0.013825857371294294,-0.01626413885009211,-0.012712027231717722,-0.01218081229896379,-0.012649732198727538,-0.003122908078420231,-0.013892804370193924,-0.01293527914435756,-0.014801675501716944,-0.010369809040397322,-0.016296062364223145,-0.014378116377673946,-0.013125097877303248,-0.01306774146364156,-0.013164086146059798,-0.01325307569488963,-0.013025899583020074,-0.010997492687140554,-0.00932413947259267,-0.01455627121271642,-0.012642034829806414,-0.010751672080893582,-0.02866599405416156,-0.013493125449977942,-0.015009127497370578,-0.012868481083471031,-0.013045234280014351,-0.008099268538829052,-0.013393530048168865,-0.010642072972923222,-0.008915705837341104,-0.009244260618472503,-0.01434983145918011,-0.01851548122098831,-0.012716198617332846,-0.016989097136660955,-0.01192712609065465,-0.013215740120309107,-0.013793278703931443,-0.013196116108793999,-0.012098500334527067,-0.009508510066751654,-0.01289556545596967,-0.013119556552996112,-0.011800366851626729,-0.014340009343915668,-0.015561056178177777,-0.013954195421908663,-0.010500559876529853,-0.010124184729831284,-0.012248983750924923,-0.013030424718054637,-0.014226904045626093,-0.011940504260629715,-0.012990745305540119,-0.01351111365365961,-0.015848974761150915,-0.013694680524668067,-0.012405660808890977,-0.013326771050356859,-0.031112119832364095,-0.013184041536240351,-0.012276001474793002,-0.013499225288928586,-0.012867036629492047,-0.011737437661166413,-0.013668847322962856,-0.013488700068629341,-0.013086823880606223,-0.014592316005143182,-0.012774645080409989,-0.02206984749788173,-0.019892658999108727,-0.012329276088803834,-0.015304829311991841,-0.013263446634796698,-0.01353134934077548,-0.01583339949147526,-0.014050334669058546,-0.012148654923458225,-0.01300988992344296,-0.013227693214331399,-0.010099644230098428,-0.016454129959898277,-0.012388444727289116,-0.014982822210662222,-0.01276393523940864,-0.013058521008327044,-0.010696889262709255,-0.012990694416455508,-0.01371159236089683,-0.012141547185197717,-0.011696744930883608,-0.013072514266841672,-0.01564344042843792,-0.013430818007293854,-0.013764322932278987,-0.012040761511387282,-0.014322172854544365,-0.015206521323907615,-0.006847596420620905,-0.022090704489737347,-0.013586658119281994,-0.01379427925505825,-0.013501252822341978,-0.013840291171341673,-0.01366623545928388,-0.0090851953165191,-0.014304919206935609,-0.013068841480111977,-0.01469316451568183,-0.013709349227031035,-0.01293686791524278,-0.013045386143234427,-0.015598395712327115,-0.008489906991215965,-0.011484735069854196,-0.012973640145976175,-0.013535117017254279,-0.013102816404117822,-0.008128857993062292,-0.014496157826812784,-0.01376503886250286,-0.011855729099018397,-0.01323480073750467,-0.012168561743184605,-0.01764038767336985,-0.013814459418663064,-0.013038132861214306,-0.013758750851583875,-0.009997103728899004,-0.013683412491153825,-0.01323360071003882,-0.01569073590243209,-0.01443970260850391,-0.015251273824919375,-0.01404976038513508,-0.015036788828074035,-0.008739041085534749,-0.009157259693516695,-0.020307413900405705,-0.01247815078556562,-0.01295654494038443,-0.01569474172922289
stdev_user_avg_certainty,-0.0304156149132465,-0.030714827546647182,-0.030710377477941614,-0.030417533860925407,-0.027589319991042895,-0.02809660070444111,-0.02431059057632997,-0.032964588496208244,-0.03303029990235369,-0.029008513780300973,-0.029789272922700654,-0.028231785059857604,-0.030445877231430246,-0.02685685891321732,-0.03261779204130021,-0.03159058227713443,-0.0320895946631522,-0.030114474069409772,-0.03590174150146318,-0.030081998518394416,-0.030457810103059587,-0.028261142112358417,-0.029023093511235155,-0.02966649326678027,-0.03035906971392048,-0.02823836741367876,-0.028036984369964973,-0.03127154393615572,-0.029118830139890174,-0.023592982932972933,-0.025005224523158055,-0.03073597620832947,-0.03387263391709183,-0.02633766912632195,-0.030937098292351996,-0.026423783642616876,-0.037298066487620976,-0.034612790665263654,-0.02974736021929792,-0.02969966700934122,-0.030519784575259935,-0.03378194124198988,-0.030149013336329532,-0.038801538265127375,-0.02950400769792227,-0.032005862382818946,-0.03046113239479648,-0.030061381582677103,-0.026070347568280906,-0.030938649085601684,-0.029228741794959053,-0.030359421644682284,-0.027960635403501216,-0.03330394026434466,-0.03009491473359622,-0.033925142381364994,-0.029472259834488215,-0.02987871222112558,-0.028488555025422954,-0.027448538118078302,-0.028976172774233352,-0.027313623112509365,-0.030318270328610803,-0.03066942845547517,-0.03373745073966716,-0.03055352383428672,-0.02874646992207195,-0.02815005135902019,-0.04342346107753734,-0.030113980882237372,-0.029017049965746184,-0.030468261914240888,-0.03073479634186036,-0.03016356427246559,-0.030551835480290737,-0.031210959827312014,-0.035995202801117024,-0.02978275988099339,-0.030203643325492833,-0.034812863513581024,-0.030538632491868868,-0.029639979379828783,-0.028776732273214055,-0.029842757568609275,-0.029521927680696138,-0.037781919520115684,-0.03140209608558857,-0.03110156223953086,-0.030727373653845987,-0.028343001294469077,-0.031312301531107326,-0.02780718172009007,-0.028335649937792785,-0.03041513708846992,-0.031836849536938994,-0.03043350862775444,-0.030982971347031322,-0.030216389919270423,-0.030818235504881716,-0.031027517351473688,-0.02632764758980339,-0.030445857907177482,-0.030514841665501252,-0.032621429473766644,-0.031418902633814624,-0.02427620765113861,-0.030016776450941023,-0.03424880944820056,-0.02211111890492926,-0.03450250931151217,-0.027402920884170175,-0.029170797183755252,-0.030767874915271297,-0.030097659213308137,-0.03089253706325374,-0.02346575064824777,-0.029940563642784922,-0.030966437408951573,-0.0314910261514675,-0.0283189599107112,-0.03059293711567447,-0.030325750885588247,-0.029992045290237815,-0.02879524014306046,-0.031660989007659915,-0.030546651737810605,-0.030405831218758773,-0.03032721993697679,-0.03036836909320525,-0.031101894898831448,-0.03149272297784078,-0.0315713147365155,-0.030044878626724662,-0.029662859380492963,-0.02937775694145069,-0.029419154386069735,-0.030321407112865188,-0.03011721217581039,-0.028366596343454585,-0.029707571288642817,-0.030195693301189257,-0.030537113159932842,-0.031119204818380382,-0.028892752214314546,-0.030486920835860784,-0.031546964953043766,-0.026653051113452328,-0.028483152723222237,-0.03320711465510556,-0.03063717400333236,-0.029237742022825686,-0.03192036386786174
min_user_avg_certainty,-0.05752153534010194,-0.058305427956250114,-0.057556256243643925,-0.05803478095426411,-0.05738863253962739,-0.05873163006601141,-0.05822695123586839,-0.05617976992317576,-0.05560957617357861,-0.06793706894852163,-0.06063393965933259,-0.054578633045316044,-0.05757237924810489,-0.052522304461630635,-0.05802309402707034,-0.05294421659102707,-0.059513625463493716,-0.05153052982221286,-0.0561474878346675,-0.05734370295699267,-0.057984777297753344,-0.05796789301559434,-0.05816115844778468,-0.057571821089482875,-0.057750280853323614,-0.056144468764039966,-0.05993818044869961,-0.057577775818343085,-0.05795169370763212,-0.05800125442358971,-0.05252368478142465,-0.05824933975347444,-0.05840475524675481,-0.059532010437615,-0.05762862855806501,-0.057591889035265256,-0.046227830544212326,-0.0547763514735323,-0.05364856616544805,-0.058092014941107405,-0.05842931577866821,-0.05467056230462775,-0.057820078328982054,-0.0529880636113453,-0.056584323190137835,-0.05316759354228501,-0.05715239841158441,-0.05758897509668605,-0.062337101435641556,-0.05455959059190921,-0.05387718343239051,-0.05781676996747645,-0.058391045457435904,-0.05778670777987742,-0.0592740554340202,-0.05529708513211111,-0.05500106545743987,-0.056354224162045635,-0.05765462350120178,-0.05885731989070417,-0.05940412943893901,-0.05720450232885929,-0.058003372219860815,-0.05784697962216381,-0.060382772413535,-0.05803778325132712,-0.057243165916739135,-0.059423315106292306,-0.057945422659311664,-0.05813820416367458,-0.058707362254129654,-0.05908273311528043,-0.05747995480266381,-0.056948820660027,-0.05818383365728995,-0.057216971178729814,-0.03230741760064243,-0.058559594022714156,-0.05705841568701565,-0.062063019770998776,-0.05586224778195077,-0.05796836591323495,-0.05930804953283505,-0.0583131800597357,-0.05831736145147142,-0.056511643258065083,-0.05771521487905012,-0.05428345588429848,-0.05608262322244361,-0.059183267606955775,-0.056913308336953315,-0.05660449035375623,-0.060312018102234466,-0.05725672795805167,-0.059461766628708675,-0.05795632510878209,-0.054041418140492896,-0.05784888593434272,-0.05830837119544536,-0.0529043830546938,-0.056615491587945724,-0.05824569278544128,-0.05974028179205919,-0.057476567015419054,-0.058297030716229395,-0.05511734253109399,-0.058148770806205896,-0.0599421236387242,-0.05763593703895234,-0.05804805150488289,-0.05645351417174287,-0.05781313765062359,-0.05783443279272621,-0.05721923856975938,-0.05498271164190727,-0.05917319076239956,-0.05735786815946151,-0.05775565030747267,-0.05660837211445887,-0.05753525778763689,-0.05764922780823556,-0.057602742384106606,-0.057531256129804594,-0.05714749678254626,-0.05697948938546342,-0.05744791578064287,-0.05751612504913116,-0.058013487019614465,-0.047197377002424844,-0.05734458817057202,-0.05770267109644715,-0.05324903140533475,-0.0582256967791236,-0.05680948635515977,-0.060359182389763316,-0.05897011063836695,-0.05790375344544849,-0.05918222743824307,-0.056891147373005636,-0.05827144265195029,-0.05781925749166923,-0.05537834243150182,-0.05694131113531136,-0.057278341114552704,-0.05750236031314299,-0.060446871616893535,-0.06290545399339634,-0.058618694482608424,-0.05496419731806586,-0.05830332435832811,-0.05821153232718871,-0.05304873018822406
max_user_avg_certainty,-0.03309169935294133,-0.03357524783629072,-0.033426293185160924,-0.033209734793207255,-0.031651648964083706,-0.03131305714491629,-0.028160326911000684,-0.03551415084836848,-0.0357963853261482,-0.03345169984778139,-0.03310276611094691,-0.03086476069243511,-0.033096068933668704,-0.02760418305186204,-0.035173605234205846,-0.03365557821285767,-0.034542401103502304,-0.031938070405420654,-0.038342155673147166,-0.03316971059946836,-0.0331923533768663,-0.03141919110333448,-0.031797770012340264,-0.03254667366795684,-0.03314009210787768,-0.031209042828013355,-0.03113865191642034,-0.03387747572444415,-0.03222885916017121,-0.026977045999354292,-0.03179557810878438,-0.03383508754585976,-0.0361780489050977,-0.029934731000903617,-0.03359072498771114,-0.029383929771693892,-0.03725870936163357,-0.03625090427724251,-0.03230818880864272,-0.03182977663981185,-0.03359156491341706,-0.03663989942619138,-0.03295543900819736,-0.039666711376737274,-0.03213985728583253,-0.034987187709019284,-0.033355945689995455,-0.0329120352251825,-0.029473310371404063,-0.032482912293171996,-0.03175534961115338,-0.03314423603546237,-0.03101165490739755,-0.03537409916595377,-0.0333884410186954,-0.036074662181309655,-0.03225155720825903,-0.032012803031328155,-0.031545230099045724,-0.030730259941292106,-0.03218313217607142,-0.030148045114333923,-0.03311123953490182,-0.03347749803988072,-0.03673026196447387,-0.033377571818846236,-0.03132497296762508,-0.03156838408287972,-0.044827254897171896,-0.032962981427737056,-0.03207643441217627,-0.03360521245957177,-0.03346642770617157,-0.03247846667756815,-0.033371484710231325,-0.0339518840532481,-0.03584519692310472,-0.03287837136085484,-0.03305019324583757,-0.03901997588566515,-0.03378260205997102,-0.03255468719521434,-0.03192779801497645,-0.03277289119276004,-0.03256073555392955,-0.03949867682720923,-0.03413078182128035,-0.033168483335984156,-0.03327394619504113,-0.03166445459981748,-0.03344731706811163,-0.03182144820322953,-0.03166430265939791,-0.03311568389253911,-0.03450210633609905,-0.03320317875354954,-0.03301740479241415,-0.033009984812989376,-0.03359990718514015,-0.03312989284922298,-0.029291026310515306,-0.03324469927079769,-0.033193611392084044,-0.03512479979818707,-0.03398273713970455,-0.027838634353853302,-0.03307384315908534,-0.03719493442854855,-0.024834327139018064,-0.03785219319848272,-0.030715132209940404,-0.03211642881328067,-0.03351446367805276,-0.03291595336218378,-0.033660159322387626,-0.026781106988023884,-0.03288121108102797,-0.03359741703023593,-0.03395597525390061,-0.031549057623521407,-0.03327947809300523,-0.03307193789307613,-0.03331157056480262,-0.031510321358915565,-0.03375355839089262,-0.03335330752138714,-0.0331785134106167,-0.0331896112264047,-0.03144525162089611,-0.03383376735739458,-0.034223358218015226,-0.033702458169733454,-0.03294282466596422,-0.03210372205047197,-0.033374415790918405,-0.032162004534058555,-0.03311416940858466,-0.032951495710404746,-0.031067925989930866,-0.032679884384210524,-0.032894264752308104,-0.033401863527795235,-0.03384765497866646,-0.03195254629762734,-0.033167268217660154,-0.03427360638120367,-0.029020117406785326,-0.03130481051934989,-0.0360615728131448,-0.033462869088034974,-0.03237842908286126,-0.034325303842503034
average_user_avg_inclusive,-0.019524933051262617,-0.019603350001849876,-0.019884447422560184,-0.019744082755473066,-0.01696811017919315,-0.022864155462946477,-0.022420495687361347,-0.0186385802502308,-0.0206233041567098,-0.019551126431971523,-0.017490102410631307,-0.02159094033000646,-0.019831010009001226,-0.018377641364738857,-0.017871157020117434,-0.019878481971250583,-0.020550411575354255,-0.010193797574037405,-0.01754157673597085,-0.019129685364418413,-0.019533371121775292,-0.018027240651440582,-0.019659813541162408,-0.019621933239834383,-0.019395925608957386,-0.0225944445799239,-0.021479858067662963,-0.01865549480607602,-0.01816209951083823,-0.019789590638108166,-0.021712925363391828,-0.019819523934928248,-0.009916622328074994,-0.022804762576023173,-0.02000069547001101,-0.02008984113624288,-0.021379890396827216,-0.016220636150316756,-0.01918289434791538,-0.017926350470117144,-0.021449182880837504,-0.01802468064520549,-0.019319927489349246,-0.015956725037606173,-0.018069773114709833,-0.022626244765583413,-0.018494674397812636,-0.019697587946938724,-0.019564334070541547,-0.01831240563075164,-0.019774894868201803,-0.01951951533784072,-0.019418132357769246,-0.016904069840722666,-0.021914529860590927,-0.018539078738447994,-0.017168623792057743,-0.022104065714909697,-0.021350501340695032,-0.02239526662864138,-0.0183201471543948,-0.016813820441960992,-0.01965643304058448,-0.019613796472937692,-0.02782745266513904,-0.018754859438137452,-0.0204678070775183,-0.018646042529936985,-0.018222067305783646,-0.019429990627547064,-0.01987855480428752,-0.02077437295880945,-0.019171922095575854,-0.01986760957256561,-0.019884928583912095,-0.019022529865126515,-0.01539531882472428,-0.021516830771263273,-0.0167673195513555,-0.023422178169741306,-0.02268164287618025,-0.02064682951283866,-0.01992604072950317,-0.01990442620912544,-0.019145244470208427,-0.019056005071719923,-0.01936835467155462,-0.020347047737664,-0.019269130039680282,-0.019561328931102802,-0.01926958880885283,-0.01907276021425872,-0.021559639679660732,-0.016639743679989695,-0.021092401345118097,-0.019410301338723086,-0.027644436231742207,-0.019525865416037756,-0.019844011519196507,-0.019246494230411058,-0.02233585010980068,-0.020124547218968055,-0.018365329794874794,-0.019137996693302062,-0.018901254849765174,-0.02088645482164962,-0.019521350840051174,-0.019043895945293522,-0.019683606642664282,-0.017602652092069796,-0.027956308108973187,-0.01801447332965907,-0.01953827597313591,-0.01865017833773061,-0.01902254381141256,-0.02076769170041238,-0.019065213190089532,-0.018891145095822716,-0.019498996143553556,-0.020515072433122616,-0.01950938298235328,-0.019542160018535225,-0.019371736349473964,-0.021717644942382083,-0.01983962583627996,-0.019976387706534433,-0.019537531984270304,-0.01931323327815444,-0.021384547412410027,-0.020187883543322495,-0.019716073235759038,-0.02023576627380761,-0.019786983408696203,-0.01813624425677092,-0.014771852179628214,-0.015217846296958472,-0.019555506333644022,-0.02021425433515934,-0.019057183754201047,-0.020836022325361574,-0.01945488771969947,-0.022106631199524773,-0.019068939251411957,-0.016984844900240437,-0.01897307898078036,-0.012065987669346186,-0.01290159672940207,-0.017186087106059858,-0.013635912840687776,-0.01967475764891052,-0.018901693020531667,-0.0086470396845342
stdev_user_avg_inclusive,0.0013646261409701703,0.000984134529122327,-0.00048713620489126627,0.0005082629872569522,0.004092297868080335,0.0066566466654480305,0.003803387316553903,0.001718028070491262,0.0011979546652073347,0.003905438436819113,0.0006887909496354153,0.0007083631965241234,0.00237918601034599,0.00169136985794284,0.001935582068389001,0.0012910195834351552,0.0017041702232176853,0.01936713644757021,-0.0009562652440513707,6.98829430334641e-05,0.0014203033938369955,0.0015831685494540892,-0.0005661040072799731,0.0016692157505618851,0.0011265154681301855,0.005936950266034718,0.0025604928593846443,9.471373953270218e-05,0.0019578676558785098,-0.0015318872959674441,0.0030152373896224632,0.00020610794604812577,0.008399728701545924,0.003952430353318069,-0.0005224678008605987,0.0019109865091142299,-0.003405623972481314,-0.0039646991789569815,0.005679227536006942,0.00234816433098654,-0.0017759201016472048,0.005555932316809245,0.0008674466597551229,0.004915624698206094,0.004804044549279931,0.0018496233679178471,0.0010791358319761878,0.0013376120201817505,0.009635365524666106,-0.0015082361556926632,0.0008832889010139608,0.0009337205890664821,0.0014014222243493787,-0.0035845786008631003,0.00040562982415863827,0.000528324300154797,-0.004306625101448691,-0.00034905742895809805,-0.00014513652990846143,0.0017832828769526674,0.0024110504170822243,0.0006305779548066437,0.0008249612568247341,0.0012307098757960086,0.005457092836215184,0.0007021732757941206,5.68809007869403e-05,-0.00010194468530764361,-0.0034542696227729264,0.0009027406179750903,0.0028633267360500467,0.0011823669879847745,0.0022061545034913477,0.0005369656515589946,0.00017718915550106115,0.0006288791090402202,0.005828033342332971,0.0013912604656203115,0.004201900380353129,-0.0022211598259531257,-0.007510764163051804,0.001782993815352428,0.003145300023251099,0.0014030745935066369,0.0022184259632859193,0.00011698854879870282,0.0009805398667773295,0.0025828497282152883,0.0008227584002414683,0.0009295034121894058,0.0025892696142068763,0.01173073804240517,0.0017236796902650245,-0.0006666140935833384,-0.0003891793311321286,0.0009555862256228759,0.0053275908065735025,0.0008744317097951967,0.0010929357444742736,0.0037401297922555025,-0.0032336641370022193,-0.0007114963808779393,0.000512085187253087,0.00038824323851806633,0.0018069459885349283,0.004210977521054225,0.0006207158904837744,-0.00010455536174015789,-0.017221133099032428,-0.002647381512213824,0.0009887171509907512,-0.003495853617245387,0.002836542264829732,0.0008985231762229894,0.003794364018714424,-0.012863930921412825,0.004619587339276414,0.0004053153807381908,-0.000263914789640534,-0.00031655133678008124,0.0003014056219647898,0.0011865470078929637,0.0023264848374594457,0.007114874636572642,-0.002611588723658749,0.000606350093876537,0.0006011909897320027,0.0007256181520834473,0.0003109053705642427,-0.0008492654863796641,-0.00036388465081853283,0.0027543975288550054,0.0008942605198588027,3.235556011782492e-06,-0.013084338271298894,-0.004046349102417919,0.0009027342015593479,-0.0012730141830734655,0.007135553419639198,0.001099990617335192,-0.0005137317927939103,0.0007839853934361353,0.0007417057422828069,0.012449752617629643,0.00011118659866145991,0.0032142975621843664,-0.0032065020734260603,-0.005920642901503018,-0.005149937490157779,0.002372842896387485,0.003117343780748981,0.00590158628310465
min_user_avg_inclusive,-0.047071785290803025,-0.04652300247841379,-0.046189380772466405,-0.0461809722672708,-0.04493385481494173,-0.04017617334016904,-0.049393988770877216,-0.046570361474893816,-0.047509215368662726,-0.046796817054106724,-0.04080112280689601,-0.04845913409725717,-0.048519459648514236,-0.04541370041010057,-0.04440315361266925,-0.04692798777889347,-0.041900168702561746,-0.0399317681157125,-0.04134608212394221,-0.04479614176605473,-0.046358712564327234,-0.04490305940855428,-0.04820028019815169,-0.04530058883011387,-0.04680759181053164,-0.05116578520666607,-0.048083746164269546,-0.04380684183333924,-0.04551095938341834,-0.04505642850429273,-0.053612455135852374,-0.04679718147404663,-0.042772104144358974,-0.04385970522520138,-0.045491004113806785,-0.05272375871169416,-0.03790959212518332,-0.046515277632104966,-0.04638567715163638,-0.04578516947616801,-0.0456196957334002,-0.04669593454282407,-0.04600537872016367,-0.04447685170104687,-0.04457965739000965,-0.049467319676745565,-0.046507218157087304,-0.04739033006963375,-0.04086207859974128,-0.04405178580236025,-0.04538673481654,-0.04637961747338952,-0.045734978222819675,-0.046527365322316175,-0.04363634357118742,-0.04749257480432732,-0.03547965910014128,-0.04888405344000872,-0.04732964824779118,-0.04527633805776619,-0.04744682525807398,-0.04775078390512564,-0.046538706736511865,-0.04657829154137384,-0.049693739581916925,-0.04544969468537855,-0.04381636455282842,-0.04681652968713783,-0.0423129656420769,-0.04605355356217292,-0.046098275701027605,-0.046994734080137573,-0.04678125256173389,-0.0454692101065889,-0.046897499681774035,-0.04469527420922175,-0.042673267837000255,-0.049207978810984244,-0.04775266146208253,-0.048380981829162076,-0.047298198701432495,-0.04794050738847446,-0.049269357081972026,-0.04705473049705668,-0.04990574003386794,-0.04501528406995001,-0.04671381218532822,-0.04130013636918844,-0.04699311238066548,-0.0433990939445118,-0.04789463886692816,-0.0495572866556848,-0.04541196645697926,-0.04328763257920817,-0.04799667399528763,-0.046206531216657326,-0.051440861084818885,-0.046306834656755294,-0.04552435792053161,-0.04628433208689252,-0.04657433147572838,-0.047155589183166445,-0.040019199443195916,-0.04626136260860091,-0.04548204358586115,-0.051740802340470404,-0.046238611451907524,-0.04572068749777149,-0.04103667981479183,-0.043695787904116525,-0.052069610248255564,-0.042395939392301144,-0.04679066481115933,-0.046141817207733984,-0.04331311291635204,-0.04367647976341935,-0.04602341683315714,-0.04505287800051198,-0.047063445391662205,-0.047936120024637166,-0.04662088985489314,-0.04655055847373113,-0.05009572218571043,-0.0536830120167725,-0.048576038054589404,-0.045834867208139014,-0.04623899657886117,-0.046645552888446185,-0.049026581392783555,-0.04567050763316793,-0.04641068901026206,-0.048909184206069545,-0.04631250691922724,-0.041587050011721256,-0.03012917752577835,-0.04440484544207954,-0.046440834154525504,-0.04708106279830766,-0.04664498926404781,-0.046513561134150075,-0.047554116386241886,-0.04553469765539102,-0.04748404984313391,-0.044551851353236985,-0.04609368311096883,-0.03866981555907947,-0.04061414771487542,-0.030069450264580227,-0.03298153340020394,-0.04697721215244651,-0.04985609580181856,-0.04471681182202514
max_user_avg_inclusive,-0.011567602062159087,-0.0115744489556329,-0.012762156243697302,-0.011961088211620983,-0.007785119805861631,-0.005793014358055598,-0.010593859460660299,-0.010822065668705118,-0.011560660584542456,-0.0102486782480148,-0.010184483594166415,-0.013870442104577364,-0.01121406862792532,-0.013268487603743447,-0.010200648821139031,-0.011606949094873444,-0.010878022425044116,0.004316056703971546,-0.012252995805215688,-0.011569232509213483,-0.011341298125251423,-0.010099792026956527,-0.013372891225666705,-0.010543582634589353,-0.011564147156892815,-0.009868182660705646,-0.01192443686210105,-0.0116915361969816,-0.010019406041628195,-0.01302031163368663,-0.011895022094185852,-0.012787081881508053,-0.00279895492581949,-0.007069315203450763,-0.012448019398316388,-0.012472645168047022,-0.014743158722842677,-0.014878297535080492,-0.009063455374879362,-0.01008146681385428,-0.01381923324476728,-0.008518260273350366,-0.011634905115485383,-0.008214434978251806,-0.007968058683930756,-0.011769361487145899,-0.011092296995080485,-0.011628108911113023,-0.0022643888172631937,-0.01339610530927433,-0.011908432212099293,-0.011671377895443626,-0.011006768801317884,-0.016132436535352734,-0.011879887382225479,-0.011259360977046468,-0.014281204897557503,-0.013993513626511415,-0.013078339827808802,-0.011930205220274437,-0.010834705556128178,-0.011162927765170333,-0.011823443555789171,-0.01151265741901189,-0.01331626942051254,-0.011331905775621001,-0.012051440806673714,-0.012526519551762018,-0.013191673084379199,-0.01149872731982117,-0.010411298969351446,-0.01182195101374433,-0.010394784237679484,-0.012144296111592082,-0.01235235932396702,-0.011258075273540821,-0.007342243205294592,-0.012743474572547465,-0.008095211216919931,-0.015588274397433193,-0.02062643743707405,-0.01174058651461925,-0.011015080133471123,-0.011319350197540441,-0.01185210764200766,-0.0110641276025722,-0.011597472314545235,-0.008840446621896078,-0.01197447939209139,-0.011540769637661454,-0.011146069514983849,-0.004157510975631239,-0.01186924946389522,-0.011051986413894366,-0.013574523495603362,-0.011598296690294621,-0.011698643587068656,-0.011709111182572046,-0.01155925386733659,-0.00956528701126328,-0.015581952395141603,-0.013261590623232806,-0.01067182039540319,-0.011681404289182577,-0.010476934480722885,-0.01012079259067283,-0.0115607410754466,-0.01156527434757908,-0.024252221483831504,-0.013241175249622796,-0.015156850553757591,-0.014496489760771118,-0.010378832195916503,-0.011317432116770373,-0.007180713778344394,-0.021769146049949728,-0.009023007251449663,-0.012125914947556646,-0.012176147805295176,-0.013763035991043705,-0.012279271885427365,-0.011511969727063875,-0.011395458691007155,-0.009055834390318436,-0.01487310427023451,-0.011659045203789613,-0.011965269054835678,-0.011830454609534458,-0.013232687289182699,-0.012732986915839219,-0.012703969887503504,-0.011011780240558246,-0.011741034034085572,-0.010811560987859972,-0.017328281359187136,-0.013558228296209961,-0.011728827923035846,-0.013810049708232935,-0.0069091901343623155,-0.012031556861019501,-0.01287933269694247,-0.011272980861108402,-0.012206081243794045,-0.0015293673907311942,-0.012033426306579553,-0.006337690270578063,-0.012020851824224351,-0.012520512475664138,-0.012250298531273681,-0.010908481634744456,-0.0109531771416269,-0.005443268265987811
average_user_avg_bio,-0.03070270452286511,-0.031219488598217306,-0.030935114030763405,-0.03073141759091657,-0.029693949450386666,-0.016637155935092303,-0.020235452100669363,-0.03095002683277474,-0.031639322319570326,-0.030454866857787345,-0.033722596608763575,-0.028788436626633707,-0.030688013818178393,-0.026707941675425253,-0.029387691148233776,-0.03104664161637236,-0.028172952622713097,-0.02586228490262631,-0.028152943198153972,-0.03017698769864359,-0.03087821294304264,-0.03188129786243735,-0.030473955515480763,-0.03052423215609601,-0.030727224352857855,-0.031269054181218905,-0.030988041370674596,-0.030910556624138524,-0.03237638584942071,-0.031384819798050426,-0.025948626898942163,-0.02947797786520056,-0.03187035650657013,-0.030177889630567563,-0.030073695648611974,-0.029997828202941595,-0.031918218515496546,-0.030039789528505063,-0.026026974231765393,-0.03100853472912518,-0.0316135322415045,-0.027908152957276132,-0.03071106729999633,-0.023554555895847734,-0.031354691206156596,-0.030434398394880893,-0.030346020545801045,-0.03033997558240709,-0.03005702854756257,-0.031005328899805378,-0.03106469340038562,-0.030755253608589047,-0.03135755072877686,-0.03086814433198148,-0.02965451643929308,-0.029830291825505617,-0.031066192217198613,-0.028732269162473185,-0.02991549074103929,-0.029147460643736484,-0.02921026123580384,-0.03496933584419237,-0.030623938913556033,-0.030741722824628094,-0.02931188416371662,-0.030591215887295686,-0.030583806561706554,-0.0334797743411203,-0.02979823077141426,-0.031069754628266333,-0.031763360095776384,-0.029842948071606,-0.029472293368505362,-0.03039009240411321,-0.03097910354562857,-0.030426902532756334,-0.03230691208311366,-0.030086817311548428,-0.0307120963484791,-0.02447113674172947,-0.027574842713221654,-0.030698814723072718,-0.029516669901489573,-0.030801840892257057,-0.031214975642402186,-0.029227829150169457,-0.030251585822208858,-0.030352462928673697,-0.029648083385038514,-0.0306052131534919,-0.030602500691868536,-0.02818216628029302,-0.030339496780207934,-0.030868737141757432,-0.029966450613579394,-0.030707786992778874,-0.029478934940441414,-0.03081514609173266,-0.030765059596406595,-0.02908454678469968,-0.028096610863136078,-0.03099876407962568,-0.03159486996937842,-0.030993768634218988,-0.028855315166087477,-0.03087346815800326,-0.0311807634062563,-0.030317863083089383,-0.028556180089649497,-0.029477856341289625,-0.03176336645191042,-0.029394221423945065,-0.030733702492791323,-0.031178120743708328,-0.03223131443662232,-0.029598574552467595,-0.029876967582289447,-0.031059817241453198,-0.0320808275905764,-0.030589856607931322,-0.030465032991454432,-0.030625832220197033,-0.02991001151049316,-0.030612618169097754,-0.030324507463825916,-0.030941599987068778,-0.031017468474695213,-0.030961727833275506,-0.029311180616748853,-0.029073198498108185,-0.03109142436875781,-0.029720000204053798,-0.030617020667133156,-0.029673834537028678,-0.03489674529056691,-0.028680527682398576,-0.030730083508314486,-0.02941359078627231,-0.0302226697910088,-0.030856808551472662,-0.030694034865951278,-0.030134571607113064,-0.030863003006822154,-0.028815885342905172,-0.030866739444631624,-0.03081641583464182,-0.024326757310987372,-0.03046944759486256,-0.030410669725060877,-0.03119767294736366,-0.031703072514461694,-0.02619707311547953
stdev_user_avg_bio,0.0029143324740359636,0.0029445705829354712,0.0033487771191615806,0.0030721414355489966,0.0028833563882455816,0.0012928017547400566,0.005359499769191813,0.002465783354050101,0.0018718632145282698,0.003054813722941507,0.006891287946450686,0.0018928727647786591,0.0023551467077383183,0.011060140811165723,0.004316311352126477,0.003275416864017942,0.00548592417655497,0.008703792510522135,0.0023887518970677046,0.003780036918508714,0.0027863882459082875,0.0024710585994374857,0.0019278463172054464,0.0024207749544639147,0.003154602204541489,0.005161578322186408,0.005065836798655384,0.0017560479754550034,0.0017139277022041634,0.004312786349415745,0.00841766150875498,0.003950601545843591,0.005446272054861322,0.0015686009325516538,0.002996859781906381,0.004628489601486855,0.002018680966074538,-0.0006156675761171109,0.0020105749221894717,0.00030038023395623226,0.0021184333398359574,0.00955520006137337,0.003068034711098006,0.0032676941977518286,0.003986885638607447,0.001537676607313878,0.0031594530807083493,0.003099288156366016,0.0005704769207168486,0.001833519005754838,0.001961650804207956,0.002922048055134522,0.002749022685549987,-0.0013098581543753776,0.005510466438819743,0.002309215985735859,0.006588461761605886,0.004073616555781399,0.00313589492230708,0.003872981873656074,0.0006727215500267822,-0.008445038634748754,0.003043557501479492,0.002869364404445681,0.010342366824589163,0.0028940692037813173,0.005056564640708843,0.008748239975617644,0.0009232290393689779,0.002834398057995846,0.002400165532282174,0.0036063998662698143,0.0036693089737129345,0.0018583335129749926,0.002771590932116359,0.0027665313168528643,0.003849380640267802,0.0029301151955379023,0.0027004061824055688,0.013020242688333749,0.002025748548502241,0.0032814565350771617,0.0011529742328785023,0.002440384088713877,0.002622515485371145,0.004696503203392807,0.00309773590520359,0.0021442446029087923,0.0027548707382775133,0.0028077664661180987,0.0036750735736754536,-0.0015790498351768746,0.0027693475473063098,0.000436280356875424,0.004033458749852576,0.0026448608831245984,0.0071407406685728425,0.002827018732468935,0.002591676819849082,0.00478864341043656,0.004632246224651658,0.0028721935534168977,0.0025265947035275835,0.0025268866520395013,0.002346667632309351,0.003932697715864814,0.0025984181705133967,0.004109539659601653,0.0021659964514546062,0.003998552007647187,-0.008801493024391416,0.004390435769315863,0.0029280675310062454,0.0025584395548338863,0.0019522806894266935,0.0009435951674291905,0.002880389792636256,0.0030941475817196223,0.0023818589318602337,0.003541374977587197,0.0028249009450916785,0.003000591489124677,0.007894589063086953,0.004346215924582659,0.0006046407558755358,0.0022002879003039846,0.002768601421273352,0.003182873290464695,0.000703206542144454,0.008021152421028351,0.0023099817727593955,-0.0016960878272861604,0.0023795238138938826,0.0012774918574110904,0.003514837150489669,0.0007196605917366185,0.0029371861774530952,-9.710665888615529e-05,0.0023373012970786464,0.0032228753715379515,0.004722615287548583,0.0031112228788112758,0.003303363854069874,0.0018919459809793784,0.002603664276913111,0.00045446178302671614,-0.004595998824034608,0.0024890869253876274,-0.00014592881346366278,0.002861147523469436,0.002332976096493118,0.0026728739532333907
min_user_avg_bio,0.015101330131086766,0.016213202444299992,0.01451678439609765,0.014873201467961124,0.011166990727150423,0.014275483696615687,0.010500472134406058,0.020725354086243365,0.01643413311104412,0.01218167716242359,0.009727143838657954,0.017551792149380328,0.015531944410664128,0.014037756732825804,0.01575441113215166,0.01499716536357314,0.007537424556834739,0.005480508153090038,0.019826809498522648,0.01681665848204632,0.014925682834252775,0.014218675118876626,0.014485217088116434,0.016570695513532442,0.015057033399054696,0.012310492412221284,0.015334971991092811,0.01569309614473524,0.019246100822590154,0.01423738842500872,0.0083018874831076,0.012512890158618579,0.006792489620951973,0.015221097987822481,0.015488268165367273,0.013566976056188507,0.014519173476922675,0.0147408507935085,0.029045979677874572,0.015642222847573772,0.01646802603535225,0.008029383651728656,0.015562571644211333,0.005096816535078027,0.015966593492242026,0.016824393655864862,0.014552932671241983,0.01540067157319141,0.0174685879086852,0.014939970407961337,0.015364183618066322,0.015203001494171918,0.015933426047162615,0.017215449575480934,0.015204915476375692,0.01625938974130463,0.00962242139262864,0.016547494159255265,0.015747349927233537,0.012012663287486488,0.017560128613099135,0.015290379262265147,0.015218385194502942,0.015455789117147432,0.008219281833249978,0.016116538574217548,0.011612864088154184,-0.014452086748335072,0.018496563581842353,0.01551947004722335,0.014956929381397695,0.015951904796033332,0.014287901454294474,0.016198484188281122,0.01506250820156162,0.015432323171395472,0.01284011034512682,0.014496316064495276,0.015744956014476612,0.010500159095074731,0.012167779390911626,0.01448280131129145,0.012798327107072991,0.015081819851354627,0.013709648117953853,0.015484138603678175,0.015592044528734911,0.018550359121802817,0.01562942845855752,0.017376625011665314,0.01647211889447344,0.0163443680846967,0.014337227963371111,0.01984214463705118,0.015615886921091525,0.015237752938272963,0.0237940228745293,0.015177425839142753,0.014186553421003613,0.01741430338157691,0.016294011915266457,0.01544789232272303,0.0163447054616681,0.017466326843070343,0.01455224722575667,0.02137903001604332,0.014118145678629575,0.012868481416521242,0.015730103994384997,0.01357410542280833,0.019490201383405476,0.011906042519129509,0.015068814286695997,0.015223981391665005,0.016455855610324126,0.01890363997602408,0.014633456865336361,0.01446053195864258,0.017145488013534407,0.014448156830656275,0.015107867150640612,0.01528597018623237,0.013792375514643813,0.012392003163939812,0.018823173711799483,0.014923027721557791,0.01484108231488573,0.015076823309757207,0.017805707335370336,0.01609519192972131,0.015681758972664436,0.018281431745552395,0.015555155086810216,0.01707931242625129,0.008381486548540573,0.015450374215479627,0.015234221560877882,0.01368887630278179,0.01688668330886209,0.01485411479981551,0.014930862529697053,0.01332570855409108,0.014526668025757195,0.018169725856342914,0.014594029365565118,0.016088356755328395,0.026176973623109834,0.014749837738894057,0.017456569041387152,0.015386855610592394,0.013566051996118867,0.019101636048490724
max_user_avg_bio,0.002354996994142407,0.0023765864640179594,0.0027226284816054686,0.002490754088677872,0.0025979893375207112,0.0033277536764315385,0.008595360821323205,0.0024058325718468773,0.0015362604877894072,0.002138955565864468,0.00463747357435638,0.0015047368963661961,0.001938457918497392,0.00999966577750699,0.0036680398292581115,0.002540792076573189,0.005359503741442947,0.006711376540894605,0.0029378515106997308,0.0034177399283360776,0.002231296195824182,0.0019107060369504564,0.0011673626443645495,0.002036377882705118,0.002597917038759487,0.0041719581925809945,0.004680947318285583,0.0011716984523660948,0.0018160516080917028,0.0028277681401089536,0.007338142015721038,0.0029246791909599435,0.0023909088554518836,0.0019335416540528939,0.002605731899153951,0.0029739071236073167,0.0004718793990362482,-0.00045040689420520336,0.0020400966437602724,-8.301351795232496e-05,0.0012970768618243023,0.007403979780331369,0.00256702926500502,-0.0025451704121655667,0.002669217121195746,0.0019618085366219055,0.002812333422624073,0.0026009397120596196,0.0018931332919884455,0.001546788004920573,0.001909630836833879,0.0023905181013455044,0.002355066678569131,-0.0011970688281897155,0.004912500642560779,0.0024147617029741716,0.00431153195545581,0.0034691242325376598,0.0027543050946195816,0.003581741805894942,0.00047050853320501455,-0.006901541807846381,0.0025111400562453576,0.0023687130722720787,0.007874622010552473,0.0024605993792221285,0.00395273864418655,0.003748115079234301,0.0005775359783220975,0.0023443593254101527,0.001756713400140348,0.0032000178097890755,0.0029582718862499816,0.0018231244836727032,0.002091068298652174,0.0024446614180551364,0.0028274032842128902,0.0022719348474155403,0.0021251959562867996,0.011136474897457414,0.002738193666209948,0.0026159568937300405,0.0007758172125408112,0.002140809639581489,0.00171935005460838,0.004425358638543063,0.0025966680481596654,0.0016698212854156739,0.0024607284732758705,0.0028498006071141033,0.0028058683968046182,-0.0008527929923421145,0.0017509122395405197,0.0013325724738562084,0.003186986606219442,0.0021500055956464228,0.006598135229277432,0.002304665881011036,0.0018832939796059444,0.004832700279084869,0.004283714815051857,0.002322341957086001,0.0007009229059914031,0.0021290844275193357,0.0022292938505894012,0.0015081871403181887,0.0021361989526699193,0.002885480453440021,0.002574598420633992,0.0033009852180353044,-0.006452536658156592,0.0032844416374296533,0.0023986444538932217,0.001996421476857784,0.00180752628499011,0.0019348453302112517,0.0025159845955075935,0.00238012155120154,0.0012232594323112085,0.0032176673024087825,0.0022567339313131363,0.0024997492461750793,0.0063635653269183915,0.0033294292712750476,0.0007078866017231102,0.0018418101526571397,0.0020448603287554577,0.002518595723196111,0.0008027218500353574,0.006922339803164885,0.0017969068485856193,-0.0009275563122302863,0.001919425666207458,0.0011578571250129462,0.0020700489752091007,0.00046774189035802584,0.0024075178121050235,-0.0006229734031394096,0.0025724525867093628,0.0026523684805416538,0.0036989438735225994,0.002302861771613514,0.0024365458083259184,0.0023902011991961715,0.002268935947215516,-0.0003454587437709822,-0.001969106424474905,0.002103945004743861,0.0002664345804417288,0.0025088932068902964,0.0015623253169896045,0.0019308411235445504
average_user_avg_achievement,-0.01592921691244192,-0.01549366315686684,-0.015237633241053674,-0.01584090720692884,-0.014426161690844763,-0.008399119126234674,-0.0123949174057533,-0.016040148902313135,-0.01603535139757447,-0.017987546245481663,-0.012022254240844611,-0.016176565529482507,-0.01629528175932449,-0.024177217241038978,-0.018257278858475598,-0.016566344809297955,-0.017849262790921708,-0.010849533287267787,-0.018450188194952116,-0.014830308189535622,-0.015849046511607515,-0.015463492671513722,-0.017773599618636293,-0.01579863959321666,-0.016168677982092317,-0.016739533445974623,-0.01843930788004942,-0.016667311160451902,-0.01691667353500366,-0.01662757523342841,-0.005345830297908462,-0.016509633990153337,-0.016434547302848858,-0.01612666818790502,-0.016029738657695223,-0.015912103494990098,-0.019738391575586114,-0.02085084707782589,-0.01502745964378421,-0.013250892576505545,-0.016276099240536978,-0.007586631731481296,-0.016142844178942704,-0.013811332730626465,-0.016239782641486844,-0.011101551239663337,-0.016655623142781507,-0.015651166426643645,-0.014395041311197948,-0.01826718326772885,-0.015233969229512995,-0.01617115025993765,-0.01626639069660111,-0.019864479160526874,-0.014883161998151461,-0.016592977200104244,-0.018982902825443102,-0.014603805695592081,-0.016387950592752283,-0.015447774731676647,-0.016391806812955427,-0.019108610801789907,-0.016546057833038436,-0.016487998238120867,-0.020883875670300155,-0.016257258750038132,-0.016692268545056243,-0.016366543874101615,-0.02163704920900646,-0.016084656982988034,-0.017291755912454153,-0.016244443635396955,-0.01640334297851721,-0.01659647979173463,-0.01647756671804034,-0.016714045480083792,-0.020173082278739558,-0.01397103227531524,-0.016838494432443098,-0.013259573081355041,-0.015458431026037625,-0.015854046471303486,-0.01835722330152069,-0.016431030051716637,-0.016383525491317615,-0.015172962758297881,-0.016514506356816144,-0.015951367259484938,-0.017187215122922282,-0.014554543505374343,-0.017504862962538222,-0.008014987030772101,-0.020665652808880483,-0.01487976704210901,-0.016329023292580718,-0.016225556960024597,-0.013705769405740566,-0.016109736530505743,-0.015771720075022512,-0.014355328752988674,-0.015151145035658214,-0.016428912282108386,-0.0219866431537515,-0.01606604843145775,-0.0179463777327031,-0.014254986900149204,-0.017184296368745734,-0.016045245906891884,-0.02165755974654244,-0.010009646069566785,-0.010328599940380571,-0.011693527984926684,-0.016129723167129205,-0.015558496631181501,-0.014279405919857432,-0.020736438137606814,-0.01637598645297461,-0.015643853154356666,-0.019090794397771123,-0.016899888464332574,-0.016098502955622044,-0.016166959209822213,-0.0173043601466844,-0.014658757124399806,-0.013940239578069167,-0.015323920228894011,-0.015356062755495174,-0.015860414419754717,-0.01237170279421225,-0.01791473266860182,-0.017047066612643935,-0.018016469696591195,-0.01634219081919472,-0.015405937391681782,-0.018293778522192137,-0.022507297933182246,-0.016264136618956978,-0.016642366787764425,-0.0193106940133449,-0.01671533043786463,-0.014439897003750273,-0.01418662196710999,-0.016814679087877867,-0.011946821023204303,-0.016068095381913408,-0.0178364410458373,-0.024145112172558564,-0.01302254040504575,-0.01771151614837949,-0.015867215656082408,-0.01597757276994363,-0.02178219042592287
stdev_user_avg_achievement,0.0042072413103021716,0.006223586131314383,0.004514553221985795,0.0033676987736365204,5.085707641845584e-05,-0.0006802058671723189,0.005817924499514563,-0.00036359202133937757,0.0035564911002290128,0.004070297797514737,0.008994901092481345,0.005459890707637959,0.005327679322175781,0.0024264674996232476,0.003626077540236075,0.003895039987514068,0.0038602955747865497,0.014808507343710423,0.00795131330362517,0.004312298464612049,0.0038641690816203543,0.0009304934702814437,0.004361946829081418,0.0030777597123877952,0.00429423448685372,0.0020678270576808475,0.005326298990372893,0.004501927450935325,0.00729103484367986,0.0010599794578311406,0.009300817990496467,0.004734491250598135,0.007824258621043254,0.0021426065222790785,0.0036192657608667108,0.007848178356877228,-0.009220757309094163,-0.006133207299883074,0.0002738267129440055,0.0052718411305478375,0.0037967350822412397,-0.0016472987670367902,0.004218326580724453,0.004361555979234348,0.005586691219575788,0.006131798236460863,0.0044632367293736906,0.005121843886156855,0.005249979403717684,0.002992463742780371,0.005898801346675947,0.004126831665371627,0.004592042477240332,0.002698252978680933,0.003312298616137692,0.003686361340020535,0.006049134337850782,0.00495119648973291,0.0038995432821398108,0.0016107706897843287,0.002653354808937156,0.0016073856553167473,0.003344071602755424,0.003986883627435508,-0.009616002378111523,0.003549300504877249,0.0031306292454196883,0.0037117388431074606,-0.0071698961668131885,0.0037064029825353336,0.003979374340724835,0.003653757335573971,0.003525733923327986,0.002336856050668362,0.005417582656135175,0.004109830578672809,0.0044557088347761545,0.00496571760303067,0.0035207010089571542,0.01263288212444116,-0.008672244352587018,0.004819464421613888,-0.0026070931711085765,0.0032528351600768007,0.004649207294806075,0.010043803979552129,0.0036163618226479856,0.0016280190859520585,0.003164960163686846,0.007828088248685472,0.0027625581512585543,0.009060399494733256,0.007124275046487067,0.0029074524910607117,0.0039280657394134425,0.004035267381066,-0.004163092003308056,0.004199812527446448,0.003840205914290166,0.001814179498842704,0.003150478581528152,0.0035876048760268265,0.008662477261407533,0.003935053720116198,0.001540359795041705,0.006912641832777999,0.005023020099101768,0.0004050815961671142,0.0014342045010775628,0.009132634107706473,0.0002629929723073285,0.0010691555016927338,0.004001430085072127,0.004661173520690993,0.004431235020823517,-0.0011679959676193117,0.00338381588334141,0.004510952604691831,0.0059329467507592635,0.005540199690402503,0.004619380494541478,0.004107590368129717,0.003825564336167882,0.005019427414615377,0.0012784785416384767,0.004511991689181948,0.004240695304919837,0.004563836865398891,0.0029505999975875776,0.0032295224330121273,0.0033665877141239586,0.000911105996031474,0.004088227291301488,0.001096643943002921,0.0045809979057307585,0.007867983306193864,0.004122154195574998,0.0026497667406605676,0.001778814938902285,0.006038668615960854,0.00399428507018593,0.005109032936973935,0.0034057452277470087,0.011852773124904296,0.003000693372979007,0.003997444264558933,0.0006540845253479267,0.0076713385821450195,0.003705815778782411,0.004182447279503704,0.004828809722179669,0.004872152561017136
min_user_avg_achievement,0.00023170777146078528,-0.002349249820175727,0.0007305207188528472,0.0005315313841404608,0.001967507955826604,0.005459478368987594,-0.0038851144498627792,0.0005569959114576379,-0.0002013305382954477,-0.00154763072666427,0.0034445502873810506,5.784420895200634e-05,-0.0011953476647672753,-0.011294301903800964,0.00025273668155699133,-0.00014054583199419983,-0.0005852179402762638,0.007515498633007285,-0.0015051383790097373,0.002105208029410565,0.00044602824063949033,0.006368879976860741,-0.0017386946356236933,0.0007085467376944533,-0.0004252003283472059,0.0007546597355694365,0.001152768662405079,0.00043226889070030645,-0.000850011782973675,0.0019784411798410336,-0.011501423141357818,-0.0009835555797147524,0.00641550820965763,0.00011156041868436682,0.0006755756114569505,-0.0006685157073540553,0.01151187953104327,0.00474115935065187,0.005242917344245241,-0.002602040845529806,0.0025354123889052005,0.004550930594045925,0.0003772755860506072,0.011258206186070076,-0.0019220755175246174,-0.0031850886589443236,-0.0005362933288236647,-0.00019857916221548665,0.004647827391951353,0.0009788259836331602,0.00017580309259727055,0.00017929191909283985,-0.000978233069048996,-0.007158617809269142,0.0018003399267839688,-9.393717913566343e-05,0.0011307116790619798,0.003905734939091526,0.0007110284670721664,0.005211024257513968,-0.0009874704725533617,-0.0032435525466783313,0.0004736238205956256,4.0187256947391004e-05,0.007622932064131804,0.00016098932624812948,0.0002801454238930412,0.001976248637702729,0.0033915210593825316,0.0003317868182068952,-0.00020449450407930211,0.000686582740550527,-0.0005718909884569988,1.1627895986330433e-05,-0.000896197005139477,0.00011858417812094825,0.002130534709846414,0.0027512091583667443,-0.0001530682714436897,-0.015059871971829989,0.0016014231041041414,2.0599042974682458e-05,0.003202886144936575,0.00017487352028986054,0.0005227351296614065,0.004462879799755945,0.0004624899606486179,0.00783579697617064,0.00015945581511174825,-0.00346392359769228,0.0009928947573806558,-0.004311487677550517,0.00022372536461268654,0.004542302580139056,-0.0012536694699470472,0.00026358179730254054,0.011179062134779415,0.00011179844175573245,0.0002534882291459987,0.0022512245133529517,-0.0030577875233868193,-0.00047767596374925954,-0.011018346083589913,4.409039098400222e-05,0.006146474840107391,-0.012014603798390904,-0.0012909971947496351,0.0025125666436174292,-0.0017147321868070456,-0.005119963839185088,-0.0026476221419929526,0.00040214777234056157,0.00030246348293018477,-8.958316754594658e-06,-0.0008905148917214573,-0.0010753662889624784,0.0008291131661671541,-0.0003038147125622257,-0.005339989997342257,-0.002358302413418282,-0.00030263912905358244,0.00021780140025388743,0.0014586541582639985,-0.005198922623926459,0.005798166723352514,0.000530791568827179,0.0010479511368755717,-0.0009242839310415543,-0.00034678476727458864,-0.0019841530920486437,0.000932181292655189,0.004076306808066225,-8.663169737625764e-05,-7.982829644362886e-05,-0.0034318004242893663,-0.016672436631389093,0.000183694791004314,-0.00034667973913875966,-0.0002649563471603675,-0.00032872462049877114,-0.0004478551341300426,0.004228060913948371,0.0012849253611325225,-0.004780069533549111,0.0010938822425885474,0.0006487786916325048,-0.01092096610879571,-0.004583597149313107,0.004138306599774119,0.001470114881235076,0.0024209105765913667,0.008396403738157756
max_user_avg_achievement,-0.0007349242587284827,-0.00011670986481267763,-0.00023692782035901905,-0.0012823200410107109,-0.002117568747942411,-0.0013592633923448184,0.002428381382442385,-0.0044416937967521,-0.0013513366532458687,-0.0011907756216397434,0.0036794547245149554,0.00012207728827945278,-0.00029722997432138007,-0.006414740470679612,-0.0016927360908948674,-0.0011486043634241494,-0.0004161897264574957,0.007625079029245247,0.0008596396789166101,-0.00047884262159106567,-0.0008049587002402999,-0.0020064713718748353,-0.0011497394392005165,-0.0013876547304834549,-0.0007534271661289254,-0.0027712324495670175,-0.0010372920234884581,-0.0009199823002493659,0.0012410356443476756,-0.0031458155450542384,0.0017866874262637946,-0.0010777356572940185,0.0024844755582549274,-0.0012009025215721295,-0.0008898542027952279,0.0009296271245761044,-0.009680485182485954,-0.007544366272776753,-0.004265420881465669,0.0007234640822372132,-0.0011679894601365035,-0.003035337645446681,-0.0009434894219177612,0.0017685413560478364,-0.0006071598188957632,-2.1844751405867245e-06,-0.0005586499157108652,-0.0002501740243196775,0.0016810162256304224,-0.0017497151245280157,0.0008759348746950105,-0.0008538228359085535,-0.0008988104506390277,-0.0033603599323790328,-0.0009682904951972852,-0.0015381290201607477,-0.0009102719117106252,0.0005560189590833996,-0.00116716010766561,-0.0008452410391613062,-0.002336254973700321,-0.003223887866554772,-0.0014397511255055196,-0.001100226975311229,-0.012033108664365423,-0.0013359119009201956,-0.0015481062279193662,-0.0008275808047497417,-0.007187304242665136,-0.0011231865078664195,-0.0016329476845458896,-0.001638402445551316,-0.0015556268646282154,-0.002067315174239065,-0.00023069377334205372,-0.0009162623912025471,0.0003842612306664082,0.0005096897986608265,-0.0019119613949418524,0.003262843865063484,-0.007529493982046187,-0.0006131582662703768,-0.004092201934110429,-0.0011978748425797866,-0.0004293192200803338,0.005133516388523846,-0.0012246281595623717,-0.00202784447966895,-0.0015793371564495986,0.0007949631312588472,-0.0020515001504009915,0.0008226636922535968,-0.0008330915894430233,-0.0007752545116729822,-0.001439538913481966,-0.0008979537503822116,-0.005312935573484944,-0.0008032823779980398,-0.0008094375684003269,-0.0024155302383371173,-0.0014652924791956953,-0.0015490415469140983,-0.0005905941137908017,-0.0009950567165332267,-0.0018688986287062328,-0.0006454070668081612,-0.00021914260632184936,-0.0026567422977344193,-0.001892032635362727,0.004494245221632049,-0.003477641924326572,-0.0013206090639076278,-0.0009002561301165702,-0.00019152934743347973,-0.00065647514279207,-0.004836134864124693,-0.0011595714471313002,-0.0006907663235074918,-0.0017992495340533581,0.00014508795241894006,-0.0005707610989605398,-0.0008544587393631269,-0.0007002267401813008,-0.0018535541187315084,-0.002294206534246671,-0.0006183094776090847,-0.0004731714553287249,-0.0007393456956011073,-0.0014962442415693321,-0.001954103518862979,-0.0015566530477647187,-0.002282047674155489,-0.0009486886758336131,-0.0031326318258591054,-0.0005904417644154421,-0.0033621191462519405,-0.000885995857922563,-0.0016766394774437293,-0.0030245413157184335,0.0002509635669582272,-0.000622173744472679,0.0006269967334779549,-0.0013468299680125112,0.0045588243118803475,-0.0011203776216023747,-0.0009204729471118211,-0.006526043778934492,0.0014563869034279345,0.00023718794942865617,-0.000522161806396023,8.160605386452451e-05,-0.0008399629878620219
average_user_avg_adverbs,0.02610577199752221,0.02588404449805435,0.026026060189188627,0.02605234723713388,0.02452694162854783,0.0289021120961072,0.024066878681265114,0.023761383012923583,0.02588451209081443,0.02502308691607117,0.025560100748249256,0.025837437421064452,0.02617083265753914,0.029818022428053308,0.026058110802744644,0.025067005359508912,0.022273736143458102,0.03295329056051957,0.023973633317331676,0.030679549702236165,0.025774283021632927,0.026243403722397758,0.026095121636652785,0.024915360847239727,0.026321093150536573,0.02568116675878731,0.024799736786172644,0.02550037673439897,0.025766038594752023,0.026386382711507866,0.01827614660199369,0.025639587313684375,0.022502088442575424,0.02679104942990978,0.02661342574999208,0.027252674341709256,0.03171977314314611,0.029470049446546125,0.02463233647777855,0.02823807997362711,0.02654868325047395,0.029185813400304385,0.02602940361384641,0.024534290751895144,0.023435334426882615,0.026071606276252886,0.0256857345148674,0.026205452880130632,0.022065419507799527,0.026480715597695353,0.02615986177237232,0.026129395772847203,0.02523298430896647,0.025930076399084116,0.02670831395694493,0.027553444729159743,0.03273289376510107,0.025776189924988556,0.026470300218218154,0.028042184232101065,0.026315040770052006,0.030469369966755096,0.026047291086770667,0.026188573800846084,0.037679710265440425,0.02586704178641193,0.026114984947476272,0.02564343643891045,0.03014720663740625,0.02617043676313357,0.0254557316166934,0.02686751994381862,0.025805014291107882,0.027638367619219728,0.027798208483706725,0.025633880725380608,0.0236353783996949,0.024862999554396185,0.025280720117937736,0.018695449091744913,0.03568237023585039,0.02607021453358324,0.024971723506042945,0.02610355409072873,0.025490791980350418,0.02739207382832113,0.025655040971674543,0.02954635853101481,0.026284077082309974,0.02244659599470749,0.026812380465549616,0.01921078284927122,0.02460021987828275,0.02641414194268206,0.025402388316080958,0.026295718476532247,0.028832918352996707,0.026190509747660413,0.02569760388470043,0.02909353623616643,0.026405822602816473,0.025570488186488244,0.024954333025293818,0.027062775612842413,0.027389840079084855,0.02247260000709439,0.025539808890863117,0.02521769882381155,0.022778158865997933,0.026850705145251272,0.012943335329402547,0.020154882048170383,0.027303897438206055,0.02652093259751289,0.02761358764969478,0.022852212099526224,0.0245326714188717,0.02585254248477046,0.02652813798112122,0.02330766411838299,0.026229599010835228,0.026326656388781178,0.02547738867291416,0.029692673242423764,0.029329645164810243,0.026923049662699032,0.026085126149483127,0.02613072849397869,0.02902455119427115,0.025683315783093644,0.025445835690058927,0.03069852661727126,0.026046839853428205,0.022334380685086273,0.022523093648075747,0.02520421460529801,0.026192256687521766,0.02534583472703117,0.025695401402156814,0.024962751235581615,0.02860203345495433,0.024890274572610824,0.026813500210508004,0.022628712619377114,0.02445885912437016,0.024540053580274813,0.03133012754397936,0.028106758758492605,0.025295837293269535,0.027927107871613524,0.02620375034708336,0.0355954430687838
stdev_user_avg_adverbs,0.03806628209425077,0.038840602773872225,0.036808015593785194,0.038065679031306116,0.04048725291798885,0.036578032243874015,0.03777540487443181,0.03815255683059619,0.03985722431316773,0.03810438420456038,0.03186037646171547,0.035451153703689134,0.03842516053160364,0.035089179870021366,0.03838215674048799,0.03621333471680544,0.04504505322239822,0.025772601520271166,0.03830788646427479,0.03993409735670108,0.037546394814690895,0.037615062957424956,0.03540530518796996,0.0407742287282598,0.03889828791290182,0.03939264890636546,0.03565828817677191,0.03752539297563543,0.03857674856420976,0.03889313367074806,0.04604590489692006,0.03804515061805881,0.03879150879583003,0.044900052929032194,0.03780929432830503,0.03779113535734618,0.03085503093052515,0.02775151979379803,0.042333631347454145,0.03839361233894316,0.03848637344566908,0.04270163979350446,0.038118799215102826,0.03682451540279591,0.04079411238616007,0.04711384107864837,0.03887651417729184,0.03904476274475472,0.046077568426989,0.03545413001692567,0.037641902773541056,0.03826459792397562,0.03864399921663227,0.0346817640194986,0.041650980695648536,0.03536107258930703,0.03667430976618968,0.038787492031884994,0.03883112263939189,0.03582224781643119,0.03633612097913927,0.038125044382554235,0.03820522479508293,0.03819338266307632,0.030205599617119966,0.038864569320832806,0.03882843995039125,0.040100511395096364,0.03927176849511367,0.03870003693316217,0.038668148625375334,0.03702747602547653,0.03733597569077523,0.0371515820905155,0.03758173955921275,0.0383111652999857,0.029081456553680378,0.041490374741308955,0.0391681053320465,0.02741697723374703,0.02449129887978191,0.03843971881514484,0.04321447698580858,0.03799380607941217,0.036613719925832316,0.032301427846689934,0.03858374346037345,0.03147819672363031,0.03685570586516698,0.036671179710325214,0.03660659263234205,0.051321455506888575,0.04136139822373938,0.03794986812023454,0.03864984143062251,0.038403656126038355,0.03074294270324312,0.03819489568352173,0.039056941447224325,0.04074109857634876,0.04083822863948266,0.037505842350408415,0.040643836511151235,0.03946918344512361,0.036650437915750456,0.03955476198543049,0.037843239863022037,0.03742147950369916,0.02621616313062733,0.04229757734313699,0.04419837923959388,0.03661034492520096,0.03806736976674213,0.039874200478191554,0.03972938482552498,0.0322753469209249,0.04299776311004232,0.038035348315309914,0.04658957847824644,0.037283338313471075,0.037559626683659725,0.03820026718224485,0.034225368171171965,0.03630806876645884,0.033905810881876365,0.03943224741150024,0.03863219582352754,0.037326470110109214,0.04731629421162262,0.03768834656260861,0.03728497411551764,0.03717706198421351,0.038371510147999,0.03555675133043084,0.036977819786861064,0.03728539169982723,0.03811915494695927,0.039168921676453375,0.03854925759389162,0.03918464137294416,0.03740478932766478,0.038312368625490964,0.03807594285334619,0.033924365753821545,0.03922263316291514,0.03425612560036202,0.02899412490946887,0.04061233868477325,0.04017979369209625,0.03736294276804657,0.036518133399434355,0.05358850196145312
min_user_avg_adverbs,0.032600190297091075,0.032448889413653884,0.033203191690637256,0.032415275775716235,0.032001373630125264,0.034304735574824316,0.03045947712343618,0.028601038821257304,0.03141270489592049,0.033054599056593435,0.035737145836626086,0.03320574979689449,0.03318355961084226,0.03892047480954125,0.03190771171956672,0.03242645379513123,0.028470822402233923,0.046135946514010734,0.028631597065567307,0.031175961909942963,0.03245058022147039,0.03133001311017967,0.03303410116360827,0.0315103842399688,0.031802006918302685,0.03245359194168681,0.03431540884650493,0.03199740540964983,0.032424563261885156,0.03224599000215346,0.02795069191070271,0.03320677220563278,0.026692689219295393,0.024699054819039362,0.03275844875139395,0.03321809462881548,0.03919893014015895,0.03549773797247312,0.03417870827762151,0.03622528470336714,0.033375919719799654,0.02871464332869167,0.03203197524288536,0.027959278003314533,0.030834387651795532,0.025024972006595182,0.03099613132881225,0.03259778154935601,0.02658334167612926,0.03337130463614004,0.03307195096443799,0.032471781550735504,0.03154716438170915,0.03449235652992939,0.026110918301413804,0.03154080007872287,0.03941042114819304,0.03386865145463591,0.03111384486808874,0.033385586677864044,0.03190083569710405,0.036383500799587166,0.032362689492327505,0.03245375042885043,0.03842157056315654,0.03256282317205285,0.031144406470994937,0.028634086757694608,0.039669414470779985,0.032303059725628705,0.03335218504983089,0.03274427722399486,0.03169611245630918,0.03194526333783808,0.0344105890829206,0.030268692597495844,0.035732190080313586,0.030520777419085612,0.030420505599003774,0.040802312381299506,0.04755186208710839,0.03270906614097904,0.03018607429771527,0.03223814208293525,0.03214820757316845,0.03248018446042636,0.03203785214308178,0.03944115390882026,0.032719453634669965,0.03733177033619794,0.034180049201499876,0.006995324311813402,0.027819337493524297,0.030762531040418033,0.029886349771531647,0.03271089846850859,0.03449429571512683,0.032577154550734636,0.030947006661800294,0.02959238523108514,0.029389189854711097,0.03303931946942772,0.030072140469528774,0.0331407855692357,0.03483060404255211,0.028355742818177807,0.032475650560738714,0.03563810521063616,0.03975001336218956,0.03250580063235632,0.009516655755173398,0.030587281084254906,0.03447130648961717,0.0318288388967527,0.03160585714595676,0.036557656903893024,0.02987582608530656,0.03285168435540653,0.02875553935578706,0.03081453210184692,0.03273578843496845,0.03277372193102346,0.034378824090319525,0.0358759231973487,0.03284579950406506,0.03159836869370278,0.03197235799931757,0.03257410085019562,0.03339443216436363,0.03385095715653001,0.032040917137567904,0.037810188284933,0.03295955474431918,0.034811505220723994,0.029743910908756256,0.027743842667114334,0.03248414032412114,0.03352167274675412,0.031760328587070466,0.032923968947812625,0.03146567225876907,0.03200353107022496,0.0325650015068851,0.03358661684497051,0.031148576456889798,0.032652297243032515,0.046943758897669156,0.034898129658487875,0.030538356248207357,0.032969542560615045,0.03314521505557833,0.03294573027695152
max_user_avg_adverbs,0.04359858290496031,0.04424797064229881,0.04274677181170638,0.043428307799459956,0.04524964940181978,0.043926615371497654,0.04027639206833418,0.04153679290454553,0.044487903244839054,0.04232152347949441,0.04060435840327371,0.04125633211628348,0.04415300233667536,0.04347107587892104,0.04354119055521984,0.04166424942321465,0.04569117728175517,0.03994579418978732,0.04064537297971901,0.045693014239135535,0.04287585091692756,0.0423113120763833,0.04176787454604008,0.04504920699663227,0.04392473161648614,0.0442191822422366,0.040831982974559144,0.0426736773254442,0.04352170188434114,0.044808957410768804,0.04993224983142731,0.04307453471394776,0.043457639828600056,0.04635886733363703,0.04341701980869843,0.04366940587388971,0.0411313020371028,0.03734252295727537,0.045094092870704414,0.04624608081325834,0.04382429358566127,0.045868772951946656,0.043260079392300775,0.04058602036050108,0.04397623667556872,0.04494686373367879,0.043496619001843616,0.04430140151836576,0.046218856094416436,0.042221967255719355,0.04317326901329195,0.0435466520596436,0.04332124117005627,0.04245875700676587,0.04438995373673428,0.04127806868435968,0.0436217758658385,0.04443116728098739,0.04371716871336667,0.04194821227064582,0.04186663119247773,0.04608238838481964,0.04348406469644898,0.04351910756175443,0.043874694671861315,0.04409795231667978,0.04298695481648257,0.043666315253494396,0.049820711816792845,0.04383656773553859,0.044271533470399305,0.04252471048729487,0.04214301960338777,0.043015029298431366,0.04421383545776611,0.04236383034866521,0.03524127856095456,0.045254275033325325,0.04333779416443913,0.036576464597639684,0.039413873676293364,0.04354987778376253,0.047593343473537886,0.0433058606137133,0.04238140040026757,0.03914225262542673,0.043521853711293454,0.04072237523506409,0.042463300072447335,0.042658282129352715,0.04270599314030227,0.0430241304280609,0.04355878126071167,0.042990486954033555,0.04205530940372666,0.04382067451567708,0.03835387723716869,0.043552905239087225,0.04365449109527596,0.04472229509639607,0.04512703157087739,0.04307203959153164,0.04506816305309846,0.04516840386295893,0.04334804861405378,0.041273703970680246,0.0431732504384615,0.044095103347778886,0.04155821663727511,0.04811896611619287,0.03697893514600545,0.04009022343168235,0.04437927950455972,0.04486882671749926,0.04446902256766025,0.04305692514631543,0.04577842267429051,0.04321493462715082,0.04999705113643655,0.042122359377078825,0.0430787056766775,0.04369629124367469,0.040973744475579915,0.04287420686926049,0.040179937061910795,0.04393091262750098,0.04386255721366781,0.04265898627794965,0.051962996797063295,0.043061442391032975,0.04255465938336245,0.046957389354069776,0.043648871956344856,0.04136870397705396,0.04297701957207945,0.041582536199137946,0.043447410516279775,0.04487078759656585,0.04223848319376402,0.04417882768172654,0.04331503780842564,0.043191990804682244,0.04379184369668639,0.04299080932492246,0.043797750994667296,0.039888927183321383,0.03895903558476134,0.04492037673558072,0.044814498773300265,0.043183075648226016,0.04284541169167007,0.05814940931788085
average_user_avg_anxiety,0.0029578496181441524,0.002021043139168523,0.0026789550783857217,0.0019589476495942846,0.0010175637199481072,0.00878562130994871,0.005516925340151308,0.0018235494345445226,0.0018981740208929322,0.0028936624179268225,0.002245977873692436,-0.0005307898835327221,0.0031597532874542145,0.007756350371792125,0.0030859396753923265,0.002836140689653585,0.004173802674213275,0.004650984613533124,-0.0004595093162630959,-7.479263511985315e-05,0.0032312043333897165,0.003399426442625836,0.0035102311172810945,0.003248457236893542,0.0027173654613022458,0.0021116731000146672,0.0056605022952125284,0.002564664362342775,0.0018704515614943497,0.005207269986339444,0.00117395148285217,0.0022860202443383748,0.00605015187551765,0.0016443021862765647,0.0032841180886677658,0.0025817166549971316,0.009596471500561005,0.0024785755828295765,-0.0010220106821177488,0.002477702403468655,0.002641430689901375,0.0002817350006700083,0.002668581026423882,-0.0017801114798638262,-0.019999867058064842,-0.0011731714792430313,0.0022904488465703976,0.0022679368657244807,0.00283897160779406,0.006023183595712026,0.004150541690726319,0.002838897127246158,0.0022870872672020887,0.0038414066763758636,0.0010948824460446788,0.007322927468913321,0.001369420802608011,0.0023487396903882473,0.001828211012544114,0.007453969944128529,0.001997701533192558,0.003672566620578838,0.0028441093106569915,0.0029842545616848345,-0.004163965572322191,0.003255526464597873,0.001511986440601791,0.002940694459039918,0.005878347410579273,0.0029244312052099904,0.0029224084873658547,0.0024658052064878326,0.003188804405158698,0.004088940183979581,0.0021866577455222367,0.003154454086782889,0.004313652311943898,0.0008729883581355229,0.0016959748662195477,0.0006212407391779379,0.005148402000696797,0.0029016790256186503,0.005979396762978673,0.003122274804774154,0.003240528885292339,0.0074215707205952785,0.002685509480891704,0.011528862066147394,0.002786666602920377,0.00463323856757574,0.003099728024451914,0.0027826664754127556,0.005914072898718947,0.0022720735463631035,0.001386503208006708,0.0028890413841931766,0.004097015233444105,0.0028739575300573746,0.0037463531496962606,0.004169374869873853,0.004443739541507967,0.0025022648140115436,-5.0653388180881866e-05,0.0018733939422248477,0.0031014800673516496,-0.0008925032766612002,0.0026149723298726354,0.0025174394723987883,0.001183349466374468,0.00013407174506334038,0.0020332680180918973,0.004220214152082438,0.002888372545665852,0.00192674696649206,0.008339887748758743,0.0012161320381208285,0.001735099676222751,0.00262757013943018,0.001987535651383202,0.0038109980079859196,0.002563769178650823,0.0030278384158805302,0.00024954998583421803,0.0033969332665170337,0.0038208665036816225,0.002007207478810967,0.0024005264207807124,0.0030919270431089014,0.0017563777817374013,8.943019030187554e-05,0.0029802819360850233,0.0049398095371193575,0.002730592218294809,0.0012751163086886057,-0.0012282014985316204,0.00047912163157915084,0.002874601202377206,0.002830379839923268,0.003256729436976063,0.0026550827844369004,0.003257189889844243,0.0015082565114606095,0.0026793363538352953,0.0029119557031434514,0.002187885747705838,0.0041529315429891505,0.002695255454944038,0.0006403505320599591,0.0035112159876903226,0.0027942521753406314,0.003013996257738287,-0.0014164007804021166
stdev_user_avg_anxiety,0.013364580161142725,0.012192798502525696,0.013038831844852857,0.012419608541202876,0.012672046687473537,0.01626818019500397,0.01702770105776527,0.012777444277409504,0.011724358558969097,0.013953270369740662,0.013723199236756758,0.009188754013931315,0.01344322018805396,0.018173730006164096,0.012708053013461122,0.013758316074280286,0.015926813493521347,0.012999048840088269,0.010735793703032579,0.009233565501207535,0.013654821310884841,0.014163221761395034,0.014015526472672141,0.012814835497497064,0.01308788195529155,0.012866054653043989,0.014902777003119008,0.012653606221868913,0.01265094738334506,0.015576843866372994,0.010459385439779156,0.012557482764497791,0.015702369333563025,0.011573187548711419,0.0136993025673371,0.013024788625893286,0.01892052878316415,0.0126350282349234,0.00828718744916003,0.012923596263579471,0.012394969022619811,0.00963282612130404,0.013144750864201412,0.006013497421759911,-0.011568865977124577,0.008875867291942487,0.012712569389656465,0.012477604494697491,0.01351942136140799,0.01517983546224921,0.017127132925735963,0.013213054727307962,0.012656210795219192,0.013176053458652089,0.01161518928956341,0.017117032672288247,0.010786956552123523,0.011201927404137592,0.012445811460679386,0.018554377164939257,0.012583638042375549,0.01449960940658885,0.013202197304754571,0.013365309608779128,0.005354275831002509,0.013684355706826587,0.011714228702729299,0.013662708679417976,0.01589055428271472,0.013326602250638012,0.01362983723299355,0.012595449893177943,0.013519924223214323,0.013938946546714737,0.012071454440225305,0.013391209312239256,0.01524488600541856,0.012275773651375112,0.011966681005712413,0.009853538753846187,0.015584169050048531,0.01311050246605157,0.016222729156577406,0.013544180719993446,0.014464472383045462,0.015558139631063336,0.012903364230548192,0.009952087076080656,0.012677898576653194,0.014321945203307158,0.01385689063777815,0.012106299636071568,0.016859000348938075,0.011960186538951223,0.011518575539573146,0.013256067144098518,0.012721085567537298,0.013271971918846765,0.014038762219782966,0.013659532085562892,0.015481888513358931,0.012853251999525892,0.009363419644636594,0.01257739919961319,0.013013654699897684,0.008116515092329109,0.013066610926357528,0.012208764201831979,0.012697729114660095,0.010232542840759608,0.012587068727041646,0.015575241728322104,0.013330763924662963,0.01230297229652773,0.01750571526221001,0.012247765717824599,0.011855379573608466,0.013334105626977377,0.011637120532156098,0.014878231348447419,0.01283438544559309,0.013363405646395956,0.01086269918334363,0.013865126511476686,0.014136269942917171,0.012745192114939009,0.012672020867037129,0.01356131106138711,0.011538072322279259,0.009740621474908163,0.013327261592649211,0.015108131098056261,0.013086731376652333,0.011483931566985888,0.011325894931139651,0.01176294250795228,0.013258381747885956,0.013127489871217214,0.01440548179916438,0.013227101878295282,0.013277444338393604,0.011250993005089305,0.012925232325833716,0.013233373191935148,0.012714465712564998,0.013827943205722996,0.010172454152147863,0.011792419384880511,0.016650563477871208,0.013182791702149057,0.014345171251387458,0.009029990245388055
min_user_avg_anxiety,0.0,0.0,0.0,0.0,0.0,0.0,0.0,0.0,0.0,0.0,0.0,0.0,0.0,0.0,0.0,0.0,0.0,0.0,0.0,0.0,0.0,0.0,0.0,0.0,0.0,0.0,0.0,0.0,0.0,0.0,0.0,0.0,0.0,0.0,0.0,0.0,0.0,0.0,0.0,0.0,0.0,0.0,0.0,0.0,0.0,0.0,0.0,0.0,0.0,0.0,0.0,0.0,0.0,0.0,0.0,0.0,0.0,0.0,0.0,0.0,0.0,0.0,0.0,0.0,0.0,0.0,0.0,0.0,0.0,0.0,0.0,0.0,0.0,0.0,0.0,0.0,0.0,0.0,0.0,0.0,0.0,0.0,0.0,0.0,0.0,0.0,0.0,0.0,0.0,0.0,0.0,0.0,0.0,0.0,0.0,0.0,0.0,0.0,0.0,0.0,0.0,0.0,0.0,0.0,0.0,0.0,0.0,0.0,0.0,0.0,0.0,0.0,0.0,0.0,0.0,0.0,0.0,0.0,0.0,0.0,0.0,0.0,0.0,0.0,0.0,0.0,0.0,0.0,0.0,0.0,0.0,0.0,0.0,0.0,0.0,0.0,0.0,0.0,0.0,0.0,0.0,0.0,0.0,0.0,0.0,0.0,0.0,0.0,0.0,0.0,0.0,0.0
max_user_avg_anxiety,0.012027034368466518,0.01088162753567264,0.011706080773777687,0.01107024584815106,0.011156449289894135,0.015347423674507317,0.015553321663713465,0.01136622042675341,0.010458978174622588,0.012528378076871112,0.012236876193035179,0.007926131817911207,0.012122636111141488,0.016861390501069277,0.011474830110950046,0.01235023776123808,0.014410870619145559,0.011940617829611273,0.009280140122451042,0.008028599581482112,0.012316177098376312,0.01278071672552868,0.012665451261640447,0.011591059128157614,0.011754245566040575,0.011478789823398672,0.01373774197800154,0.011356732752217207,0.011259625918223813,0.014254122717533875,0.009254980140274462,0.01123502419853109,0.014478443266803824,0.010294040837247796,0.01236216632258133,0.011678062216702978,0.017757223383371698,0.011330044206124998,0.007073723988364031,0.011578079923117442,0.01114291721856012,0.008423904941262252,0.011796320623053354,0.004996185009133116,-0.012756420464529301,0.007568282560289681,0.011371094910669411,0.011162128755665957,0.012143010119352872,0.014024077920023543,0.015435539005896573,0.011879170204562892,0.011320217487134743,0.011987266521661016,0.01025081343655259,0.015882343627410877,0.009575374764999617,0.010066901275818614,0.011074905682930795,0.017139208804077433,0.011216694231496075,0.01310845670547343,0.01187054853374304,0.012031249364501548,0.004109465322272115,0.012345685721784622,0.010395937126641618,0.012283232575087951,0.01461881503209326,0.011989256412101652,0.012252601094177359,0.0112943133327775,0.012193730674633958,0.012679237922240976,0.010800838764373683,0.012078017663563744,0.013836005026883463,0.010790635177624484,0.010642402657325547,0.00865736124892419,0.01424137818642511,0.0117981189456646,0.014919471070161252,0.012205587175620492,0.013019226201034156,0.014541449247873189,0.011589813993415854,0.010229176540125435,0.011410115018927278,0.013088567859065191,0.012475759477509922,0.010910460380044019,0.015462392457555447,0.010712003299614529,0.010209428448127493,0.011923340214714445,0.011622042574709487,0.01193505635185745,0.012720232562871924,0.012445405877940258,0.01406875064532163,0.011520701530110807,0.008144220951580905,0.011195230511374332,0.011740986650733556,0.006948213266615191,0.011721203489963174,0.010966635400250021,0.011207266935477456,0.008921687006606935,0.011219883085353998,0.014118892678026528,0.01198802373575381,0.010963388317662335,0.016356486209465032,0.01082072321658149,0.01054951194193698,0.011955238893410039,0.010394844470074797,0.013459735294390995,0.011513012238039879,0.012035261797556346,0.009486816109541565,0.012520871558483351,0.012812954152232223,0.011359645876214044,0.01134963802720529,0.012215264116877626,0.01027819050359971,0.008491872434291092,0.011997619200256344,0.01381682533493005,0.01175427756771819,0.010164957608130876,0.009683705214197307,0.010295555107082521,0.01192341051281626,0.011806421213326996,0.012972314767764424,0.011865711770055094,0.01199181545111031,0.009995453379622236,0.011607618387221665,0.011901017724616795,0.01135720713070201,0.012588740532565371,0.009229551382828532,0.01034300915401945,0.014944850806406335,0.011846009353496431,0.012884689825825612,0.0076626865247839925
average_user_avg_third_person,-0.006108542539443015,-0.005877578694907066,-0.0059716031762021,-0.006052509470332623,-0.006107165533827972,-0.004620516854428394,-0.005633846582946234,-0.00479533855487029,-0.006642982666792046,-0.006196070478181201,-0.009049151025652883,-0.004800831398151093,-0.006466946013479825,-0.006133004941542423,-0.006712696571435577,-0.006113901787666809,-0.011468337858597898,0.0011311459214005744,-0.002443396751645592,0.01019333025901375,-0.006314698284757373,-0.005548511149813011,-0.006353874896974114,-0.006905332691077827,-0.005941311639997841,-0.00574687996836473,-0.0073775217513174715,-0.0059630392031616505,-0.00576766389065733,-0.007091077961012443,-0.0013503133018736907,-0.005849490421107698,-0.006022095833013508,-0.006745994610821563,-0.005810456835578355,-0.006483259698696302,-0.0037324102442348635,-0.006403596344890954,-0.005917176020241704,-0.006457072148145204,-0.00572536673545644,-0.0031282068548194224,-0.006039427961115004,-0.00797112433384774,-0.004769172313485003,-0.0029392045967851187,-0.006060512522220441,-0.006352323778270333,-0.008092548766762072,-0.003989202749388181,-0.00687330939479258,-0.006077866615099534,-0.005873563500580987,-0.007011295854710636,-0.0014747492965179344,-0.005279965874496081,-0.004561389227206489,-0.006502834456554226,-0.006836033411950577,-0.006070157898369883,-0.006030540385496214,-0.006376526525487848,-0.0061215139556514055,-0.006076344432716006,0.001491185138831686,-0.0063901293710053216,-0.006285024214308613,-0.006404115008749149,-0.008393074023506131,-0.006157452458646731,-0.006052339790153542,-0.005314879596606013,-0.005509569975938291,-0.006166728255490488,-0.00554520007273649,-0.005774895728540622,-0.006724112215109587,-0.00658533231081763,-0.005740728872680452,-0.005146678626884947,-0.003920766975710848,-0.006247186994327789,-0.006215237883943242,-0.005795078645990876,-0.00645930581919573,-0.005769067414362755,-0.006264977778866896,-0.005390459072450166,-0.005765691821973479,-0.006748606541485319,-0.00605853584192435,-0.00588019277301386,-0.007552600505234661,-0.005271446534201654,-0.005042290524633144,-0.0061141917423169516,-0.0024529542577025653,-0.0060553037174557855,-0.006198443316528028,-0.004935172609578412,-0.00657837692876144,-0.005774047752649323,-0.00803335219572432,-0.006219205783193477,-0.005301448957875954,-0.005650169934701655,-0.006662181782637364,-0.0056519780607893685,-0.006548042047455811,-0.004481146102825331,-0.0069705687927664245,-0.007996077805276607,-0.006043528863392706,-0.006626731899847383,-0.007096073539658444,-0.006548312479021545,-0.006653866645398991,-0.006363567664122216,-0.006826011482134804,-0.005674699825309731,-0.006114396693859387,-0.006047202886860489,-0.005549946484459785,-0.0047838482493066815,-0.006149548369325452,-0.005745389058664856,-0.006005763810804576,-0.00604842755775342,-0.0060733396433142565,-0.00506685746793777,-0.0062694992371464565,-0.004390205670543056,-0.005810089934280114,-0.00579805935732601,-0.008136179155100053,-0.006905949209580877,-0.006051590665364506,-0.00661842959596181,-0.005441742156698192,-0.006258989565087367,-0.005787951776759313,-0.005212308447906116,-0.005899774552936122,-0.006265642812862137,-0.006372060172292379,-0.006353425185845706,-0.005643846241563099,-0.00526533466965259,-0.00713490351451943,-0.006287858152708638,-0.006519291554128368,-0.004047574558590285
stdev_user_avg_third_person,-0.006108542539438409,-0.005877578694902401,-0.005971603176197418,-0.0060525094703280016,-0.0061071655338231536,-0.0046205168544238145,-0.005633846582941622,-0.004795338554865988,-0.006642982666787443,-0.006196070478176722,-0.009049151025647992,-0.0048008313981465454,-0.006466946013475135,-0.006133004941539255,-0.00671269657143095,-0.006113901787662085,-0.011468337858592843,0.0011311459214044606,-0.0024433967516418057,0.010193330259016507,-0.006314698284752733,-0.005548511149808316,-0.006353874896969368,-0.006905332691073141,-0.005941311639993221,-0.005746879968359963,-0.007377521751313183,-0.005963039203157071,-0.005767663890652711,-0.007091077961007549,-0.0013503133018693044,-0.005849490421103126,-0.006022095833008849,-0.006745994610816711,-0.005810456835573708,-0.006483259698691457,-0.0037324102442309612,-0.006403596344886728,-0.005917176020237024,-0.0064570721481403736,-0.005725366735451758,-0.003128206854815046,-0.006039427961110351,-0.00797112433384271,-0.00476917231348058,-0.0029392045967810594,-0.006060512522215915,-0.0063523237782657045,-0.008092548766756993,-0.003989202749386348,-0.006873309394787573,-0.00607786661509491,-0.005873563500576327,-0.007011295854706161,-0.0014747492965138096,-0.005279965874491701,-0.004561389227202636,-0.006502834456549501,-0.006836033411945741,-0.006070157898365038,-0.006030540385491537,-0.00637652652548318,-0.006121513955646798,-0.006076344432711362,0.0014911851388347379,-0.006390129371000643,-0.006285024214303951,-0.006404115008744415,-0.008393074023500903,-0.006157452458642033,-0.006052339790148955,-0.005314879596601825,-0.005509569975933715,-0.006166728255485787,-0.005545200072731958,-0.0057748957285360955,-0.006724112215105501,-0.0065853323108126804,-0.005740728872675729,-0.0051466786268812405,-0.003920766975706671,-0.0062471869943230675,-0.006215237883938624,-0.0057950786459863065,-0.006459305819191024,-0.005769067414358469,-0.006264977778862245,-0.005390459072445916,-0.005765691821968779,-0.006748606541480896,-0.006058535841919748,-0.005880192773009314,-0.007552600505230372,-0.0052714465341970876,-0.005042290524628712,-0.006114191742312314,-0.002452954257698635,-0.0060553037174511555,-0.006198443316523318,-0.00493517260957401,-0.006578376928756741,-0.005774047752644749,-0.008033352195719965,-0.006219205783188726,-0.005301448957871409,-0.0056501699346969084,-0.006662181782632648,-0.005651978060784598,-0.006548042047451874,-0.00448114610282071,-0.006970568792761406,-0.007996077805271609,-0.006043528863388025,-0.006626731899842614,-0.00709607353965356,-0.00654831247901732,-0.006653866645394251,-0.006363567664117491,-0.006826011482129954,-0.005674699825305322,-0.006114396693854728,-0.006047202886855923,-0.005549946484455061,-0.004783848249302221,-0.006149548369321134,-0.005745389058660394,-0.006005763810799966,-0.00604842755774879,-0.006073339643309789,-0.005066857467933209,-0.006269499237141794,-0.004390205670538718,-0.005810089934275491,-0.005798059357321491,-0.008136179155095204,-0.006905949209576024,-0.006051590665359853,-0.006618429595957166,-0.005441742156693744,-0.006258989565082736,-0.0057879517767545595,-0.005212308447901286,-0.005899774552931534,-0.006265642812856855,-0.006372060172287714,-0.006353425185840977,-0.005643846241559639,-0.005265334669648073,-0.007134903514514744,-0.006287858152704077,-0.0065192915541236185,-0.004047574558586314
min_user_avg_third_person,0.0,0.0,0.0,0.0,0.0,0.0,0.0,0.0,0.0,0.0,0.0,0.0,0.0,0.0,0.0,0.0,0.0,0.0,0.0,0.0,0.0,0.0,0.0,0.0,0.0,0.0,0.0,0.0,0.0,0.0,0.0,0.0,0.0,0.0,0.0,0.0,0.0,0.0,0.0,0.0,0.0,0.0,0.0,0.0,0.0,0.0,0.0,0.0,0.0,0.0,0.0,0.0,0.0,0.0,0.0,0.0,0.0,0.0,0.0,0.0,0.0,0.0,0.0,0.0,0.0,0.0,0.0,0.0,0.0,0.0,0.0,0.0,0.0,0.0,0.0,0.0,0.0,0.0,0.0,0.0,0.0,0.0,0.0,0.0,0.0,0.0,0.0,0.0,0.0,0.0,0.0,0.0,0.0,0.0,0.0,0.0,0.0,0.0,0.0,0.0,0.0,0.0,0.0,0.0,0.0,0.0,0.0,0.0,0.0,0.0,0.0,0.0,0.0,0.0,0.0,0.0,0.0,0.0,0.0,0.0,0.0,0.0,0.0,0.0,0.0,0.0,0.0,0.0,0.0,0.0,0.0,0.0,0.0,0.0,0.0,0.0,0.0,0.0,0.0,0.0,0.0,0.0,0.0,0.0,0.0,0.0,0.0,0.0,0.0,0.0,0.0,0.0
max_user_avg_third_person,-0.006108542539438799,-0.005877578694902784,-0.0059716031761977905,-0.00605250947032838,-0.00610716553382352,-0.004620516854424637,-0.00563384658294207,-0.004795338554866456,-0.006642982666787849,-0.006196070478177107,-0.009049151025648357,-0.004800831398146972,-0.006466946013475467,-0.006133004941538704,-0.006712696571431328,-0.006113901787662454,-0.011468337858593178,0.001131145921404164,-0.002443396751642285,0.01019333025901598,-0.006314698284753121,-0.005548511149808744,-0.0063538748969697205,-0.006905332691073528,-0.005941311639993602,-0.005746879968360281,-0.007377521751313494,-0.005963039203157437,-0.005767663890653153,-0.007091077961007915,-0.0013503133018701423,-0.005849490421103554,-0.006022095833009063,-0.0067459946108171884,-0.0058104568355741015,-0.006483259698691837,-0.003732410244231258,-0.006403596344887051,-0.005917176020237251,-0.00645707214814067,-0.0057253667354521445,-0.003128206854815648,-0.006039427961110752,-0.007971124333843001,-0.004769172313480943,-0.002939204596781585,-0.006060512522216295,-0.00635232377826607,-0.008092548766757338,-0.003989202749385912,-0.006873309394787866,-0.006077866615095295,-0.005873563500576721,-0.007011295854706412,-0.0014747492965142641,-0.005279965874492183,-0.004561389227202787,-0.006502834456549833,-0.006836033411946132,-0.006070157898365604,-0.006030540385491933,-0.006376526525483518,-0.006121513955647152,-0.006076344432711758,0.0014911851388344048,-0.006390129371001028,-0.006285024214304337,-0.006404115008744781,-0.00839307402350124,-0.0061574524586424095,-0.006052339790149373,-0.005314879596602466,-0.005509569975934116,-0.006166728255486195,-0.0055452000727323585,-0.0057748957285364624,-0.006724112215105711,-0.006585332310813024,-0.0057407288726761254,-0.00514667862688162,-0.003920766975707003,-0.0062471869943234535,-0.006215237883938829,-0.005795078645986666,-0.006459305819191413,-0.0057690674143588295,-0.0062649777788626165,-0.005390459072446153,-0.005765691821969143,-0.006748606541481248,-0.006058535841919989,-0.005880192773010015,-0.007552600505230653,-0.005271446534197361,-0.0050422905246290915,-0.00611419174231268,-0.0024529542576991973,-0.006055303717451527,-0.0061984433165236975,-0.004935172609574361,-0.006578376928757095,-0.005774047752645112,-0.00803335219572029,-0.006219205783189127,-0.005301448957871737,-0.005650169934697358,-0.006662181782633043,-0.005651978060784925,-0.00654804204745182,-0.004481146102821253,-0.006970568792761795,-0.007996077805271978,-0.006043528863388404,-0.0066267318998429695,-0.0070960735396540225,-0.006548312479017449,-0.006653866645394599,-0.006363567664117884,-0.006826011482130264,-0.005674699825305619,-0.0061143966938550995,-0.006047202886856288,-0.0055499464844555365,-0.004783848249302659,-0.006149548369321521,-0.0057453890586608,-0.0060057638108003426,-0.006048427557749172,-0.006073339643310049,-0.005066857467933676,-0.0062694992371421475,-0.00439020567053922,-0.0058100899342758625,-0.005798059357321827,-0.008136179155095633,-0.0069059492095763335,-0.00605159066536024,-0.006618429595957497,-0.0054417421566940495,-0.006258989565083103,-0.005787951776754938,-0.005212308447901802,-0.005899774552931888,-0.0062656428128572035,-0.006372060172288033,-0.006353425185841357,-0.005643846241559858,-0.005265334669648439,-0.007134903514515031,-0.006287858152704426,-0.006519291554123978,-0.004047574558586594
average_user_avg_negation,0.017413786089945017,0.01768702154203796,0.01750824549016984,0.017065442283747016,0.017644130022063248,0.011114216321264305,0.01521151718541605,0.017251079887264122,0.016331382960052022,0.01725075270767924,0.01923868764002186,0.017714981100378835,0.017721842086911754,0.014782119314782183,0.016865840736153576,0.017532558034680734,0.017033430010682377,0.015093691112312412,0.015168863227018367,0.017188026001625622,0.017107749244401994,0.01645583235045088,0.017185007250524485,0.015000611734137106,0.016828065329298286,0.015183452918091894,0.015264467657515116,0.018165145995296887,0.014601639514291234,0.020885785397266633,0.018794791738201505,0.017813651657671292,0.014241588362502531,0.01586331232116659,0.017367822684800693,0.01837731097249362,0.01900421329030356,0.011600991397368785,0.015420843538298059,0.017293256734073007,0.019764689859463565,0.018483308745573416,0.016341142619599812,0.02317123051619485,0.017304830698342676,0.017515434192112368,0.01664132320342849,0.017829204914930334,0.01683330350307517,0.01680632609801181,0.019146060535319937,0.017370986560248564,0.016504622205805567,0.01563253362152993,0.01596459136184304,0.016212639634249352,0.014354633765868574,0.019054075704097253,0.016816688619944148,0.019242931503917482,0.018492756732170157,0.01407263177730457,0.0173140457539716,0.017443801440026024,0.008038207039042292,0.01755695157292346,0.017390472241332035,0.018007384976835697,0.016572635698904867,0.017650286571059447,0.017298920392483798,0.016934931227373873,0.016813545683001724,0.017345906533485323,0.016213552488651087,0.017606651020996095,0.019217566659954388,0.018883202017065524,0.017638696572889426,0.023983847398969235,0.02028480907071991,0.01720357971639713,0.01709952879700407,0.01671213621177114,0.017307287963440714,0.016330023981941163,0.016883610626202264,0.020075760627589152,0.016416055375179338,0.019386485138775875,0.015204013857342609,0.02845517671449261,0.01690181129857596,0.01477638932137208,0.017949504785905943,0.017372752660475173,0.016394903689650367,0.017455588864771193,0.01586229921104467,0.017021651742278713,0.018138101921577745,0.017226977621833527,0.01687289849068699,0.016200984080986348,0.017573301429691584,0.02314409135753746,0.01635238234735403,0.016108637314897076,0.014289556550621096,0.017662537381488985,0.015993986139078126,0.021225050919503913,0.016908162582145437,0.017867790870127475,0.016194834382357234,0.014119285985377714,0.01906131449221513,0.017586035384032965,0.02072845476285629,0.017591779964846087,0.01737647368939516,0.017354184003018358,0.01765383484355278,0.014536019510939847,0.017427383830752673,0.016207056621800255,0.017268216005622193,0.017917222753763402,0.016758366412076467,0.01825815255712668,0.01704885553801608,0.005658989844594928,0.01722399593876746,0.015665016369628703,0.019524322878295697,0.016523198210441282,0.01732017839539196,0.015204575464349643,0.015840635963061404,0.01740305310926465,0.018221268597021285,0.017890788330983877,0.017266332187928328,0.014507369288020716,0.01730135946753048,0.01817245538908982,0.020857180301838363,0.018253232472492047,0.016486000669659624,0.015476945036264098,0.016774997926779334,0.018439808643638592
stdev_user_avg_negation,0.04015332368209589,0.0389682199930501,0.03947845902633167,0.04035649755435454,0.039212209711648835,0.03920991573849793,0.035078538553076785,0.04119268827830057,0.04065520465954387,0.04246022957533939,0.040336926850066034,0.03993133134025642,0.03936860915581256,0.03722326244581099,0.041693028957321486,0.03935693570504123,0.03630209652568589,0.029287214695963706,0.03819690976900104,0.043098643020688054,0.040432822758637146,0.03865639595054342,0.04132141450787474,0.04051386776299937,0.04023411356906849,0.036464208181656965,0.036554622994471715,0.03977288186620436,0.03647040060746248,0.040751620178631896,0.028912813579949417,0.04075030178070169,0.03916754416524485,0.03680571216569618,0.03874332268699954,0.03860410112784631,0.040593828812234944,0.04429239803627263,0.041047025813954384,0.03926239736726808,0.0414616487509651,0.033974432983125025,0.039957214476409396,0.046216178784258426,0.04253013735261206,0.032926517654098236,0.03968263754607096,0.03933612427269728,0.03407836578498568,0.04048374947736772,0.040535702107996355,0.039890276731687685,0.039042233319506264,0.04539511925520447,0.033096669442377886,0.03961708679380415,0.0315972156482858,0.04032103948272112,0.039487638375068204,0.03895382776521433,0.04057207139748775,0.03081417209903135,0.040266816090582094,0.03990821671762962,0.025864929743780112,0.03960379027284161,0.038391462011490074,0.04024015192730621,0.042437222016812416,0.03969609647600694,0.0408533300272603,0.04096903230255089,0.03940996499311445,0.04202062720573724,0.03899239119468837,0.03906528810223166,0.041559652129789695,0.039235223472793165,0.03991086745142469,0.05000741477079165,0.04612864190658498,0.039386513002422505,0.04452543113150994,0.03983953110741954,0.040774757599005756,0.04395418217298537,0.040441713818611835,0.0421892403115354,0.03793945142820571,0.03881996391278793,0.0407602219725026,0.018104912664850367,0.041478810208313274,0.036542442429616226,0.04180383307255032,0.0400086052344693,0.04285144360284621,0.03975563910241671,0.03861835540871526,0.0391587286524525,0.04032973076308975,0.04009858630378742,0.04114469994698799,0.039928018727141114,0.0389922057234736,0.04105331649406078,0.03811412733863062,0.03831785234123168,0.04298510663941323,0.040322940234778074,0.03346178907127183,0.04500082275846877,0.03910330990859069,0.03995056113450575,0.036895178998810146,0.043002609163234395,0.04200582681987004,0.03921946178751278,0.03888153902833184,0.04069006522780359,0.03964918851268603,0.03989651327719608,0.04289726892163616,0.03742142887466722,0.04029578634504567,0.03888378119287485,0.039565982543262934,0.03978599745257792,0.04256130047614299,0.041963101082795,0.04030424508058203,0.03253283972349612,0.039457872549598205,0.042807730647835836,0.041825538731976725,0.03842668918599103,0.0398217410016723,0.03869907290431112,0.03660060660819142,0.040101889423830396,0.039947579217871045,0.038589967833227615,0.0399609283948232,0.03894870422757605,0.04058552525437091,0.04085665302344526,0.038562286622881095,0.035842460238297735,0.04458251858676273,0.039526081799177916,0.04045772042756225,0.03256653985746874
min_user_avg_negation,-0.0032195509797446585,-0.0026119751433310518,-0.0027596698092066073,-0.002789638762594608,-0.004877605821338334,-0.01057914780198031,-0.0035445082477719584,-0.0025095230855155075,-0.0027690912295621622,-0.007939968462796813,0.004691774845447562,-0.004299184118585885,-0.0023592227862313086,-0.0004349561105425753,-0.004521274164663485,-0.0018285008945967806,-0.003997999861478325,-0.006862070608139893,-0.003748138085156686,-0.002649433253354468,-0.003011942357161578,-0.001967577385808744,-0.004234523666251741,-0.005923043856756793,-0.003372206503658961,-0.0006080408397860235,0.0002022776850391251,-0.0026939236656575794,0.004346448376352919,-0.003254323715887247,0.0018826334364120522,-0.003005397402467809,-0.002987699445667489,-0.0025398747389763082,-0.0011382651648866194,0.0025164527257015524,-0.0036634665117292464,-0.009331463004058013,-0.013597093036698656,-0.002980604975331095,-0.0023194136342041347,0.0031056294043889923,-0.004016224937196828,-0.00839803590389968,-0.005805509971027039,-0.002290253422150379,-0.0017779603536626117,-0.001115484518825146,0.002721527295394266,-0.002855075870772529,-0.0034301753345245605,-0.0026727652742740745,-0.002189868463460547,-0.010770541653862112,-0.00037975548715652504,-0.005163761626347175,-0.004941056784816744,-0.0012247806995410058,-0.0036075027527465806,9.348239701589735e-05,-0.001338154366414478,-0.001899803616496984,-0.002531990241731525,-0.002469497380234286,0.0031725701945122375,-0.003091075362930854,-0.0036469210109652487,-0.0023638796086041455,-0.009256725206710146,-0.002068339760888613,-0.003380165711638754,-0.0037878969999166354,-0.0026265226419940977,-0.0036435255867761415,-0.0038891418750043125,-0.0025791144328364025,-0.016769746261678136,-0.0010844923400872728,-0.0025402855655287564,-0.004302250242661267,-0.0054567264309042214,-0.001662120715082609,-0.008294899196996098,-0.0028566236474055658,-0.004992509826109339,0.0007324801516064936,-0.003714236556234549,-0.0007853850303817696,-0.0036026168392933756,-0.0049272685677562555,-0.0031200888228209954,0.038521806395867164,-0.005829848151067543,0.0016017769741561542,-0.0011394667135092755,-0.002725275590065147,-0.00025233971603257944,-0.0024523331311585954,-0.004878484647900792,-0.0004647516514750469,-0.002828239538723021,-0.0019509284628293107,-0.008240708021437755,-0.00467545737963968,-0.0026247662603206155,-0.0023452405194016607,-0.0022118850550849594,-0.004213405794834629,-0.007581910627811002,-0.0011644237640098974,-0.007525061077091797,-0.0022994603250687147,-0.0031157293467391906,-0.0017582783899842214,-0.0027286992064414987,-0.007638968152534394,-0.0016664902016839678,-0.0024695851779526195,-0.0030622991737521525,-0.0021194130091384076,-0.0027265023062430418,-0.0026697503827451162,-0.003963618313840907,-0.0043931727325106935,-8.506435247710928e-05,-0.002214855274486921,-0.0034309038896056156,-0.0003862105819054905,-0.004524588879838965,-0.0019522322903301643,-0.002301692745680095,-0.0036802565174569434,-0.002883169657840261,-0.017565727762521337,-0.001931719666690897,-0.006708461555647329,-0.00243727282607451,-0.005982204072591051,-0.0022578030658098446,-0.0025702451906559898,-0.0026548530875243493,-0.0031500299997065887,-0.0031309888701401174,-0.009883141016296292,-0.004027420343596105,-0.005140851120867798,-0.014945858389642285,-0.0023414396867624063,-0.016601920621566395,-0.0017087273441174604,-0.004195038697969625,-0.007009716854427542
max_user_avg_negation,0.04291251447593523,0.042326342282470265,0.04253731985789817,0.04306359883031068,0.04221207002703897,0.039635958819509216,0.03807391866531708,0.0439115819497791,0.04325730959530902,0.04375843407958535,0.04518858199486178,0.041692062798660515,0.042544030386384074,0.03971381916497576,0.04365919313003044,0.04253150525009387,0.039439475387757036,0.032547733500564204,0.04130030619517814,0.04489619492226045,0.04310050496324196,0.041890588879523544,0.04386582853518646,0.042459207882718765,0.04283448919536937,0.040219757169965745,0.041123725274583016,0.042823251268853925,0.0413244053478473,0.0440795443555936,0.03521515876662954,0.04335536922740647,0.0415494904458863,0.040496659691622035,0.04240696444280246,0.04312548217190894,0.04224298887325537,0.04248835278503833,0.04071530803199834,0.041901709548336406,0.0448011227157787,0.038917044859878784,0.04254409134016347,0.04712221590525211,0.0441978892992838,0.03723353986463474,0.04272750022387753,0.04285147592862451,0.04026967827729622,0.04271091548579695,0.04367130486585741,0.042839980466463756,0.04210486186926599,0.04461400142225462,0.03781701275367776,0.04167778069901816,0.03582573156659893,0.043468038996012856,0.04217463766679611,0.04269717357940263,0.04393041973364276,0.034922996188251405,0.04308518101053532,0.04290781754412193,0.028907226416702233,0.04284357551660853,0.04152252228200108,0.04308980829895005,0.044414374451386025,0.04291709380536247,0.043471664867508454,0.04336481893482025,0.04223389841348966,0.04384312520846449,0.04158758518172574,0.042202556489994575,0.04120183780083475,0.042813131222385475,0.04320386574021691,0.05136309722310618,0.04437864658111543,0.04274941280909324,0.04394694335202927,0.042597239051439126,0.04327488604832965,0.046305718501405566,0.04303366684637814,0.045086190692303664,0.04084230699749627,0.0424193863036065,0.042786111225897296,0.03272022864219621,0.043473467478409904,0.040073289655755094,0.044714617475495856,0.04291483569682875,0.044366623444279094,0.04278249174544792,0.040734575123802685,0.04244837911726083,0.043288945780528484,0.04315163714705764,0.04263393909843656,0.042677654659214304,0.04193630538161022,0.044830030201291296,0.041497188313832284,0.041147706321561624,0.04184733169629825,0.04343080650831676,0.03676440108438536,0.04746100121511407,0.04204935345631456,0.04313718240822359,0.040506353265852446,0.04245304854002613,0.044795428496833906,0.04234841966589554,0.04290199046155028,0.04334779182013963,0.04261093771208038,0.042814633463213764,0.04486629834758901,0.04016257755407074,0.04370105639441577,0.04160820485765173,0.04241643311240308,0.04348991267440154,0.044223805994826296,0.044598939360518536,0.04311139859615375,0.03281993804989539,0.04235660806574936,0.042071488629909295,0.04468521258020472,0.04054436145235106,0.04278505259104729,0.04074580535859672,0.0402032872770905,0.04304692297043462,0.04280279444418642,0.041604107330353954,0.042795187082137184,0.03975239493395772,0.04306979536241806,0.043943140704630984,0.04052625280998273,0.03973963470576174,0.04399101217827317,0.04230247707065614,0.04287784858302326,0.03646762438070642
average_user_avg_swear,0.008512292684393357,0.008087244661755682,0.008478662553108746,0.008039117773392493,0.009756091431671336,0.012927738906624575,0.008537704337303992,0.007277438580253504,0.005751484452875169,0.010440349134348192,0.007677986312638959,0.007996264195408163,0.0076680843394141725,0.0025099010925037114,0.010645360528074946,0.008371518491344458,0.006461966793404489,0.0075028867557324925,0.010278813882931764,0.008738169663172729,0.008471211710932448,0.008631529373018898,0.007187912501917651,0.007879516354671752,0.008447823579493852,0.00971806757873628,0.008314307508597048,0.008731708230520321,0.007917430605215475,0.007670909905332146,0.010516417191661345,0.008957048312876695,0.0056440118667876946,0.007627653946542945,0.00660331933492031,0.008964963484828361,0.006304520546924791,0.008275788910342021,0.010069893217734369,0.008269143523004396,0.0065501184955734214,0.010784162100934712,0.008164849498967564,0.008959785050039923,0.009429795857335258,0.00998334049441047,0.008697669192748508,0.008275581371487255,0.009913137467977047,0.006608098255118742,0.008955813226552048,0.00822583295179406,0.008468837154761724,0.005003772336629365,0.008752511088251855,0.008627004381249921,0.006681771407022695,0.00819729953787882,0.008643400685356952,0.009602749060073698,0.008735938197042603,0.007738967520500134,0.008202338754047274,0.008238611771501186,0.0011547305330526086,0.009434476959900915,0.009940763797760587,0.00880755766398498,0.006371556729488259,0.00824417429931891,0.00774403056883244,0.008860652968065577,0.008536493570029065,0.008123889941562563,0.008298727134294455,0.008197106821956325,0.008072402109326306,0.008992824564143994,0.008731482417642288,0.0003044693321103218,0.00954652063096605,0.008159409574164314,0.008633669416302794,0.008008975691694576,0.009365287054734496,0.004972626378468162,0.008096018636540653,0.00421730630323882,0.008536162867122412,0.006371226985081944,0.008987121651792846,0.006181027134691305,0.007523065416065478,0.008379860555370875,0.008219272237339188,0.00816159815250981,0.007968349516977011,0.008291675530358296,0.006906949200176687,0.006510145379288819,0.008099096858591464,0.008839058610598447,0.005761619879629231,0.007893066975089584,0.008919018683033469,0.00926693675052679,0.009032501552454265,0.006543811819076147,0.00771942804652081,0.010951981801951415,0.007800763437733972,0.011634672821010255,0.008160045661477131,0.0081806742980071,0.007006229279170405,0.007221911010671872,0.007570929638261061,0.007829127794469532,0.007460653127046734,0.007740894921390268,0.008120427517873681,0.008242798724522878,0.011445983270058075,0.005863427837694073,0.008936114127372672,0.010162621482567694,0.008340874741618768,0.008297289916019242,0.010098013312550011,0.008753637808563846,0.007936757899416919,0.012508452279070367,0.00963373204416014,0.008730623149023052,0.0029304232179345,0.009715527088045486,0.008274419736888102,0.006399565806156143,0.006859030418791368,0.008224296663138893,0.008265513091946229,0.007830006888548968,0.007768589019927493,0.007401411389452221,0.008597864564738553,0.008446204214224068,0.011247387489722878,0.009460848184985035,0.008435495246989597,0.008227817296661862,0.009740169378180832,0.011854573394311434
stdev_user_avg_swear,0.013581028956327061,0.013079287020739499,0.013498164018516811,0.012966904925885057,0.015263334658824956,0.019311710482604036,0.013301145976869332,0.01254612313982856,0.010849791099667487,0.014484238059073765,0.013286227945008713,0.012200118998883978,0.01285803868173629,0.008505541825675957,0.016878641954012882,0.013330840407697516,0.01115581715792258,0.009623440534364145,0.016389931520109362,0.012774130247974682,0.013498670067869136,0.013098712930768563,0.01252793663146264,0.012303499744462047,0.013526204260242574,0.013323570337053536,0.01378253408255048,0.013616643387979653,0.01308227963646343,0.013108328265414576,0.013565970332309189,0.01371772676728882,0.01032480138342204,0.012653370247558129,0.0127342974492682,0.014537321232014327,0.011449757804260592,0.01484813011737554,0.01446933752205317,0.012703822918982212,0.011098689276363831,0.016333019659075132,0.01329463821768915,0.012414027618164727,0.013736472266258456,0.01356360069763123,0.013795343832786985,0.013180174531385848,0.014493267300391549,0.011185427333160582,0.013682946133889982,0.013230054185174539,0.013419310317973273,0.010599049771194361,0.013184807793195563,0.014635735006072707,0.011670795668265994,0.012861060371411144,0.013250695840642859,0.01452238709540688,0.014089512873720216,0.012525635317065633,0.013190448809959687,0.013238486192953392,0.005230953837601247,0.01477187740982356,0.015182583979828738,0.014125176312533419,0.012180770740965984,0.013274484923190567,0.012427283774650015,0.013695110539025052,0.013405468229474509,0.012835480504082074,0.013504700916699449,0.013312150674797423,0.012918364539604548,0.013375246426160938,0.01345683326962994,0.005273781152355288,0.014107471134059961,0.0131628272824868,0.012862683143372924,0.012932947732302151,0.01502617116865987,0.009449977510357414,0.013178535723798263,0.008490874354421793,0.013194895103614719,0.01171224403005107,0.014063041989452171,0.010523617759511076,0.01094490470594903,0.012387816932996086,0.013104782577388438,0.013174867995691062,0.013395624125423545,0.013272790781000916,0.011612258619990889,0.011740677806946128,0.013459822429953486,0.013677144253232885,0.008311933034681942,0.013104899685675037,0.013610259086983177,0.011849575693578982,0.01402836401667556,0.012249652772372863,0.010296789362442537,0.01577839198611565,0.012673684653343472,0.0166887162130072,0.013173946980714533,0.013059760651830277,0.01206225496387978,0.011288856007836247,0.012171421670237895,0.013078452582208184,0.011891958445123425,0.012269939992935651,0.013111072184747859,0.013201856353429358,0.016397374253402895,0.011809760927052009,0.01357315518043387,0.011527424662996399,0.013351833195695868,0.013221716078296523,0.015056960836570344,0.0136509150019048,0.012803847103337807,0.017503798864227663,0.012990026100150638,0.0129605541509525,0.010219846672390148,0.014792948471703453,0.013269406570597346,0.011301581782885182,0.01119103613692755,0.01336600843551786,0.013977885510765817,0.012037860092917976,0.012832357416506976,0.013922288160503397,0.013179747724286291,0.012397954665424897,0.015274406052910649,0.01396186998086831,0.014225784495494633,0.013269634010185206,0.014763035810849173,0.015891604324642237
min_user_avg_swear,-0.018633009105994726,-0.018161398092279776,-0.018379313242461896,-0.017889470644409322,-0.017101704802739058,-0.015557795657277494,-0.01770254216325265,-0.017940571132637306,-0.01805128034842994,-0.01689065890798973,-0.017384858935981285,-0.02056824365412814,-0.018833109901483694,-0.019973379510403556,-0.01850789680462047,-0.01823933099145515,-0.018708237758932742,-0.013384890012211763,-0.01921162786233202,-0.01605400430417954,-0.01840606213243076,-0.017249854949074973,-0.021052158420281002,-0.01867811897245441,-0.018346172854861544,-0.014396732914905461,-0.02136688100418093,-0.018434202825058452,-0.018704104139724727,-0.019383983123091787,-0.01848803994717563,-0.017534159501603024,-0.020305960498077716,-0.017747907638436467,-0.018640922583994163,-0.01823124110027231,-0.016336633809133867,-0.019267039287421333,-0.014723060085624573,-0.017155976826919207,-0.01804373357921298,-0.016735992157435556,-0.018518934132248255,-0.020872306053853366,-0.017735011715806864,-0.016044141757130703,-0.018501300025413735,-0.018315761914424824,-0.014278423042548762,-0.018548920930055647,-0.018781524586308416,-0.018507210006129343,-0.017847049536103252,-0.021170530773547646,-0.016688431060104952,-0.018268348695043977,-0.0204064683070614,-0.01868195151927986,-0.01776055775599688,-0.0193370755156993,-0.018140518215126397,-0.01823099396353691,-0.0183944224500426,-0.018570851521235936,-0.01254347915690577,-0.018424104711635116,-0.01778024265254493,-0.01823752662409865,-0.018534869883838307,-0.01845574683987648,-0.018140754862829556,-0.017764281776191423,-0.018205329398495604,-0.017923090324433233,-0.01777372810491614,-0.018862877587894594,-0.018203808811335837,-0.018452757338635675,-0.017197796502079973,-0.01739107390330343,-0.016164261541336152,-0.018368883575222292,-0.01638020965412098,-0.018089788231852207,-0.02046381186355523,-0.022321383609525455,-0.018411285552046422,-0.02119138387552617,-0.016618970542253,-0.017941806608535508,-0.01884149616584247,-0.015292509599408834,-0.014776390671099643,-0.0185785608428537,-0.0188367524560155,-0.018457603612323143,-0.01506125037091575,-0.01851593327285269,-0.018473088819649406,-0.018733899280728786,-0.019305183131964762,-0.01789983834538897,-0.019413675025441453,-0.01871986951852326,-0.017980631157371803,-0.019229108738310415,-0.01814753699292301,-0.01897744496252735,-0.02130554663523239,-0.018582584671177075,-0.013811661775022386,-0.018589973413548348,-0.018115052409613915,-0.01815536554543923,-0.01885382258219843,-0.020850987340986275,-0.01904064016101663,-0.018323102354928532,-0.01867013773039805,-0.019821312078800033,-0.018473337674580707,-0.018504522656516125,-0.014768515483452037,-0.017484702643175157,-0.01692840404895861,-2.250916178027999e-29,-0.01871939519665699,-0.018441896814682675,-0.016992394493565974,-0.016683148549892352,-0.01855757078386806,-0.0195341522475374,-0.018253690799885987,-0.01946927476047876,-0.01581341254098841,-0.015578266582772093,-0.01849174341026088,-0.018984663515183957,-0.019377427655157077,-0.018781474524963118,-0.018907410380263688,-0.017548966910965347,-0.018932249238206356,-0.02116259057816154,-0.018302503002998165,-0.016245863708654783,-0.012623251867132129,-0.016296764998305655,-0.020127307645695643,-0.018803988409020474,-0.01720884699180071,-0.016756299829815514
max_user_avg_swear,0.011783739204872018,0.011324290046875162,0.011718016847242198,0.011215570520626173,0.013496146969330788,0.017665231883417586,0.01157888046434484,0.010718212172970972,0.009016865043653267,0.012958967535687798,0.011353140393930965,0.01054257341698307,0.01099535031165597,0.006142048393605635,0.014796767685764696,0.0115480226771599,0.009357343770671496,0.008607323327704471,0.014479892523802136,0.011306682315976183,0.011694716519828193,0.011479231095682182,0.010621660404844427,0.010604075853742595,0.011740923751789534,0.011818627271108046,0.01187336982449497,0.011879881197880518,0.011240310504371917,0.011225651986483827,0.012177340437865355,0.012035167545764645,0.008424964906398907,0.010884973202172896,0.011100193695803348,0.01267180186492468,0.009805316036317463,0.012641525546222799,0.012885805463397945,0.011056129162787,0.009334974121979308,0.014561946685586045,0.011488393698927044,0.011067560818970841,0.012104556750322614,0.01239193256944046,0.01198010457015905,0.011452717971984203,0.012950162460188515,0.009471273674528696,0.011982430255825407,0.011445773462329552,0.011655491430470892,0.008476491391523067,0.011646567620270304,0.012809555595000103,0.00996157451169175,0.011141441153922493,0.011603658072334969,0.012840928753091946,0.012242330253101013,0.010838367374482951,0.011407805367615445,0.011452489855857388,0.003921308492460451,0.012927723811949144,0.013404136220668423,0.012265949775039505,0.010196608592857334,0.01150381672995135,0.010720346178709613,0.011967279165477046,0.011696209267490388,0.011123815712653196,0.011697497797380284,0.011498419410816097,0.011160531245762113,0.011730259624174353,0.011744970966443316,0.003520294055981253,0.012568003153624939,0.011367630903979901,0.01107159058841558,0.011184327773714047,0.013122416907285111,0.007747640863484312,0.011366177614471742,0.006784212856458721,0.01151519852786747,0.009908314192190425,0.012322047900088685,0.008934457737210211,0.009451776838152135,0.010805335531859925,0.011365323362809297,0.011391027139950074,0.011479952014391635,0.011497126633203429,0.009864248733616372,0.009934514965144612,0.011532243330176644,0.011948657754712011,0.006899008816369486,0.011295211383435241,0.01191011954848804,0.010478584553111363,0.012312458188358197,0.010306913965333514,0.008813562039077228,0.014129273193954513,0.010930698997029233,0.014893416595622695,0.011400244125315281,0.011321558284094922,0.01015737606948567,0.00952262872048748,0.010456535380021729,0.011239971912936814,0.010136966805730327,0.010475406696262575,0.011323922403909134,0.011436386919741998,0.014784674378624659,0.00971397044576032,0.011930840398077121,0.010881292201293238,0.011558829337364305,0.011473021254510286,0.013379659540963628,0.011961555824778366,0.011018898461939297,0.015743680925804165,0.011642501716393205,0.011339074744834924,0.007707132560847107,0.01314195186243535,0.011488666222386295,0.009499180760504702,0.009504825770293771,0.011555479901191067,0.012063800490219614,0.010541716006123058,0.011037699060208775,0.011838552341458088,0.011492327185228251,0.010820550242061706,0.014105841831858135,0.01232149765290988,0.012241407894459877,0.011455664385334236,0.013034242775968633,0.014349851391431787
average_user_avg_death,-0.021125501163243503,-0.021095957637747374,-0.020744975283086865,-0.021325623918776182,-0.020957420927814885,-0.01835711353511175,-0.020804185562487088,-0.020777518595751183,-0.02203849407095476,-0.01933775855605361,-0.020084826858050027,-0.020368173546375816,-0.021019967650498336,-0.021809057155410455,-0.020071129249404303,-0.021599566632811613,-0.026757145918458645,-0.02169204025640699,-0.01982381791338083,-0.019927003050001113,-0.021215333020346776,-0.02083331995778203,-0.021406179939737376,-0.021034969552224732,-0.02093257208692703,-0.020169421562857656,-0.01926466064643823,-0.021864363800387813,-0.019923141606694117,-0.020585043606817385,-0.014660321675622852,-0.02075817167901895,-0.022183351442530523,-0.02063523160171132,-0.021118444269408294,-0.01983160482554555,-0.022130638185022845,-0.019136527446945405,-0.022298052150826253,-0.023244124802601802,-0.0221172034084429,-0.0186809204979008,-0.02140858403173985,-0.020380183641720038,-0.02098636811290937,-0.02118337549366217,-0.021812817875783187,-0.020921165626395878,-0.02139008399096317,-0.023377790168213057,-0.021993861467043456,-0.021279377944284385,-0.02154651904970149,-0.021640326404862797,-0.020194960971522777,-0.02058831868354371,-0.020565654710603266,-0.02019789792914224,-0.02111991477678732,-0.022090889666717774,-0.020998574044711688,-0.0206032412372332,-0.02129304521331877,-0.02126940014230295,-0.021049585980505867,-0.02142837701017676,-0.02107234214803435,-0.02086339771818916,-0.019033772638327305,-0.021344711446951013,-0.02123026325042609,-0.020778875917967503,-0.02117910787687701,-0.02230467468528268,-0.02123424722675174,-0.02123912541977292,-0.018665342486694093,-0.02187283499650961,-0.02037963870940416,-0.015804594838478236,-0.018587790858417788,-0.020902425908081595,-0.01818961055413902,-0.021080517460524063,-0.02061934874188259,-0.02449402940537165,-0.021311958882903312,-0.02194866314195872,-0.021051740487152224,-0.022257926346457277,-0.021930797700425372,-0.019856101409751498,-0.02324154791224505,-0.024647372252531247,-0.020265381042394844,-0.021174341129808358,-0.016038805474740382,-0.021276358963216644,-0.02211299482379922,-0.022123250826595636,-0.02169780874882965,-0.020898321828413766,-0.021509857031609347,-0.02160558424845248,-0.0212012403008522,-0.017403742358764723,-0.020961348916196568,-0.01955212577519095,-0.0242899813195618,-0.018991140092261848,-0.020153423011455146,-0.020684368366047284,-0.020952522565782287,-0.020909593691647806,-0.021951116618274036,-0.02214873089703152,-0.020763493199533502,-0.021387628132459702,-0.022460098402213694,-0.020838037461142787,-0.021427589756793465,-0.021363617021908792,0.010256219508057825,-0.020816545136573827,-0.024194889983081454,-0.01987206396634897,-0.021602495489861318,-0.021673839242208347,-0.019382026538799033,-0.015781072282089803,-0.021379503901160106,-0.020236072413871375,-0.021286793515024122,-0.021949380321097466,-0.015468541488807398,-0.024018167318286567,-0.02127741558009575,-0.021760869737397357,-0.021465094041066696,-0.02097151020560553,-0.02167976185284635,-0.021024722673449195,-0.02134146940936636,-0.023232712035015018,-0.02123981520803441,-0.02194349079482503,-0.016739685843814717,-0.021422063335527326,-0.022886715855014617,-0.021041432182529414,-0.019262498356609196,-0.011762599077098812
stdev_user_avg_death,-0.02112550116323984,-0.02109595763774369,-0.020744975283083195,-0.02132562391877249,-0.02095742092781129,-0.01835711353510799,-0.020804185562483507,-0.02077751859574776,-0.02203849407095089,-0.019337758556050258,-0.02008482685804662,-0.020368173546372225,-0.021019967650494634,-0.02180905715540668,-0.020071129249400712,-0.021599566632807883,-0.02675714591845429,-0.021692040256403228,-0.01982381791337717,-0.019927003049997553,-0.021215333020343053,-0.020833319957778366,-0.021406179939733677,-0.02103496955222104,-0.020932572086923364,-0.020169421562854034,-0.01926466064643472,-0.021864363800383976,-0.019923141606690533,-0.020585043606813735,-0.014660321675619793,-0.020758171679015277,-0.022183351442526766,-0.020635231601707674,-0.021118444269404634,-0.01983160482554204,-0.022130638185018536,-0.01913652744694191,-0.02229805215082235,-0.02324412480259793,-0.022117203408439225,-0.018680920497897432,-0.02140858403173612,-0.02038018364171626,-0.020986368112905822,-0.021183375493658296,-0.02181281787577945,-0.02092116562639224,-0.021390083990959513,-0.023377790168209157,-0.021993861467039636,-0.0212793779442807,-0.021546519049697732,-0.02164032640485907,-0.02019496097151915,-0.020588318683540226,-0.02056565471059945,-0.02019789792913855,-0.021119914776783707,-0.022090889666713933,-0.020998574044708052,-0.020603241237229536,-0.02129304521331507,-0.021269400142299204,-0.021049585980502616,-0.02142837701017303,-0.02107234214803073,-0.02086339771818553,-0.019033772638323895,-0.021344711446947277,-0.02123026325042242,-0.020778875917963843,-0.02117910787687322,-0.02230467468527893,-0.021234247226748014,-0.021239125419769196,-0.018665342486690592,-0.021872834996505833,-0.020379638709400526,-0.01580459483847571,-0.018587790858414388,-0.020902425908077837,-0.018189610554135722,-0.02108051746052037,-0.020619348741879054,-0.02449402940536754,-0.021311958882899606,-0.021948663141954625,-0.021051740487148488,-0.02225792634645355,-0.02193079770042166,-0.019856101409747775,-0.023241547912241096,-0.024647372252527232,-0.020265381042391246,-0.02117434112980464,-0.016038805474737357,-0.021276358963212935,-0.022112994823795452,-0.022123250826591667,-0.02169780874882591,-0.020898321828410147,-0.021509857031605444,-0.021605584248448786,-0.021201240300848495,-0.017403742358761437,-0.020961348916192918,-0.019552125775187473,-0.024289981319557636,-0.01899114009225838,-0.020153423011451586,-0.02068436836604374,-0.020952522565778613,-0.020909593691644135,-0.02195111661827008,-0.022148730897027635,-0.020763493199529814,-0.021387628132455965,-0.022460098402209923,-0.02083803746113915,-0.02142758975678976,-0.02136361702190509,0.010256219508058481,-0.020816545136570032,-0.0241948899830774,-0.01987206396634555,-0.021602495489857532,-0.021673839242204618,-0.0193820265387957,-0.015781072282087964,-0.02137950390115638,-0.02023607241386772,-0.021286793515020427,-0.021949380321093687,-0.015468541488804808,-0.024018167318282508,-0.021277415580092045,-0.021760869737393624,-0.021465094041062942,-0.02097151020560193,-0.02167976185284258,-0.021024722673445455,-0.021341469409362643,-0.023232712035011018,-0.02123981520803072,-0.021943490794821274,-0.016739685843811546,-0.021422063335523475,-0.02288671585501082,-0.021041432182525646,-0.01926249835660609,-0.01176259907709587
min_user_avg_death,0.0,0.0,0.0,0.0,0.0,0.0,0.0,0.0,0.0,0.0,0.0,0.0,0.0,0.0,0.0,0.0,0.0,0.0,0.0,0.0,0.0,0.0,0.0,0.0,0.0,0.0,0.0,0.0,0.0,0.0,0.0,0.0,0.0,0.0,0.0,0.0,0.0,0.0,0.0,0.0,0.0,0.0,0.0,0.0,0.0,0.0,0.0,0.0,0.0,0.0,0.0,0.0,0.0,0.0,0.0,0.0,0.0,0.0,0.0,0.0,0.0,0.0,0.0,0.0,0.0,0.0,0.0,0.0,0.0,0.0,0.0,0.0,0.0,0.0,0.0,0.0,0.0,0.0,0.0,0.0,0.0,0.0,0.0,0.0,0.0,0.0,0.0,0.0,0.0,0.0,0.0,0.0,0.0,0.0,0.0,0.0,0.0,0.0,0.0,0.0,0.0,0.0,0.0,0.0,0.0,0.0,0.0,0.0,0.0,0.0,0.0,0.0,0.0,0.0,0.0,0.0,0.0,0.0,0.0,0.0,0.0,0.0,0.0,0.0,0.0,0.0,0.0,0.0,0.0,0.0,0.0,0.0,0.0,0.0,0.0,0.0,0.0,0.0,0.0,0.0,0.0,0.0,0.0,0.0,0.0,0.0,0.0,0.0,0.0,0.0,0.0,0.0
max_user_avg_death,-0.021125501163237526,-0.021095957637741435,-0.02074497528308092,-0.021325623918770197,-0.02095742092780905,-0.018357113535105656,-0.020804185562481307,-0.02077751859574565,-0.022038494070948496,-0.019337758556048218,-0.020084826858044497,-0.02036817354637,-0.02101996765049234,-0.021809057155404342,-0.020071129249398502,-0.02159956663280557,-0.026757145918451596,-0.02169204025640093,-0.019823817913374897,-0.019927003049995343,-0.02121533302034076,-0.02083331995777609,-0.021406179939731373,-0.021034969552218702,-0.0209325720869211,-0.020169421562851775,-0.019264660646432542,-0.021864363800381627,-0.019923141606688302,-0.020585043606811473,-0.01466032167561787,-0.020758171679013025,-0.02218335144252439,-0.02063523160170541,-0.021118444269402344,-0.019831604825539872,-0.022130638185015854,-0.019136527446939743,-0.022298052150819894,-0.023244124802595526,-0.022117203408436932,-0.018680920497895336,-0.021408584031733825,-0.02038018364171389,-0.02098636811290363,-0.021183375493655923,-0.02181281787577715,-0.02092116562638996,-0.021390083990957227,-0.023377790168206715,-0.02199386146703726,-0.021279377944278366,-0.021546519049695453,-0.021640326404856747,-0.020194960971516927,-0.020588318683538033,-0.020565654710597066,-0.020197897929136302,-0.02111991477678148,-0.022090889666711563,-0.02099857404470579,-0.020603241237227267,-0.021293045213312763,-0.021269400142296925,-0.021049585980500597,-0.02142837701017071,-0.021072342148028514,-0.0208633977181833,-0.01903377263832175,-0.021344711446944973,-0.02123026325042013,-0.020778875917961546,-0.021179107876870867,-0.022304674685276565,-0.021234247226745717,-0.021239125419766854,-0.01866534248668842,-0.021872834996503478,-0.02037963870939825,-0.015804594838474167,-0.01858779085841227,-0.020902425908075534,-0.018189610554133692,-0.021080517460518065,-0.020619348741876917,-0.024494029405364975,-0.021311958882897296,-0.02194866314195207,-0.02105174048714616,-0.022257926346451243,-0.021930797700419315,-0.019856101409745443,-0.023241547912238703,-0.024647372252524724,-0.020265381042389036,-0.021174341129802366,-0.01603880547473549,-0.02127635896321064,-0.022112994823793093,-0.022123250826589183,-0.021697808748823568,-0.020898321828407923,-0.021509857031603023,-0.02160558424844647,-0.021201240300846188,-0.01740374235875939,-0.020961348916190666,-0.019552125775185364,-0.02428998131955507,-0.018991140092256237,-0.020153423011449394,-0.020684368366041508,-0.02095252256577633,-0.020909593691641866,-0.021951116618267673,-0.022148730897025203,-0.020763493199527548,-0.021387628132453602,-0.02246009840220757,-0.020838037461136855,-0.021427589756787414,-0.02136361702190276,0.010256219508058884,-0.02081654513656766,-0.02419488998307486,-0.019872063966343435,-0.021602495489855177,-0.021673839242202276,-0.019382026538793656,-0.01578107228208683,-0.021379503901154083,-0.02023607241386544,-0.021286793515018113,-0.021949380321091318,-0.015468541488803198,-0.024018167318280013,-0.021277415580089745,-0.021760869737391324,-0.021465094041060593,-0.020971510205599675,-0.021679761852840238,-0.021024722673443158,-0.021341469409360356,-0.023232712035008495,-0.021239815208028416,-0.021943490794818946,-0.016739685843809606,-0.02142206333552107,-0.022886715855008486,-0.02104143218252335,-0.019262498356604166,-0.011762599077094054
average_user_avg_health,-0.03459744190628428,-0.0350133768403743,-0.03469427367692776,-0.03441777110915041,-0.033168138174156994,-0.019124188213040245,-0.020592256720723533,-0.03700332842482501,-0.03590865367810599,-0.03362103025026202,-0.036557400882119145,-0.031977672260750156,-0.0342672283821978,-0.0283107873876157,-0.03362441004989718,-0.03478935051855267,-0.02994025532611702,-0.024835125191016806,-0.032453749818825456,-0.03427570055852747,-0.034434034482062385,-0.03580425089279707,-0.03418371848245986,-0.03459444887795217,-0.03461591501732308,-0.03605909181878757,-0.03482526478347088,-0.03417735144855563,-0.03621395701821397,-0.03465054995056712,-0.029797504983119075,-0.03460251730844175,-0.03473153536051134,-0.034931603909627504,-0.03406655734930684,-0.03543281329441145,-0.03385855714271468,-0.03485006740516737,-0.03580436504399832,-0.034890442605795526,-0.03543778898998935,-0.032396544690038206,-0.03464422174337542,-0.021335912567649065,-0.035261440895716895,-0.03564995984194866,-0.033760091746844884,-0.03436265285451982,-0.03371686117122063,-0.034030216562920185,-0.034955070052185636,-0.03450998806779323,-0.035462327190241054,-0.03591511287921776,-0.03322243052673716,-0.03477266738870471,-0.03418435420518986,-0.03289632834242474,-0.03421045427950638,-0.032863714227356094,-0.030980538073607483,-0.039868245855728665,-0.03429524209952021,-0.03452154982071142,-0.034246290860713416,-0.03434219081058944,-0.03499461623389817,-0.03140434862052897,-0.03521028992888568,-0.03488704505118702,-0.03565455088555467,-0.03409764679202818,-0.03338474225392481,-0.033766714722596465,-0.034774750227698936,-0.03411330245233469,-0.034446840040958646,-0.03314594562333099,-0.034484841382401266,-0.024752751215341637,-0.032921772471785404,-0.03469347810360558,-0.03159154680909469,-0.034362646000070655,-0.03495306013388952,-0.03283263079407211,-0.034123459549697796,-0.03547383292477429,-0.03273840358187912,-0.034621877066017104,-0.03430656693015198,-0.03133698678691862,-0.03563867537175728,-0.034043910300971786,-0.03350714635275426,-0.03445583974918727,-0.03718921893067635,-0.034537923009481455,-0.03369513712076244,-0.03354686654248606,-0.030602333939560376,-0.03519393703698638,-0.03616869373609278,-0.03529319460245488,-0.03175456180900384,-0.03561013428280864,-0.034888204825012877,-0.0333284088109366,-0.02639940865032798,-0.032720282715979376,-0.04060019665459244,-0.034670561614250216,-0.034562806396267826,-0.03475845216991172,-0.03656428189784266,-0.029952344997576735,-0.033321410932193166,-0.034500501904665686,-0.03462540844085139,-0.03267181178825471,-0.034393193856674206,-0.03438265804642728,-0.03385605183191489,-0.03666699400865317,-0.03462011231407789,-0.03501385061662626,-0.03478061884020016,-0.03505788897861956,-0.03429368670650126,-0.032987261776424755,-0.0351161811729834,-0.03330179350579022,-0.03427060871467928,-0.033214733578060415,-0.037307997273228664,-0.03169769645541673,-0.03448427783004833,-0.03411939867239089,-0.03362269544778055,-0.034636727033191504,-0.0354483860806286,-0.033095060655059134,-0.03476950215991734,-0.030551613375916043,-0.03455541775848389,-0.034928014087111776,-0.026933638399743026,-0.03336848055522654,-0.033585484326351785,-0.0348900826981733,-0.0354005580029359,-0.03391630730705453
stdev_user_avg_health,0.015216976937583549,0.01528215688820456,0.015292297514351032,0.014961511680322056,0.014094986143769797,0.01405070007284672,0.016723698463816796,0.01590662378736494,0.01466705122911667,0.014242568601477762,0.017052863765941714,0.013666843975486955,0.015217091732820777,0.025306046356905896,0.015696359501468464,0.01516342174925965,0.015571945153432723,0.01958203292046371,0.01669517984247673,0.015231445962772386,0.015129820094032477,0.014738860139857748,0.014306329374783208,0.015180089775557936,0.015077725243691694,0.01570646983608824,0.017795522936033127,0.015161840698339736,0.014811952622241012,0.015859440576609492,0.014737744112082776,0.014376699496009391,0.016307150117462393,0.014064790504430767,0.014833794817911559,0.014214061594070942,0.016448502038907416,0.009982011600293054,0.01868634159907663,0.01362822675642664,0.01567945271063175,0.01677744549120363,0.015199769511037707,0.01330543084505635,0.015425925447183296,0.012661918944950034,0.015539725348237507,0.014798528055306927,0.01433348193835711,0.01574337945430082,0.012903016572504795,0.015133227737842793,0.015023042824637903,0.012490588125468171,0.016627197517001722,0.014249045334982322,0.016633809876152456,0.016406186391480275,0.015198044748941424,0.01453086044639986,0.011881137844848129,0.002932609277197556,0.015369380424815655,0.015161429568555932,0.02049105153314129,0.0165921731980155,0.014310558219561892,0.014168599540080337,0.013951671621178226,0.01491174244573756,0.0150846516865424,0.01544444893560146,0.015309724935346812,0.014694324287435386,0.014778810249869842,0.015062342548388745,0.015116775290210929,0.015123230024468269,0.014834651770003949,0.023412197321101856,0.011464241655914812,0.015029604723314128,0.01394358921282041,0.014987683355675406,0.015188984451454474,0.017824000703516103,0.015440378658376667,0.012520097687150192,0.015330009482685064,0.016065082984087233,0.01709469675728038,0.010831115360799228,0.015357980198536814,0.013902200035081932,0.01595819588127929,0.0149794582191294,0.016144874373907755,0.015057275681130163,0.01595834672552697,0.015592598928022441,0.017848803276232665,0.014896279652978536,0.014744190677933073,0.015367147961599967,0.014741408452977164,0.016674236612218903,0.014082272907227564,0.016883207748749844,0.0176749761396122,0.01491321583414269,0.0030038829016211504,0.014229894960238553,0.015144822258207562,0.014679641403483582,0.013790142040452256,0.015798561034687134,0.015034565156167391,0.014791749911475726,0.01671068650879427,0.017738998387837213,0.015119488176273087,0.015239471724664607,0.015807484022078176,0.013788876976072013,0.013363858946377417,0.01440630080001069,0.015273578163972013,0.015060415071573525,0.012950453007696417,0.015587737747109151,0.014760139194719135,0.01210232979979758,0.014893020019885083,0.015594709973483263,0.015976018281035842,0.013958687622006806,0.015130886252802995,0.015754890507928387,0.014855843463115977,0.01516801050361721,0.014775154013209736,0.014865684409781206,0.014927801142358404,0.01425702241077974,0.014846443569670546,0.01271289486393479,0.01579739285872855,0.015311180785862076,0.011978113196650528,0.015242056094858068,0.015060348706663104,0.009933371280869659
min_user_avg_health,-0.044817152510796245,-0.044421219254686964,-0.044615982246887106,-0.0438332754149024,-0.03999534030176891,-0.04270438996287912,-0.04928701302664747,-0.04450915811348273,-0.045043036437986704,-0.044782609765515936,-0.039200708269914314,-0.04519298270161839,-0.04520749118504188,-0.039752327824016824,-0.04622478024009539,-0.044564750326074654,-0.043130941988738056,-0.03289818691571397,-0.051272649533257955,-0.0433534483385644,-0.04437615446289596,-0.043409153320339726,-0.044564924191995314,-0.04470940849753887,-0.04453655543337366,-0.043705845732421506,-0.04427595479214603,-0.0446451315097027,-0.04642362585250242,-0.041740833959715964,-0.03725688959968493,-0.045495913633139554,-0.04741894917914673,-0.04929429548109808,-0.04451877319650799,-0.04481960510962871,-0.0475378627093775,-0.04304239701192197,-0.04662922525807051,-0.04339894838833807,-0.04738754965241396,-0.037769596599672925,-0.044823449354650255,-0.040154544678452746,-0.04254374216095914,-0.04118898813165764,-0.04395835358762096,-0.04497492523423002,-0.0412744337906766,-0.045932119943642075,-0.04371800644159127,-0.0445973113921165,-0.04501668282574283,-0.04853117827218961,-0.04473594370067568,-0.047342047103974376,-0.034692527611577165,-0.04515348172611703,-0.045103796140810525,-0.045685733532718834,0.0,-0.04572334064628645,-0.04487621511949726,-0.04485397314932811,-0.03525315194227599,-0.04495310925943397,-0.045320100138069266,-0.032247743255745906,-0.04264661232328325,-0.0443191340419312,-0.045005874143256644,-0.044880451856709316,-0.0442197233199106,-0.04497031711065475,-0.04463474881542564,-0.04443346183599476,-0.04311946613939968,-0.04376945209519707,-0.044130619137193766,-0.0344125684012639,-0.047105032092248936,-0.0436890403165402,-0.04356068510969425,-0.04443931601337165,-0.044128090286704356,-0.04988039689354439,-0.04435916379026489,-0.045346673322595864,-0.044277429921408325,-0.043107979805755765,-0.04565318207837678,-0.03196323316298731,-0.04375418495533971,-0.04482227958241998,-0.043362392323351484,-0.044768162998042905,-0.04881454952768793,-0.04470602838925275,-0.04502977703308957,-0.04026720321635434,-0.044400155133429216,-0.045076939806340324,-0.04394121603015208,-0.04570586349266967,-0.04552301504192128,-0.039590494997915525,-0.04454670171468765,-0.04240121353884124,-0.04512917316154517,-0.04397746220451004,-0.042579260521148736,-0.04311274198623487,-0.04423040605908519,-0.04395631731320433,-0.04594517753722111,-0.045024152464408426,-0.0438543917017887,-0.043730212969225746,-0.04563587123315027,-0.04367216526798,-0.04463178405688328,-0.044761166742801124,-0.04335283605265013,-0.04137916102436738,-0.04429291619800729,-0.04415119513300021,-0.045035426982383435,-0.04402972413699447,-0.049994663066248675,-0.0429265907232396,-0.044814744760912184,-0.04508833551060438,-0.04501424390348865,-0.04531038696063531,-0.04221826884761973,-0.043122564323044045,-0.04476966268714694,-0.04448127391210657,-0.044323138462516315,-0.044854269210566906,-0.044242199977893686,-0.043489976421937325,-0.04340165872282699,-0.04368906799293251,-0.04399131871078227,-0.039518493080593464,-0.04595000212599814,-0.0436352021319873,-0.04327860808686841,-0.04325541027990283,-0.045051315645812294,-0.05315796165105979
max_user_avg_health,0.007899537258388888,0.007788406457186986,0.008036818450569281,0.007752517065864344,0.008076554587617392,0.009863140890577392,0.014294749282164064,0.008295660373863784,0.007253362549693023,0.007237632831200847,0.009206339186876663,0.006225259243685447,0.00790322861856559,0.017792078402222286,0.008246877578780138,0.007703907317941291,0.01012926924863543,0.013295448682954129,0.00951296742749655,0.008077357618571748,0.007867617619999545,0.0076384789961024685,0.006804914339835159,0.0078113983012004454,0.007809240889664681,0.008621874658735528,0.010708204481718098,0.007670147313486262,0.007402099581768674,0.007838516883176348,0.009329517753692614,0.007246006961009483,0.007361915449069244,0.007301240941425962,0.007704119670911086,0.006184004881095382,0.007590623812457372,0.0036432273967680322,0.009572570646917597,0.006327530561712284,0.007663203454443103,0.009827399159115211,0.00787973956523073,0.002192449153556343,0.007382886701229982,0.006578538798535401,0.008579469982548701,0.007566270196806916,0.00872421274231198,0.008491639636260253,0.006148943529658564,0.007850846848049792,0.007738869844917144,0.0051965964703021145,0.009355267223609002,0.007403922354005384,0.009130290775601915,0.008776838871102277,0.007980759302901487,0.008022148187832517,0.0074077400663904065,-0.0022613125798795226,0.008057878054607085,0.007851279519720386,0.012882797004607717,0.009140995768515712,0.007108566951732911,0.00808188453444964,0.006468906906976126,0.007627789145467117,0.00768843493605173,0.008252257429310805,0.008060032812245526,0.007718455807674144,0.007399206989682076,0.007980636132461617,0.007815358627434994,0.007855343221465487,0.007415301321011198,0.016475726074522253,0.006205553387123149,0.007805253509911542,0.007218081588546008,0.007954927782839422,0.007680621628433314,0.010368923445497762,0.008142903546564705,0.004798722156618019,0.008230152951227894,0.009133732683768683,0.00904438492265491,0.005477624334021776,0.007597366676929557,0.007275911928361861,0.008404423512384528,0.007717551422380928,0.007611958440301556,0.0077802562246731335,0.008555210894532341,0.008957017470086558,0.010541875499531228,0.007549195164394095,0.005805417419713719,0.007734535452028492,0.0079395064611502,0.006665166647188945,0.0071099877795327785,0.009416490521746538,0.010720391357381537,0.008070112312751964,-0.00180724213412738,0.0071762291158400035,0.007908330474011455,0.0073936068001778515,0.006556162076845368,0.009191139951960203,0.008147812527838543,0.007500048569513213,0.008211095322164125,0.010667568632305858,0.00781657039820527,0.007969832425706475,0.008586907324651871,0.006715056792248271,0.006007732886395268,0.007303618487005144,0.0077687797510459684,0.007713906690191997,0.005763815441567217,0.008701189242163546,0.007408766683745174,0.005548281201791547,0.007589029248168438,0.008298862620909214,0.00922757331452621,0.006879091701837996,0.007835795409097943,0.008523060443573423,0.00813172150302734,0.007939899891224718,0.007124972233523321,0.007778488289179288,0.007503002969904415,0.007567645187568282,0.007889325652044067,0.005213983977570596,0.009748377762363397,0.008262771715945303,0.0054715633321448486,0.008159965118100979,0.007574805183550827,0.001659168265165347
average_user_avg_see,0.06540558142547696,0.06491405179606399,0.06416066427019751,0.06598073124075599,0.0628807113998085,0.062011247838569455,0.06321936726704969,0.06242966460467357,0.0659165259162419,0.06268999108205062,0.06697848137245585,0.059730821606796866,0.06437708170309642,0.05926965190124373,0.06505048474623898,0.06519475699373133,0.06677216476084576,0.056530283238687966,0.06552439067529385,0.06272625450327719,0.06517252156784367,0.06582758037301974,0.06297357350242432,0.06622256961156217,0.06487273325511456,0.06794253580354863,0.06931153430794451,0.06556321756405967,0.06913265082299824,0.06368611304422146,0.06216334136421426,0.06576050864077798,0.0661204277793355,0.06878011405971274,0.0654727757329845,0.06502471553618973,0.06767241496834091,0.05829400628392127,0.07098066605051473,0.06507154781822953,0.06457760182652748,0.06170668228398789,0.06493515384966261,0.0661421249873935,0.06796996156838571,0.06593479190894419,0.06506867369903958,0.06478909306338887,0.07937282877538909,0.062493599689261804,0.06534830678127908,0.06521042744484547,0.06547471767881287,0.05927133048859386,0.06470744112915075,0.06456389396414139,0.05893627885079651,0.06496566548814554,0.06475720460724632,0.07161852905615607,0.06375825915694877,0.06515751491315006,0.06537292458757771,0.06521938742741115,0.06538709393358587,0.06565598397796793,0.06593552742651926,0.06496889722432965,0.06348693724045831,0.06524421344595714,0.06609762684459074,0.06550166558007747,0.0649547969807138,0.06630504186190447,0.06399976700031407,0.06608474019776751,0.06307835593217097,0.06523939130159292,0.06551987238854308,0.06232464145377155,0.05473491541482091,0.06606185910274637,0.062419419492000236,0.06476546880649493,0.0656629460635623,0.06315017718141974,0.0655096983999145,0.06305127436641865,0.06335640883187675,0.06538234201391101,0.06462804389000124,0.06326109053051238,0.069131442736432,0.06450290736679437,0.06520628541741347,0.06537917502587859,0.05794714017772138,0.06514141709017424,0.0654025449504959,0.06499785827004265,0.06119968962719455,0.06675944886229715,0.066423703384065,0.06527493497978154,0.06596288525921516,0.06021470868361181,0.06678147681574864,0.0649103223995525,0.06058776396410242,0.06448793520407539,0.050019411223172494,0.06476106434867965,0.06575049030890734,0.06461952266625134,0.06505696694120792,0.06409081827269966,0.06456098312119388,0.06569104409532021,0.062232619747078805,0.06215048771541118,0.0649800785091133,0.065069140470679,0.06352234759759363,0.06729370196224639,0.06526165047045832,0.06559479972125215,0.06499375864897397,0.06536341195720113,0.061433081754604116,0.06317349874417137,0.0643196892290237,0.06695881411387597,0.06511932479724128,0.06549014684549317,0.06352452305138158,0.061808397732948966,0.06528985045732913,0.06521197712588132,0.06754630507671734,0.06632609539913059,0.06331979802120062,0.06653500036009727,0.06346671575061133,0.06420286436649075,0.06457526698198937,0.06286466168623708,0.05747903687007459,0.06363794672278796,0.06169321742754198,0.065200575660971,0.0658745573776524,0.05714318865970401
stdev_user_avg_see,0.020931180167017373,0.02123923507815098,0.020696696576777678,0.019849265941943757,0.02432206605566532,0.011000861338565524,0.01891200543424012,0.015280582955255542,0.019894239371310782,0.016445449773811092,0.01585175805337795,0.019455767506920803,0.02083077620859544,0.018540477607355,0.019387115945804983,0.02054307361547201,0.020184657738908048,0.024827842873322188,0.019933834523324003,0.022826887294023306,0.020766878502930238,0.021121344675624272,0.020143790802350736,0.022156990099534025,0.020726967484615014,0.019511569189560943,0.020324485297150346,0.01998790908983156,0.020688299404626662,0.020108266805328196,0.009957999210053121,0.02078220451470563,0.017427168958065842,0.01707767601820114,0.02125262593028779,0.02056328301509975,0.02868912323305091,0.027276931790281237,0.030970094437050247,0.020985573156192816,0.020063190419376396,0.019975939951823757,0.02116881971971102,0.03810223378465634,0.023459370281128405,0.028038855777340794,0.021941967578316054,0.02050220684054267,0.021373474854591002,0.021417344263449264,0.023136132674290117,0.021064914349127863,0.02039213608070055,0.020753183960129196,0.021536609053435775,0.021929246940150457,0.0213626988730739,0.021665653997461287,0.020991348055234598,0.02060001319577127,0.01941361475014847,0.0227302573286661,0.021370463396897903,0.02109839050513833,0.00885209778864894,0.02108357686183768,0.021880432632760148,0.019767117385270594,0.01978408710564354,0.020897342500855103,0.018163803828958457,0.02044945476349806,0.022123882928553926,0.02030668720243256,0.02016477774916533,0.021242690109205598,0.023990550966384465,0.021690813559465075,0.02150827458971033,0.014662567680043797,0.0187698041711794,0.02084646007630613,0.022362218802781813,0.020713872259462994,0.022282140079290927,0.017895269136109147,0.020829498330015447,0.022411656038380585,0.02100743547486826,0.01670050061064616,0.022294943694777462,0.010162287448298082,0.021754904690704548,0.02131046013972472,0.02202038555869863,0.02095665989163206,0.01853877731045945,0.021103817530314588,0.020344590712701397,0.020970673300077444,0.013315645092282271,0.02435716145541966,0.019584795046344538,0.021409416815250625,0.02436539245648279,0.024750170721666732,0.021417292656912487,0.02211820642748815,0.03372109237333559,0.02131459515621977,0.021111997865385007,0.02418101487590422,0.020984724579509756,0.021963491734700545,0.02215462523417005,0.029407434851937767,0.020013433972575757,0.021718848685734257,0.02223283609830639,0.019349260009821023,0.02133598976215477,0.02088303893684918,0.017312739773202843,0.018242884431552232,0.02357293340725132,0.021511543986967446,0.021186451129852797,0.02097186045454225,0.019296101100665326,0.016792631654721443,0.02083973523084893,0.0244718343586789,0.021602034276504277,0.020872126440032442,0.017987749461214043,0.024450676768532645,0.021107588978188808,0.020397766078329646,0.023068202278898026,0.019732409832277274,0.022133323587485376,0.02219987972194812,0.02189128309050625,0.015600625711617874,0.020821769994894226,0.02037228302848224,0.02963175049940765,0.017888522838521895,0.02358374367490293,0.021053120023026294,0.02203005037247536,0.03417382443344999
min_user_avg_see,0.012861441856665167,0.012310928506971845,0.010845490816417093,0.0169780459045774,0.01071209671958046,0.01645164373996367,0.014510061232533105,0.01144002992196268,0.012176302539471117,0.015271626443412172,0.01838093507567645,0.010618471878348938,0.012304934688492418,0.003986180131031354,0.015586860112028561,0.012182783436262003,0.002743319976951893,0.009635483485810184,0.007891994195227226,0.010775741412424088,0.012992575033670038,0.0141672387068419,0.014806306441852364,0.012595966889793912,0.013166689418514354,0.005552230457481197,0.00993347835910559,0.013800828466625517,0.012597401219131756,0.01222166693613399,0.014771356506072517,0.012616454171436073,0.01509046025819242,0.01605401096896382,0.011766327679264206,0.01169882757566631,0.007038071628874083,0.010338286656918095,0.01078395872872664,0.012787603881316955,0.01301863250569973,0.014639922791369093,0.012950543211746112,0.02141924874250527,0.01431976280773455,0.0038694932953494583,0.012538589185693502,0.012935147887435595,0.010264053432770577,0.010038262903121323,0.010872956746200597,0.012823708221538662,0.01312994551013182,0.01058561943314909,0.011742154213247522,0.01194704174823581,0.004942852888990453,0.0109774689460463,0.01383955462609225,0.01832697882347675,0.014189757665861771,0.010533154932636344,0.012698421825782732,0.012802905976223909,0.008354131453179339,0.012003070390678244,0.014023303395258938,0.013588899811907515,0.015236466921345232,0.012303284218421567,0.014211928795532217,0.012954281783711543,0.012770117059010454,0.011909528211451564,0.01210717869615217,0.0114756495671023,0.009263358690245246,0.014253062544065807,0.012586166633118583,0.006961540827601482,0.01642731859348877,0.01223273739638205,0.0029498716292943932,0.011815326945786757,0.010983187910777008,0.011167712935041305,0.012726826033940226,0.009688246155574256,0.013461136447274678,0.004630076798512216,0.014173436750455275,0.008184190635358786,0.010022787971046297,0.014496019151806958,0.013383208194092446,0.013103821353714025,0.01779891360961632,0.012833645613311368,0.013970681179142231,0.010745585173921927,0.014207023921241693,0.012448205462005526,0.012310537215310913,0.013509822837777333,0.012038293158627398,0.016788906011819375,0.013461859053069875,0.011427423172750181,0.007965630613498342,0.014788470941306595,0.016241600329706667,0.013513044967707308,0.01241622243258474,0.012562963024744342,0.006230791101181835,0.00824647748742522,0.011114270969629421,0.013389066611175088,0.01096444493851092,0.012647926279841026,0.012966893733893129,0.0126765329088447,0.020848821650530085,0.006918441963862213,0.016014439781412843,0.013791344263768233,0.01227941658488813,0.013207282389244557,0.014452153015736487,0.017811082627484875,0.01231912012132353,0.011396886403198803,0.012868471860316673,0.012185899539831391,0.02398739140554022,0.01994068128330535,0.01283098727434973,0.010951468693391803,0.008903845859701545,0.011828430794532534,0.015328487397988599,0.01653105474940405,0.012321071069649409,0.01963677176822401,0.013563028841612918,0.016841273920172664,0.009408306218789058,0.012644048534323635,0.014389270615579715,0.01274724668801775,0.013191068365274818,0.00817070521590708
max_user_avg_see,0.021826416672945798,0.021621417983559293,0.021134862582353052,0.02149727676554378,0.025157413478281123,0.014512451815206655,0.020700730396663508,0.016696715539586373,0.021540218697015168,0.01774776576472273,0.018500459768399636,0.01838075150787283,0.021494642630741863,0.018251860488961283,0.02081058455318059,0.02136764709788338,0.021364481906707894,0.02141544903379834,0.020499581981795058,0.021642709085556405,0.021818518214839412,0.022600752436913944,0.02103479043592677,0.02305195116556059,0.021605485437746586,0.02118285376088071,0.02228496219452344,0.020989084466526524,0.022628022118418,0.020422236415152634,0.011341260576002574,0.021202522532027274,0.01931364652649644,0.021395825450267216,0.021909223151534797,0.020709177888671257,0.029031538221836965,0.02629977085797254,0.029522221435139186,0.022426113349951118,0.020267701113767755,0.020232508339115166,0.021910171324142844,0.036637802680069616,0.024344709769184878,0.026703710580229915,0.022683381796787593,0.02126208590836144,0.028472323657148503,0.021504738773558622,0.023891328551034006,0.021896532711730077,0.02149455577830285,0.020290252581142986,0.021804996262537832,0.022101312503891822,0.01967570543586981,0.022552276998274702,0.02213010648823989,0.02470239981051363,0.020840064589128838,0.023032656305300207,0.022155500627465977,0.021938674474609492,0.012894716555638983,0.021953786980312022,0.023064888714784196,0.020739170222034697,0.02371769973368058,0.021859651205891284,0.019841435260674938,0.021196060479725262,0.022279455273684308,0.021399718254058078,0.02038432889842709,0.022381078504793952,0.02459981743793035,0.02255233723692552,0.022385655107606046,0.0161142941081847,0.016792865808871387,0.02190212624113383,0.02238577507433975,0.021625454281565953,0.023178797041901622,0.019237726225721792,0.022018006786722534,0.021790565437726173,0.02137860506598803,0.01707425695343803,0.023221086208795486,0.013564850285952921,0.023690457090510385,0.021708773393028492,0.022530624070946408,0.02187767452175321,0.019123318553941546,0.021861020905289276,0.021467242718327288,0.02097040156644989,0.014720473922123596,0.024796741858020183,0.021193053510660705,0.022579634411009856,0.024764852930701388,0.023388302631349153,0.02264505506609093,0.02240967395225114,0.0300426499128279,0.021469964833631665,0.02395918874732947,0.02423402295116541,0.02203912725468605,0.0223466541998413,0.022378327966844164,0.027336704333433052,0.021058915704452983,0.022485990121840455,0.021783321736404307,0.019939685343500275,0.02198168924985416,0.02168921343757284,0.019370324697731187,0.020563397063694713,0.024588762004437544,0.0223012038488012,0.021747333555689592,0.02200171589510096,0.01924209077439226,0.017794215321686124,0.021506873070294533,0.02503257389741177,0.02226410747086902,0.02168570030657136,0.0202646613960147,0.024285892756230484,0.021931707506598674,0.02125610793514622,0.024451716032405563,0.020797740821184064,0.022219367382567183,0.022686726945593504,0.022016288111446725,0.017515277279875764,0.021997784644088178,0.02199951919724455,0.0249397830894085,0.019098803486604313,0.02409875973425925,0.021898566001629288,0.02342880286316859,0.034117854823772595
average_user_avg_body,0.005826606355845146,0.00552807133915099,0.005522735533483076,0.005439526923850113,0.0044050594889824156,0.00622167125243126,0.005622610285941775,0.009089220842372027,0.005539730396374808,0.005923403360162873,0.0018400064708624713,0.006471469443530394,0.005424960287264673,0.004411071624595545,0.006478671782789473,0.00548242274007211,0.00332470928908901,0.0009214237737625681,0.009013288818119858,0.007438051942246649,0.005099690226398894,0.004943243073691758,0.004594021396595085,0.006270714881276625,0.005661810291070592,0.004940740348568831,0.006964953864102578,0.005017811525577063,0.006064744694050675,0.004183736187033172,0.006897536600289799,0.008690762054266277,0.0038910959755947237,0.0078012968176215305,0.0060183346447328714,0.007744610421081822,0.002746157199698912,0.006084429462728793,0.017033102753407997,0.005089770616133554,0.004943582582400718,0.00753442903540749,0.005709025637935916,-0.0017370249034932813,0.006394207015507206,0.0072990181663668925,0.005276282091792746,0.005941339512758671,0.006622048021103656,0.004623261823976377,0.005769672999871128,0.005638025272166758,0.006137376917659334,0.006545486498179203,0.00650844164552279,0.006967381005781276,0.004924070313223818,0.00584387559075055,0.006890211051771246,0.004573687974298829,0.001540596331173297,0.005849498663432148,0.005575424891081222,0.00565918753840597,0.0035449629193456877,0.00577353691487547,0.00819696977045743,-0.007234861775932943,0.007379795347304189,0.005595096371896029,0.006332011814778255,0.006950958973558604,0.005950822676269537,0.005506980899894476,0.006069108080295373,0.00544353851998251,0.004178773193350883,0.006170991024822505,0.0056154872520325855,0.0005565094949521454,0.010353174541645516,0.005943435855866216,0.0027863073756489044,0.0052361838637358885,0.005584166480835524,0.005541387317755566,0.005816961942962156,0.0072113426824332175,0.004743378177385955,0.006489024742318161,0.00589488953006906,0.005309794845055013,0.0068743661668031345,0.005034198358276644,0.0057064725064335155,0.005622995213363575,0.010005110102320329,0.005606797015801368,0.0053541375207792515,0.006799651169490369,0.0041937147349180495,0.006013484363022018,0.005997427926664256,0.0064422604663440936,0.005288922128082842,0.005914015969579802,0.005715680611275731,0.0038344756738377993,-0.0019542608864653735,0.006717591511382179,0.010373655790205676,0.007626105450156022,0.005774910458344377,0.005460509961284824,0.005480274574080531,0.002284642294248595,0.006084728606311698,0.005536515744663703,0.004160868843672645,0.0037729774420981197,0.0058567222854007525,0.005727648245046411,0.0065461084884655615,0.003649871274570813,0.0062863354903207385,0.006785083609326221,0.005400725266203667,0.005978532468698747,0.008281355557813175,0.006467009647356224,0.005694913706346433,0.004727573725384014,0.005821512135267739,0.005512611828509847,0.005165405366073332,0.004725107173391286,0.0056818456981800325,0.004757782580828378,0.005709077878994855,0.00620961218115972,0.005210766068082678,0.005815087410490509,0.005405153631334605,0.003945646472302154,0.0057441354466502585,0.006127645539005973,0.01215246086258353,0.0060103484935754,0.006269572656256146,0.005365255315059199,0.005573335168229384,0.011673924053681634
stdev_user_avg_body,-0.0038859325295180795,-0.004194251739574305,-0.003932803227743239,-0.00409491211740402,-0.0030262397239204514,-0.0026364742863237397,-0.0038081297895698474,-0.002893879004357002,-0.004742284867045853,-0.0034165845790524417,-0.004793856978102781,-0.004827605270426688,-0.004258385769943562,-0.0028430435626382007,-0.004503107264087701,-0.004112277432566759,-0.002576675876265937,-0.006616422003861964,-0.005661897505339909,-0.002822509318459519,-0.004381143894363985,-0.004137751911492529,-0.004242264503230451,-0.0035084845921725194,-0.003771966775886236,-0.004783288170098346,-0.002656708805904946,-0.005483780960934384,-0.005039487181014246,-0.0033367859168689246,-0.0031369736734780324,-0.0025429410150437934,-0.0021115326575209866,-0.00019169903910978576,-0.003804638528120759,-0.00227853435778564,-0.008081107174076445,-0.001979772990722769,-0.0005914420954020354,-0.004423498199304704,-0.005719599173957846,0.0005126260947055736,-0.004206109045168921,-0.008636762239330664,-0.0033063349347476284,-0.0031207987379531805,-0.0037346536676801734,-0.004242813115003953,-0.0026354141882977654,-0.004617761263014122,-0.003401923789890838,-0.004037597838340929,-0.003967213087254716,-0.0039019215301448404,-0.0028077371305314947,-0.004181488641607396,-0.001809656026223282,-0.0037294118503583117,-0.003315866966311528,-0.004685669672381796,-0.0014284391206642504,-0.0033164871053876326,-0.004127223605710659,-0.0041290855492973925,-0.002571357808743766,-0.004274237201706147,0.0011333003159437142,-0.006913396230397569,-0.0023150851633588947,-0.0039547329854184654,-0.003558112766657964,-0.003466307640358899,-0.0035385439350695885,-0.004396368846041244,-0.0038809808387215133,-0.004298404040203475,-0.004064573776262128,-0.00295683861514137,-0.004217808435077507,-0.006798202538066796,-0.0003686485317751899,-0.0034863799263482815,-0.005658401784271056,-0.004267616377430672,-0.0035445315465297295,-0.005714097203390556,-0.004025928858778045,-0.003441621716749085,-0.004905243896280029,-0.004110506499195293,-0.004054405345686121,-0.0017335880971982402,-0.0027571571135842944,-0.005302036732695447,-0.003828762620532258,-0.004108393420481039,-0.0035176342234513507,-0.004069806538496019,-0.004100965170842368,-0.003385050499237723,-0.005127691801434617,-0.0037659299308390164,-0.002421649381565162,-0.004144371532591176,-0.004107978124470177,-0.004588965622180025,-0.0035166911419950535,-0.004969720944079681,-0.008156608691637944,-0.0033987668491694666,-0.0017383045378411835,-0.00039954995077327166,-0.003779934899697788,-0.0039810357550656116,-0.003693612363888996,-0.0065927764038552945,-0.0036068847288931068,-0.003739687113594973,-0.005583578027189512,-0.004071202301985978,-0.003853898922107829,-0.0039756819809190404,-0.002859840604757056,-0.0057116681086949415,-0.0041636465470464195,-0.003319103718494809,-0.0041542601300749455,-0.0036549826192795636,-0.0036937232559656414,-0.003366755639435502,-0.004597526882078989,-0.004965889641459322,-0.004145777091718703,-0.005110541054367233,-0.0016697042050233734,-0.005659525018220088,-0.004027245182242916,-0.004313115660658668,-0.004280324284273008,-0.0033179402161625966,-0.0041132183998130595,-0.003354110801654854,-0.003898017931181155,-0.005940759682282843,-0.003332521597788382,-0.0035430241884369966,-0.0008639500278365604,-0.003323254438950365,-0.004175506668141838,-0.003857977907232397,-0.0036538267035217536,-0.002522078813501075
min_user_avg_body,0.0,0.0,0.0,0.0,0.0,0.0,0.0,0.0,0.0,0.0,0.0,0.0,0.0,0.0,0.0,0.0,0.0,0.0,0.0,0.0,0.0,0.0,0.0,0.0,0.0,0.0,0.0,0.0,0.0,0.0,0.0,0.0,0.0,0.0,0.0,0.0,0.0,0.0,0.0,0.0,0.0,0.0,0.0,0.0,0.0,0.0,0.0,0.0,0.0,0.0,0.0,0.0,0.0,0.0,0.0,0.0,0.0,0.0,0.0,0.0,0.0,0.0,0.0,0.0,0.0,0.0,0.0,0.0,0.0,0.0,0.0,0.0,0.0,0.0,0.0,0.0,0.0,0.0,0.0,0.0,0.0,0.0,0.0,0.0,0.0,0.0,0.0,0.0,0.0,0.0,0.0,0.0,0.0,0.0,0.0,0.0,0.0,0.0,0.0,0.0,0.0,0.0,0.0,0.0,0.0,0.0,0.0,0.0,0.0,0.0,0.0,0.0,0.0,0.0,0.0,0.0,0.0,0.0,0.0,0.0,0.0,0.0,0.0,0.0,0.0,0.0,0.0,0.0,0.0,0.0,0.0,0.0,0.0,0.0,0.0,0.0,0.0,0.0,0.0,0.0,0.0,0.0,0.0,0.0,0.0,0.0,0.0,0.0,0.0,0.0,0.0,0.0
max_user_avg_body,-0.0012538205654127853,-0.001439493152430328,-0.001332999425899404,-0.0014999390555322034,-0.0007566306038215426,-0.00012663885355249788,-0.0014346164020074851,-6.042158704623775e-05,-0.0019980452557328814,-0.0010863110774574055,-0.0025092714594355118,-0.0021153539658775797,-0.0015321300713798877,-0.00022989831375140948,-0.0019082881250937645,-0.001474068974019374,-0.00032645938716202496,-0.005221463252054933,-0.0029040431866138453,-0.00021358323613000427,-0.0017282606045836528,-0.0015614121104179438,-0.0015272297137190602,-0.0007407385893252166,-0.0011175329320797234,-0.0024923347502661675,-7.10532689763739e-05,-0.0028476711624910193,-0.002021269192144048,-0.0006175682762466382,-0.001785885760906149,-0.0005049290719419449,0.00023552899672331547,0.0028001078472785395,-0.0011659612339131433,4.163186791894709e-05,-0.005357666459856639,0.0007056307665436025,0.0022416721683202676,-0.0017415718270604105,-0.002865695308289609,0.0021943904433411572,-0.001538715708167042,-0.006697420078788246,-0.0007188497254951871,-0.0006366595750756272,-0.0010985865132903533,-0.0016307138384703103,0.00010365061005745274,-0.001828972718861453,-0.000727845624663789,-0.0013912589819175787,-0.0012908024058861144,-0.0009542139302181557,-0.0001533062595939971,-0.0015139567870691116,6.175062412238676e-05,-0.0008948668032465086,-0.0007063468608403938,-0.0022510768762440386,0.00018194792684883207,-0.0005494427811475284,-0.001464694290572493,-0.0014546159989015728,-0.0006906341542021561,-0.0015548026066950866,0.003589975087350152,-0.006515139185779244,0.0005247334973042979,-0.0012685503512658673,-0.0009797130047673715,-0.0008733600768487818,-0.0010115341290604365,-0.0016356380111852767,-0.0013039303765912036,-0.001632309277516085,-0.0015241662911640568,-0.00039590922464487633,-0.0015507433421213012,-0.004697965551637453,0.0016931317855044094,-0.0009567526074672067,-0.003055237912401294,-0.001602787462379158,-0.0010276142719312948,-0.002946515792029489,-0.001375923236036628,-0.0005627828872596871,-0.002178185260364925,-0.0014433049022274805,-0.0012508961247566395,0.0007224864797026297,-0.00031189993098788144,-0.0021532369503186564,-0.0011851053119021192,-0.001455118798489914,-0.0003341752392470648,-0.0014193367367586309,-0.0015096332165774181,-0.0008268370499991389,-0.0022495072104407893,-0.0010972271373593263,0.00045893455210035353,-0.0013269726087646282,-0.0014378571663112025,-0.0015984053478247731,-0.000949390513878037,-0.0025148433918588354,-0.004620736454404761,-0.0010821949775954229,0.0007706774804906117,0.0018869715755817848,-0.0011605067761089466,-0.0013284195243748352,-0.0007616274413230822,-0.003228617785555732,-0.0010899614997737037,-0.0011715831072395457,-0.002591377545465079,-0.001245478406740298,-0.0012319776890745227,-0.0013189209561483518,-0.0004553481091944594,-0.003424605997426994,-0.0012374230587159736,-0.0008379306918877578,-0.0015007554403130962,-0.0010648095386299895,-0.0008730116412689216,-0.0007641021848531155,-0.001961978703219466,-0.001891695089949407,-0.001481213558243339,-0.002317288428185343,0.0004260877187082252,-0.0031025609994762317,-0.0013745066669704,-0.0017320947766972837,-0.0014936593467937947,-0.0007091883435059697,-0.0014531265939028383,-0.000931752560790834,-0.0013361452119681838,-0.0029374769639291653,-0.0007211674720927113,-0.0010826455053986866,0.002402905927129402,-0.0007568780897245107,-0.0014603356662034345,-0.0011916662563671316,-0.001116855538139882,0.0001761144063237032
average_user_avg_family,0.0,0.0,0.0,0.0,0.0,0.0,0.0,0.0,0.0,0.0,0.0,0.0,0.0,0.0,0.0,0.0,0.0,0.0,0.0,0.0,0.0,0.0,0.0,0.0,0.0,0.0,0.0,0.0,0.0,0.0,0.0,0.0,0.0,0.0,0.0,0.0,0.0,0.0,0.0,0.0,0.0,0.0,0.0,0.0,0.0,0.0,0.0,0.0,0.0,0.0,0.0,0.0,0.0,0.0,0.0,0.0,0.0,0.0,0.0,0.0,0.0,0.0,0.0,0.0,0.0,0.0,0.0,0.0,0.0,0.0,0.0,0.0,0.0,0.0,0.0,0.0,0.0,0.0,0.0,0.0,0.0,0.0,0.0,0.0,0.0,0.0,0.0,0.0,0.0,0.0,0.0,0.0,0.0,0.0,0.0,0.0,0.0,0.0,0.0,0.0,0.0,0.0,0.0,0.0,0.0,0.0,0.0,0.0,0.0,0.0,0.0,0.0,0.0,0.0,0.0,0.0,0.0,0.0,0.0,0.0,0.0,0.0,0.0,0.0,0.0,0.0,0.0,0.0,0.0,0.0,0.0,0.0,0.0,0.0,0.0,0.0,0.0,0.0,0.0,0.0,0.0,0.0,0.0,0.0,0.0,0.0,0.0,0.0,0.0,0.0,0.0,0.0
stdev_user_avg_family,0.0,0.0,0.0,0.0,0.0,0.0,0.0,0.0,0.0,0.0,0.0,0.0,0.0,0.0,0.0,0.0,0.0,0.0,0.0,0.0,0.0,0.0,0.0,0.0,0.0,0.0,0.0,0.0,0.0,0.0,0.0,0.0,0.0,0.0,0.0,0.0,0.0,0.0,0.0,0.0,0.0,0.0,0.0,0.0,0.0,0.0,0.0,0.0,0.0,0.0,0.0,0.0,0.0,0.0,0.0,0.0,0.0,0.0,0.0,0.0,0.0,0.0,0.0,0.0,0.0,0.0,0.0,0.0,0.0,0.0,0.0,0.0,0.0,0.0,0.0,0.0,0.0,0.0,0.0,0.0,0.0,0.0,0.0,0.0,0.0,0.0,0.0,0.0,0.0,0.0,0.0,0.0,0.0,0.0,0.0,0.0,0.0,0.0,0.0,0.0,0.0,0.0,0.0,0.0,0.0,0.0,0.0,0.0,0.0,0.0,0.0,0.0,0.0,0.0,0.0,0.0,0.0,0.0,0.0,0.0,0.0,0.0,0.0,0.0,0.0,0.0,0.0,0.0,0.0,0.0,0.0,0.0,0.0,0.0,0.0,0.0,0.0,0.0,0.0,0.0,0.0,0.0,0.0,0.0,0.0,0.0,0.0,0.0,0.0,0.0,0.0,0.0
min_user_avg_family,0.0,0.0,0.0,0.0,0.0,0.0,0.0,0.0,0.0,0.0,0.0,0.0,0.0,0.0,0.0,0.0,0.0,0.0,0.0,0.0,0.0,0.0,0.0,0.0,0.0,0.0,0.0,0.0,0.0,0.0,0.0,0.0,0.0,0.0,0.0,0.0,0.0,0.0,0.0,0.0,0.0,0.0,0.0,0.0,0.0,0.0,0.0,0.0,0.0,0.0,0.0,0.0,0.0,0.0,0.0,0.0,0.0,0.0,0.0,0.0,0.0,0.0,0.0,0.0,0.0,0.0,0.0,0.0,0.0,0.0,0.0,0.0,0.0,0.0,0.0,0.0,0.0,0.0,0.0,0.0,0.0,0.0,0.0,0.0,0.0,0.0,0.0,0.0,0.0,0.0,0.0,0.0,0.0,0.0,0.0,0.0,0.0,0.0,0.0,0.0,0.0,0.0,0.0,0.0,0.0,0.0,0.0,0.0,0.0,0.0,0.0,0.0,0.0,0.0,0.0,0.0,0.0,0.0,0.0,0.0,0.0,0.0,0.0,0.0,0.0,0.0,0.0,0.0,0.0,0.0,0.0,0.0,0.0,0.0,0.0,0.0,0.0,0.0,0.0,0.0,0.0,0.0,0.0,0.0,0.0,0.0,0.0,0.0,0.0,0.0,0.0,0.0
max_user_avg_family,0.0,0.0,0.0,0.0,0.0,0.0,0.0,0.0,0.0,0.0,0.0,0.0,0.0,0.0,0.0,0.0,0.0,0.0,0.0,0.0,0.0,0.0,0.0,0.0,0.0,0.0,0.0,0.0,0.0,0.0,0.0,0.0,0.0,0.0,0.0,0.0,0.0,0.0,0.0,0.0,0.0,0.0,0.0,0.0,0.0,0.0,0.0,0.0,0.0,0.0,0.0,0.0,0.0,0.0,0.0,0.0,0.0,0.0,0.0,0.0,0.0,0.0,0.0,0.0,0.0,0.0,0.0,0.0,0.0,0.0,0.0,0.0,0.0,0.0,0.0,0.0,0.0,0.0,0.0,0.0,0.0,0.0,0.0,0.0,0.0,0.0,0.0,0.0,0.0,0.0,0.0,0.0,0.0,0.0,0.0,0.0,0.0,0.0,0.0,0.0,0.0,0.0,0.0,0.0,0.0,0.0,0.0,0.0,0.0,0.0,0.0,0.0,0.0,0.0,0.0,0.0,0.0,0.0,0.0,0.0,0.0,0.0,0.0,0.0,0.0,0.0,0.0,0.0,0.0,0.0,0.0,0.0,0.0,0.0,0.0,0.0,0.0,0.0,0.0,0.0,0.0,0.0,0.0,0.0,0.0,0.0,0.0,0.0,0.0,0.0,0.0,0.0
average_user_avg_negative_affect,-0.030387633667705496,-0.03026292771427544,-0.03027128994721374,-0.03042237658476554,-0.03688795709910631,-0.03211094094812009,-0.033077716320416325,-0.030866820231358345,-0.03185780839768308,-0.0314380893611568,-0.028683634896840046,-0.029745442565530245,-0.030611216594327945,-0.02807090146018725,-0.03157259692794662,-0.030362106141419553,-0.029438230696765155,-0.026477143074188844,-0.03177741861957158,-0.03021402150271507,-0.030380539578981576,-0.03044335722709448,-0.030849938808016515,-0.031696327694419074,-0.030437103690656317,-0.032237703662984514,-0.028778957701489093,-0.030253322038312547,-0.03307197211199033,-0.03295405291216724,-0.026984099528737163,-0.031112953177152073,-0.02300788711484679,-0.027391185962346888,-0.0311321700431446,-0.029508835793256312,-0.02884392103657553,-0.02893084414590673,-0.033267964665586874,-0.030180316624431373,-0.0307100392462804,-0.02929483428087066,-0.030594881592283633,-0.03093820915994131,-0.03147039976183502,-0.04124097670718438,-0.02913482920266388,-0.03076213610920841,-0.03474270894412104,-0.03035607289390381,-0.03139169775055221,-0.030681236979862386,-0.0311833685085308,-0.02983260850236439,-0.029165710558539507,-0.030897582282319272,-0.030770392232889982,-0.030933416260172573,-0.02987547021704472,-0.030449967335396587,-0.030407117561169063,-0.03015767203662035,-0.030665342907269733,-0.030572195346232126,-0.028284475458344446,-0.030373546850923513,-0.030416431265301223,-0.028375122762441772,-0.02525696937771644,-0.030701907629387896,-0.03058003679381705,-0.03033859329194063,-0.030683335292352093,-0.030406950070218687,-0.03018428383953012,-0.03086735930342487,-0.027786321030690023,-0.03237193701843491,-0.030508482365850867,-0.02470312213511437,-0.029158460457439715,-0.030754122555219213,-0.028982396549472055,-0.03079004021956593,-0.028829181701309655,-0.027567773192652165,-0.030332519590145594,-0.031500852948652874,-0.02961671681719107,-0.0342149633104749,-0.03241658761915574,-0.03253254061716954,-0.03272052427620202,-0.03071188446486748,-0.0314754524534383,-0.030665060021909853,-0.033881775880585954,-0.030725937062091136,-0.031104392035508945,-0.031610600700644045,-0.031173454447896647,-0.030658120640524766,-0.029896962071175925,-0.03084570544283141,-0.029767483292509313,-0.03079584113834066,-0.03007142278683784,-0.030025080813158612,-0.022720787050770033,-0.027837949346268858,-0.03508948903001485,-0.031986523616211876,-0.03085172366519668,-0.030692880834759014,-0.028805187721329346,-0.02651298798029763,-0.03224520107431606,-0.030361152322174186,-0.03017439736885837,-0.03226759962546243,-0.030850122440930574,-0.030771967022288512,-0.028395544682024487,-0.030382167837799005,-0.03138431881353755,-0.030257705801381214,-0.03053258066886296,-0.030820601109503472,-0.03425512765028661,-0.03065851503164827,-0.030282565942891818,-0.029049826435249407,-0.0310740280406103,-0.031770256357511406,-0.022050613738238457,-0.029400990681998203,-0.030604612324747794,-0.03210751069543179,-0.03226383220936534,-0.030895007428916307,-0.028641601932402554,-0.03252900405815337,-0.030275019741152105,-0.02583404166458033,-0.030590655164387245,-0.025357863928093645,-0.03305073453687745,-0.035173575277112526,-0.028858824823280872,-0.03084434342446259,-0.02860849295549362,-0.029297119987929426
stdev_user_avg_negative_affect,-0.024827595152357683,-0.02374992005340565,-0.024332770564211372,-0.024162603666629135,-0.0344402147819928,-0.02716804779995228,-0.028236656918883024,-0.02494900445651313,-0.023653816855806815,-0.02541739584494329,-0.022215445052531292,-0.02428616224609182,-0.0244167687481278,-0.023913783288073073,-0.024926974800461018,-0.02380932934593518,-0.021544500293057888,-0.02559053409082611,-0.026241467289111503,-0.024184980684768532,-0.024409014218094313,-0.024578136048869083,-0.024776803720009136,-0.02500779507962917,-0.024394127036155927,-0.025663625567474722,-0.023151932259998696,-0.024527436540849122,-0.021800219338509282,-0.025707320982536065,-0.01898793326318876,-0.024981531068039343,-0.022208040468316065,-0.020370198251764046,-0.024615199789884676,-0.024896065820767834,-0.024054155802635563,-0.024982902295823017,-0.026011851814871256,-0.02390631465519377,-0.024233048665196485,-0.025471234740194647,-0.024398318899134103,-0.02848162681336079,-0.024257399430928327,-0.032269618097854044,-0.025305729365974153,-0.024369223792323147,-0.025556917048557053,-0.0268283972690748,-0.02385315017564615,-0.024622044069790214,-0.024395661038499307,-0.026459146993846466,-0.02232587116333628,-0.025627014360165033,-0.029211585142743645,-0.02345174848437806,-0.024257308864696143,-0.024231862207889986,-0.025939451969402016,-0.024235627798889083,-0.02452606113374891,-0.024389546078092926,-0.027568461724663113,-0.02508824158621227,-0.02524524821189137,-0.025788848536709638,-0.017374799649514796,-0.024280636692150144,-0.02469899581081329,-0.02426439796227472,-0.025537627838814404,-0.023777972503276557,-0.023993950292237692,-0.025117967850012926,-0.029321470320462797,-0.024107867300012464,-0.0246285375211394,-0.0205465576179394,-0.02077230856244758,-0.02490716047730354,-0.0236565429857577,-0.02484591815211868,-0.02550651064256077,-0.02374231765451426,-0.02432484429666177,-0.022234821141520186,-0.02522904758706275,-0.0288245355713145,-0.026540376205614943,-0.02445037407982799,-0.026753219738678446,-0.025633716335126663,-0.024579716781946245,-0.024505016600286308,-0.021051752952215175,-0.02463133089004026,-0.025513278638098564,-0.02439420925169978,-0.025687366194583453,-0.024082579813016355,-0.022234945910860542,-0.024382668604611447,-0.024380661221655883,-0.025069271394523276,-0.02406645305538169,-0.024744525334722933,-0.020163276340182185,-0.018978395625370088,-0.030052053395413107,-0.028402264540360798,-0.02491890229245695,-0.024279328135731193,-0.02312660859452049,-0.02229317146059589,-0.02612690013948408,-0.023880731311557137,-0.02413734778523,-0.02852849802015706,-0.025067903732439244,-0.024735333786800526,-0.022204055471261527,-0.028158612448774295,-0.02559888765836011,-0.025038541942173156,-0.02493267263802796,-0.024812957745515986,-0.02571387512380971,-0.022313702420506384,-0.023610786541815296,-0.021044235943413925,-0.024764039208251994,-0.026975050946313035,-0.01437348062503527,-0.02558839284292418,-0.02445769228241819,-0.027844736822042998,-0.025626167225250997,-0.023801296033697097,-0.02315487101924932,-0.02636037598504084,-0.025027627660036876,-0.018874599781323324,-0.025149617624824098,-0.022391355225578904,-0.033179184423609634,-0.02781685706326288,-0.02346201031655084,-0.024708695460595134,-0.025189025840356434,-0.025302894250281198
min_user_avg_negative_affect,-0.018633009105994726,-0.01816139809227978,-0.018379313242461896,-0.01788947064440932,-0.01710170480273905,-0.015557795657277499,-0.01770254216325265,-0.0179405711326373,-0.01805128034842993,-0.016890658907989735,-0.017384858935981285,-0.020568243654128134,-0.018833109901483683,-0.019973379510403556,-0.01850789680462047,-0.01823933099145515,-0.01870823775893274,-0.013384890012211761,-0.01921162786233201,-0.01605400430417954,-0.018406062132430758,-0.017249854949074973,-0.021052158420281002,-0.01867811897245441,-0.018346172854861544,-0.014396732914905468,-0.021366881004180924,-0.01843420282505846,-0.018704104139724724,-0.01938398312309178,-0.01848803994717562,-0.01753415950160302,-0.020305960498077716,-0.017747907638436457,-0.018640922583994163,-0.01823124110027231,-0.016336633809133867,-0.019267039287421326,-0.014723060085624566,-0.0171559768269192,-0.01804373357921298,-0.016735992157435556,-0.01851893413224825,-0.020872306053853363,-0.017735011715806864,-0.0160441417571307,-0.018501300025413735,-0.018315761914424813,-0.014278423042548763,-0.018548920930055644,-0.01878152458630842,-0.01850721000612934,-0.01784704953610325,-0.021170530773547646,-0.016688431060104945,-0.01826834869504397,-0.020406468307061398,-0.01868195151927986,-0.017760557755996883,-0.019337075515699294,-0.018140518215126397,-0.01823099396353691,-0.018394422450042604,-0.01857085152123593,-0.012543479156905768,-0.018424104711635116,-0.01778024265254493,-0.01823752662409864,-0.018534869883838307,-0.018455746839876476,-0.01814075486282956,-0.01776428177619142,-0.0182053293984956,-0.017923090324433233,-0.017773728104916134,-0.018862877587894594,-0.018203808811335837,-0.018452757338635672,-0.017197796502079976,-0.017391073903303418,-0.01616426154133616,-0.01836888357522228,-0.016380209654120976,-0.018089788231852207,-0.02046381186355523,-0.02232138360952545,-0.01841128555204642,-0.021191383875526167,-0.016618970542252996,-0.0179418066085355,-0.01884149616584247,-0.015292509599408833,-0.014776390671099638,-0.018578560842853708,-0.018836752456015498,-0.018457603612323143,-0.015061250370915748,-0.018515933272852683,-0.01847308881964941,-0.018733899280728782,-0.01930518313196476,-0.017899838345388965,-0.019413675025441446,-0.018719869518523256,-0.017980631157371803,-0.019229108738310418,-0.01814753699292301,-0.018977444962527356,-0.02130554663523239,-0.01858258467117707,-0.013811661775022388,-0.018589973413548355,-0.01811505240961392,-0.018155365545439228,-0.01885382258219843,-0.020850987340986272,-0.019040640161016625,-0.018323102354928525,-0.018670137730398044,-0.019821312078800026,-0.018473337674580703,-0.018504522656516118,-0.014768515483452035,-0.017484702643175157,-0.016928404048958602,-2.250916178027999e-29,-0.018719395196656972,-0.018441896814682675,-0.016992394493565967,-0.016683148549892352,-0.01855757078386806,-0.019534152247537396,-0.018253690799885987,-0.019469274760478755,-0.01581341254098841,-0.015578266582772097,-0.018491743410260882,-0.018984663515183953,-0.019377427655157077,-0.018781474524963118,-0.018907410380263685,-0.017548966910965347,-0.01893224923820636,-0.02116259057816154,-0.018302503002998162,-0.016245863708654783,-0.012623251867132132,-0.01629676499830565,-0.020127307645695643,-0.018803988409020478,-0.017208846991800714,-0.016756299829815517
max_user_avg_negative_affect,-0.02898949478717889,-0.02805473415182972,-0.02855569079077489,-0.02846909837972565,-0.03812132557829952,-0.0306124907837698,-0.03245159932775996,-0.029177526674450296,-0.028182393459630622,-0.030005767152082842,-0.02660284101194855,-0.02869806714255221,-0.028808312989968957,-0.028331716155154507,-0.02931362138463799,-0.02822734612249532,-0.02608064531709829,-0.0288903572929836,-0.030212591375396666,-0.02840634462781935,-0.028710054484894998,-0.02870197446709422,-0.02932180866545864,-0.029374319471414813,-0.028662475897005185,-0.029899219644062454,-0.02736264963431731,-0.028787076946684566,-0.02725660011186494,-0.030227105337702707,-0.022881478575886578,-0.029203724090163145,-0.025426700272355413,-0.024665778238942948,-0.028953052354305446,-0.02898095614061329,-0.027830482781778937,-0.029052491578727704,-0.029692688987607418,-0.028227173307286288,-0.028767784963208268,-0.028848184703528266,-0.028696578664900912,-0.03258376724436502,-0.028631090766086775,-0.03460878314815826,-0.029362536226004876,-0.028761189197938457,-0.030130138572003515,-0.030671139464770854,-0.02844312372713402,-0.028934283700584207,-0.028822177034584055,-0.030449602954557425,-0.026547098987492492,-0.029345533851596634,-0.032753878743998564,-0.027975220332278256,-0.028440463228500343,-0.028679873606120093,-0.029936383640889495,-0.028548804070999297,-0.02884611110891567,-0.02873348979637797,-0.029892558119797345,-0.029279307504779424,-0.02942584506158987,-0.02948366938028734,-0.02237085196066153,-0.028662778757926922,-0.02889319091524651,-0.02849236930558975,-0.029614299792744474,-0.0281174398275365,-0.028345925905442486,-0.029279556036605675,-0.03280795300458498,-0.028798336403916755,-0.02870233023794154,-0.023796511616497575,-0.02535249801653201,-0.029107285521263425,-0.027894538165121406,-0.02914046144983775,-0.029192810605059648,-0.027321235729382047,-0.028556826356006315,-0.027037955152683563,-0.029354674217615687,-0.03269843719972271,-0.03087229934146162,-0.027404138680095395,-0.03074024065517581,-0.02986116060110513,-0.028861837167051374,-0.02884602826221383,-0.026291295051829852,-0.028957038708901095,-0.02974584334507146,-0.028829085014472344,-0.030169258658179068,-0.028404449028065586,-0.026658454025990347,-0.028704404429855435,-0.028526804393221937,-0.029408258400994626,-0.02833631616858879,-0.0287469811221612,-0.024275431771924514,-0.023869105461788942,-0.0334390464452441,-0.032333364509080115,-0.029179249125703584,-0.028695467787065568,-0.027195407010192615,-0.02662781969985347,-0.030505354067349125,-0.028295915963170673,-0.028518858452709704,-0.03270950118628495,-0.029340812778078137,-0.02903652151226797,-0.026512435538267064,-0.03069426228149562,-0.029682947604960996,-0.02887782830572987,-0.02913374100235458,-0.029107055937790602,-0.030328319334007255,-0.027162946732762407,-0.028046732078266186,-0.025820784295814775,-0.02910454641896374,-0.030834057284871187,-0.019317462861173543,-0.029687483561960864,-0.028789453038929998,-0.03176800903966983,-0.030172800371322125,-0.02824129604394909,-0.027348402080731388,-0.03090223618855377,-0.02926198051646889,-0.023682467144572984,-0.02935590798003166,-0.026263364414652914,-0.03575360212384085,-0.03211484690967024,-0.027985888481404424,-0.02904925515971801,-0.028944638215719916,-0.028323279788503936
average_user_avg_quantifier,-0.031780373553786004,-0.03122084922716371,-0.031932897403845036,-0.03234614467660258,-0.03331737141714629,-0.023669767359596083,-0.03277398803692444,-0.032980013031550355,-0.030577727589557572,-0.033068350160712634,-0.03200084948406092,-0.025847590603319034,-0.03147607294816389,-0.03929536039036542,-0.030238396800802488,-0.030762651296868553,-0.0309729023875484,-0.034854444513453105,-0.03168254761009056,-0.03265434249859242,-0.031248742322822244,-0.029345955482421353,-0.03406134669626602,-0.029972202838410504,-0.031442872752691774,-0.03352877615798812,-0.03387980739932922,-0.030614252521160353,-0.03165932820307173,-0.030272111481623412,-0.02963300351805178,-0.03159753612127809,-0.030821058873643503,-0.034590212418636364,-0.03188469318347159,-0.030830361490370675,-0.02756669726067084,-0.01823075170192629,-0.02821704774257214,-0.03143557373538551,-0.031371235066524436,-0.029827038219696275,-0.03177898681648253,-0.03156257856612208,-0.030258486777036922,-0.032476982186198385,-0.03137864029793152,-0.031873734566607595,-0.03577813121935352,-0.03529356877267571,-0.030788326372837266,-0.03145225093342742,-0.03157423276259865,-0.0332696577689476,-0.03188523146561885,-0.03159109971322059,-0.03278372381161121,-0.030144989388610273,-0.03295633929651144,-0.026030672346515203,-0.030986317005906573,-0.028718549586756577,-0.03127173970987025,-0.03149378316197725,-0.03172182783074981,-0.03188732671745559,-0.031606272958839485,-0.03195011140980654,-0.027951074993889435,-0.03141051802095973,-0.032121762818678255,-0.030983273086663606,-0.0312726661112261,-0.03254154221981931,-0.030904530327795242,-0.032515347503445265,-0.03377730047015938,-0.032649245138308615,-0.030763505391309332,-0.02940439716261337,-0.03454446058968605,-0.032263606711026904,-0.03676912751256818,-0.03224557841705625,-0.03305726808524364,-0.027054221580049376,-0.03145307952016847,-0.03340941784898879,-0.03128012106858169,-0.0337828332087485,-0.03317845608445581,-0.031072333908337482,-0.03364879603687908,-0.029753338366763506,-0.03138685514504423,-0.03156824780588321,-0.03495825116567379,-0.03142323414658847,-0.030733660920429794,-0.02926790550040665,-0.03289780894632234,-0.032375935273042736,-0.029350226157658314,-0.0322668025586252,-0.033225276106596396,-0.02552398137005194,-0.032310159834392324,-0.03276662158486239,-0.026175160941254744,-0.03060302107256221,-0.040869789476478575,-0.02978793014840967,-0.03214797779702747,-0.031463646990760444,-0.03222210419018221,-0.027812934579220815,-0.032495764582511445,-0.02995458577698229,-0.027917235638162983,-0.031189217321770345,-0.03168501873128471,-0.03164669352814224,-0.037523054950230464,-0.03020904895675694,-0.030707827016414193,-0.03251188897267982,-0.031049588565113084,-0.03227251092744797,-0.030232771308672718,-0.031654182719590175,-0.031194031064238622,-0.028476354104314802,-0.031567839734381126,-0.030112377291699195,-0.03925571878589166,-0.028152793698118038,-0.03152381713271098,-0.031256655883305305,-0.031290930513128486,-0.032128094880778404,-0.03056610438757644,-0.02950493101779714,-0.030507783221789694,-0.025697400332736993,-0.030831948213524064,-0.032635630770227284,-0.028079146863246734,-0.03297898544318929,-0.02752338592253968,-0.03198507740851141,-0.03479172381747229,-0.026031177971230928
stdev_user_avg_quantifier,-0.04826502677770044,-0.04786905932871244,-0.04947097026638533,-0.04728235971478101,-0.05105079277749604,-0.038232701098856646,-0.052970522506292556,-0.046793519095743696,-0.04581491402259849,-0.04822746227567648,-0.04478847838350901,-0.03663279218763953,-0.04770920142708067,-0.049657257636385566,-0.048949979980576805,-0.047187688489157636,-0.049334737003756526,-0.056424038909529003,-0.04205033386754045,-0.048029888217380544,-0.04796186739735756,-0.04601189285961593,-0.047966451972458996,-0.047561073226819926,-0.0483511178782845,-0.04919032810260714,-0.04776564811127851,-0.047622985901721024,-0.04574063672189735,-0.051284315000199435,-0.04842610001233563,-0.0476226536656915,-0.04681805051038865,-0.0503838496494341,-0.04854416692006807,-0.049654631301875224,-0.04263707755292089,-0.03960729481627242,-0.048163998394423084,-0.044676781155970645,-0.048240699643325786,-0.04492743415583524,-0.04815905071542499,-0.0460880534071534,-0.04485396620145642,-0.04966060465248625,-0.0479006389749291,-0.04787571703455645,-0.048321435379864074,-0.04740289979204829,-0.04962389022405117,-0.048378286190054354,-0.04818641668264373,-0.04770087893535411,-0.0480912508556177,-0.05159554422635149,-0.06026819773732635,-0.04728211219905879,-0.04911750097801842,-0.05421530762199023,-0.05110843426501522,-0.04560598164953078,-0.04781708139352199,-0.048226706804332095,-0.030535449790138548,-0.050981204428786696,-0.04841951854020935,-0.05057997914031636,-0.049035014294759684,-0.04845630143278014,-0.04751320445905759,-0.04772353134003636,-0.049267762959794785,-0.04901895359697122,-0.04846734251863077,-0.04739398775476372,-0.04810973840540686,-0.049811239220795854,-0.04661285317609801,-0.0401714027885704,-0.05241351991422003,-0.047994340036618545,-0.04696167903328927,-0.047871102634739864,-0.04782391424701685,-0.04796879078878185,-0.04816303830837578,-0.04718402286975793,-0.04756286834964277,-0.05073852419217804,-0.04750590105423115,-0.036568104050862436,-0.04725610926219518,-0.04749150565035069,-0.04930457097247695,-0.047798387225385895,-0.04997711092424594,-0.04833595738999191,-0.04903315857092056,-0.05412188411869903,-0.04600841740156887,-0.048815834165740056,-0.04804228531181344,-0.04860490576653503,-0.048654084715185904,-0.05086572593161383,-0.04926188793341078,-0.05162394459498597,-0.03260581038521715,-0.04906904596731896,-0.05247423114854093,-0.04594895992369317,-0.048836244822862966,-0.048746857154985834,-0.04805370476884944,-0.03784312066437066,-0.04922458270808946,-0.04741031687626698,-0.04730793380710308,-0.044753275146475605,-0.048581283382264556,-0.048635392579818235,-0.0461204013672668,-0.04780252676565439,-0.04489003522235935,-0.04662976521080882,-0.048854159732127395,-0.04844024950574349,-0.0480853011439618,-0.045760738402424846,-0.047405063849236574,-0.04137637502125441,-0.04850481121660874,-0.049278158819956,-0.04861642154105052,-0.047473012356034835,-0.048042390843379544,-0.047539041658850194,-0.04927446559618287,-0.04831375160257349,-0.049551389544703464,-0.04715946896490823,-0.04897871372924931,-0.04762305363559544,-0.0490590367679172,-0.0477475997025796,-0.05486776829474827,-0.05231397525487051,-0.04470626718971168,-0.04760174157404155,-0.047718736944374535,-0.043990615894805685
min_user_avg_quantifier,-0.02128290503382657,-0.02266777908786074,-0.0197644536196694,-0.022659998015684333,-0.0208880143069789,-0.007863329399030526,-0.012940232938832202,-0.023008479651695547,-0.018998973618870665,-0.01884788016631528,-0.02360155288177221,-0.022042258944390318,-0.02117789487202255,-0.030728201591866306,-0.017541635365140383,-0.021609673928706295,-0.020431791999918333,-0.014833641964298188,-0.027768597379070198,-0.023920433726995476,-0.02017261292818824,-0.02239710893617891,-0.02264115420156756,-0.019688600904299417,-0.02053359144514196,-0.018610723819438135,-0.01974335786529304,-0.02122356800154166,-0.02357955745754299,-0.018665316232662786,-0.024442540531878373,-0.0217877450505175,-0.024843400376874537,-0.019798244497618113,-0.020716812860162637,-0.018881686063908405,-0.010398755879958962,0.000704565308941649,-0.026937194439971057,-0.021781195630454078,-0.022027169467620563,-0.017741196092350142,-0.021880065353217498,-0.020601366217903146,-0.021254833783573537,-0.027755950337661754,-0.02133260611310342,-0.02225770667150554,-0.02049810062034075,-0.024177521616916872,-0.017582583114901382,-0.02075489683935494,-0.02143743797943699,-0.018940017948659904,-0.023967092160842585,-0.016125835464412576,-0.006074366353041884,-0.021180438054886112,-0.01988904379822437,0.0014144270583954172,-0.01837608014145079,-0.020589612884621574,-0.020911180213074747,-0.02086738954867086,-0.014617803864716021,-0.020256923258224036,-0.019912781106449475,-0.018269643110561316,-0.015974778890779348,-0.020849883034521077,-0.022248684755698453,-0.019965767739664932,-0.021880893591888505,-0.02120685222282858,-0.022048030188888134,-0.02252023787031177,-0.013955768480578723,-0.02182264158070375,-0.02266491896479357,-0.01899258345122852,-0.015577096642627773,-0.020978366681224506,-0.025116159723561265,-0.02177661955162523,-0.020947349980902155,-0.024025447888881245,-0.020434662633651526,-0.0214151589174984,-0.02240370664029299,-0.02414636619344381,-0.0220264496645748,-0.03959420049995995,-0.024193503665410128,-0.02457523797824838,-0.018352886532829876,-0.021371360015199962,-0.022111347365638134,-0.020881160867403853,-0.01987644287107173,-0.015418106196202909,-0.0258710710851452,-0.021827133993318835,-0.023555996511247755,-0.0209182621738891,-0.020956340159156803,-0.017888008544458954,-0.021553787828513936,-0.019569668804626704,-0.02746442673744258,-0.023754438179557094,-0.016655861939652124,-0.02138211031269373,-0.02056933343451954,-0.021737350152998484,-0.023012051692421397,-0.02506945742103407,-0.020957517186309373,-0.018903246646768932,-0.027315742701633894,-0.023561325161419153,-0.02128462834758655,-0.020858326818096722,-0.025363495732761927,-0.018684676387414483,-0.020996795322426612,-0.02270081255753072,-0.02046057394004343,-0.02175856853728506,-0.021034971879289877,-0.025875552161320706,-0.021347970095330564,-0.020089626520399445,-0.021176873012118645,-0.017454630403106762,-0.024574954878639574,-0.025931031041947147,-0.02110516900391751,-0.02255233574653979,-0.018650636920271836,-0.022150141446550666,-0.01936774300728906,-0.02685424246540822,-0.020133232416872267,-0.02034172314087006,-0.018893783824472224,-0.020349012559185947,-0.01854805118976986,-0.015845024123704747,-0.018407267183457192,-0.02026665668284857,-0.020009277295483713,-0.01316924525096563
max_user_avg_quantifier,-0.05037545100393716,-0.05087362639972605,-0.051392886396393826,-0.050006176464006825,-0.051650076567074196,-0.04173029183897583,-0.05097865685795396,-0.049556860027487555,-0.047343343269336126,-0.049737147888139224,-0.04924465676714713,-0.040781863881528053,-0.04988768685729291,-0.05335484323645871,-0.050239815795177424,-0.04945836404756015,-0.05200702992887764,-0.05897250285459888,-0.045888768438783895,-0.051053447980658626,-0.04980823381659513,-0.04787900387883463,-0.05095691949008713,-0.04925176552944754,-0.05011209115539174,-0.05024278617802139,-0.050167133991220345,-0.05000636234299331,-0.048812208762558026,-0.05254765868018794,-0.054150830331397476,-0.050463679353149576,-0.05036014800551879,-0.051235905765396855,-0.05036929336812015,-0.0512047006900137,-0.042120359325065526,-0.0334721637049521,-0.051989004484399505,-0.04703673250055701,-0.05081921348268294,-0.04729609217124242,-0.05052941883241979,-0.05024549570395396,-0.04732915027252652,-0.05402054441855562,-0.04991819282585846,-0.05067503407596896,-0.05026470426653749,-0.04999299921783761,-0.050722024645633704,-0.050361189928042664,-0.050340878607959265,-0.04886970828381697,-0.05143122893773161,-0.052717231808719775,-0.05786633965941463,-0.04896209839981356,-0.050685226615574355,-0.048505992074646835,-0.05198348119156747,-0.04697019260489101,-0.049864580038864424,-0.05029704789455208,-0.032180774946767084,-0.052360100867984184,-0.05035703734975893,-0.051936904617045476,-0.04892280912779873,-0.050375840395070155,-0.05024128831800862,-0.04999353150647836,-0.051566005597056354,-0.05074910718870838,-0.05079181800731591,-0.05009194717533538,-0.04924898934828942,-0.052120420627971835,-0.04935154887239418,-0.045224577751004566,-0.05167646577393147,-0.05033806309672434,-0.04855752443063518,-0.0499499766090469,-0.04977770513269264,-0.05052224291604793,-0.0501023926499688,-0.0517705748473424,-0.04996477082519246,-0.05472355648328131,-0.04999190610009921,-0.04574266946069658,-0.05075231353112483,-0.05084504763354869,-0.05038267186356494,-0.049994058434361215,-0.05271381885025157,-0.0503632673557566,-0.05063897176408694,-0.05338455094453138,-0.0497820655834191,-0.051082605988283035,-0.05093044111040053,-0.05069185671361347,-0.05164010517666007,-0.04993217258783127,-0.05168598949721296,-0.05313781177306666,-0.037423387307,-0.05306935722432985,-0.05223673136524853,-0.047871490441436786,-0.050797661925882136,-0.05080832514307046,-0.051493311288428024,-0.041709048355791346,-0.051258247596835824,-0.049066159153318786,-0.05215162825357018,-0.04745639712315313,-0.050885157086107906,-0.05063915452564673,-0.04996291210357558,-0.04900875509512281,-0.0477728343422776,-0.04965564992209981,-0.05061509662501839,-0.050940454837501516,-0.048803166821122124,-0.04990746705386369,-0.049702021163443244,-0.04293435413435461,-0.05067599925178904,-0.05055897950264192,-0.05240392369958997,-0.05038550700243652,-0.050180248140106534,-0.04918602913127468,-0.049468227897385066,-0.05097559013571524,-0.05127881184258366,-0.051490140750440345,-0.0505984667730056,-0.0507972420786731,-0.05017759172591438,-0.050676756767528405,-0.05542380646045959,-0.05316221338128325,-0.04598071415137113,-0.049604749599229996,-0.049548931640798204,-0.04437226074604137
average_user_avg_positive_affect,-0.03021430346298929,-0.031146736642100676,-0.030421291126890564,-0.030447478293321062,-0.030082423997452652,-0.02991101872882806,-0.03084714049817088,-0.028755199496280495,-0.03046349640496667,-0.03010347047050619,-0.03251978851286855,-0.036882560614467826,-0.02972963659349473,-0.0327502002347736,-0.03091479014780719,-0.030649789287949432,-0.03324613041574093,-0.026483606532302705,-0.032699056052724856,-0.031268339992614115,-0.030746053066437254,-0.02904140643157108,-0.03163258348440494,-0.032182313784636346,-0.030386873721050447,-0.02876249714581833,-0.02873822395843447,-0.03135153470735226,-0.030105374194630413,-0.031036406894524894,-0.02398166755576041,-0.03063538149965688,-0.027772846477167178,-0.024581005308742968,-0.03042866711961529,-0.03316594224709385,-0.030477571102222586,-0.034471297956801844,-0.024107068928890106,-0.03365130767514518,-0.030162559040402253,-0.03759310545339395,-0.030756945736304775,-0.04255493881506896,-0.031349537681280154,-0.029431603246994766,-0.029865855409666416,-0.03122819869864646,-0.0257353435465549,-0.03209124095905302,-0.031257097190248766,-0.030440165756691815,-0.030734582479204214,-0.029036044018516,-0.0289064599043866,-0.03138696182041295,-0.03889900924337786,-0.03101061909414664,-0.029856286764045725,-0.028195574860138746,-0.030119900104221366,-0.030767266939656045,-0.030543159256138184,-0.030470220488122812,-0.030914473024766027,-0.027431435357696,-0.03114333001520768,-0.030196025151065384,-0.032927703718100595,-0.030607579887504604,-0.029202951781324173,-0.02983741845704067,-0.031169584619182813,-0.02864338879171999,-0.03140700948664945,-0.029349223826442016,-0.02903110681236203,-0.03190036640316883,-0.03174664744622135,-0.04141435663166164,-0.028327286760115523,-0.030526507065827792,-0.03206623798851238,-0.03046709364361436,-0.02932352550671048,-0.029825161623520967,-0.030877319165539586,-0.02954535273664959,-0.031613832015505494,-0.02973595860820379,-0.0289047885136774,-0.03769103182840607,-0.02906084676252635,-0.03105871567769485,-0.029646588962491522,-0.030366890814466387,-0.02861377740563032,-0.03039161408358321,-0.02997629629488882,-0.031202521993075476,-0.030468041571251547,-0.030140274477040627,-0.032424256578471394,-0.030490983007616518,-0.03144081180731261,-0.037979890725287985,-0.030041372215455994,-0.02886257652034224,-0.029656906509720606,-0.034182874187534074,-0.020490049058977368,-0.031160436685024193,-0.03047510316276976,-0.031035876742274655,-0.03305655344274117,-0.030439393934363526,-0.031134865215299706,-0.03026763536484567,-0.027298148168259154,-0.02372477611516321,-0.03027907272642961,-0.030486296943345075,-0.02892757732995536,-0.03103817982554219,-0.03274662688490008,-0.031058094974650244,-0.030129104329668394,-0.0299207702665291,-0.03145050175286103,-0.030277807242610776,-0.029800128432059425,-0.030564659536257713,-0.030457256609808366,-0.028873585085908163,-0.02552234626830191,-0.03437493527539319,-0.030476545515592007,-0.029463327318267608,-0.03113876115948147,-0.03172165534348641,-0.02905064844574918,-0.029539591135498998,-0.03164502104173237,-0.025620576675500068,-0.03033977931694016,-0.031914767557149164,-0.026193689946512732,-0.03193213287328776,-0.03402514622925312,-0.029076152556288627,-0.029711656772812144,-0.0361628417670387
stdev_user_avg_positive_affect,0.057257127576748855,0.05608306732310109,0.057536446073340415,0.057121393623563416,0.05850139398238828,0.0543312246909427,0.05014548965786135,0.05155016202674,0.05856065572534164,0.05112632016942407,0.0530739087588219,0.05789516713016849,0.05707359663513207,0.03916533598671702,0.05598740066290844,0.05666207083823678,0.05968106509371506,0.060937005142859484,0.05826830522282287,0.057512506624677454,0.05688360013482117,0.05440963159745209,0.057703338039349135,0.05622032305159082,0.05721454695853831,0.05863664665206046,0.05834330353585944,0.056561585791435776,0.055975852917051545,0.059217752817510336,0.06958353544770027,0.05644515211993445,0.053406787781771665,0.056211635625448536,0.05824354966600049,0.0574019003126506,0.05589345246248987,0.05290507247258435,0.04844858016245453,0.05210298926974679,0.0551950436878976,0.05117574084217308,0.05626663660702699,0.05393760598055849,0.05374779602738552,0.052516108335008915,0.05769479688341744,0.05817828449952395,0.05809069528821986,0.05741683700568718,0.05703146086305274,0.05716909410467011,0.05637437454262732,0.05691956191187236,0.05937875732983116,0.05716552477525587,0.053849727498287835,0.05957203980895115,0.05747962790710215,0.05846310562285219,0.057648862630531594,0.05288335808190146,0.05711273733193649,0.05719055881317762,0.06798444193632633,0.057757413985795474,0.05584881691513936,0.056486024847543184,0.05703466976058417,0.057544400248888655,0.0589706648601476,0.05686207391641557,0.05538722496064111,0.0571888539273918,0.05706000568998839,0.05870440695971089,0.04838216017431207,0.05415265377097981,0.05740083737429322,0.08185604008744857,0.062228015234133204,0.05654271239485405,0.059255027253911345,0.05837414677814849,0.05598079905616164,0.05507818908524489,0.05728652904895752,0.05967420513694063,0.057415573153207965,0.060729792582313195,0.05058061416026768,0.049191196189418876,0.04909553618556632,0.059230741739563844,0.05769565414405464,0.05708094859026864,0.05044784756094665,0.057144961871261474,0.05776644493125614,0.05687395438761022,0.061784001817962585,0.05771640322976862,0.06179001108266138,0.05531303058024118,0.057721526559274185,0.040526589777393804,0.057760526897604164,0.05849682284331895,0.06768138410217683,0.058136781535729196,0.0417744158198916,0.05437442636281829,0.05663988270416284,0.057326566634181314,0.054382050509030465,0.06095855169280108,0.053635032817108776,0.055891530596131514,0.055308848047902134,0.0553562305359144,0.05638872242696294,0.057220027932030036,0.05482195740376708,0.056228707087153065,0.05125679401573078,0.055438731301002894,0.05767168314649894,0.056954895595115136,0.0577325546282022,0.056665558387500994,0.05812714335641473,0.05543035725570744,0.05697185281812886,0.05677852831448002,0.05591595682381888,0.04580022753111372,0.057240810231585657,0.05574420555624184,0.057988254177224696,0.05814728457755571,0.057303283461793184,0.059445415649315866,0.05691704106111729,0.05854985864382091,0.05670104007891238,0.05147942286351499,0.048609071742754445,0.05535733848480256,0.05688783408593294,0.054930456874937784,0.0562959775084029,0.04982011783128838
min_user_avg_positive_affect,-0.04964645365246114,-0.04955779197953615,-0.04998944931262373,-0.04924568648514498,-0.04793621102219768,-0.040169932863343256,-0.04410954776213081,-0.04360886901436272,-0.0506695519890647,-0.04971912872966759,-0.04788860234423118,-0.05331413352564844,-0.04952210611149237,-0.03787411421007911,-0.052257011894232916,-0.049372641378265886,-0.055140480738582465,-0.06095058092477212,-0.05130697771818749,-0.047872203229447255,-0.050013489235640265,-0.046368412440272275,-0.04840864190240991,-0.052453112003398805,-0.04970492524553264,-0.05156708643426132,-0.050929998914321616,-0.04905722169560107,-0.04908727791454984,-0.051638497253151505,-0.05069534028306244,-0.04865518652119088,-0.048425652378248994,-0.04666943234233695,-0.04908716155632063,-0.05169771831977369,-0.0503793663535905,-0.04842799341590129,-0.04967468752379095,-0.04848394591363298,-0.050995243626257895,-0.04914488648989287,-0.049158558850980555,-0.06259232793453309,-0.047699351173301534,-0.04961950026574255,-0.048469844903552904,-0.05012479007466131,-0.05238616079854444,-0.05020114997035023,-0.05142650922140803,-0.0498236528758101,-0.0493302649770595,-0.04668353012055478,-0.05074426329352803,-0.04908436247126388,-0.0527156724980835,-0.05283874092914354,-0.049914943015106884,-0.047736878112180886,-0.050267157026176,-0.04329452351493779,-0.04999875169786083,-0.04985390675913266,-0.046328566911422404,-0.04860907388961351,-0.049142455664554385,-0.04790706675691209,-0.05213086298112017,-0.049514928114640464,-0.051747979179786664,-0.04833924960135329,-0.04794245486566941,-0.04838178893603991,-0.04928630393184724,-0.05093816439465233,-0.05009448393414713,-0.0499692805633121,-0.05210037632295948,-0.08044255543214963,-0.043215605391967095,-0.05014412964937273,-0.050211867153738196,-0.04974484533344939,-0.04821025072838046,-0.04011893887154765,-0.05054771118045498,-0.05140620853705218,-0.04914403293923987,-0.05011111603183924,-0.04173551255606077,-0.04973800220254521,-0.04434611341665176,-0.04942669513517728,-0.05165160335285133,-0.0497227128646901,-0.040607810610092894,-0.04971117041378795,-0.051044128326124774,-0.049724122000199655,-0.051381844964160296,-0.04954489617248378,-0.052745601031905225,-0.049503767899582385,-0.05328357142251762,-0.04873276129175676,-0.04950230541766343,-0.05498511925981192,-0.051139562342091674,-0.05249169218680929,-0.03788751029215251,-0.0484533312712318,-0.05016926929714596,-0.050124352757015884,-0.04923391426651723,-0.05079942538143349,-0.047754602988771176,-0.04906210124255557,-0.047130129941148347,-0.03944035801690017,-0.04926222277189802,-0.049880708686876815,-0.04694726212471051,-0.048481805093443964,-0.04483648949042385,-0.04900767837926906,-0.05031193232428749,-0.048664564273568175,-0.05190260334631689,-0.04890685801621049,-0.04988543151568687,-0.0537651800528063,-0.04944064263313761,-0.05110097056684003,-0.05173366906569357,-0.04041402576741802,-0.049844925392982395,-0.04982930292673323,-0.05238476982760197,-0.051786062902747704,-0.04595555604452603,-0.04858158844448409,-0.048994539173210394,-0.05210633311604361,-0.04961035984760161,-0.05057655073961975,-0.0332368687369885,-0.05569846849800258,-0.05156066663186648,-0.04681018281743542,-0.048826771472505595,-0.04384495286636797
max_user_avg_positive_affect,0.03832725944213524,0.0369459262931943,0.03840629831153469,0.03830953694333039,0.04023215855993717,0.03821874957758341,0.03445441263719398,0.03652310577280495,0.03938547579061977,0.03348944188278044,0.03228204692219712,0.036871906065432614,0.03837696581277469,0.0297289095398671,0.03601766601789813,0.038032428946330216,0.036746487531821845,0.037232086216919716,0.039964050849539655,0.039696173898906964,0.037877544880038416,0.03781165213009618,0.03872592852171071,0.03634988944632728,0.03831667590336579,0.03934125159991862,0.03907897982791804,0.03774618579093679,0.038090481159518214,0.03894650861450788,0.04521393182480024,0.038096068553207366,0.03414096438721131,0.03827614957373303,0.03946858227324648,0.03706564098481972,0.03872711575812233,0.033026781774625966,0.03216974929400734,0.03314769446937982,0.03618831111674335,0.029250039461409715,0.037832491433706386,0.02766164813346606,0.03559369753210129,0.03566577689256105,0.03938156720562463,0.03877919632345092,0.03979623777507847,0.03868681288364126,0.03693069277997933,0.038271393488495564,0.037782399899971286,0.039843979075858904,0.039558483080149566,0.03701543003619748,0.03345281803586413,0.039446471748352724,0.03851811723491843,0.040104967930687366,0.03757660522097862,0.03614431544723494,0.03816577366803088,0.038308505691119085,0.04881763845600106,0.039954222763724304,0.03671583561440237,0.03731951903756575,0.03713274875775211,0.03874135331584873,0.03882786175151613,0.03877126541057878,0.03761297761316826,0.03889819357268915,0.03824976864985076,0.039448759345975186,0.0311569383743229,0.035224853777318314,0.03745158057626198,0.04135071549679405,0.04252079568699628,0.037380027475937994,0.0389092838678624,0.0393386956252397,0.03778222037824895,0.038812037734452534,0.03824085886430987,0.038819656156324586,0.03915213423668306,0.0412351330704958,0.03724204946328147,0.026949633445999547,0.034488013618534034,0.03968791535235158,0.03827255441402631,0.03820048235464272,0.038588348142797164,0.038261337332942576,0.03795786286445401,0.038554954708389086,0.04188586721329574,0.03912707826984034,0.04148424891340356,0.036762640230109,0.03671636977897019,0.022839535241614216,0.03829620185495097,0.03552751894662985,0.04471877049930337,0.03589253023995402,0.03311501838948169,0.03560195695661626,0.03766536355560661,0.038101168991726414,0.034807178815114095,0.04005434481137159,0.03615391509516872,0.03780310784015113,0.037723711410487956,0.04262444813358601,0.03780790809488059,0.03824123324743295,0.03718560458645348,0.037841643617960816,0.035233012076527195,0.03682468520186367,0.0383394045360078,0.03856037852436903,0.03855162825574053,0.03772838550965471,0.0394628954920393,0.03632560857731351,0.038302000478031756,0.037387463157510535,0.03507340396716881,0.030667063536814025,0.0383021049395053,0.03677498072580477,0.03912087405557681,0.03821545409479263,0.0397939639304446,0.04041277601860556,0.03822518981566507,0.035361336332030306,0.03809628260085761,0.031151100204420676,0.03953064526702736,0.03428163721934825,0.036637872975865536,0.03771693875645937,0.03791716406064993,0.03361279344950026
average_user_avg_insight,0.002181149533379466,0.0020652997776224105,0.0024509868544801347,0.002053304121278063,0.0026856463307586287,0.005316506403627639,0.0016179844798157005,0.0009721190974971011,0.0020855124802267554,0.0027056365834043396,0.0007943319059307875,0.003938665346236658,0.0018394720751218445,0.006297561956352756,0.0037594693177356447,0.00227678754135913,-0.0014188607070305774,-0.0029057096234558245,0.001376489458130719,0.0002498455486134206,0.002310441085016317,0.0028829463179793242,0.0014293868680168471,0.003168610133130814,0.0026397598392221486,0.002292264160860976,0.0055766772571773995,0.0034361878636181356,0.002006554209245559,0.0017921998715795112,0.01039555275884086,0.0028906273420528095,0.0122463702346489,-0.0006031300525588014,0.0024374641212061357,-0.0014833279961861262,0.004955677379793504,-0.0007499834404270517,0.007785881744818139,0.0010615196025133,0.00047094620648497135,0.009906549329685432,0.002708644605085485,-0.0030610175966506864,0.0035113358087413074,0.007128762091517291,0.0012519705644422688,0.0017736591670224101,-9.078399046160909e-05,0.0017854844629344307,0.0019358336759529651,0.0022631637528612372,0.0022936183607073016,0.001308743717145476,-0.0008778163355774547,0.003778553010272922,0.0032968536545051642,0.0015312874459310934,0.003041825575347327,0.004308771701472293,0.0029891997638323183,-0.00033811215891137864,0.0022789924725170572,0.0021254313471765623,-0.0020162771455796633,0.0021536900963493866,0.0019664021095924245,0.002055080192621208,0.005402760889693194,0.002460559948759683,0.0016862690770396253,0.0013948771788010912,0.0012494510426736584,0.002387344374320109,0.0013335711375289938,0.0030301384002672273,0.006823908162130011,0.0033092784316732585,0.002531385163957879,0.0013355770325980607,0.0036076807063727886,0.0030006557558657707,0.004314729681287252,0.0028948055719647536,0.0037624954783251584,0.0041186033628503455,0.0029019028761805774,0.0023001411483432113,0.0018634188184293854,0.0033778486994344575,0.0024849593932970947,0.0030118411651410687,0.0025292501959860852,0.002676894377812277,0.0031138286733697895,0.002138139889002088,-0.004058630148109872,0.0021547395427008245,0.0023179222721770726,0.0016866012579889768,-0.00034927950656400003,0.002223391638331386,0.0006707414868358172,0.002550010088816796,-0.00022490957333187386,-0.0010864698277084327,0.004476540909851681,0.005489851732002324,0.010115006570219631,0.004214167734473879,-0.004466211163728799,0.004559393692636918,0.0017738044258229155,0.002293505307510796,0.0035182388982154394,0.008217601841231402,0.0022598429746495258,0.0016780677318900296,-0.0017080433538951,0.0004770727407361272,0.0019079066984592358,0.002288253044596008,0.0021483646589242344,0.0038609858919975842,0.0027638006876177026,0.0020460287159746807,0.002771707555566612,0.0019364379327381047,-0.0014431388561843284,0.0011760573814268045,0.002180783848224222,-0.004650828847437293,0.0018502474531248217,0.0005802940694125611,-0.004029231708419664,0.003914978455782269,0.0022883100927841467,0.0014292625143727117,0.0017521044203301674,0.0029119952577406003,0.0030462720341380006,0.0012427553729689664,0.003293581025331338,-0.0015546826330006432,0.0029205926706326567,0.0030704372600136726,0.0076945770737989645,-0.005791257463204986,-0.001688585629552479,0.0035856901758296797,0.003342400969233921,0.0028008170193598407
stdev_user_avg_insight,0.029949644409560165,0.028309590971257553,0.030847036001963347,0.029508632700239238,0.031075546163628245,0.033599648489262196,0.030077700077394222,0.030083253992837608,0.030217059901061688,0.03086114652288783,0.023566464912876554,0.036082145743666506,0.029260124450745446,0.022468838154641957,0.03160512758258548,0.029895403725208606,0.028833535574787093,0.028639727054006688,0.030567479057158606,0.031226201932130524,0.029064230361128176,0.03037797689271068,0.030744021403898703,0.03004924973224208,0.030423947451950553,0.0279129941734453,0.029352938020442077,0.030334624320127693,0.030869321232733074,0.0286894783576779,0.03592749461106344,0.030888297183460575,0.029354314863113823,0.03296396348581438,0.029566382333836762,0.0282337679714355,0.023526921980132193,0.02840298673587971,0.031238159883109948,0.02722318109838029,0.028542920244162467,0.02714512564110302,0.029885195880810126,0.03000967940552681,0.028576900709756364,0.03473875602247677,0.03142186673920347,0.030519495035649782,0.028444700240157893,0.029166905085778655,0.029667345432918737,0.029919983695264916,0.030038757668373255,0.03032693751513732,0.030646808738767822,0.02501194705420045,0.03299860350590496,0.029482645723442114,0.0313400273000973,0.03323013287576308,0.02978353962883524,0.030643482066326812,0.030104225068640564,0.029779622910609455,0.014854802423898396,0.02968611938798821,0.029800132671869567,0.028871523284197544,0.03264982833424394,0.029898003447850527,0.02904734728423348,0.02935636472980391,0.029593446707858014,0.029155071351483312,0.03044832460996819,0.0311129024844757,0.035231592068623085,0.03344753217030669,0.03236462391527338,0.0218027803617539,0.03490147260560306,0.030456951209112217,0.03229221969076038,0.029954837558402014,0.03222951462990785,0.025559124469513434,0.030711918052036068,0.023968205668757098,0.030483592270751387,0.0296564041574581,0.028271361860800776,0.036402476991424945,0.030914715041713704,0.033263367890116934,0.029328192788175386,0.02986389089839843,0.013212144963488812,0.02981178466371929,0.03127535304412612,0.028940139627612188,0.031293678224045156,0.028058344631087116,0.02798372090984425,0.029538201724868925,0.03368822618294924,0.01660511703479603,0.03337935625670217,0.02689826075602958,0.03819297032419093,0.034834816442829396,0.020490268467245033,0.0237153301758257,0.02972529664769484,0.030749760956671625,0.026089661209211377,0.036144361901447285,0.03063208151868114,0.029490812107414215,0.029321538322751695,0.03092500665216116,0.03009719355448929,0.029751777940541534,0.03204358666153054,0.028684189349603713,0.03213380510230702,0.029230153407243394,0.030514909376398835,0.0296704095297117,0.02658154733724049,0.02963200308702382,0.029835119269465516,0.026251843119863217,0.029929210291546805,0.025603321969234663,0.028518167599045015,0.03233727488625694,0.030014121918735613,0.03108707741545516,0.031600500034233495,0.030953495185837336,0.028870950559164762,0.03049872597084017,0.03079756724470235,0.02758461950642828,0.02982475906587847,0.029247802442185812,0.033520150478882196,0.028563424510460938,0.03053333323387847,0.029276638769997705,0.03175710821819395,0.04099842524497559
min_user_avg_insight,-0.03161241456877879,-0.030978251808061023,-0.032299311130753204,-0.03154918018323422,-0.0321795666379223,-0.029515455991608736,-0.03104180344594776,-0.038512521332935035,-0.03166362476573132,-0.03272969990881943,-0.023327258043335613,-0.030469193755174505,-0.03135759999257558,-0.01845101456846514,-0.0308188800394616,-0.031145727882275716,-0.031752083061073355,-0.04835686692277312,-0.03251076037238696,-0.03224920478106166,-0.030185774350746132,-0.030584229135632045,-0.028773236254029805,-0.030995424384790818,-0.031278558872102666,-0.02704260492966248,-0.025672509038058323,-0.0308686981648726,-0.025456811571823952,-0.028803866182945535,-0.02694165532049712,-0.03184271924670497,-0.016894066792416954,-0.03288662101507428,-0.030057538470744674,-0.02787374166733231,-0.028695699690619383,-0.030921061192840306,-0.03670669619601414,-0.03233781458623101,-0.03146417855806232,-0.030850078450114136,-0.030323700192963873,-0.03840221319027927,-0.0324788470967549,-0.035728886463595115,-0.03129214118544438,-0.0313072389071546,-0.030586649955377375,-0.031961388888988515,-0.030660418213279035,-0.031009102267431754,-0.030819576967568138,-0.0311044743834686,-0.032428257340717546,-0.02481566120728751,-0.027783638141640223,-0.033443503274405956,-0.03161029305365905,-0.028082260875856482,-0.03088590484320665,-0.028778659393222567,-0.031014970426927302,-0.030883984705944896,-0.022141094595134317,-0.030993529569123837,-0.03359141794050561,-0.02847266773380059,-0.03193143763282125,-0.030319921349605785,-0.029723415496757957,-0.030373930705910622,-0.031845319788384105,-0.030575197720668634,-0.031766314526431624,-0.030878024678623946,-0.03175642042537635,-0.0321851477987166,-0.03126773564292997,-0.023186416685100367,-0.04201537981560558,-0.030095010136925573,-0.028504687968013004,-0.029626462750664866,-0.031667385106974616,-0.02616888918234751,-0.031112567128042057,-0.030932700769767736,-0.03200256521792919,-0.03375706433234203,-0.02847020910588361,-0.03854946149796079,-0.03068105052651473,-0.03495645326659995,-0.032680973136201164,-0.0309821865383519,-0.029987255603292885,-0.030973177306390688,-0.035391710492952796,-0.03235492219089065,-0.028226483950573582,-0.029518195651508233,-0.02590966410210952,-0.03172477026235978,-0.04059228214908901,-0.026211178937288256,-0.0307773180877459,-0.03436461585742405,-0.02302038897619514,-0.03715881543924213,-0.04343170574256445,-0.027764470151519702,-0.031804483515314855,-0.03164527378973097,-0.026316197420867223,-0.024521728761292636,-0.03180911858206521,-0.03247558864664993,-0.03462239580485962,-0.029001808080545304,-0.0314834497115709,-0.030904302891920886,-0.03258725969201345,-0.03171116165257597,-0.03330507132086182,-0.03061093964093152,-0.030794020675490023,-0.030548662858439504,-0.03535778301479868,-0.03418664805728857,-0.0315029489724452,-0.024429031865884073,-0.030962781432147035,-0.0334051583759805,-0.03660455741418764,-0.03047331463136124,-0.03091392567129509,-0.03321212253503312,-0.03172961959063299,-0.03123832621655301,-0.03260252943720143,-0.031176964396434022,-0.0305541381311764,-0.03942640816841439,-0.030336151261245073,-0.031211144419315,-0.03312215117184643,-0.0363534016681082,-0.035671332113223965,-0.027977748637006142,-0.030122399604488325,-0.04378263336995519
max_user_avg_insight,0.03856511263632977,0.037243957661710576,0.03928305439682384,0.03828359511057006,0.03895376468898644,0.04029770343332023,0.03850745874131518,0.036382793481397196,0.038535627878945364,0.039384503045027316,0.03428702296460726,0.04358639473129933,0.0379653019519548,0.03583523465037909,0.04045723634612403,0.03857839420809428,0.036103640330082,0.031137113606101535,0.03900384686083144,0.038310977537368875,0.03807607808231766,0.039177086742911094,0.03930693710445892,0.03915000676544557,0.03905909009644547,0.03787289079325197,0.03990624614336092,0.039226078951178564,0.04030750124244298,0.03812184466317407,0.04405171354345504,0.039600943729803634,0.04007736795579846,0.03960631653127826,0.03897885283273778,0.037956037878420536,0.0337556799714961,0.03514309536955547,0.03948353336143069,0.035554857949568114,0.0374462679641301,0.03578669414610414,0.03902394285598401,0.03608858478244319,0.03750118797313781,0.04144415771667084,0.03957475526606506,0.03911360492074194,0.03696305311934608,0.037419980333448254,0.038428670776763235,0.03869694616238828,0.038839760026251405,0.03837529159374661,0.03742173141664226,0.03498960217293473,0.04266728485750345,0.03732434049272821,0.040195659377218695,0.04193709871906371,0.03850054720509355,0.03776490524285475,0.03886758757264788,0.038580763847090596,0.023352184657379566,0.03873880980970625,0.038000997763250534,0.03765724709792822,0.04126579628721548,0.03888489947032733,0.03815294940954755,0.038173249820829286,0.03788587122253652,0.037877413467127016,0.03862965304630349,0.03971496766840703,0.04328970715417813,0.04134608948512318,0.04086318581467975,0.03458112996396421,0.03651737416956152,0.03950767272018359,0.03933184769244216,0.03886835962143802,0.04082885208770924,0.03510523023658424,0.03949298542314527,0.033106388123459736,0.03908863566242249,0.03737256838423242,0.03775013212901857,0.03629467917779623,0.03888558264661737,0.04067454159753896,0.0381565650865566,0.03857748822792509,0.022478128785963315,0.03858278656224039,0.03874393261078308,0.0381476453350683,0.03951694512376855,0.03757872962219298,0.03789454655834731,0.03859936425558849,0.03875307908039291,0.028595453214847598,0.04217249741421157,0.03447783611993212,0.0475849639489086,0.04196473528175715,0.027365816158105023,0.0349990649771237,0.038305513248450725,0.039118834761873215,0.0358290263498096,0.04573070404343994,0.03924638235098081,0.03799446187501762,0.036565578842583504,0.03937826177118146,0.03871912092261949,0.03857554530729663,0.03948723146902816,0.036994887729750695,0.04127909541454482,0.03787900124436343,0.039243317168507985,0.0384613982665718,0.03423578637772728,0.037373730375253156,0.03852269714712944,0.03366767796098005,0.03865073338838868,0.03415707927946594,0.03498183974998121,0.04212068615271791,0.03878610808785228,0.03844690404162365,0.040570590283189954,0.039731942276782346,0.03755859379187892,0.03895383949396097,0.03983489238639985,0.03303260350832024,0.03869852683038557,0.03754177849451368,0.04193648141674375,0.03486850596774011,0.037412626995287086,0.03895665156105274,0.040533739936431536,0.0419704652123435
average_user_avg_humans,0.022830321674413727,0.023457050911990972,0.02386395399037916,0.022458137852931,0.020290684439693004,0.019158950432262296,0.019861944327414366,0.02524501789098192,0.022384569650586,0.02327566316427558,0.02413038448231323,0.022451132011590123,0.023197995666200254,0.028814660311536056,0.02195858712324945,0.023278197137710538,0.021568706908492503,0.019397679773471503,0.03012075597306249,0.02269878841652567,0.022758492627731296,0.023960609271926732,0.023403763736887774,0.02233493262367268,0.022781436026153574,0.024486065866902423,0.02158009737790989,0.023722919991738818,0.02323032125981788,0.025607720576339175,0.024040488552817638,0.0239712265008069,0.023749140828484776,0.022678304475879398,0.022865702482457697,0.02399149052544556,0.017289521035636066,0.01729047560997566,0.027611432173823953,0.022553700002494872,0.02486622809003329,0.025621298637495946,0.02302213077402612,0.028076461690320922,0.023747022383226655,0.023898718567672745,0.02457428591819355,0.023422456010319094,0.018293963263750747,0.023230764330783124,0.02310483857719284,0.02310489219249368,0.022932864815809254,0.021430582997875723,0.021364533782296344,0.019811224162667028,0.02934256218950885,0.022644733628791675,0.022560977653019575,0.02361576705086578,0.022413902823376085,0.019859454964581913,0.02302046064708301,0.023340167786798982,0.02061732831502031,0.024072274076269152,0.023310709493434896,0.023542452080647244,0.022373359710710014,0.02298983184689893,0.0233281062092596,0.02235504507540544,0.02447248081177534,0.02266150941442636,0.02212173191203849,0.02243013039814092,0.021817298023737424,0.02487836253800437,0.023475193544300235,0.018302347610502007,0.02080232902919686,0.023245449290963914,0.019744243402402342,0.022444755652361748,0.02209877850582128,0.028584110088050015,0.02324982491702201,0.020789192093859557,0.023495265488297064,0.024571578328045043,0.022988622702522367,0.025514374840956443,0.026308297471563668,0.024862288286037447,0.02215540055903368,0.02298338444100194,0.021455560876861603,0.02305957217088199,0.023660284996707442,0.022291317886674586,0.0244615850224392,0.02279719942190367,0.02409761448857045,0.0228739723681987,0.021735356392472847,0.02432775709267674,0.022906968911326944,0.018703961070935513,0.01408341018968551,0.02466977114874798,0.023724028092834713,0.027406229353692163,0.022917229867636245,0.02355585177137828,0.023581487849441033,0.015981628323439977,0.02384296920293907,0.023594386762090858,0.024562544386586383,0.025408288458561294,0.023329382859753202,0.023040419936630006,0.02138138467178735,0.02277001698836055,0.022764589287111395,0.024046233196885394,0.023799079643963952,0.024077089700875205,0.024001002183089898,0.02360298108857959,0.02251762795994785,0.0010151388716711958,0.022765770578080324,0.0235190534726812,0.022149051728021826,0.026286245927688846,0.0230496940022053,0.023401396392605467,0.022382405159968418,0.02253550748140414,0.02374758524639041,0.025369587833777456,0.023509281340000028,0.019211265335435244,0.02320672048780058,0.023964526946894608,0.018877714057612047,0.025056971333996925,0.024222883973642625,0.022532868793548703,0.021813903234331064,0.026265780537942342
stdev_user_avg_humans,0.05771896381448157,0.05856856100041537,0.058094424742620804,0.056869467753921495,0.048636039064265155,0.04957412065699509,0.052217495559869834,0.05883632775027106,0.05512626079807224,0.056668187549722214,0.05911972636870743,0.05502744420087451,0.058461699359683546,0.05900210873943225,0.05769233315376676,0.05809796386369754,0.053433026686747945,0.05669169114199925,0.05540277836482826,0.05312445557665746,0.057580323778004566,0.05749164347746659,0.05902781777298937,0.05689418681140501,0.05743173367849404,0.05925573200143091,0.05747103512657688,0.058753325181843445,0.05568342677894462,0.057724823871453494,0.0539954566371758,0.057798652346956574,0.06125903119289962,0.0576733189263456,0.05705190714525465,0.05621154237043698,0.053007641058857774,0.0511575976730624,0.058643351110399575,0.05816678146631284,0.05910450313187976,0.05919464465806217,0.057250741758962276,0.06095811357199413,0.05743676533325064,0.052774967625929384,0.05624265533972088,0.05785093927594911,0.05278273145615017,0.058287146803274306,0.05842573004732242,0.057612162103943175,0.05746891900955467,0.056512557059470774,0.053598988045218635,0.057547052740955854,0.06056590369247501,0.05728312534919615,0.05693931528820439,0.05838735096350616,0.05609060345610224,0.05461010817018787,0.057477670958099206,0.057811151840688316,0.05230670088887511,0.05829090580180174,0.057839462254923396,0.057257128495304344,0.058363171674336925,0.057540045310676954,0.05814319283409473,0.05589303198254229,0.058182280823330296,0.05806443395421511,0.05623015274955485,0.056586309625453204,0.05639663009678077,0.057360753547717615,0.057387678000506696,0.05207314372471116,0.05433629915341592,0.05750807696596175,0.05513536194182313,0.05653022273016961,0.05695981313179376,0.06278651937206216,0.0571460918778386,0.05994325142734476,0.05692335326253031,0.059805817178768386,0.057865467872194785,0.0541669116511464,0.05904020231661511,0.05829209341668479,0.05638506891060399,0.05754626671025719,0.06076082636236005,0.05769193702796699,0.05895307559715293,0.05674413127432197,0.0558981340634544,0.05710405353534191,0.05823099125717822,0.057347570414359235,0.055816080500942056,0.06110214903101689,0.056636335267234696,0.05518889608811259,0.04716943517807624,0.05652300320796659,0.05914910979757318,0.06020648691427763,0.05811456099113615,0.057413454796287025,0.06094138024737652,0.0498676869701913,0.05748151184006708,0.05806897768058901,0.060000552363306925,0.058144655900883316,0.057907593589564786,0.05766930003250103,0.05545271034359329,0.056309221882444284,0.05746437272940011,0.05858507292379424,0.058705615817962666,0.058433878169392,0.056048498804700815,0.057560981406179705,0.05689368132692287,0.03322009825609811,0.057418739128505036,0.058591184142909945,0.05596734116588785,0.0606757082611239,0.05757947027344266,0.05803330737291124,0.055525024271354584,0.05722316114551547,0.05917719743578516,0.05751984727193579,0.0577612094669391,0.05719893259581431,0.056974325983227096,0.06127498999789896,0.05469630445008966,0.05790671655761714,0.05816848096610411,0.056979018731081216,0.056398223215554724,0.05513772852158757
min_user_avg_humans,-8.127424365314135e-31,-4.6334985567040314e-30,-7.341644948004143e-31,9.494353143342976e-30,2.3726301356884113e-29,-3.2083585461060865e-29,-9.761961109115582e-30,3.658785411849651e-30,1.4563111867478523e-29,1.27919303941228e-29,-1.018489532490302e-29,-1.2859434238673574e-30,6.822606827991783e-30,-1.8418342133655672e-29,1.4917386680748555e-29,1.2971138175448033e-31,2.8364133255963016e-30,-3.756333763532865e-30,-5.796278760627825e-30,2.621518062401574e-29,-5.811686200182923e-30,-2.3113855634568972e-29,3.788400497106912e-30,5.7820268790393595e-30,-4.6865579266719e-30,-5.9864643426360646e-30,-4.2087347074694265e-30,-5.23121091494461e-30,5.841249224829267e-30,2.4311976652972272e-29,-2.332397459150162e-30,4.36357947499816e-30,3.6657187596494454e-30,7.172163112898066e-30,-2.1329770430585856e-29,-5.78491577395594e-30,-4.859602732175093e-30,3.2239104304070135e-30,1.6169626330589135e-29,-1.6096055806713543e-29,-1.972681893787236e-29,-1.842315695851664e-29,-1.0787615100999005e-29,3.7266744423893014e-32,8.67438846952011e-30,-5.067506869671695e-30,-7.154251964415265e-30,9.246871145489216e-30,1.1627802039237936e-29,5.11199585138704e-30,-7.653741895492095e-30,1.129076429897017e-30,1.3116160700260392e-29,-1.9603366828437138e-29,1.0889207905565432e-30,1.392071793452816e-29,2.0294390492483278e-29,-2.328333746967505e-29,1.431322245719428e-29,-3.662155789252329e-31,4.029238036652536e-30,-6.896562537856253e-30,-1.5619965924461018e-29,-1.14823943284367e-29,-7.132488956043689e-30,7.169466810975924e-30,-7.970653667841014e-30,8.214476398800438e-30,-1.307735321188099e-29,-8.659077326462232e-30,8.018898212947915e-30,1.5169587206966063e-29,-4.820987836790129e-30,1.4084036793812198e-29,4.480897497560509e-29,3.563769658043307e-29,8.882196310519493e-30,2.3920820281267224e-29,-2.785482108216981e-29,7.966609214957801e-31,3.419498245909259e-29,2.3687879054493588e-29,-8.616225385199616e-30,-7.196911312683442e-30,-9.295115690596116e-30,2.270228440545342e-29,1.5658773412840421e-30,6.386383695588074e-30,1.627006357718893e-29,3.4431775545755e-30,-1.341207983621549e-29,-1.5803314455166683e-29,2.355335284787814e-29,-6.669784286904656e-30,1.679805727144269e-29,2.2351572562580504e-29,2.471805898174632e-29,-1.6214981980779455e-29,4.058069207920013e-29,4.3703202298035156e-30,2.3344196855917686e-29,-3.3302891708852424e-29,-2.7700072611138297e-29,-4.845736036575505e-30,-7.667030812108367e-30,-3.703755876051093e-30,-9.31716758845935e-30,1.3465428095675018e-29,-4.161260534340281e-30,1.591992951329933e-29,2.8965986363584027e-31,1.592012210629377e-29,-1.3202249768774502e-30,2.619515095259411e-29,-1.6668153296693771e-29,-2.1090473634995742e-29,-2.735879782499288e-30,9.715353604461411e-30,-1.6577441996313133e-29,1.4390452247964207e-29,5.4182187125446106e-30,1.5822188568621678e-29,2.4453147317895856e-29,-1.100418592324535e-29,-3.2444215843147375e-29,4.501832356055998e-29,1.025114731498994e-29,2.857810407278444e-29,1.007608028304514e-29,3.353236626172616e-30,-2.3809501530481642e-29,-1.5191446511834858e-29,-3.9151266874475924e-30,-1.5744669888360092e-29,1.5125868597228473e-29,-1.2472514912846178e-29,-2.77841394532108e-29,1.7423503020882445e-29,2.855191142554077e-31,7.083185149467376e-30,-7.586430643935761e-30,-9.483471639157188e-30,5.149262595810933e-30,-2.7211464184247255e-30,1.5264342960229915e-29,-1.572695133287173e-29,-1.4264014947115185e-29,1.1695016994297051e-29,-4.7570469626364726e-31,6.0157384777907505e-30,-1.634247854309789e-30,-1.8161856413311902e-29
max_user_avg_humans,0.05286352915152058,0.053511142801499684,0.05322197941234512,0.05193990709407144,0.04503529505447422,0.04546278026846318,0.04758790059816778,0.05407582456164887,0.050316435384729706,0.05161147258720645,0.05462849139088532,0.0501339883208394,0.05339055802820016,0.05505468132373159,0.05249197794427822,0.05308953775835319,0.0491358360437898,0.050711514123066834,0.05162923093793487,0.048697516567146465,0.05257007375660132,0.05280857845540536,0.05400812491877254,0.05197362797255824,0.05249633399941865,0.05418839166042924,0.05229675960570586,0.0536299263636643,0.05101632094885933,0.05320974021420497,0.049552067699857386,0.0526167038963021,0.05596403085578866,0.05301841004311861,0.05211500630547336,0.051436195292558454,0.04744753875058585,0.046615973211740894,0.053699329266070225,0.05310973951596998,0.053993684802679305,0.054293070999382034,0.05232699443587886,0.055643847482402184,0.05256357361008828,0.04840094019436432,0.05219855311658643,0.05286568609169644,0.04785563077065512,0.0537718771413489,0.05325854433159069,0.05266889165316707,0.052476954238475475,0.05195233790921744,0.048962761583198934,0.05215216984099448,0.055854759899387124,0.05242210451170515,0.051991785457848105,0.05334150342381104,0.05139211841175805,0.04976668825616756,0.05254393879159011,0.05287099552446813,0.04891881689602008,0.05347787304657094,0.05302803082856221,0.05245434860619844,0.05303739514238218,0.052572342541230936,0.05322593531796589,0.051017218965162855,0.05331717546898236,0.05293010200372091,0.05130447335757743,0.05172523827940073,0.05142801436340113,0.0526703777027274,0.05249256197571752,0.047547357187142425,0.04957748756667521,0.05254096012828287,0.0502597824309696,0.05170954267624523,0.05229796450410282,0.0582157679041859,0.052329449286626584,0.05390318603360548,0.052065525305658736,0.05474290231279248,0.0530153704977036,0.050263130103207154,0.05414446731241809,0.05393106264169602,0.0514089862954123,0.05258391827052881,0.054243250759944156,0.05272471970847649,0.05385837370335259,0.05178187371970015,0.051626243864251145,0.05221898573000446,0.0534307285289163,0.05240837588825851,0.05093620389790405,0.055684666893561614,0.051887581883536274,0.04983950134552216,0.043291427367862,0.05191057379700498,0.053670791983456465,0.055802894087409086,0.0530647654450115,0.0525336091174366,0.05542036036413027,0.045465883013994964,0.05263995308740858,0.052991674699665606,0.054971824875058126,0.054036176831138455,0.05294712476109725,0.05274131982922474,0.05060928875788301,0.051359095529859324,0.052549870787195696,0.05348714572896321,0.053750490474408275,0.05353539972228376,0.05161964243879201,0.05247308319942874,0.05187296837569131,0.028871476152123574,0.05242682746247045,0.053729240663948,0.051136154537196735,0.05568210972187887,0.05262367889731114,0.053317330993192316,0.05057470974270177,0.05223182026369714,0.05405045061651886,0.05295798867226492,0.052845470814096324,0.051613233468234196,0.052378348425525786,0.055905961880032246,0.049372907323292026,0.05317607980687925,0.0532854435258669,0.05217440025662079,0.05172103008721599,0.050482126491554806
average_user_avg_present_tense,-0.012825639840284949,-0.012387568146017616,-0.012515855411261547,-0.012510338638967266,-0.00922209497072007,-0.007255748151342041,-0.013119511908244603,-0.014874426752130668,-0.01242781215487903,-0.015345882027600252,-0.01404771890280064,-0.01707888300325597,-0.012756183969034704,-0.007510876955514939,-0.013500134202980189,-0.01379183856355335,-0.02236276344888398,-0.009570353093280139,-0.012960930400414714,-0.011945035449641275,-0.013079597690779895,-0.012143489593315772,-0.013268660795940176,-0.01249958368226227,-0.012800780440263773,-0.013057293976322505,-0.013089249812605178,-0.013347049295872913,-0.015241160085199875,-0.012424853467927655,-0.008820472741756819,-0.012831646527680946,-0.011009797829991721,-0.01066884537571257,-0.01317813007956184,-0.009199289547882093,-0.011986863101234277,-0.00921814097917301,-0.01094294625337933,-0.011034673511826867,-0.012182657599581466,-0.011458220576980581,-0.013216039252059539,-0.005816764040493069,-0.012259706580865844,-0.011121551789446543,-0.013288514525846451,-0.01241093377318193,-0.011462026475007225,-0.008244375070056776,-0.012902398264541435,-0.01299550467453825,-0.013607328895894846,-0.011407035889799447,-0.015971835498514716,-0.012325200383292465,-0.01037097186155957,-0.011936220136290279,-0.01120046533103464,-0.01653186643310847,-0.013459429201560019,-0.013315693108409864,-0.012967833354408648,-0.013041474469678332,-0.012233095145770569,-0.012140353951137052,-0.014052334424663103,-0.01314437789078481,-0.0168316952944934,-0.01306047866607515,-0.01292521233937786,-0.013775930380433534,-0.011844322870041009,-0.013637022581831465,-0.012588144087485754,-0.013558257167698335,-0.013619069369692309,-0.013368431094763659,-0.011636884092440087,-0.015685454968009355,-0.012218629075355614,-0.013044441193430324,-0.012269793731594116,-0.013456113163686622,-0.013340410974672118,-0.020666220870397243,-0.012584995458132384,-0.009914263267124166,-0.011546319024580459,-0.014913343471033815,-0.01254064936956355,-0.020115082449427498,-0.012463128375473299,-0.013075768114299635,-0.012701936612027129,-0.013021848131560076,-0.016864520265431143,-0.012977989188517843,-0.014733911174837253,-0.011657048482205477,-0.012200999311096968,-0.012346602395164878,-0.009562603312648268,-0.013089017638358364,-0.012399994056045364,-0.0058578276564568346,-0.013534141331066136,-0.014007967605143574,-0.012424539186702754,-0.017416785622275454,-0.006193930052598617,-0.016234029010043977,-0.013016996704186847,-0.012707829849349227,-0.012780494106946965,-0.012737170460400191,-0.01366897843800843,-0.012982836384867948,-0.011876282044368934,-0.01390726779746432,-0.012849668365652168,-0.01290347930415382,-0.012686440665703748,-0.012307454614865975,-0.009865879098842628,-0.011926471355706186,-0.01266554229108109,-0.013326764820020622,-0.009987675429337588,-0.012777999238212797,-0.013384724089623429,-0.01450530458172853,-0.012709281919436087,-0.010608417871217166,-0.010981297761467456,-0.010738044019920786,-0.012999160599030606,-0.01142849043629815,-0.014074153150378875,-0.012319512753447968,-0.013231959469713698,-0.018826010388972213,-0.013488419772228276,-0.013805771917541187,-0.012849317159008845,-0.010072085524235184,-0.005433268557414307,-0.009422283572770111,-0.015832411858013692,-0.01382265459062457,-0.013209072174747748,-0.006875203567949323
stdev_user_avg_present_tense,0.002166220334517528,0.001880050006716958,0.0024930350104685473,0.0029729539208761466,0.0054461563271304345,0.0016290801302873224,0.002593310263359412,0.0018498647125123786,0.0026115862058283604,0.0005698586997565369,-0.005248215828438308,0.0016312264774466026,0.00365454239572845,0.013337938584420981,-0.0006285598296370924,0.00188518734695544,-0.0006096976430325918,0.01258886313265186,0.0038088725700717967,0.0027145925258764275,0.0016129466513013918,0.0006593543499936357,0.002537400373430032,0.00120933961292774,0.0016940501887673723,0.001847229432842018,-0.00031559602550551916,0.00281221935551498,-0.0012565377544815452,0.004990860551919812,0.005322364020396958,0.0034362150038038212,0.002973326105533698,-0.001989722063064317,0.001399067653338415,0.005107991510515938,0.012607803556059656,-0.005567217537316869,0.006007768446149116,0.000449283495960226,-0.0008466030140839437,0.0009355302137923766,0.0022633278146873305,0.013887472470228632,-0.0022898070722217473,0.0009437796387859985,0.0002476137929310514,0.0020217770695426726,0.0006309472750330135,0.004414753961825595,0.0034567798074541627,0.0018811561861990858,0.0015449010136920627,0.00047851067815952997,-0.000977857273777312,0.0014332977927449253,-0.0028773179581801367,0.00020724383893295714,0.0020432611655096175,-0.0022559344892112178,0.00301034610565324,0.0030033205456726567,0.001969735052017904,0.0016104564541745414,-0.0027218068206782305,0.0020210554412923576,0.0018317973827607047,0.006400339706256076,0.0011344865406688193,0.002024178654063069,0.0029284790393133454,0.0008518741678564465,0.0015141378832061285,0.0021805646112275576,0.00038672178600982626,0.0014945653972035823,-0.0020123055198088997,0.0020135457217913995,0.0024890701467290798,0.016462536733973777,0.015205425463834944,0.0014562418588473236,0.00042839848459665444,0.0010327128022332571,0.0035629306814607548,-0.01062682837874895,0.0029179868983344216,-0.005747440181579053,0.0002243835979001442,0.001335576137721669,-0.0025131265823569015,0.0017610661785832805,0.0031643262253517046,-0.0006427720687041741,0.003252533408183024,0.0016865378980595036,-0.00578664881935223,0.0017354730569022238,0.0017942334273963745,0.0019065835573806,0.00512868753853267,0.0020917530161674094,-0.00042446843796294445,0.0012614768838413726,0.0028857424081949676,-0.006141685369094773,-0.00036248140012952804,0.002906050835686888,-0.0013512654293125273,0.0016403131240410145,0.010477564519106114,-0.0007829023135791369,0.0019288139385180564,0.0023388030719615933,0.00010325818345337245,0.0011054785486233898,0.001497352144865502,0.005241452769071595,0.000669136527881059,0.0017595568962345473,0.0016889034893025068,0.001918077790237404,-0.00033005907752307537,0.003270460520056525,0.0033811830788785108,0.0021848209096745758,0.0015606930906126928,0.002125308546390127,0.004802830625067971,-0.004182166244389888,0.0021594183722411127,-0.006501335731612825,0.0016684764546742135,0.004293918999505403,0.007995909848310234,0.005769727319154119,0.001907676934727466,0.002163516867337175,0.002233990248868084,0.0015726800690280159,0.0019527900447181556,9.882558781054013e-05,0.0011267496738127242,0.006326495913615681,0.0026208138867513213,0.000988440655994436,-0.003705178569602393,0.003174160773105311,0.003260774845336274,0.0007443068668916905,0.004532479816592844,0.012194855510012571
min_user_avg_present_tense,-0.01122129789043639,-0.010226690481517305,-0.011369152752060588,-0.011843735514716576,-0.012291192485572859,-0.019365132578335584,-0.014677382378006504,-0.012747543283684784,-0.01069831258386509,-0.007926480027130874,-0.003402381547104337,-0.010505469838046521,-0.011967707260904358,-0.005246168442758131,-0.009695081603001351,-0.011085337976655327,-0.011785094386001803,-0.011258634407977884,-0.01150113975037223,-0.01285859938193672,-0.011084296443916074,-0.012056169182619283,-0.012512011220180093,-0.013217573639076698,-0.011259134308324432,-0.012819387885821074,-0.012729010803210546,-0.011670883248037237,-0.01055055545392606,-0.012074960198109594,-0.007530691002074191,-0.012096652684780378,-0.0111184153100699,-0.010265453040455758,-0.011727873515757662,-0.01250015035907302,-0.012174594925293571,-0.0027694970508187373,-0.015134053942298317,-0.007766165728781981,-0.007260944470429926,-0.01093997271222576,-0.011396050604047855,0.0017852325925448442,-0.008343346328874554,-0.015369958742669668,-0.010471498018840196,-0.010940171011925737,-0.013597781941875706,-0.007950105354081569,-0.010813668188408641,-0.011041115806784997,-0.011242353517219986,-0.004983465981014144,-0.009538348259153895,-0.010251640005354418,-0.009487622100187276,-0.008299612243925471,-0.011945896012054306,-0.007514604729070194,-0.01347260549980462,-0.015035306808498624,-0.010981952627216462,-0.010650959828457672,0.00022250149324179458,-0.011358956424559762,-0.011935215430060965,-0.015260644084240216,-0.01594246042169501,-0.011462335100936222,-0.010669083572913692,-0.01121908954031306,-0.010908585382750004,-0.012528734193055932,-0.00867666703392073,-0.012211503858710539,-0.007695255162422181,-0.010154166916555983,-0.013200683565132106,-0.01513503661273817,-0.013779734061890273,-0.010757434041793298,-0.00404224129683739,-0.011533784880394683,-0.012362066114720242,-0.011175082462532487,-0.011620840642202302,-0.0008344102849218125,-0.008846764055784676,-0.006922202575371607,-0.006047226449922571,-0.017542593549423346,-0.012361265076927846,-0.008959495938343082,-0.010384090190355827,-0.01082830214800969,-0.007532844634213172,-0.010968738188532418,-0.010559249379951018,-0.012168063375234215,-0.009400506510031784,-0.01052088511052194,-0.005417056987078242,-0.011911176805051701,-0.012729610350775869,0.004780673688471675,-0.010337065590033227,-0.013309229719125362,-0.009222820509202315,-0.013232863875435215,-0.006932573358974327,-0.009285833151570885,-0.011053392430954743,-0.01197260100751429,-0.01156875780846335,-0.008386377382165792,-0.01125919671324617,-0.011609077514461018,-0.0068890535777847844,-0.008459260107054514,-0.010866978470114676,-0.011115159347919335,-0.00901575282261246,-0.013261950006429678,-0.00952820872490117,-0.009786443976090152,-0.010538549888901103,-0.011363829809879378,-0.009611190255986717,-0.006220826229874736,-0.011814778402548774,-0.015627796074070246,-0.010814453253979676,-0.00932889301616499,-0.010718183999857689,-0.01456671753218513,-0.011030905837096955,-0.012920381741871358,-0.014156393172402852,-0.010670478572653328,-0.009841100667323174,-0.0148215850394617,-0.011766948702683522,-0.015231408987370989,-0.011725974540762418,-0.009550565138967168,-0.005500950417517983,-0.005406274041624894,-0.013023290819820676,-0.011342093031482835,-0.013274447169854514,-0.023388860601574357
max_user_avg_present_tense,0.011607835328609983,0.012097945093653664,0.011990259226342686,0.012222421694813461,0.013760854101630946,0.006037910572292255,0.008687140352636843,0.009652530496970369,0.012372943166769084,0.01088742488656483,0.006389262115788608,0.011184554898245963,0.012665871784657789,0.022375964642251934,0.009784128104773365,0.011426555241874385,0.007289511813330779,0.02250330890479944,0.011986118819141516,0.012394236226554459,0.011077293147711258,0.009279526722057358,0.0116408817813726,0.010338524422575771,0.011278619597608508,0.010518552723962224,0.008094591128416604,0.012137183567370393,0.008504262801171303,0.014221873109732566,0.01245402132446961,0.011791904037764886,0.012898387775172786,0.006634267612553255,0.011342366427910908,0.014254267084986283,0.022079047282756253,0.009567356969140992,0.011753842216976718,0.011705217744562667,0.010679623133226358,0.009726118111190049,0.011801214163373978,0.030060047508071626,0.009961785093183472,0.00703222412889012,0.00994733360572417,0.011734091007791247,0.009550348183819037,0.01571856386055036,0.013028721314278999,0.011512844743370547,0.010966957802812479,0.011797603583411915,0.009080201031782184,0.01049875498528157,0.006696359888013556,0.011613549416706052,0.011363455272470147,0.008832980859209439,0.011717260847392087,0.010769735256302423,0.011633102273807962,0.01133667667890221,0.009633593136884312,0.011534376167750797,0.01101531769151514,0.013667978974134055,0.009294652871463546,0.011563585129151037,0.011925592446716015,0.009893095870033527,0.01065279839847713,0.010857892322053581,0.011205173076499153,0.01066926466588755,0.008075796762451522,0.011922461297042792,0.011350726303330422,0.02072798749058468,0.017922944621184104,0.011141837330377387,0.01268260923539085,0.010525618225450974,0.012257863882295533,-0.00025574318556697987,0.012175668106335922,0.010029416013514977,0.011460882259694846,0.011428499395509535,0.008978776129744605,0.004169224289871559,0.012358979164365617,0.010106382835799002,0.012884447946938776,0.011410282735956304,0.005314374626946255,0.011415129202581873,0.011613342032818124,0.01182795015870717,0.015370759126055716,0.01168443522897094,0.012102025563354274,0.011014130420610427,0.011837820224473434,0.009982371325068072,0.009703086449892514,0.010874343553728348,0.014649015990602622,0.009291558987346876,0.01877520687809128,0.006286473043406807,0.011514319215178101,0.012038602115698745,0.00932153794413355,0.015237817813192158,0.01100280425061418,0.01434077734131963,0.013134334836738308,0.011189181773670063,0.011291140492210604,0.011526086406006445,0.009323148518910484,0.011525395833550453,0.013750577546773342,0.011911196423238355,0.011492579902869157,0.01134787297152048,0.015446537679039751,0.007443611340317987,0.011335290261292033,0.0026458587255940363,0.011315117069431647,0.01431108210986545,0.01398874961824522,0.01379635385549955,0.01158164649267983,0.009702720854209576,0.010611312573281467,0.01152742630276156,0.012910550768308583,0.007559497496221783,0.010773219326934227,0.01704332403755679,0.01185368738305259,0.01048750046153977,0.006993618032183029,0.013455856695797824,0.012506915768973358,0.010189139567205333,0.012700265033890944,0.017726680602295063
average_user_avg_future_tense,-0.01931659199002289,-0.019956362768869716,-0.019139808440580195,-0.019674206549444816,-0.019732629506372026,-0.015070678200786506,-0.01519555008186354,-0.018913970405543226,-0.02144497900389507,-0.01737979857032912,-0.019185891116118514,-0.022166451423751014,-0.01959845171921271,-0.021019449607485807,-0.01987277521499243,-0.0198770127057342,-0.019194173057714894,-0.012515507061672804,-0.01915199346598134,-0.02189933411049467,-0.018808226198826494,-0.017943878610149865,-0.01970255674613689,-0.019495759034723448,-0.01978488523020038,-0.01645887373246727,-0.01923296359732358,-0.019239550794487744,-0.023914642703116825,-0.023269391953783945,-0.01765186046001309,-0.0183850717953199,-0.02085850811659829,-0.01802927848161641,-0.01890148450137987,-0.019521851996431083,-0.01592185718334884,-0.019099450294141007,-0.021509580828341986,-0.019760397136719243,-0.01875002566980319,-0.01376907689285759,-0.01936115428083484,-0.030839336911804918,-0.01980345077980332,-0.0124286271314633,-0.01937691934107187,-0.019938203119419518,-0.021070666595680815,-0.020966181830782134,-0.018825758139362707,-0.019593368844002253,-0.01944216488429428,-0.01220351033231197,-0.020460693153120744,-0.014964165715659226,-0.018567748651853823,-0.01858070682133216,-0.02019846499511694,-0.017956446855195176,-0.020657617371278404,-0.014392701930462078,-0.01985217011376521,-0.019576551411558195,-0.012976821898723543,-0.019613017730250655,-0.01881392862618517,-0.01784240435037038,-0.023589103961477315,-0.020207522237197777,-0.01924884328567905,-0.01834895935148838,-0.019467272326632194,-0.019107678938211293,-0.01987812398130809,-0.019499236590971636,-0.01743842601943774,-0.01862683450022895,-0.020929290211554888,-0.01715648882704495,-0.00921691514392888,-0.019033685507213315,-0.027466199781588038,-0.0199237432986872,-0.02057188833620737,-0.016475851317835122,-0.019727499191300478,-0.017406643456610506,-0.020300619814431726,-0.018887791126708242,-0.02375434521789838,-0.018519056045274852,-0.02040291406692637,-0.018520045463501143,-0.018332304779304365,-0.019528397113471867,-0.023400913480548333,-0.01957044615904661,-0.01864313063549941,-0.018340190841891577,-0.02553180966225291,-0.019653506755807525,-0.02577114549685055,-0.020740426168646298,-0.018008048977764493,-0.025070757798562226,-0.017268143940252827,-0.016938452214830133,-0.02515783891982181,-0.017773254614388483,-0.017749289905400135,-0.014684405196173343,-0.019664953711742438,-0.020694921071897614,-0.020554045942011018,-0.024127521093906836,-0.020146146136605456,-0.019036507048302388,-0.023250175927686568,-0.02082544639870602,-0.019547133399023264,-0.01932522712362397,-0.018783369779118375,-0.021010986261634716,-0.01954591828597071,-0.01861834878144813,-0.019620977635675458,-0.019616868538697596,-0.022449043744351818,-0.018406323406508756,-0.019368258116526756,-0.019902799079683283,-0.019373867626577463,-0.01671358153655305,-0.01791064796377964,-0.018395957231499654,-0.01962482961101263,-0.01572075407466555,-0.021667612436780528,-0.02018455172811498,-0.019355100914577462,-0.0177671249909957,-0.02036356007955498,-0.02130256764603092,-0.018961360357572066,-0.017322859451304958,-0.01913319262346292,-0.015030456590596243,-0.022073131814290915,-0.018227035273342667,-0.0196347498668592,-0.022844801963556868
stdev_user_avg_future_tense,-0.039722943973144964,-0.040253944927646876,-0.0393578332985678,-0.03954058463889017,-0.04382523160124244,-0.03868663931386121,-0.03532596314830552,-0.04079529121268345,-0.04022497292440831,-0.037521658992488445,-0.036523857904644866,-0.043551060187223115,-0.03959328714264858,-0.035131525021346845,-0.038736981744028995,-0.03893584557340758,-0.03437183211312616,-0.03666849258386917,-0.043151950024265695,-0.04139762152621648,-0.0398521889933829,-0.038656696583261665,-0.03823738207298695,-0.0383660495384189,-0.03961876254492979,-0.03697019957082448,-0.04142014616727266,-0.03979142224576601,-0.040882507082985076,-0.04056704509359031,-0.03652035781206678,-0.03880583584665025,-0.042563950348759864,-0.034868594567501396,-0.04012214897019077,-0.03902091748466427,-0.03664032813808174,-0.04045687270820442,-0.036447138487419616,-0.04061867306942266,-0.039392987492233605,-0.03785019036955967,-0.03969014802436736,-0.045645184651820325,-0.040226757369997146,-0.03356363106918125,-0.039684683552143704,-0.04016691752889386,-0.039488354131189826,-0.040167041444291014,-0.038620596552868786,-0.039760189805378515,-0.03994523754966717,-0.03619458385751195,-0.03906386711440042,-0.03434135181501527,-0.04108717838985843,-0.039748943494461696,-0.03933579604005595,-0.039488935222583926,-0.040468560352800345,-0.03245135030255962,-0.03984328100497843,-0.03969358464403988,-0.031521370576465535,-0.039918775953294794,-0.03917865172082207,-0.03857174410576665,-0.04066292184765688,-0.04039218155825032,-0.0398885483432301,-0.0397610853544325,-0.04025839848987141,-0.03979504458382464,-0.03997279966230619,-0.03861239007805088,-0.03749586089892007,-0.042804001977715854,-0.03926433492925996,-0.046168882987769964,-0.033613793226726016,-0.04016188926345724,-0.03731589455642778,-0.04059142033099588,-0.04090264747854992,-0.035453284408350785,-0.03978206725090893,-0.03199512080993838,-0.03972534417793512,-0.039864176979931804,-0.046401119197094165,-0.03218895566078847,-0.04127066818029479,-0.03445739057867938,-0.03886550380257127,-0.03983233318830172,-0.04127439820976532,-0.03974607821657384,-0.038569632416483826,-0.03600234554018335,-0.04563099773106937,-0.039938604762228457,-0.042658607190967944,-0.041206395725984966,-0.03931796557618503,-0.04218420839875693,-0.03701743367516609,-0.04223577728609208,-0.044195001529433064,-0.036755536678905736,-0.04665857546801333,-0.037889992061351525,-0.03988984414597998,-0.04008747955580537,-0.037487615702014546,-0.04452082927951501,-0.03981127286911969,-0.039083820290835,-0.04057749050829206,-0.04056267569996171,-0.03887583447299549,-0.039392868162084496,-0.04036453318903299,-0.038921203373626964,-0.03895125091654081,-0.039245913578591925,-0.03988373617508095,-0.04038759318005881,-0.040985182093903325,-0.038274855203370164,-0.03971586272896316,-0.038295623900685846,-0.03911148124977837,-0.039206709449710844,-0.0380604007226815,-0.03869133059145648,-0.03970906449463041,-0.03754310374135175,-0.04187004075532119,-0.04015039638607844,-0.03960362371621037,-0.04149149414430288,-0.04093337209571411,-0.042871944854986,-0.038081125612751426,-0.04124306003811334,-0.04202708813270069,-0.032811424080832506,-0.03519089283923442,-0.03921060333385884,-0.041192742873141494,-0.0410504775608049
min_user_avg_future_tense,0.0052895213318866615,0.005933079156128015,0.005633705935821836,0.004504994883897089,0.0031549056663759904,-0.0002986017487582619,5.4099794872925454e-05,0.00480747249805313,0.007966698969955496,0.00725402917136244,0.003689809517257901,0.007002333173741379,0.0053624615488948235,-0.0012218435122693383,0.0073872442148085575,0.004966668716994282,-0.008177985115058448,0.0016462801097901552,0.011696613175379542,0.005218661736523751,0.0053039833397638516,0.006276254296242295,0.00465099439726982,0.0063557520199671175,0.005392300022780482,0.004901448336494264,0.0101577499523142,0.005736314843922995,0.007366307265246764,0.0026707963140351065,0.009848990379162714,0.004981299896888978,0.005421075457690347,0.003411986424068144,0.007006440873329276,0.0055828453611230745,0.0056862206396812755,0.005604107871635549,0.0020640030912264674,0.004880408864795856,0.005700673166869087,0.005278784052943935,0.00601779847379992,0.0005865016005565018,0.010759499973315203,0.012041584743564883,0.005855100948090601,0.005777904659073829,0.0008772361910247524,0.0034025468658917344,0.006807707382052959,0.005445801679084687,0.005607385822290591,0.015898582613541566,0.0022011031664062623,0.0034723697497801593,0.011414237715379942,0.006450413229239461,0.004671506178257899,0.0040558573074557,0.0020457183299866294,0.0032328970603079593,0.005360013637548591,0.0055986806177263345,0.0021245526863714935,0.005477233671326694,0.005591990484282674,0.001789695225844344,0.001049765165312069,0.005840716079163955,0.00725257251276618,0.006421553143866899,0.00528301173272577,0.005377338770200427,0.003420575435047807,0.0050785379894661,0.008980430788646687,0.013190485532956753,0.005716971263442964,0.005768255762095808,-0.0005070193277475713,0.006773283297959436,-0.0215350804468285,0.0049914901119575365,0.005402250891207704,0.005017181758141389,0.005380220170451959,0.0018520882261928821,0.0036262006669437264,0.002906694965331226,0.005053051938421908,0.0008621398425200447,0.004804911327063345,0.0029644138693962893,0.007722586057145349,0.005482705659991144,-0.00045848754979978257,0.005476828025551235,0.004538388663068823,0.0053989140322430506,0.0030976544460585963,0.005322588768560927,0.012985874287349713,0.006910922054862287,0.004507670423964111,0.00011227892205522422,0.004692804639844763,0.004565053585714301,0.006608125715974896,0.0067311726085423395,0.005637435927951143,0.004401174695593129,0.004677718388751033,0.005171658222606426,0.00665947268858101,0.005634433009590099,0.00443388232974479,0.005667165787506085,0.0027592894718553185,0.0019299878060822975,0.003273300745532227,0.005381145555615847,0.0009367345409073387,-0.0006610122860825985,0.006189383951271402,0.004341443733422408,0.005271804562112328,0.006408048658760651,0.004817819264176235,0.002749593182769197,0.006112305643519299,0.002576537485962839,0.005483540289553124,0.00932541425118652,-0.0008533711657810143,0.004060796882756066,0.005445532280195307,0.0015064268792139056,0.0068163219843263255,0.005782616075195288,0.003956894726312296,0.008385660474457667,0.0056519362769126965,0.01043488304817005,0.002842810419459947,0.005541030721502874,-0.0013247437778245632,0.005680492122295963,-0.001239919610642892,0.007318601296680828,0.004872010130546477,0.0016633739988876858
max_user_avg_future_tense,-0.035861938011386305,-0.03633683925173072,-0.035553572722163744,-0.035902372877200384,-0.03895854919778882,-0.03531154880337224,-0.031797709869019364,-0.03651414262923577,-0.0363243195113135,-0.033469887035689996,-0.0332572103762505,-0.040163717894518315,-0.035771018703389904,-0.03311585717100982,-0.035125891996004625,-0.03544012061945119,-0.032549369477559126,-0.03282938337330176,-0.038433693577653805,-0.03795519798379412,-0.03615061814135971,-0.03459990875534875,-0.034695218356539284,-0.03452244591157882,-0.035818714085344996,-0.033068257870510376,-0.03678274867226113,-0.036019981098453904,-0.03710671423646581,-0.03737166135260568,-0.03231062198017215,-0.035009045552436883,-0.03829473742670386,-0.031488500514644135,-0.03583353949333116,-0.03535180168547204,-0.032657071449092176,-0.036612057051960425,-0.03296721646668703,-0.036956876480028336,-0.035417244401761756,-0.03357003736088619,-0.03582377330208596,-0.044294570148670095,-0.035722729209868846,-0.028678048655507854,-0.035606826494138696,-0.03630129697184642,-0.035986477575788545,-0.036659805571230414,-0.03485811330909061,-0.035942880139276726,-0.03602963317184846,-0.03084822529977397,-0.03598495959362335,-0.030577938820134314,-0.03651220746490624,-0.035758574606041135,-0.035593867204643165,-0.035672897875244525,-0.03714917235500684,-0.02891205625225858,-0.03608946531716485,-0.03585855972844878,-0.03002576629412742,-0.035880296709246313,-0.03551714175330964,-0.03509264824580947,-0.03607372508636247,-0.03648264032280965,-0.03594944041708413,-0.03590788377466186,-0.03646754945480051,-0.036008692669180734,-0.036607692129089014,-0.0349880801220412,-0.033273786345970585,-0.037354095659605874,-0.03564850720954919,-0.04071831362587325,-0.031218986022792748,-0.03602627950044532,-0.03748944944627969,-0.036656432524471746,-0.03686408947453412,-0.031247810528851408,-0.035911447413470965,-0.029711896574513598,-0.03632816124367051,-0.035804312179409326,-0.042273697515461985,-0.03010556180985445,-0.03677916993062583,-0.031110320294459204,-0.034789989036611846,-0.03597902095596836,-0.039518947248481456,-0.03592981342616314,-0.034965372584502094,-0.03244485982334187,-0.04180089413256441,-0.035978067355649124,-0.040344633278820236,-0.03683378846684479,-0.035225189884182856,-0.03993417899090696,-0.032741360186349065,-0.037100340672149026,-0.04009857635622305,-0.03280481936739663,-0.041758550502961095,-0.03416636638679292,-0.036068432326255326,-0.0363287710713783,-0.03334696078648558,-0.04041558125328836,-0.036153828153767824,-0.035346045762304656,-0.03731085433300975,-0.03706748638908369,-0.03545033794644798,-0.035584430314701446,-0.03702309864857625,-0.03626930352804655,-0.03513934224964295,-0.035572750680878354,-0.03611274977967933,-0.036335598634592126,-0.03731387829455671,-0.034973766110155,-0.03579954269877371,-0.034824425834543885,-0.03539717776287235,-0.03456220449814909,-0.035397840523805395,-0.03486182637069761,-0.03591489337017914,-0.0334021778102396,-0.03797120664281006,-0.036216089494870415,-0.03612891786382876,-0.03686178612999308,-0.036916938444969155,-0.03850802174764407,-0.03465886479947283,-0.03788511513498835,-0.03869781035112965,-0.029764256818329417,-0.03337880528345453,-0.03491044540748725,-0.037079689980167085,-0.037790291817550115
average_user_avg_past_tense,-0.009665160097675906,-0.009010844780475999,-0.009672332725639152,-0.00936290711375853,-0.009669520521123574,-0.006194284528501027,-0.008392013964790848,-0.009821433919370345,-0.009842224436092296,-0.00821409278101988,-0.010687054378699292,-0.0038893409929367257,-0.008510355191006718,-0.006343427561400866,-0.007227521520200502,-0.008765978176073202,-0.011670193958623527,-0.011728614462725181,-0.0063336951371643965,-0.005266976311242445,-0.009729886045933799,-0.007084545409263474,-0.008557495640247808,-0.00930121337321772,-0.009243090720895467,-0.010922416921016049,-0.013889309586483918,-0.008963220639642083,-0.007889570184404589,-0.01050226549026342,-0.0015968743082536603,-0.009380934284590801,-0.007437914903669022,-0.012315587778066387,-0.009063097266829611,-0.010542179397024261,-0.006072360884854688,-0.017788617626402457,-0.007540109707908891,-0.012116708574780106,-0.009705471060589813,-0.015243171537108004,-0.009220290191576308,-0.00960347590873657,-0.008530777950668653,-0.011111644086833631,-0.008435574821172508,-0.008841423855640391,-0.015267354302307835,-0.01140787167078865,-0.006970522633230232,-0.009449227489800623,-0.009343808518418508,-0.008320107973612186,-0.009782749700838898,-0.00750750060057518,-0.01418517324252401,-0.008254114313081694,-0.00954808575177182,-0.006614317222338683,-0.009333675849776235,-0.008686628298992733,-0.009350160025287501,-0.009614839633106522,-0.0076947042510370324,-0.010407920682845772,-0.011592342931638237,-0.009441170389030069,-0.013785397363162097,-0.009241798155303868,-0.010025372471062135,-0.009275196501654603,-0.008777070840121476,-0.010228738346722818,-0.010084400046521204,-0.007489099811805509,-0.009487517405001467,-0.009992861891287978,-0.009870687025214854,-0.012481757092132888,-0.0015568514146172812,-0.010727623852469772,-0.005842138627387956,-0.009528191663820337,-0.010080639431671595,-0.006930846412413563,-0.009062649225932484,-0.011030821587719881,-0.009383533493883253,-0.010686959715238954,-0.012190951873789671,0.0015170798270476389,-0.011334178010437007,-0.005850738024525998,-0.008003625161878896,-0.009558387804239612,-0.007694366783598404,-0.00950477911828957,-0.008553875863996467,-0.009950110802310903,-0.007161635497699689,-0.009303004645481682,-0.010377016417077861,-0.00957671939034562,-0.008218004586387441,-0.011462742171764743,-0.010009665143643863,-0.01104379883369339,-0.024760441241613383,-0.011223553787256903,-0.007716356669086614,-0.006950467151173996,-0.010216586946068447,-0.00807829440429112,-0.007437262865886049,-0.02074085640010052,-0.010911442376019785,-0.009216988888649523,-0.011320227572218731,-0.007864579803272959,-0.010209103948938477,-0.009608655240645598,-0.008163747179855019,-0.009281674868409393,-0.009386254490283307,-0.010392397118763339,-0.009679748658724664,-0.009783013967505125,-0.010197154117443133,-0.008590228358527066,-0.009312291375782086,-0.00868946713982584,-0.009685762593063703,-0.007963876076833553,-0.007773108797927995,-0.002863036301197377,-0.009549256957589836,-0.009946909220700241,-0.011619866960147066,-0.009388867655549155,-0.007769137904013601,-0.008333546212067633,-0.008755719508013345,-0.007964929981395507,-0.008832607646745755,-0.01631818652013729,-0.008130482137019253,-0.013346934167898984,-0.006734536340611958,-0.010816887994868813,-0.00955590513033375,-0.00620931312646423
stdev_user_avg_past_tense,-0.0026613953850899152,-0.0012325595996481543,-0.003136488848761853,-0.002764209568248626,-0.009098659445516036,-0.0017255336479320804,-0.004188455365741416,-0.006794609643544702,-0.0006098931827234312,-0.0011961441812986294,-0.006840628003828331,0.006341718971159947,-0.0004978660472954241,-0.0024564264098731383,-0.0016405080149103843,-0.002305328870188546,-0.007192210798095375,0.0024477966846779145,0.0003286885201526646,-0.001648466078045187,-0.0018776461329614233,-0.002001817878317858,0.00012305496342953672,-0.004952398617716388,-0.0024375615519179735,-0.004506915175729639,-0.005461438250569454,-0.0019625595386335935,-0.0027290041091157418,-0.003334306844786394,-0.012528859703664293,-0.0015245768721685723,-0.001659302467666205,-0.004263738606103416,-0.0015355654092777732,-0.002298815732299435,-0.0004712588276848031,-0.008213127189955836,0.0032201362707061235,-0.002596574219615363,-5.849196460244038e-05,-0.001400993554841452,-0.0026532077682612874,0.009226166349169557,-0.0018472742466063632,0.0018268677444515814,-0.0035473975912062973,-0.002059404511494175,-0.010752477969453698,-0.006976246379930699,-0.00302924092551783,-0.0022270056165492316,-0.002413481299154115,-0.0006034220663144185,-0.002189345679788796,-9.154712486029743e-05,-0.004755186509890678,-0.005379141890708329,-0.0028542519791635666,-0.0036928388103907627,-0.0014704616423477273,-0.00313386698858325,-0.002152428051199506,-0.002753319843431247,-0.0059919147461326115,-0.002826139639552006,-0.002767942377313555,-0.0010414362276368978,0.002207806375873424,-0.0023906413328257745,-0.0024457881711893196,-0.0020978421860206077,-0.0008799788325633143,-0.003602813800897297,-0.0017314149019637742,-0.003308060442632793,0.003705412135253357,-0.00076743677138515,-0.0004994209401226182,-0.0018661496424132737,0.0018213255280419742,-0.0031448571257863987,-0.004096793567614484,-0.003073444151090973,-0.0025069872370081453,-0.002809317841943772,-0.002494328535393017,-0.0018484416944201595,-0.0005140194812840249,-0.002074801596679776,0.000536327804295968,-0.008037656382035855,-0.0054089468943974844,-0.006658965158241608,-0.0016716998446137188,-0.0021238911088759457,0.0032383986797134843,-0.002173821049484861,-0.0013210993504182873,-0.003983270162424114,0.0007361451599376271,-0.002268290976151455,0.0010390251769977826,-0.003252130800031533,-0.0009948882423936982,0.0054199533117884734,-0.002687347054513023,3.724311080872955e-06,-0.03339128880154982,-0.00589183660082746,0.002124553603663549,0.0006941990968654015,-0.0024844149464676836,-0.0017515986593124085,-0.003891763990111625,-0.023894882578299664,-0.0026188987998062964,-0.0014363715708539072,-0.0008293215249206868,0.0012387635338141313,-0.0017746215289462632,-0.002538376551670751,-0.0005733178000420763,-0.007890053288032883,-0.005390599944600064,-0.0016738405397088933,-0.002123368619753571,-0.0028747001679953173,-0.0018180893294623725,-0.0008818843048007752,-0.002058897883068002,-0.0016480454484114303,-0.002050746796451784,-0.00040935989935131194,0.003015711307813514,0.0013347232641075738,-0.002293635381899347,-0.0016236613933072117,-0.002917325237341559,-0.003114036700593058,-0.00191506021219997,0.0004205682952648686,-0.001993663804734154,-0.012557884292157977,-0.001492840245318679,-0.003688659331173843,0.002818314909688685,-0.002325069978725478,-0.00028545034225758905,-0.0036895043513279465,-0.0022343802560663437,-0.004785521531148819
min_user_avg_past_tense,-0.02770873092329028,-0.02891626870457642,-0.027881074746056826,-0.02723139531512444,-0.02635381424603069,-0.016394282179729016,-0.02508166295009939,-0.022718651271180758,-0.030034477369194332,-0.028071389805462314,-0.026210142108106828,-0.026035675316586914,-0.02711032435239572,-0.027655917811872863,-0.02563599325101603,-0.0280456213601672,-0.029528058222102485,-0.0311148631800027,-0.03190432901719612,-0.02600750629226338,-0.028362275022898766,-0.028050871321892518,-0.028741598375675775,-0.024026465877353378,-0.027781374415218593,-0.02943779938699161,-0.027627965622223017,-0.027407621666026668,-0.026523977471507983,-0.02723150957860238,-0.009578228312522759,-0.02816213426469651,-0.024656914727077067,-0.02075807681463025,-0.028467341404873066,-0.025088370248938376,-0.02968976558740299,-0.027078964692520455,-0.026958679342318468,-0.027115013625427918,-0.028222630494913335,-0.02371312418462099,-0.028166358888796025,-0.026370360844358568,-0.029572903104648243,-0.04319671206521426,-0.026787434636297493,-0.027739977610279104,-0.02573122939557417,-0.02850413055810654,-0.027229385335075074,-0.027944526955292457,-0.027966409661780486,-0.029156122981135617,-0.02862479699240844,-0.026770183300936733,-0.027914970993970972,-0.02321916827839461,-0.02686831354901336,-0.02865683221569668,-0.027784483712477784,-0.027787886691814596,-0.028091209913642227,-0.027858117225782804,-0.03000983501705853,-0.028266496800085597,-0.02853170415237124,-0.029592969426417298,-0.04191685773767909,-0.028153971853461763,-0.02841947011873249,-0.027749952848063118,-0.028758314660969824,-0.02807682986411165,-0.028470030099114373,-0.024063737126706806,-0.030343035009173732,-0.030209833232338508,-0.028790084736739753,-0.028917791782905183,-0.023912928110892358,-0.02782751069442747,-0.022586879701650818,-0.02725011415208618,-0.027940312252944334,-0.02913035488731234,-0.028280466550147883,-0.02670128143825582,-0.028434488699859418,-0.03137925402916153,-0.03120726788155816,-0.003562216771416336,-0.02937481401602387,-0.026022151333020396,-0.02803264630966819,-0.027877269511808363,-0.029951096567283612,-0.02787382289697974,-0.026407657078642406,-0.02803762198666986,-0.024196763095393793,-0.030095918912396297,-0.033425066167284766,-0.025813543568419108,-0.027828977114723978,-0.02659521092409079,-0.029086244928459147,-0.026082960021211635,-0.028258621961637167,-0.02794777554157327,-0.02831464794177891,-0.02751721387813936,-0.028484175481366274,-0.02718203133746188,-0.026095643130712033,-0.02865658636081124,-0.028075993940454097,-0.029550512953979535,-0.02959045792309929,-0.026686080729768115,-0.02808372563371616,-0.027851762716716747,-0.026289565674572545,-0.023457751176508612,-0.02734087748215284,-0.028805450268226052,-0.027923386839998128,-0.027722662808469405,-0.026155901529908786,-0.027589606048521877,-0.02810008698630185,-0.022556778879092812,-0.028285698711224723,-0.028579194921082914,-0.020763409922941962,-0.025052339889996104,-0.027999846163668046,-0.026913049315361263,-0.028690990472409965,-0.028869160504271234,-0.02756064787198477,-0.027656061487184497,-0.028479276024176676,-0.014619057679100215,-0.02986917065279021,-0.026032847070042477,-0.030157935321432773,-0.027788361870569968,-0.034559505361968404,-0.028568790323214917,-0.02711798319927065,-0.032716663241022424
max_user_avg_past_tense,-0.011320848611797824,-0.010452553700549342,-0.011837573952416976,-0.011255148090649536,-0.016139169879698843,-0.007398168893600135,-0.011732771998367721,-0.013434597448683716,-0.010280633672539077,-0.010325975072010848,-0.014980718037878104,-0.003190302549220872,-0.009417956097045592,-0.010008747278781729,-0.010124253163430887,-0.01118150913943029,-0.015755519637565444,-0.008417212857562995,-0.008278349963674478,-0.009378468501099309,-0.010925135303151319,-0.010482890550926254,-0.008890864742698866,-0.012607851580393237,-0.011202594773440953,-0.013327442349469256,-0.014538464337011326,-0.01067893356298938,-0.011272827011682779,-0.012255441505993926,-0.014989562189449093,-0.010576687919497962,-0.00977870345598842,-0.012064728504095821,-0.010576997738831709,-0.011502583207828723,-0.008796851610957807,-0.016677934167108843,-0.00518066959031466,-0.011724913542789726,-0.00948411480434708,-0.008340118940663006,-0.011408406359709385,-0.001992518174295698,-0.010946570728848316,-0.009485442647084619,-0.01162082108333105,-0.010944733124085806,-0.018580762293903735,-0.014760463983838002,-0.011447942377215897,-0.011093342284063258,-0.011308845911847932,-0.008993258453383939,-0.01104653099649433,-0.008514439514826687,-0.013676114275932287,-0.01275308666977594,-0.01158990808195277,-0.01262932998572119,-0.010384913317852722,-0.011615214942417434,-0.01107547142773306,-0.011519847792039344,-0.011777986838147863,-0.011722995332741133,-0.011831326417081836,-0.010272938060987665,-0.010309897397942044,-0.011299928061879697,-0.011368749993424687,-0.01084673818314745,-0.009915347510090107,-0.01222107693589589,-0.011129853324049102,-0.010864702680418871,-0.005792905419058027,-0.010324554153817722,-0.01000447651574787,-0.010579842741117076,-0.0054329815980878595,-0.012027032349805053,-0.01128334170257532,-0.011657898308319519,-0.01142082263231721,-0.011318075553616663,-0.011228891057973858,-0.011550292325820385,-0.009527420295204241,-0.011044819458634614,-0.009536892996589778,-0.008429136245329556,-0.01389073448229479,-0.013117103517187978,-0.010198452518503362,-0.01101055173692803,-0.0066017595210444945,-0.011057815898500276,-0.010017478839557736,-0.012550595863479716,-0.007059452027916008,-0.011170090452385626,-0.009286671708571748,-0.011403042125204543,-0.00991600876001085,-0.00546279548970819,-0.011684285656977583,-0.009096420205260197,-0.039499096197878725,-0.01392310033706931,-0.0070263042843668804,-0.0076815296165826654,-0.01152225531086485,-0.010428319860027083,-0.01217241042994122,-0.03121960188445105,-0.011499204371936127,-0.010605222079592603,-0.010789191658512606,-0.007299928022842941,-0.01073053879224033,-0.01132233662209832,-0.009702065766844518,-0.014703152797933567,-0.013137728172729051,-0.011209765712617692,-0.01095976485325793,-0.011546523492164402,-0.010476473988900586,-0.00976492757064239,-0.011053469003300787,-0.00889862824170609,-0.011101242276060009,-0.008959471615414948,-0.0055215495166808645,-0.0070948998997623774,-0.011195929102874915,-0.010024674363432656,-0.012469568245877588,-0.012101766643568945,-0.010525823089737789,-0.00913472656415609,-0.010953897773385724,-0.01846287309018221,-0.010663786216953344,-0.014197110567617775,-0.006618990422174389,-0.011247278012337887,-0.010866622556862635,-0.012489880352120952,-0.011334693407067947,-0.013699769736431631
average_user_avg_relative,-0.010625919590126709,-0.011217356129570533,-0.010440578034913404,-0.010548788064532237,-0.009982695594236708,-0.016429517583763254,-0.0074577763527004445,-0.011005888270818762,-0.012372593795452691,-0.008974622257543953,-0.015618119834482067,-0.012150366148620466,-0.011024434044603376,-0.012114857269812547,-0.008519145821382273,-0.011222658551542725,-0.01135027548831792,-0.005085090442188894,-0.009125856060804249,-0.01079333638959215,-0.010699184437385406,-0.008910973552440755,-0.008042859436263719,-0.009658823257666524,-0.010664780542518917,-0.008917582285043038,-0.010659336033721094,-0.009368092431269917,-0.010196652699850678,-0.014140363973455965,-0.013997257454983793,-0.009856317254220391,-0.009352029797338346,-0.006969066643995485,-0.011565504855475965,-0.00984209870360344,-0.009413586864567364,-0.01584132253097146,-0.0024346881755356008,-0.011745989743838878,-0.009330365937787695,-0.014476331758145479,-0.0107299369427402,-0.0039306480223061935,-0.007335456500792592,-0.011023815227604768,-0.011218954975164223,-0.010397527763224529,-0.008037463638718989,-0.008829882417229366,-0.009216889325901131,-0.010496441753723829,-0.010961416976536423,-0.011577569328444504,-0.008511515442020723,-0.010532427741780384,-0.01650580927779386,-0.00766592454577722,-0.009388745208140245,-0.010218999281634208,-0.008872811849750355,-0.010026024804313798,-0.010521001406577864,-0.010850804418651272,-0.020601012519990556,-0.010706634693210607,-0.008645014170692474,-0.008783603519936796,-0.0017105272091665763,-0.01062614759113794,-0.010390763579617622,-0.011126109874923934,-0.01040584272724144,-0.01033364043398946,-0.009864761443240923,-0.009737465295021917,-0.01048676850478441,-0.010193325562582178,-0.00985155155474389,-0.018302561203048885,-0.008935091995701874,-0.009996263474404951,-0.014004636205153728,-0.010709331634314416,-0.010214970493943674,-0.01089443434024795,-0.010778643565538384,-0.008788364300814824,-0.010286201675633787,-0.011814309737902165,-0.015138145858163143,-0.006380974509256274,-0.0011631758905037218,-0.013689372177816087,-0.009414356495204439,-0.010539705018669167,-0.011725024687750378,-0.01053809782341375,-0.008615974706024536,-0.010258927906741822,-0.017569971930816754,-0.011245457064569954,-0.003595140022600682,-0.01105117619049683,-0.009404804760041796,-0.010552679359148977,-0.010162005295010698,-0.013133538134675583,-0.014226138107971652,-0.01400946554754829,-0.002252125799995598,-0.012583204134965754,-0.009704440755630109,-0.010356167823316817,-0.008855556396721316,-0.013369357418113202,-0.009382766084246881,-0.011019989993207226,-0.008801158975898005,-0.013769306836445026,-0.010466769711295197,-0.0105937064314936,-0.01157261275909209,-0.008876416483145175,-0.011539226471274873,-0.011020776601368208,-0.010637231397029448,-0.010522842383166253,-0.006921808900156506,-0.010511727604818707,-0.010931446174268597,-0.01626939521258372,-0.010452363061466984,-0.008988585310540434,-0.011714255249830129,-0.010435164691741845,-0.010388403808576106,-0.010124701549051526,-0.008855166479669184,-0.008905786926039085,-0.010186650676606263,-0.014468216814769147,-0.010434052614570068,-0.007785051688655009,-0.008976536323931111,-0.009710326182684713,-0.008048286063746815,-0.015623390115582572,-0.007380354439757503,-0.011712729648734224,-0.010483420078312166,-0.009298252650107426
stdev_user_avg_relative,0.0245939211903789,0.02509099153893446,0.025409143927094188,0.024698801818248153,0.023708382281828262,0.02337941769609786,0.024896744814984266,0.02588869103889349,0.027541661802378128,0.026091496375559034,0.018301662027583276,0.024721872848880846,0.02631077349026523,0.023540967367313672,0.026446149106664693,0.024175117542028442,0.017769256739283312,0.020347192654088422,0.03062750748854862,0.026333125707768586,0.025224124852143606,0.022944205649752386,0.02536162812149948,0.025652075771820396,0.024597379938966164,0.02412682394837371,0.021501592998376937,0.026100639819803775,0.024260701909984306,0.01995046844802159,0.030558358960560923,0.025638569932020502,0.024090215336641033,0.02265540021308534,0.022881848892595515,0.027973383131847364,0.02962455632729767,0.02586436921671978,0.026930318432304694,0.028503428268916997,0.027298096661572735,0.023065565625554396,0.02516217985263769,0.023075979228968646,0.028032992457424806,0.018195397887536553,0.024495209852459614,0.02512101254325782,0.024907174583858133,0.025489452064261606,0.025265938370844204,0.025076201645109104,0.024407840212136156,0.026028029594374537,0.022105408620360353,0.024106783025932284,0.007406297998819419,0.02630122120750504,0.025442699951676168,0.02542045838891046,0.023720788950587143,0.021765630258798595,0.02544062062193851,0.024815082279019893,0.0010550436472586966,0.02459352837497441,0.024019129930844825,0.021470648961997275,0.027466332877246813,0.024891807551250568,0.026119809929050684,0.024985322022269184,0.02505146432349021,0.023945466006176447,0.024910795309984295,0.023897719486550006,0.023567936729566107,0.022688839302452017,0.025557340332124652,0.02702530348008833,0.02363543924596989,0.02437212874161452,0.02449385174677489,0.025133913912876553,0.02288042168119163,0.028947435146370895,0.0257193257984965,0.026383155238367664,0.026476500275207055,0.02076088542696749,0.02163917191875698,0.01321235482967996,0.025629350308879723,0.022760513629948624,0.02563875923416368,0.025407474482956972,0.022743014687292146,0.025022569590309914,0.026853838539939834,0.02682345419583135,0.011257040815752423,0.024926627195120083,0.024872249263382214,0.026744450773434732,0.026219361783886265,0.02147927105200365,0.023714671794822857,0.02641568918763438,0.02732900568311819,0.02594445434918289,0.024978498409182714,0.022464735689840556,0.02382649944365839,0.025406992747378645,0.023066400779299005,0.024906888417055892,0.0240765088605932,0.024510575620214622,0.027456211451276337,0.023989954140062057,0.024878956234072387,0.025009927452103575,0.02352994349061071,0.02671238401670681,0.025792998001776306,0.02571865769927929,0.025265127348241427,0.024695325766005014,0.02970000433340891,0.025750264442179854,0.026765448612756704,0.023046368945920662,0.025185394169189943,0.028076216797702336,0.023038705294905495,0.027529987403002887,0.025096191954933327,0.02381222934468885,0.02569878278654395,0.024212552649117577,0.025607252260505052,0.02400528901628843,0.024766324998318413,0.032121462192090194,0.026562608403275064,0.02969791062000022,0.01704708350674048,0.01529571849756876,0.031953137890003556,0.023489223471146486,0.024022009225839885,0.030207109330272843
min_user_avg_relative,-0.010942971083160575,-0.0124420913305309,-0.011129541559618143,-0.01126649914271348,-0.009240758318253283,-0.013525444213224946,-0.012205710851097657,-0.01319349295836232,-0.015754565604730764,-0.012731471676135336,-0.00966944555905405,-0.010132633638200704,-0.013847414650557263,-0.011852008388224618,-0.01073521497998987,-0.010862021507691352,-0.008799621168503698,-0.0044357117641307285,-0.012583860396899552,-0.011563860910773464,-0.011469857442186135,-0.006545106619981301,-0.011445795531402365,-0.012773144949117594,-0.011276283070508115,-0.009152121331334424,-0.009808561354870116,-0.010773431785144026,-0.010388101783248815,-0.01344036900812252,-0.019848488319540822,-0.01058976728843612,-0.011044346015221503,-0.010168428820932966,-0.010318468306477637,-0.016417880485836398,-0.008013953245112802,-0.02247531657088772,-0.007169141385157893,-0.015309350596587336,-0.012836466564176691,-0.015853480900977754,-0.010900039775334162,-0.004241808033858185,-0.010080332567881312,-0.0027153518469196307,-0.011515140105620384,-0.011356244835773298,-0.009097546660574364,-0.009987453782815837,-0.011523890860533747,-0.0114268985373986,-0.011012089030308373,-0.011475236903765427,-0.006683352283539878,-0.012406225082532186,-0.0037125304476107006,-0.009497231314825352,-0.01118979298136907,-0.008397345368260922,-0.0072716537828283545,-0.010236224307134854,-0.011615789665303192,-0.011603737164068064,0.005940166874947332,-0.011926063644735887,-0.01054183804417105,-0.006629607382132767,-0.007959396449285273,-0.011193555541270314,-0.01052895273000329,-0.011467092459971547,-0.01126356561287133,-0.00923312440215988,-0.01071446801845687,-0.009475803182269033,-0.014569936513647198,-0.011016494079332818,-0.012160343124274685,-0.019384361294806085,-0.00838396324674036,-0.01069962413444878,-0.01507194589456582,-0.011849537234361596,-0.00870496087056678,-0.007613432638689862,-0.011942371360164485,-0.015047968787238786,-0.013237989191768227,-0.009870908302135377,-0.012310006278443256,0.0069444436307923366,-0.007519174114047551,-0.014079489619139119,-0.010455764966882669,-0.011909054862101481,-0.01111387424235094,-0.011465552712772518,-0.011372646536060418,-0.012851718815746368,-0.011785066363974866,-0.012585728827370194,-0.00373627633681367,-0.014200215827083565,-0.011817175588461418,-0.0070942093518699,-0.010794283923548212,-0.014768069132851388,-0.01336210827060761,-0.01479994995959873,-0.0004353734872308071,-0.010101461744811156,-0.009599337008231776,-0.011752772620803481,-0.012229084857492254,-0.011936335091592379,-0.009361699581300528,-0.010763935473260733,-0.011960873303509076,-0.013458115480931773,-0.011756551457917357,-0.011569588615492107,-0.013763846745107952,-0.007398174552768451,-0.013139818374866996,-0.013145833728947596,-0.011548342310100747,-0.011034482269199767,-0.01381507938205375,-0.014791536839597604,-0.012626591662267227,-0.01662330123631132,-0.011321416214067308,-0.01320661201968001,-0.020341843348336046,-0.014827906018698838,-0.011348379932360767,-0.011504264710573815,-0.009774986027652956,-0.009803918826313658,-0.011483481167726612,-0.016232938627120115,-0.011172420950998312,-0.017273922103100824,-0.010370994461486288,-0.015851272294113608,-0.002023512846410903,-0.008337374316201074,-0.015643710447833883,-0.011098872239555718,-0.010368001422809844,-0.00858833829569891
max_user_avg_relative,0.022159953687057206,0.022065195101374717,0.0228434821902491,0.022169657843936194,0.021362527385774197,0.018481143101071542,0.022360676001298516,0.022878242351279207,0.023128852841389144,0.022694630017351617,0.017004570199844807,0.02122221275104748,0.022674163451178474,0.020965259705869342,0.02404996578953334,0.021617269808590796,0.01694402066935234,0.023202356037050953,0.027683348448058767,0.023169316661381112,0.022376876957058485,0.021898052786458427,0.022441555520465138,0.02217802360763515,0.02200584605552771,0.022608579053544735,0.019918383925793873,0.023509833266724685,0.021996805739129596,0.01654837891353163,0.022534192930721342,0.023256193523449098,0.0212771458349049,0.021018226305460422,0.021307397676709416,0.023409946558506638,0.02745550389872667,0.018168428076207978,0.0255538973827305,0.024162265750750138,0.023658720500038047,0.018773920306182794,0.02262300714494231,0.022729887476855906,0.025545930089239458,0.019484836849499643,0.02164022547191901,0.022538237330157584,0.023727122229649136,0.023301457936548857,0.02254752972185802,0.022355267369929474,0.021798091571568888,0.02246351214996157,0.021399346532252922,0.022350232660403202,0.007679750347059866,0.024115295449055614,0.02288104152918128,0.023338571522663602,0.02232510804959248,0.01965413714833017,0.02258721709999774,0.022016973449275917,0.005880877929350728,0.021877181981068666,0.021653195582197547,0.02058107862378923,0.026455882885003126,0.02224302173188393,0.023479234261944502,0.02214312226533225,0.02240456054328526,0.022287399147938362,0.022428076983301758,0.0220323063069228,0.019644422037939674,0.019979254777388378,0.02264635064678066,0.020470031167673396,0.021905971230054062,0.02196128297698583,0.0192835676102914,0.02207849705132134,0.021498555152668224,0.02656077620379191,0.02264784857631972,0.02227983342729506,0.022953000129029108,0.01956587621264955,0.018830586931681007,0.017434108333983227,0.02475750685372464,0.018909927302540312,0.023433642233763336,0.02249255802587093,0.019976512202716998,0.02229777643045676,0.024107593659866,0.024075471116816335,0.009455310413385334,0.021886736868764863,0.024166323413144845,0.02311261017684084,0.023264301995182392,0.019267177374550675,0.021565893222033873,0.022524709711815482,0.020630904579756807,0.021564478882965435,0.026799880291531714,0.02016495829622563,0.02204932754407108,0.022529674412713065,0.020647786804214842,0.019929613276851936,0.021921091589612807,0.022219279358465793,0.024359803963293295,0.019408681247821864,0.02210556837118843,0.02224786686131321,0.02041303611329641,0.02544114468424696,0.022468046910077,0.022346878013910706,0.022372536798005646,0.02214620759469025,0.02688392127476489,0.021970104914244865,0.02337100886310032,0.017930050860771707,0.02240005801132916,0.024750623240426366,0.018387892210597525,0.022643337806167747,0.02240097851453779,0.020847643200599605,0.02319349735320407,0.02231601615609033,0.023005959976159014,0.019256218834739547,0.021948905647671255,0.027158659558106618,0.02413054518995721,0.024140034518648434,0.017471728860287555,0.014308453668565767,0.026479224432485314,0.021018044143441838,0.021929153782407874,0.025358305560119036
average_user_avg_sexual,-0.007230028386404339,-0.007258720991022968,-0.00738657870428904,-0.007165218418427277,-0.0059243230205676956,-0.0045641406386079265,-0.010064710701883813,-0.0064258739361253495,-0.007211184364733925,-0.008632918834667302,-0.006121402522728522,-0.008203185458950907,-0.007397490124967414,-0.010004403413986767,-0.005835887894910483,-0.007256185021472344,-0.008280283792086842,-0.009801960378147156,-0.009438966094625986,-0.00814476077271758,-0.007321142140676062,-0.006558125413331294,-0.005654802408955147,-0.0073645030982899505,-0.00705354768651693,-0.004612583772847818,-0.010068826360364653,-0.007838075609017978,-0.008633492882511173,-0.006964644230658122,-0.008651012982271663,-0.0072070543099837705,-0.007330971266988628,-0.007708030010335193,-0.006583839285051424,-0.006748689707944982,-0.009804789962318608,-0.004170805103984658,-0.004229625770071485,-0.00721208027046448,-0.006106634339243832,-0.0058813463071069995,-0.007136026690680861,-0.007718497916078446,-0.008576018434401988,-0.007964507197905799,-0.007121687926032264,-0.006658632017431691,-0.009426411138073049,-0.007878361740095277,-0.0074030334539409775,-0.007279603735013409,-0.007476752948468243,-0.0050425677581365175,-0.008223687515299293,-0.005820786210153432,-0.007793875407201837,-0.005464304660279647,-0.006909032413642468,-0.005934435180623256,-0.006523307477450701,-0.007147806968067751,-0.007399321337009306,-0.007206363786214093,-0.004292011803803833,-0.007485796571883582,-0.009044048734663641,-0.007493037132409268,-0.0036448885811250567,-0.007374986468691871,-0.008833284270703292,-0.007577336418004984,-0.006459788974931938,-0.0077154166411029625,-0.007783736811710048,-0.0072528538788114525,-0.011207375068424764,-0.007931267479308458,-0.007807573922231491,-0.008827508081174829,-0.006034210714816606,-0.007644332619571375,-0.008039628526379062,-0.007495759254263769,-0.008045916417501372,-0.00792277051795904,-0.007028039566406227,-0.005472700287569852,-0.007305022843327522,-0.009376679543326792,-0.007546743888917102,-0.0115824113708104,-0.006001961434638686,-0.006903273969772638,-0.007373203310432784,-0.00723029715705539,-0.0021295077244833155,-0.007334415800265377,-0.009242939356090704,-0.0063806608661238495,-0.006094030516357285,-0.00674779118607756,-0.006358837312324755,-0.0067703442305385286,-0.007371727833618772,-0.005257600275419538,-0.007784055806038975,-0.006186311015996621,-0.01016362729354621,-0.007789111425716037,-0.0013093288783213967,-0.004090666073228613,-0.007366156508920387,-0.007337036544381236,-0.008007797253440137,-0.010325385454152802,-0.007852509971136689,-0.008222227110218645,-0.008660713346453845,-0.008084797459291465,-0.006851172329375287,-0.007271620576727264,-0.007330726805899462,-0.008303526215133502,-0.007756359675257827,-0.008418424777849397,-0.007093954958791489,-0.007088226922215275,-0.006054154513673037,-0.005775474450633817,-0.00675058748163162,-0.004474842454057089,-0.007455373156953074,-0.006792657895801644,-0.010789736611604723,-0.005847269850291735,-0.007314038123051027,-0.0025411298281043035,-0.008173680449578068,-0.008200259319072506,-0.00384363830983951,-0.007168986501124605,-0.006427142712766875,-0.008653561223374882,-0.007405753000607345,-0.006078657639579772,-0.016644654667737714,-0.009908729358049276,-0.00687329289658432,-0.007316626044977297,-0.008620470237222115,-0.0042260058840466455
stdev_user_avg_sexual,-0.005536335059966625,-0.0056123373548853245,-0.0057212956485147865,-0.0055438043106589745,-0.0043548928393078385,-0.0031190789832064737,-0.008522644125254048,-0.004783886683141504,-0.005574709266127425,-0.007141219530418939,-0.0045280640909602324,-0.006338247092889578,-0.005687492621553827,-0.008236171000704826,-0.00412533498020382,-0.005602029813668642,-0.0066011753892236446,-0.008681995199410427,-0.0077343130198465546,-0.006725680490119209,-0.005651836984647719,-0.004987320491556429,-0.003688470050247106,-0.0056691635752485125,-0.005384559466887366,-0.0032835285209047074,-0.008163935186796183,-0.006176829246443919,-0.006962204565727097,-0.005191007458571079,-0.007001490948336369,-0.005621707477406015,-0.005473709083325009,-0.006112024861103334,-0.0048758044918313335,-0.005084687926023286,-0.008392547611013068,-0.002350132600568905,-0.002860216673902946,-0.005664293566243487,-0.004447732040572887,-0.0043472340934969265,-0.005451658934204309,-0.005813276384529163,-0.0069995017893440085,-0.006542621778436594,-0.00543876578424611,-0.0049843699082689815,-0.008210072290836215,-0.006206599103697448,-0.0056982611922193945,-0.005599409516865184,-0.005866076489554053,-0.0030516666416064413,-0.006743430468165672,-0.004133640952942898,-0.005936371287771525,-0.0037287174051145854,-0.00529501060455523,-0.004143829202206153,-0.004863562005767083,-0.0054922035621780135,-0.005732809240476738,-0.005518329951050258,-0.003139774251660287,-0.005818159127442814,-0.007472872249491873,-0.005844030033040355,-0.0018856948203473684,-0.005701890319993788,-0.007221981104808628,-0.005976967508229676,-0.00479229201010764,-0.006102216625146997,-0.006186762848245906,-0.0055368736051523695,-0.009639638050750486,-0.006270138767362925,-0.00626813953962557,-0.007290331069048087,-0.004559929150688761,-0.005985490451602762,-0.0065860355411361095,-0.005861441069758053,-0.006188021158682271,-0.005878320244264761,-0.00535206748994034,-0.003488758542181521,-0.005812370516677246,-0.007796480936216913,-0.00583904732268692,-0.01031087397486783,-0.00466445601914913,-0.005208117471098228,-0.005662335490641716,-0.005553981382274093,-0.0006825420539428176,-0.005654507656878038,-0.007607317298711809,-0.004659154895108081,-0.004309931592644973,-0.005116592213398188,-0.0045695494297195655,-0.005058403714276111,-0.005745618102053017,-0.0034634864659835035,-0.006150067030652816,-0.004436606960044235,-0.008266799612625952,-0.006112142214422696,3.1087516027735254e-05,-0.0023353678173374595,-0.005726616993971772,-0.005692893505861245,-0.006308553280910029,-0.008476970540639187,-0.006131505758699505,-0.006580043884017639,-0.006993360128884491,-0.00629135023763166,-0.005165343837576155,-0.005591525014833914,-0.006021880233130782,-0.006746082653998073,-0.006242531012274012,-0.008595052185234134,-0.005388851112190167,-0.005410485943533125,-0.004498274272476106,-0.004244374490425278,-0.005054306285642923,-0.002634094483443184,-0.005803974950599635,-0.005006965506087321,-0.009449978573131089,-0.004427102183933472,-0.005636098164414952,-0.0007142311211063646,-0.006426059773472002,-0.00651221865262774,-0.0020517186423937113,-0.005581374460945021,-0.004686967679907009,-0.0067392089339844965,-0.005748479419463577,-0.004597226855191932,-0.015743687980276342,-0.008502616315364385,-0.005024121665655994,-0.005607816079620548,-0.007096996849502506,-0.002655151643852853
min_user_avg_sexual,0.0,0.0,0.0,0.0,0.0,0.0,0.0,0.0,0.0,0.0,0.0,0.0,0.0,0.0,0.0,0.0,0.0,0.0,0.0,0.0,0.0,0.0,0.0,0.0,0.0,0.0,0.0,0.0,0.0,0.0,0.0,0.0,0.0,0.0,0.0,0.0,0.0,0.0,0.0,0.0,0.0,0.0,0.0,0.0,0.0,0.0,0.0,0.0,0.0,0.0,0.0,0.0,0.0,0.0,0.0,0.0,0.0,0.0,0.0,0.0,0.0,0.0,0.0,0.0,0.0,0.0,0.0,0.0,0.0,0.0,0.0,0.0,0.0,0.0,0.0,0.0,0.0,0.0,0.0,0.0,0.0,0.0,0.0,0.0,0.0,0.0,0.0,0.0,0.0,0.0,0.0,0.0,0.0,0.0,0.0,0.0,0.0,0.0,0.0,0.0,0.0,0.0,0.0,0.0,0.0,0.0,0.0,0.0,0.0,0.0,0.0,0.0,0.0,0.0,0.0,0.0,0.0,0.0,0.0,0.0,0.0,0.0,0.0,0.0,0.0,0.0,0.0,0.0,0.0,0.0,0.0,0.0,0.0,0.0,0.0,0.0,0.0,0.0,0.0,0.0,0.0,0.0,0.0,0.0,0.0,0.0,0.0,0.0,0.0,0.0,0.0,0.0
max_user_avg_sexual,-0.005981046704903644,-0.0060448305241819385,-0.006158792867900897,-0.0059697528036337264,-0.00476629250808227,-0.0034970913169360407,-0.008930616734662064,-0.0052145069188222195,-0.006004596134473965,-0.007534893205437569,-0.004945825202299361,-0.006828136145734146,-0.006136571622815688,-0.008702622356267196,-0.0045731793140661005,-0.006036532036181482,-0.007043039487630929,-0.008980495554738512,-0.008183810864388031,-0.007100129387238585,-0.006090317368098179,-0.005399635394902026,-0.00420235055637592,-0.0061144199570550275,-0.005822721624260073,-0.003631561024165824,-0.008665810852134631,-0.006613680296155144,-0.007402356590496853,-0.005656174307642169,-0.007436025298857051,-0.0060383586461335735,-0.0059608416378133106,-0.006531876619980229,-0.005323657341119266,-0.005521290492919538,-0.008766692132482944,-0.0028250062610806646,-0.003218354765811373,-0.0060712285669007075,-0.00488244812038506,-0.004749455496558465,-0.005893874136682241,-0.006313162938777342,-0.00741507606440482,-0.0069176375404302465,-0.005880594203315035,-0.005423548366762349,-0.008533182769409793,-0.006646207337280825,-0.00614599278795339,-0.006040671336642173,-0.0062895210546297054,-0.003571365157979201,-0.007133781650060928,-0.004575414028032266,-0.006423975055720372,-0.004182712662803927,-0.005718819829662114,-0.004612478347616486,-0.005298864092352421,-0.005926984915949882,-0.006170635784801597,-0.005961556024662092,-0.0034417631655786467,-0.006256353243804699,-0.0078874776100396,-0.006277408985825288,-0.002344193491021075,-0.006141399344482694,-0.00764678525710066,-0.006397833251611817,-0.005229544124977434,-0.006526524955408068,-0.006606932162891024,-0.0059873732854712515,-0.010055262816638141,-0.006707041628357354,-0.006673438585295875,-0.007695946188892915,-0.004946801244504173,-0.006421548278256854,-0.0069693235663687795,-0.006291020917263949,-0.0066759486276806385,-0.006414419666246773,-0.0057920145617698215,-0.00400703563837522,-0.006205118716341105,-0.008213714841722959,-0.0062876625833541665,-0.010650172978166941,-0.0050159018222756015,-0.005652919364295979,-0.006111618293089075,-0.005994195934091824,-0.0010588981262705513,-0.006095743822162793,-0.00803877680596913,-0.005110314757433423,-0.004777037577794965,-0.005544704582410765,-0.005038232065339373,-0.00550743199496913,-0.006172964111374402,-0.003932446007644683,-0.006579816102778271,-0.004894892968794286,-0.00876667211649379,-0.006553019135344016,-0.00031696951853135875,-0.002793251809574109,-0.006157433728937565,-0.0061248759341626414,-0.0067553879671509234,-0.008964456546691008,-0.006583834949748209,-0.007012300458254474,-0.007432517772643855,-0.006762632800323655,-0.005607685642339643,-0.00603275425561589,-0.006367081980832277,-0.007156480267223208,-0.006641158062017445,-0.008556771656560198,-0.005836395702409477,-0.005850943935983833,-0.004906281801952465,-0.004645722866960555,-0.005499264477177463,-0.003114432068262637,-0.006237939479061265,-0.005475100552492729,-0.009806233472228646,-0.0047998045281832675,-0.006076806974078526,-0.0011892776344859975,-0.00688556082945684,-0.006956323794435889,-0.002518862249480716,-0.0059985782659851584,-0.0051430001459107895,-0.0072422839085843444,-0.006183920702533876,-0.004985988408228048,-0.015991551242343624,-0.008875266310831218,-0.005508756284789823,-0.006056516366865839,-0.007498882705641924,-0.003065420775547841
average_user_avg_inhibition,-0.022435963828154663,-0.022473684134698305,-0.022774386127514524,-0.022796926099871957,-0.022869087723823834,-0.02451550593863102,-0.021635495294914292,-0.021175021338835056,-0.021921350547841688,-0.023505475905472365,-0.018902745658601762,-0.023603830200534262,-0.022308894526328844,-0.018810688797819282,-0.023419215277655052,-0.02295790255836672,-0.02218725959994909,-0.024904168479618082,-0.02293332497676238,-0.02395119052533021,-0.02242085617974025,-0.023112032224846972,-0.019857205826481802,-0.02224053328240686,-0.022616311109236276,-0.02344372201186216,-0.018129720667277423,-0.02301951384133251,-0.020897312328902302,-0.02359534916296903,-0.02198625964861742,-0.02229092550782573,-0.021585439798720633,-0.025917762642350694,-0.023294730386939824,-0.02298231133718296,-0.026593071431798693,-0.01456834000443034,-0.02029654771468559,-0.02302620220655393,-0.02238494152145784,-0.017767326657698895,-0.021744905115009282,-0.024574193497019343,-0.027165060851770187,-0.01849970643824133,-0.022304434389294185,-0.022591898522782348,-0.024793987578144487,-0.021426767776376837,-0.020734836788054076,-0.022462693758237357,-0.02134296262870451,-0.02377017062297701,-0.023118256796065877,-0.024465029121846754,-0.014937923031903397,-0.02079502291204483,-0.023552173089695885,-0.023812277433591815,-0.021686917147461446,-0.022551680207573983,-0.022474686501118932,-0.02238886493896672,-0.019898198428221325,-0.022643780083471517,-0.0235288833905636,-0.021374994464779085,-0.0344682936775639,-0.022897294547868593,-0.021876812663111922,-0.022106779873022966,-0.022112902146894348,-0.022792774181825296,-0.022829726908750184,-0.023147496068141146,-0.024363371801309985,-0.019163160117788364,-0.0232975497735878,-0.017562003046715423,-0.0218520020674476,-0.022475223341427673,-0.02176865154238549,-0.022848968571307922,-0.02210722407845287,-0.021427160850858988,-0.02271357121099112,-0.02083802185361932,-0.023264087272455984,-0.02040464761743692,-0.019899660706615224,-0.019072860655198115,-0.020680770913045616,-0.023036496992936837,-0.02179744182719558,-0.022430537902016986,-0.01864575757385315,-0.022426268677921867,-0.024401225775097693,-0.0217328183332256,-0.025737382849528312,-0.022289661599609698,-0.027163782568972963,-0.023364653321910726,-0.02332007196568971,-0.02084420904264459,-0.02371859595533363,-0.021399862264794997,-0.02236324036952502,-0.024914967579587756,-0.02505925209458942,-0.02112139675292627,-0.022823304244648464,-0.023333237452085345,-0.02370666091846596,-0.022473922202423918,-0.019855442758164733,-0.022087464520824423,-0.023363332061445762,-0.022237341967537606,-0.022371963615287878,-0.022470588368019937,-0.023222617567425337,-0.01676011649097401,-0.02258854113932323,-0.02397277778565743,-0.022411704215986317,-0.02159757473226507,-0.022709262405832296,-0.023192557152337267,-0.022845208846183,-0.020217098083032823,-0.022896662882747523,-0.023837377082118295,-0.019167178915630512,-0.02625150015617024,-0.022456919607438876,-0.02274824340673498,-0.02324837102147105,-0.021948316440416206,-0.02414389820915161,-0.024948962258238366,-0.02290050578718887,-0.025678630269281837,-0.023226754597757714,-0.02213231639992015,-0.025852559042154232,-0.018826286971518322,-0.029579465181323678,-0.021011477897996213,-0.022490256133660257,-0.02083951513403857
stdev_user_avg_inhibition,-0.012392848116591963,-0.012757974790820064,-0.012757813852114958,-0.01306850190002851,-0.010427400386750444,-0.012377172375800705,-0.014639169714385912,-0.010831916000873867,-0.01242827939631989,-0.01562655903410827,-0.008766287264784258,-0.012262386850617597,-0.012577239742833493,-0.019301375895040235,-0.011837238862736021,-0.012884218474236861,-0.01469838649876029,-0.01687018836944679,-0.012752626964117046,-0.013777972952358778,-0.012671291451341403,-0.013738965307415845,-0.013058710845267912,-0.012606554886800875,-0.013068799341624193,-0.013791709083917789,-0.013714120728830301,-0.012882343937736608,-0.011593147702859553,-0.013731032415141432,-0.01083342260535522,-0.011566239529271605,-0.009032322098279411,-0.01717638932285514,-0.01279069471344306,-0.00964357077926788,-0.01171899297926509,0.0012536615730314518,-0.013192665072314258,-0.012237121943367006,-0.012519596821903258,-0.005815299994459559,-0.012082208820155461,-0.011611576133661372,-0.01209774156042456,-0.015634540468404425,-0.011571585777244466,-0.013090891288902645,-0.01551298858671412,-0.013752167549020478,-0.012750188956198422,-0.012537589292103073,-0.010750088349659265,-0.015989931667869346,-0.012946820687656718,-0.01475826227091526,-0.009258889980554321,-0.012653056596409945,-0.011945757727256655,-0.015487348349055297,-0.011985750948540704,-0.01249727370712092,-0.012353670522451909,-0.012676748378142123,-0.00934945077487978,-0.012967705298109578,-0.013373266605693261,-0.0108331195202074,-0.0233283906249533,-0.0128116355817969,-0.011712167814214657,-0.012671508552294392,-0.013280591733476454,-0.013228191860263163,-0.01270624533328267,-0.013532325259827015,-0.013010830842471309,-0.013524082940023757,-0.01390669875877449,-0.007146143028460082,-0.013950526052534478,-0.011341060498182638,-0.012221100641871627,-0.012743173914616206,-0.011947532470510717,-0.009674077429170782,-0.012813596624541505,-0.010490938421153635,-0.013549357424563674,-0.013889240402781923,-0.012445116559787372,-0.010026147066928694,-0.013423800607731014,-0.014610743345841004,-0.013239258848604916,-0.0123399059161724,-0.014621554287174723,-0.012504837035177997,-0.012321916571392963,-0.015622193828982854,-0.017695622028706205,-0.013112661402354508,-0.017566530180658218,-0.013128796711420615,-0.013355255952398948,-0.01599573086689736,-0.01257543546198631,-0.010616422543251687,-0.0050347208350787764,-0.012776821979969006,-0.016540922528532304,-0.010828878169244629,-0.012746066854450521,-0.012625900866287357,-0.014038602605594714,-0.00737078713388753,-0.0063854248078231216,-0.013145689732046582,-0.01323481015078598,-0.014281494503278213,-0.012592859851223801,-0.012470778048531281,-0.011756326421790458,-0.014937107797532871,-0.01593040167286572,-0.012544615730830162,-0.012184423377287486,-0.01245097543400563,-0.01245958899244335,-0.012290656715628758,-0.013088029779650671,-0.007814902625629588,-0.013140353106629848,-0.014196535584639777,-0.000938988231196692,-0.014647007339931649,-0.01257086753404553,-0.01201144831116012,-0.013614814494846604,-0.01239481547207626,-0.013688385191538106,-0.01191555592160954,-0.012409448787564299,-0.010569655599843221,-0.012476380648928146,-0.009975763020944751,-0.021549276895279138,-0.011239008392530815,-0.010815103332257023,-0.011066453427485252,-0.01225996708751025,-0.013046007400481424
min_user_avg_inhibition,-0.07073329179179397,-0.07026561715974801,-0.07070988440875672,-0.07084772058788587,-0.07044938254816925,-0.07534590708333894,-0.06896443835953472,-0.07243806063965978,-0.0706222156612834,-0.0680624725268535,-0.07209443725431602,-0.06994725348742985,-0.07144314220498106,-0.056582856667926756,-0.07009384795197365,-0.07084651834761319,-0.06681035104767931,-0.06468991054568526,-0.06901699637945563,-0.06744149371874482,-0.07099245342798988,-0.07059854396302799,-0.07079828814102408,-0.07096515858964066,-0.07077278609137985,-0.07150069433084856,-0.06850389425215353,-0.070167232904544,-0.069909834459017,-0.0707632303385403,-0.0673629827173802,-0.07150480639271539,-0.07046460253541742,-0.07203652055082693,-0.071238502960854,-0.07232869771229285,-0.06597433940586096,-0.0727495773915055,-0.05922839376350458,-0.06704566343382398,-0.07312361410138006,-0.06855565691258392,-0.07107412395379317,-0.06785142876073343,-0.06918593875602688,-0.061709853633617716,-0.07214343780573532,-0.07083874479419763,-0.06737219226546567,-0.06827349277062711,-0.06777769348647587,-0.07100958777152953,-0.07074620126069613,-0.07354232486157802,-0.07038914552296797,-0.07179470093758061,-0.06687581486183287,-0.0690662790817976,-0.07207397141338046,-0.06702209614557109,-0.07117738162532074,-0.07025488628591606,-0.07087720800927451,-0.07102231185839478,-0.05790318695852982,-0.0704609662503168,-0.07168795566956458,-0.07109817548749237,-0.06546687264907464,-0.07146134397532021,-0.07121825049708715,-0.07233057889142873,-0.07040257432263759,-0.07174122406057754,-0.0710985640374084,-0.07079310889452023,-0.07162076407991662,-0.058735336375922084,-0.07049186262458404,-0.07516119884080942,-0.06304926034742524,-0.0757068104474361,-0.06383480057763541,-0.07050923279730945,-0.06985886376325515,-0.07267131370694832,-0.07084475877434512,-0.0785094639692881,-0.07005438843375157,-0.07052389727020117,-0.0686073331509664,-0.059939161724273445,-0.06426076325032028,-0.07015160684547188,-0.07222108327000187,-0.07110036992427654,-0.06462873008713803,-0.07104230888989478,-0.0705431875901875,-0.06482018961153095,-0.07046984519075905,-0.07097126148576209,-0.07183344703444536,-0.07105345981730268,-0.06976620276287618,-0.06636585880529247,-0.07251165835307286,-0.07196801433538619,-0.07276038314728601,-0.07062948819223468,-0.06652489009065457,-0.07364134589380565,-0.0706890862827337,-0.06934816025836668,-0.07229265057882414,-0.07170804967402639,-0.07161922468523939,-0.07070936281800723,-0.07106475203032238,-0.07174252365176641,-0.07148577551167014,-0.07106071490207584,-0.07148699549153653,-0.059722549427528915,-0.07014428775862493,-0.07243529580596872,-0.07121646862005394,-0.07120864965690361,-0.06984665704016117,-0.07350756017216292,-0.07117064852877746,-0.07225917811283158,-0.0708133391314589,-0.06858349454904805,-0.07759919364147834,-0.06751547802056947,-0.07099668222552112,-0.07144073928245613,-0.0693302197915935,-0.06988552626964502,-0.07114758087314832,-0.07177769328372179,-0.07082124445735585,-0.07126327414199765,-0.07080189761316946,-0.07206166243759123,-0.06329864239053996,-0.07020807982629167,-0.07600610604945791,-0.0720853189106399,-0.06821802919195696,-0.05521665514570284
max_user_avg_inhibition,-0.0259773472899882,-0.02623467486421742,-0.026414678394724236,-0.0266420059987201,-0.024100410791402592,-0.026205287641209534,-0.027378002558721207,-0.024753445954434797,-0.02601950145805141,-0.02855658084595016,-0.02240471734951425,-0.026176636525730275,-0.026183575168956544,-0.02899251722067176,-0.02575330825348216,-0.026542702989352206,-0.026953275946374488,-0.03016667577166024,-0.0263832597592692,-0.027143662430647957,-0.026257424156492543,-0.027287339178572515,-0.02545060631355764,-0.02613885124155026,-0.02659468887379194,-0.027626081478174257,-0.026072337202346873,-0.026520527464313493,-0.024983123773490178,-0.027181149633603262,-0.024303969594735107,-0.025466021337122238,-0.02299373289206343,-0.030533453105878315,-0.026274334303423446,-0.023959639091667904,-0.025325229136590247,-0.013661248825504456,-0.02529309925697782,-0.025597679718608254,-0.026455833546393116,-0.01929978582434732,-0.025743140737221143,-0.024967041021665984,-0.027090544520275442,-0.027781930465268695,-0.025481247665111426,-0.026586651207607708,-0.02847828199478929,-0.026541576217826556,-0.025478920544297498,-0.02616997702028741,-0.024540917929717375,-0.028940677070926627,-0.026419616862448852,-0.0281470108412661,-0.021636091330529426,-0.025686696736194878,-0.02603682888077745,-0.028208364859985093,-0.02552894760855466,-0.025775323783572085,-0.026031156969034058,-0.026268636332347182,-0.021695858562011172,-0.0264892876514393,-0.02705140119217133,-0.024637589004990027,-0.03394104264002268,-0.026472233607559754,-0.025564496914599895,-0.026516734340601755,-0.026601983184971655,-0.026627684699598853,-0.02630858168019288,-0.02722416567421744,-0.02694844370366888,-0.02491339349421873,-0.027550100458767046,-0.02083950553536753,-0.02512961822247938,-0.02569890971485987,-0.024039491935767123,-0.026297035727862027,-0.025356479320247944,-0.023399912264680193,-0.026327205494230572,-0.023927496953572526,-0.02711423904730228,-0.026753094620092854,-0.025338199350534447,-0.023162467987548743,-0.026159292367751392,-0.027574251014904835,-0.02665212099957932,-0.026002317982144568,-0.026030895086798497,-0.026153167884796723,-0.026495853636376326,-0.02780863231743975,-0.030780932489646383,-0.026503514616045963,-0.031201892875063232,-0.026668880882644498,-0.026721054942985868,-0.027999604650148488,-0.026512409020219996,-0.024500177122346554,-0.020386376990265773,-0.02629941787098846,-0.029288021413304947,-0.02461086207572063,-0.026320976138644286,-0.026136787209016618,-0.02748238010487903,-0.022362630698431352,-0.020732440226508112,-0.026589674537845394,-0.02688909263822308,-0.02760013460135298,-0.02623077149530193,-0.026101514406829743,-0.025352569669157134,-0.026469292728234003,-0.028719337322430365,-0.026804204271493316,-0.025892025508886363,-0.02590852463875346,-0.02590444792648069,-0.026152647206026503,-0.026723124990994142,-0.021922128114021614,-0.026740271444615965,-0.027621717514642867,-0.016721705447590964,-0.027980154467877907,-0.026201525574638455,-0.02567181659055382,-0.027304374941679414,-0.025780263429995277,-0.027404279332956114,-0.026300697706465273,-0.026023217051171887,-0.02531355591465222,-0.02610904986390248,-0.023837042992886307,-0.03292608437334161,-0.024694112114886008,-0.026348413375932172,-0.024901876369259737,-0.02565819356496848,-0.024106688069862114
average_user_avg_sadness,0.04696635780436492,0.0464378440646605,0.04677614799389595,0.04637506354369858,0.04975728167761673,0.05097301499544489,0.046240870633256395,0.043912820613501366,0.04588262672271125,0.04603708142605121,0.04678845491104578,0.04732443319208744,0.04734117286598416,0.04264364533947142,0.04801994508619774,0.04725555573397416,0.05133994188207248,0.051479664118536904,0.04478248217138214,0.04469975738241366,0.046459793718636413,0.04632526570070499,0.04685232681876194,0.04593956489118989,0.04676138172881564,0.0461728136786915,0.04795448403173303,0.04665109844798941,0.03950466595897179,0.048670918337989526,0.04546997259935298,0.04728067483980848,0.04388983535170129,0.04459039399594229,0.04654789375420593,0.0469705393064298,0.045593644523617055,0.04877187557426297,0.048262497450611855,0.048643161579868824,0.04620678528412492,0.04693752181907653,0.04736723254409975,0.04585305721854908,0.04576430592714663,0.04011409257410835,0.04586793323945649,0.046794334326087705,0.04388657430439384,0.04607080210074894,0.0469987699451909,0.04671480145207019,0.046702896064569635,0.04937046918831754,0.04653584576216592,0.04498308431497248,0.04665813599346149,0.049761938286757616,0.0463295129141771,0.04819009169294054,0.04556690075938611,0.04562670449772487,0.04697670453173665,0.04671288486349397,0.050241071635962906,0.046883885233297735,0.04780734013791432,0.046116656149200595,0.02554706811855862,0.04669027366757267,0.04751882477940245,0.046521376011355996,0.04713718504099869,0.04597348676188653,0.046361260108876444,0.04677639838526828,0.04222738928036136,0.046360195153816446,0.04630633023634417,0.04960927380151598,0.04630761808621749,0.04730990386081977,0.04780632986796941,0.046509329977066506,0.04774882083371278,0.041310525684012396,0.046341431289033314,0.045874098642606796,0.04676121345367687,0.0464899722455107,0.0465367021219362,0.04756715180506705,0.04708561591100253,0.03899876124686309,0.046391574240572116,0.04684699871113536,0.04161232148881082,0.04678895929549903,0.047545382329402315,0.04487606878029407,0.045345283715305454,0.046367843256448625,0.0483916108723882,0.04459521266695498,0.046135688535582454,0.045817733020438595,0.04549581414111805,0.047067842632796876,0.0513060084871429,0.0476110444445106,0.045580394680684096,0.04936306831247199,0.046522765411878414,0.046310363322032,0.04375153731112815,0.05163942842683902,0.046778776236680225,0.04634415451949765,0.04531004310805582,0.045427362065470635,0.047021163645766764,0.04674987462688499,0.04497781974694545,0.04880633147573921,0.04518867339732021,0.04597268801153503,0.04717118177905981,0.046440049406129794,0.04425390698891313,0.044178940530618035,0.04593953940795478,0.04266691197174015,0.04679965309720624,0.04769452706352605,0.04419424010021865,0.047445842931816765,0.04680345532873739,0.04774812907679831,0.04537060448692021,0.046005777547926265,0.04773408351749824,0.04619572311127662,0.046045122514913474,0.047616351695011966,0.046859919943002655,0.04830027405687736,0.05256179572753006,0.048476238899044344,0.04626742975615225,0.0472416095548362,0.04790776290569891,0.048567413022986346
stdev_user_avg_sadness,0.01695963150731366,0.01698135753736524,0.01715699905607763,0.01674407625373487,0.02164474798140562,0.02445492969481206,0.016753199667960527,0.01538752041699155,0.016630841977983542,0.016633092378671648,0.0204120592667508,0.016800785525467078,0.017160112848721102,0.015158168873292747,0.019863231350316243,0.017605700249285317,0.02663230372113575,0.01244114431007315,0.01684240677159527,0.015250923549371569,0.016839447479706657,0.018106716868323477,0.018878909881961156,0.016397642553010502,0.01684423781239406,0.016727631302147588,0.017288889212410917,0.016558379180823687,0.01848050640160539,0.018617977388503154,0.02101091885147046,0.01704488364954115,0.016668855079796586,0.01676449387214728,0.016902414852640803,0.01644122974516138,0.015055084791731966,0.014120440121436793,0.020889467259118902,0.01880023564928031,0.0153571546220812,0.017416920711843656,0.017182823201504906,0.011874752231075758,0.016606283642672977,0.01540757617446204,0.016608623919657665,0.017320677093318027,0.018303746381616873,0.014816274184496953,0.020456327564143506,0.016926946782187216,0.01733759474075737,0.01772027053525682,0.01929275251632596,0.014452747894086723,0.014031792171803262,0.01726418309465523,0.01558795278257174,0.019117773314280332,0.014901716385236276,0.01600439786945848,0.017175351673969875,0.017088607836888488,0.013463977545945626,0.016963036348839076,0.017478984947624572,0.013910831045610597,0.008960686645729238,0.01725864906430586,0.017708945074338664,0.016202234806934286,0.0168268510077708,0.016988835732713023,0.016259745853432928,0.01709103911141335,0.017429863791394627,0.019544527455733426,0.015952223707013408,0.01986963363743134,0.02216969715478668,0.01705682694088371,0.018486787597874133,0.017013282334692018,0.01691218466197747,0.013589103594224758,0.016901112861295448,0.01571447042770967,0.01531496119829814,0.016354705439705467,0.01712683263663052,0.01863553746894396,0.018170412982557158,0.011222273940000811,0.016055667674263942,0.017064283891471306,0.013947830713981793,0.016944547011230326,0.01716931245366915,0.014659236783713121,0.01588971076508742,0.017105309103352548,0.019782692691356504,0.016263036009850892,0.01688757614099697,0.013134588641493727,0.01767742263901967,0.01655981985796222,0.015377705006431628,0.026374381846973355,0.017751924114240772,0.01990069254024915,0.01699940924165099,0.017228974495544697,0.016596782981808986,0.017350526266175274,0.01826033301140918,0.016394026783165292,0.01562607976539332,0.015220900693331905,0.01704847319344728,0.016959244571540792,0.018033217222202788,0.013604875923958535,0.013986822176974972,0.01687867129572525,0.01701883849063626,0.017032826517914282,0.01357616202059879,0.016289758352146265,0.0165415769693684,0.014986185800227937,0.01714472839932931,0.01699356834171772,0.01834228361973999,0.01748348073965134,0.016984475111601227,0.017339559330965815,0.015226946598168417,0.017332775284004936,0.016205055233975373,0.017357730400517815,0.01631825587103718,0.01945059336357859,0.01744223373067804,0.01936856668483284,0.018802245222620643,0.017976770510409114,0.02002159916654266,0.0177985554863486,0.018288855291251176,0.02032184921004765
min_user_avg_sadness,0.0,0.0,0.0,0.0,0.0,0.0,0.0,0.0,0.0,0.0,0.0,0.0,0.0,0.0,0.0,0.0,0.0,0.0,0.0,0.0,0.0,0.0,0.0,0.0,0.0,0.0,0.0,0.0,0.0,0.0,0.0,0.0,0.0,0.0,0.0,0.0,0.0,0.0,0.0,0.0,0.0,0.0,0.0,0.0,0.0,0.0,0.0,0.0,0.0,0.0,0.0,0.0,0.0,0.0,0.0,0.0,0.0,0.0,0.0,0.0,0.0,0.0,0.0,0.0,0.0,0.0,0.0,0.0,0.0,0.0,0.0,0.0,0.0,0.0,0.0,0.0,0.0,0.0,0.0,0.0,0.0,0.0,0.0,0.0,0.0,0.0,0.0,0.0,0.0,0.0,0.0,0.0,0.0,0.0,0.0,0.0,0.0,0.0,0.0,0.0,0.0,0.0,0.0,0.0,0.0,0.0,0.0,0.0,0.0,0.0,0.0,0.0,0.0,0.0,0.0,0.0,0.0,0.0,0.0,0.0,0.0,0.0,0.0,0.0,0.0,0.0,0.0,0.0,0.0,0.0,0.0,0.0,0.0,0.0,0.0,0.0,0.0,0.0,0.0,0.0,0.0,0.0,0.0,0.0,0.0,0.0,0.0,0.0,0.0,0.0,0.0,0.0
max_user_avg_sadness,0.01397965307730353,0.013915637370394546,0.014096058205981463,0.013604754570655287,0.01909167161848698,0.02186320205905467,0.013672232411050745,0.012332864723795144,0.013356728107633751,0.013507859590369656,0.01655990439903477,0.01362525682864156,0.014014318080443159,0.01142394386562073,0.01670462116945399,0.014421818582095625,0.023280879203346462,0.010167948497512564,0.013684649067091065,0.011935918093004717,0.013735996134068455,0.01502570328204611,0.015736672116019083,0.013318950022516369,0.01377820509682028,0.013574270498282335,0.013979226088564518,0.013487441305793341,0.013611060999252784,0.015537877084820503,0.017775159614909077,0.014047773376741032,0.013030475993011388,0.013724559370266736,0.013856462975005044,0.013164557234383381,0.013070352937960874,0.011753679729336303,0.01832868625574282,0.015776690590244172,0.012136475364135865,0.01556794709831466,0.014066782629845499,0.009545230051210428,0.013324746853918452,0.013437360548537686,0.01336135827935198,0.01410308290989353,0.015293098464305814,0.011891491712170257,0.01693030920810927,0.013813965112459099,0.014083135334377975,0.015219323128502549,0.01617950520118163,0.012082367660160138,0.011455792138705715,0.014506026862856623,0.012691014856161979,0.016097363489482742,0.012056452040661518,0.012937729958538197,0.014045106892655415,0.01394698349010462,0.012171235947200654,0.013913413180177836,0.014642263559224152,0.01115425060728132,0.007811265987367623,0.01409687235651476,0.01454732096534312,0.0130934482490789,0.013835141717327231,0.013893001890810377,0.013183705907081216,0.013983131603825723,0.01435223195595731,0.016196471669855505,0.012977065496197045,0.01803782454377105,0.0195403830728778,0.0139335425189562,0.015647872267619413,0.013916260190918201,0.014436925797693526,0.010669455105166219,0.013903751529289974,0.012628591748853963,0.012369115704582373,0.013574544036997335,0.0138340196318828,0.015709594027486826,0.01514313478413893,0.007773640634662727,0.013006004528468394,0.013941052417753157,0.010893849790151247,0.013813914199001052,0.014158084672575105,0.011584725260399466,0.012418503472814169,0.014012814328608004,0.017003573278305054,0.013219282046332548,0.013878251560631057,0.010294557954071509,0.014459119743127776,0.013730139052069714,0.012136519137977562,0.022896495321159407,0.01619559473439239,0.017000495886257915,0.01398383547431747,0.014023504326350049,0.013168099421067916,0.013960627357454807,0.015135172489468128,0.013236925140888043,0.012498220630238296,0.011877856646414508,0.013987280087867964,0.01384773940876241,0.015031927131248615,0.011631814000483033,0.011134105571980028,0.013705095443598311,0.0140126081965809,0.013874486429898797,0.010555584926790967,0.012869517812972795,0.013343250228369402,0.01136389786830313,0.014006798335927384,0.014412078926620097,0.01473656184521947,0.014654053630523235,0.013853641724737829,0.014713418977916243,0.011818857345280917,0.014137179631567996,0.013354406952929164,0.01409882796069181,0.01333661404401082,0.01568627775524636,0.014380406387576757,0.016415677148260106,0.017500981254508725,0.014835157109039892,0.016986265356422614,0.01445048923935442,0.015547228514329369,0.01908116904252752
average_user_avg_social,-0.005101827134726126,-0.005375476126194992,-0.005376471994945355,-0.0051681993236138545,-0.005667353549767086,-0.008662257672566846,0.001605831576735794,-0.0026503113853385335,-0.003867803917340959,-0.0056316131272322375,-0.006933118039624386,-0.00858688744257807,-0.005001368789509317,-0.010096646898637616,-0.005658864720870563,-0.004646328799015602,-0.010091250359435283,-0.00549203609470414,-0.003681383745309931,-0.004886508153038162,-0.005260229089547574,-0.002703403039984977,-0.0028280245572361203,-0.00431788162151265,-0.005224462306663402,-0.004815482654705975,-0.0033731488274076848,-0.005209133484701144,-0.0031012088382598234,-0.006277990859781823,-0.0012147392928371498,-0.006228217755394631,-0.008815015896290803,0.004712656500370263,-0.005719296827938012,-0.006220034004855126,-0.01333796754193397,-0.008083522372666867,-0.012127818396906211,-0.00636817156007688,-0.004094221358870633,-0.002541009127909005,-0.005816575474924923,-0.016094654262084184,-0.0027835024981212996,-0.0033454104998765794,-0.0038209658873721098,-0.005630340471722038,0.004265614066774575,-0.005313506731203332,-0.006104220789986032,-0.005135518789145074,-0.004847735294967306,-0.009206799043649403,-0.006417652214315911,-0.0022403061136384867,-0.0018972160355054044,-0.005901597333357379,-0.0038713698620275383,-0.007571406966388184,-0.003437952966643738,-0.004151327057187733,-0.005447825578809114,-0.005332268770758726,-0.008072440983801285,-0.005030335481216946,-0.004330740912072934,-0.004415742367928081,-0.006577199615186083,-0.005338064928367392,-0.005267913108216509,-0.004262676457169727,-0.005842984590478038,-0.004751880638457197,-0.0050513898437008235,-0.002968381726632075,-0.0039008376441093417,-0.005680312968040554,-0.0031720761899343506,-0.0019906145145274987,-0.010703017709240256,-0.0052443600204298505,-0.008629013766488704,-0.004931251861062817,-0.0037764309724546957,-0.010209398752108656,-0.005118413082536545,-0.006396591079558846,-0.0066879851292281885,-0.00791186748949906,-0.006841846569204713,-0.0019396384946393282,-0.00276308965639498,-0.009200997375916927,-0.005432401484619155,-0.005288680449224233,-0.008226386134883504,-0.005167873264875895,-0.006802933762266322,-0.004719887357904551,-0.00529682897309692,-0.006673710608911343,-0.0037888741974475256,-0.004959788608289269,-0.007079206650772451,0.0017172863842632021,-0.00523340968534927,-0.0011280260761261968,-0.008384553836921556,-0.01112269344290144,-0.002692214515087747,-0.009394676820700868,-0.005045525958920601,-0.0057955875849091554,-0.002690286250533638,-0.006768660609081654,-0.005421074837361524,-0.006141884646585674,-0.007951233899226477,-0.00492378887225524,-0.005571667859772799,-0.005253199518432557,-0.004524370479468033,-0.006736280974939259,-0.00811966348998487,-0.005928046966509699,-0.005383225160563505,-0.005196522494178351,-0.007519411653989638,-0.00645872217262519,-0.005631926509185772,-0.003595662977161849,-0.005299222057839094,-0.0026223685808239535,-0.00035312218595657955,-0.007490696419668896,-0.005204900250484226,-0.004802153580842492,-0.004866221794594374,-0.005190571585425574,-0.006900023875652511,-0.005235145892245433,-0.005783359304286079,-0.009524968292587834,-0.004644545928264232,-0.0031963441221576753,-0.01123301776878568,-0.000256197355117423,-0.008545699717649114,-0.004582296316583554,-0.0038108046897338313,-0.010882272584374589
stdev_user_avg_social,0.028578350406794312,0.028373043754448758,0.029146852617286494,0.028359321543029097,0.026185454747018704,0.02466421597335835,0.034192452458071,0.02893820592421561,0.030714331194531538,0.027547237850975403,0.03434695056271566,0.02814751612700027,0.028029959326807272,0.022325040230410053,0.02604482543056721,0.0294984309913553,0.024769703025037625,0.017847959791793343,0.026694633951874602,0.03173689783884191,0.02818910136982812,0.02939896173937276,0.03204301239901898,0.029241816941954647,0.028190335899236602,0.02518711485424624,0.033408314093284125,0.028699013926199394,0.029946908573858625,0.023031989052955098,0.041132807633443125,0.028977388360899088,0.01935970166200901,0.02724850947438725,0.027870980496476003,0.03038107876517678,0.018193015389989485,0.029783118950417686,0.026027496409723728,0.02821834006027151,0.024997277317004418,0.03849648679262235,0.028200563372338346,0.017325006748695117,0.03310924023267698,0.02915184512238994,0.031234819563213567,0.02806002235093099,0.021237532835903922,0.030646470276378332,0.02586524048002926,0.028413569464355134,0.02886151557291876,0.026281112581606595,0.026076191605561683,0.03001260673706406,0.0357600123336615,0.023408996747199835,0.027334615863415297,0.027549242969414144,0.030255465494337958,0.02604478510295387,0.028480249052894358,0.028390800816173102,0.029898268806018317,0.027476566508882843,0.028758692396144703,0.029821256536491043,0.026355205771167622,0.028288516524850916,0.03029564374537902,0.02932987265968414,0.02748273472830781,0.02950638306409602,0.028351569994016432,0.028242594084545523,0.02752299459694969,0.023044508001691954,0.028763188645818952,0.033887548414384586,0.032984149781809836,0.02785447394309889,0.024653177388014483,0.02853505136093086,0.029095684679102462,0.029942341758789282,0.027496228393927093,0.026627627786816682,0.02726637779510227,0.027587814783657252,0.027689439511373537,0.025620887954156697,0.02656768373362648,0.03275626244177502,0.026997048687655283,0.02811431139888535,0.0237511988538421,0.028503801856216874,0.027428707175086164,0.027850444735808753,0.022287431812506912,0.028032708458299214,0.02577003824353892,0.028555948837885183,0.02534465293474425,0.025729413438714016,0.029213871164964433,0.031774217791311656,0.03465371486034663,0.034328616795024594,0.035009504148848763,0.027262343834367597,0.02818404182972514,0.028263099893083416,0.0319735522596409,0.034458351861492764,0.029051862214587797,0.029232010767858512,0.023853384644745276,0.026803977165209623,0.027938837808988384,0.028211118555032284,0.02645429205916221,0.030007407775077526,0.027059777022853972,0.026915196758520336,0.028568562120217203,0.02851599564308131,0.024512088428940485,0.024732698954279025,0.029375625368277897,0.020465684195310502,0.028359583500441696,0.030297984335859132,0.024502786458286983,0.025625654042907047,0.028398980511812787,0.027703061482138962,0.029399906490874893,0.027739883117075897,0.028314032078771374,0.03310247433149632,0.02945805907751211,0.01936347488012991,0.02706063817662091,0.02346791467290964,0.023989074996644003,0.021977516480082532,0.02342019861181682,0.032037237583054684,0.029340159455515182,0.015206723387502749
min_user_avg_social,-0.06384318744490788,-0.06318510959480685,-0.06303397895630963,-0.06378838997625033,-0.06540231614935402,-0.061526705438644795,-0.06626602565704036,-0.06808728815597054,-0.06339552554657807,-0.06342760603784116,-0.059573412759035285,-0.06643896354786365,-0.06354044433665751,-0.05623552151778624,-0.06143712515776979,-0.0635272078675142,-0.058923776527793806,-0.0607327246903109,-0.05995615086167169,-0.06283984920468505,-0.0629773662989872,-0.06154248719902234,-0.06826412526848985,-0.061674201987651854,-0.06326762101551214,-0.06694006623898544,-0.0650171896635008,-0.0637736872281203,-0.06208648945835962,-0.0547487689716522,-0.06779257635124589,-0.06558971824417244,-0.05002235227426523,-0.056641606504297184,-0.06410397758678793,-0.06560168716261575,-0.0543712089381404,-0.06552725448728584,-0.0625821775350829,-0.06551248510769443,-0.06105344486452778,-0.06400491960610474,-0.06412711161563134,-0.0576506986166099,-0.06391414949687632,-0.054946173580697394,-0.06516660486755173,-0.06444655318233332,-0.04961031178805954,-0.06432529141260827,-0.06161131495681555,-0.0635539879291286,-0.0649385349601419,-0.07170090643785357,-0.05822100332762241,-0.05789874592948185,-0.06829906978873661,-0.06198551973361804,-0.06414311978819173,-0.06515875595029119,-0.06297900772550541,-0.06285952237255714,-0.06317371942110425,-0.06388921890511688,-0.0629914203612342,-0.06278708432234703,-0.0633913589288812,-0.06283755228648204,-0.06443644404353667,-0.0641430760382773,-0.0631986000138042,-0.06286624065661775,-0.06308433749716144,-0.0615408790267777,-0.06513728343654804,-0.060198074529528245,-0.05740651896546898,-0.057876164881200245,-0.06160702798142474,-0.05836248387586749,-0.07152550290747156,-0.06294002558694126,-0.06653947220589289,-0.06380617626770872,-0.06257630065713127,-0.06550228584341636,-0.06288461687742926,-0.06033646350047192,-0.06418686838003411,-0.07117754857346902,-0.06554474659293516,-0.047760288604642945,-0.060645302403784226,-0.0703832680766197,-0.062067440675868064,-0.06346361705268687,-0.0670470750126728,-0.06363033650462119,-0.06369487972003879,-0.06710948654544582,-0.06125249050961465,-0.06444336222373934,-0.0550759162362147,-0.0645735732374345,-0.05834348931500219,-0.0645804605568415,-0.06259661744814708,-0.059717510469286895,-0.06360727898376992,-0.06668061926815284,-0.07372153976174424,-0.05749600909107199,-0.0643191865180491,-0.06380081024591018,-0.06279365795247316,-0.0646850655334357,-0.06298817346056747,-0.06391081751514938,-0.0632301258927382,-0.06594023655206278,-0.0639493825826995,-0.06372127036527185,-0.06052420883593816,-0.06797177790931003,-0.06397060807276247,-0.06315400912442659,-0.06368779921741441,-0.06489834737399877,-0.06803270137357964,-0.06163737748442675,-0.06365036582992373,-0.061554665907616296,-0.06357436537161276,-0.06229397834014869,-0.047880709656416366,-0.06537645351192874,-0.06345637047805203,-0.06482975604665626,-0.06447886610731163,-0.06315611368808999,-0.06304363316567448,-0.0662343570942339,-0.06584274196719726,-0.06382043943918622,-0.06185515687062797,-0.05873351142981848,-0.06188556991437022,-0.052126678432720966,-0.061267767612233494,-0.06361159525693025,-0.06313569616878248,-0.048316863769222035
max_user_avg_social,-0.0035040775435234177,-0.0035632247200491976,-0.002948283110498308,-0.0038301509148359683,-0.005983095116630996,-0.005422476826107274,0.0018817920747146938,-0.00472338237748688,-0.0021252029492655877,-0.004598670259017564,-0.00038147951281639406,-0.005749283520127375,-0.00379019966328761,-0.009047411176100173,-0.004642704368892862,-0.002737818418172621,-0.005874463305383407,-0.008114035634641106,-0.003781729613241213,-0.001489381898014743,-0.0035856019400940424,-0.0018681756021878366,-0.0011514071278318164,-0.001964106982334157,-0.003733428638478904,-0.0062335870040511965,0.00022410454345623502,-0.0035800187721479523,-0.0022643032856572987,-0.0055971579071880115,0.0034231875725067116,-0.004277499882241759,-0.007476671269391404,0.0008349323678179237,-0.0041355847532037505,-0.0017947608083578124,-0.00961971915812405,-0.003466115328110928,-0.0070099236119967965,-0.004167822525060504,-0.0051380690902395176,0.0030539427124724097,-0.0042367328695013485,-0.01002916359387147,-0.00010446898343131287,0.0005749507906402307,-0.0015208777465566797,-0.004132717030646969,-0.001651307798955802,-0.00219294495359735,-0.005116720819513639,-0.0036000125828748123,-0.004100075176904657,-0.007863543876709662,-0.00419236940042796,0.000892595423350598,0.0022140805165036526,-0.0060688130273373565,-0.0041618585992467,-0.005088199066040692,-0.0018186885149894475,-0.0036186231534576577,-0.0035304973004361565,-0.0038292274162667773,-0.0022522531831685975,-0.004000716878048179,-0.002635093541384483,-0.0023429100635834815,-0.003895037486826519,-0.0038036901172618567,-0.002470588227562345,-0.0025024064897697634,-0.0038222321210707863,-0.0019364521095626358,-0.003948661993062151,-0.002055352057088536,-0.0008195252161860029,-0.006025683722968311,-0.001740351801819984,0.002727225217981623,-0.007541027932085432,-0.0037455111724824953,-0.00827089397803441,-0.0037064788313515788,-0.002367410689186748,-0.0057481818415736395,-0.003883841127492375,-0.0041857786087575385,-0.004623688805300366,-0.006805615494852638,-0.005582747161100014,-0.0005668871181229267,-0.0028775776565306945,-0.0039543307685333505,-0.004493802293112206,-0.003794983395832163,-0.01000894474983479,-0.003578201911907287,-0.004968940976075517,-0.005418551248285751,-0.00790458817294314,-0.0045202885268765085,-0.001127914883414659,-0.0035798559870936462,-0.003423951046330753,-0.003882260433154066,-0.002617799406401865,0.00111385719513242,0.0008898396417449696,-0.0028401940633767664,-0.0014175734575585727,-0.004991430717983889,-0.003665479307462284,-0.004072208350850282,0.0011775784379592334,0.0002873330834028574,-0.00323028715922716,-0.0032651046904933713,-0.006995673465520765,-0.005825274304338662,-0.004046681724004569,-0.0038094131253187183,-0.0032740175316447505,-0.0033989834596572285,-0.004895692423595067,-0.004575630703111427,-0.003671540984173176,-0.0040572001659137285,-0.008346798951872111,-0.00599578520685773,-0.0033558384624613057,-0.007025495266442363,-0.00357841674469973,-0.0005465239534726378,-0.00278270702148232,-0.006478949372502917,-0.0036041250641055973,-0.003854968554531617,-0.00232696428567498,-0.004111275272857703,-0.004256335329402144,-0.0010422432391511728,-0.0034347619773760505,-0.011550146115683863,-0.0036300266172978133,-0.0045520881804360465,-0.0030155463227639866,-0.003936582629615713,-0.0062101141970182195,-0.0014950303104629536,-0.002105252611108029,-0.004200720294251029
average_user_avg_indefinite_pronoun,-0.03197055931145702,-0.032196674460976085,-0.031873617924658385,-0.03212614654517778,-0.03281053048580031,-0.020569657747836863,-0.03131360256581292,-0.03126052947611856,-0.03084873486343738,-0.03239141794072629,-0.03563146469764317,-0.030936135748075543,-0.031147431075422085,-0.031244616562634983,-0.03175536298691928,-0.031202360111294625,-0.028535762920300137,-0.019713554020695218,-0.03068652893185106,-0.03314313374783272,-0.03171545670542329,-0.032947951669660636,-0.032205467667652296,-0.03111806936346331,-0.03167658219918834,-0.032112241158176055,-0.034367369661998395,-0.03160647628698313,-0.03240664651959416,-0.03527657488141246,-0.03282357474525399,-0.03142429418945422,-0.03120950283812267,-0.031259516591221774,-0.03249298452713647,-0.032418417513825036,-0.030414161470171546,-0.03617302079193194,-0.03250303588882006,-0.030652095634847006,-0.032865547655669215,-0.027162475805072892,-0.03169862435988134,-0.0242813253300862,-0.029368596037712566,-0.031855201051794416,-0.03200027731045811,-0.03156665400872027,-0.02725131836235308,-0.03149711858341572,-0.03050497871019531,-0.03188417165303692,-0.03237989660788135,-0.026716933217765422,-0.02908948271101186,-0.0278187211270574,-0.0334351081196618,-0.03232168809048245,-0.033991274371368785,-0.031478424692411036,-0.031444029008233,-0.034022049982924275,-0.03178871646955763,-0.03183739692024959,-0.030209309432475642,-0.03257091293126805,-0.032248361809273436,-0.030908591589373036,-0.029653114016029103,-0.031869026336719244,-0.03269395250208917,-0.031773559142615496,-0.02878387594471809,-0.03200162310365694,-0.031394790919437816,-0.03301912204155892,-0.032665066023644954,-0.03225255854531754,-0.032728232111848624,-0.018923021070502952,-0.0204406884173866,-0.031950487766000055,-0.032529571364408726,-0.032229636282788354,-0.03264330157835849,-0.033471367329812346,-0.03195039391246084,-0.022390492274881775,-0.03263094137141141,-0.028204183468225986,-0.02838657192992729,-0.024085031188363977,-0.032286714117836436,-0.031555965463581706,-0.03138638984227962,-0.03198082860433975,-0.024515037364026344,-0.031859737865388045,-0.034264556840281485,-0.028259243776647545,-0.03205132371723453,-0.03107608040516673,-0.026764269234700336,-0.03280259424438573,-0.03012120092437953,-0.030030510278646057,-0.030264497494805198,-0.02855894224917665,-0.03180882057115495,-0.032377228261883204,-0.02388607024608834,-0.03353058468376342,-0.030946483453099357,-0.0324036565130036,-0.028600681787024216,-0.03271187829005534,-0.031057687891802747,-0.03077676437003955,-0.03014973745118063,-0.03262135938411212,-0.03194313194004038,-0.03194250877440888,-0.034410074681984586,-0.032112472946623664,-0.030688686364721003,-0.0313345642069546,-0.031957792435810414,-0.031087906150856024,-0.03209766429498218,-0.033384055147848875,-0.03231786007332106,-0.025971283557403108,-0.031991665369740546,-0.030644160904982835,-0.0415217500841162,-0.03920443446148824,-0.031867369123429135,-0.03284392366441087,-0.034280042643376474,-0.03248443687512699,-0.032883101452406915,-0.02971300544797595,-0.03258370956756411,-0.03073067377840487,-0.03113557167143834,-0.03309500995207477,-0.03162754333920583,-0.028694110764049503,-0.035222821204070234,-0.03133865013222538,-0.032490884480722695,-0.043798404313397425
stdev_user_avg_indefinite_pronoun,0.024043026506084635,0.023329167208945102,0.024979020402092707,0.02508576810494422,0.02418382487705074,0.039336901098588166,0.021191423354484654,0.02552289524720807,0.02505736609895249,0.026803877562972644,0.009780391855280696,0.02511676859688506,0.02537935904750717,0.018563470410347893,0.02655907866305756,0.02506808778627507,0.02168945553800494,0.01353701175671909,0.026639736157155848,0.024774634980321307,0.024208311698406683,0.02492814944097703,0.024942154321920207,0.024406109299417486,0.024990237053782498,0.024520085905301713,0.022018111260052497,0.02429422397116235,0.024069328177519347,0.02653628420441331,0.025969704052843722,0.023694023301912857,0.021073079964849584,0.031023351934995023,0.023609549209511964,0.027347228967112107,0.029490797220531134,0.006294510449514606,0.018685141706169486,0.02555407869283592,0.02261640584900132,0.013189031851054326,0.02465019611905437,0.035569723708840664,0.024770327079217253,0.030601901924962174,0.024501845843814322,0.024531503635274943,0.02139874336957267,0.019851743629643155,0.024457204782062314,0.024516976463251856,0.02374313412929272,0.027060135389104623,0.026233660239319452,0.021721766474664925,0.02931463160372249,0.02564650640305689,0.02373140950339093,0.02333167394025299,0.02598478005284842,0.02192477365957223,0.024803329112232948,0.024576975799992202,0.013800180002941994,0.02439394640745224,0.024432329488369757,0.025469564112485955,0.02674693803427946,0.025068561621741463,0.020994273690768048,0.02467931459109512,0.024917392636734613,0.025972059537949423,0.026444548557019644,0.025641461101610988,0.022235288985145388,0.024333746662990076,0.02462381656474976,0.029010766491569313,0.003864901638948575,0.02525711096683203,0.022971769491784567,0.02510564990421889,0.02381562102281815,0.037471186077835755,0.02557870847131963,0.03145274282605735,0.026332216154803717,0.029568247566203805,0.0235620691522297,0.023669825207756283,0.022562031542436276,0.0251209130115765,0.026665737446673454,0.024300209581529966,0.025528395511176576,0.02438292891520583,0.024493285755525698,0.026031647309742334,0.02729548740447481,0.02331797334496958,0.030876579052875455,0.025466011398302683,0.02514791232494363,0.0233842344935448,0.029541170921995444,0.030357175455279564,0.01957278184816688,0.02944151988568976,0.020949605819623657,0.020931093621326648,0.025172183988207655,0.024848459700406902,0.029721280439801594,0.023908107534873126,0.02447604671153506,0.02511108747679938,0.026967444356955216,0.026917087656620587,0.024247687317021586,0.024238211341581516,0.019592384353761434,0.03129618708289451,0.02385987248305454,0.024337375289890197,0.02367774140458146,0.02383969503108743,0.025924426917798317,0.02181551198458474,0.023528101896291613,0.024445159339702698,0.024395651872646664,0.021444197640932895,0.012062996596340511,0.019927279231570748,0.02429059554008477,0.02373820511240138,0.023616064851081392,0.023724686740191257,0.02368922641642845,0.019379265912231103,0.025784928003538304,0.027698690572679315,0.024585590421262075,0.021175404389912007,0.028935813433423416,0.02469374598020283,0.013550611208804573,0.0229788184081492,0.02400648142240793,0.021664813355902368
min_user_avg_indefinite_pronoun,-0.05465263868006257,-0.05401974431007253,-0.05432311964439611,-0.05528371915005565,-0.051771261313245345,-0.05760634047167615,-0.05549021894032727,-0.055486282634250685,-0.05389780667172973,-0.057497793704543936,-0.041492563575963454,-0.05786150371861732,-0.05475479441271054,-0.056361622705924076,-0.052124963192096224,-0.05468221429114145,-0.051660555337780634,-0.04951684768374117,-0.059625874868592735,-0.05586521008461266,-0.054822232030769344,-0.05316426455032936,-0.05541060226011445,-0.053822000947821365,-0.05465853300689457,-0.0558996856939224,-0.0557517674556488,-0.054827283764662574,-0.05249902906245889,-0.05456229793643677,-0.042244435893375114,-0.05386387859926755,-0.04459980690594702,-0.04962941693509525,-0.054761206189544866,-0.05524746791668019,-0.06535725884410651,-0.05137352705131777,-0.04477198886990421,-0.053116464429965676,-0.056386281873286544,-0.044950761651024525,-0.05447424796961329,-0.05593559066631404,-0.05376930660485451,-0.060995200175087395,-0.05432331529570601,-0.054823808918747254,-0.04785127027617163,-0.05632414120846514,-0.051585248589651043,-0.054812270350200754,-0.053997659239250255,-0.05543535375784007,-0.05006847110778709,-0.04989807186823796,-0.060934395898680035,-0.057790569396671015,-0.05553504501936691,-0.05544964157271112,-0.054110005373422816,-0.05426755077897688,-0.05510008554320219,-0.05466450156485293,-0.05681697940975763,-0.05434342887818527,-0.05384472367217889,-0.05219798818269102,-0.04791485162399424,-0.05479606567104527,-0.05286498404261247,-0.05620607205072562,-0.05260731136809668,-0.05643145008399534,-0.05489084632586966,-0.056481766651734856,-0.05225893558173594,-0.054091149038268733,-0.05284162254544402,-0.05642414888720577,-0.02979516513452083,-0.05546785059015521,-0.05870295279111337,-0.056265982229421294,-0.052671909040043464,-0.06677418643398429,-0.055257643986480025,-0.05542808928213521,-0.05688809109571244,-0.05633065957344226,-0.05500857418574371,-0.040729261993824394,-0.05488285929108041,-0.0533288006839022,-0.057564806291086124,-0.05484674097396452,-0.06253805740952714,-0.05472657936833151,-0.055998029891659265,-0.05612676935132518,-0.05914371405654241,-0.05427137803798666,-0.051066807512437376,-0.055536751992006694,-0.05304020129025345,-0.05450733303460945,-0.053469734013396795,-0.05545709707851324,-0.056259275647623945,-0.05205868236956705,-0.04710130705129543,-0.053240832185772344,-0.054711694931350585,-0.0537621759748766,-0.05516561014429708,-0.05781224884271575,-0.05551483027943406,-0.054736849955101585,-0.05255945134430964,-0.057116841093131664,-0.0546722824020783,-0.05486978434490743,-0.052283573514584986,-0.061376379438576004,-0.055942044495874844,-0.054216210285272556,-0.05359020765402654,-0.054403144572595784,-0.06135215805961623,-0.05537006969126342,-0.0548795260112693,-0.053284291435593746,-0.05557855466457829,-0.052229023252678454,-0.040082420361473615,-0.05062828429830927,-0.05473360312451623,-0.05558653595391454,-0.05772442808502492,-0.0541139160518745,-0.05600024508037617,-0.04855613995448854,-0.05586148193194166,-0.041179609223444796,-0.054232045277183456,-0.04617042382639341,-0.0628339236497822,-0.05333881250017106,-0.04379253402339383,-0.05512002251363178,-0.05285239062797881,-0.06663304209412559
max_user_avg_indefinite_pronoun,-0.013713829025427397,-0.014305431642117254,-0.013131808683532363,-0.013296362843348663,-0.01332769677810693,-0.0006419749307292962,-0.016554710280057304,-0.01248699137553167,-0.013042493910733602,-0.011466220248603252,-0.02336953376606124,-0.012668732294243736,-0.012684199844715296,-0.015403264001322841,-0.011122816380811307,-0.0128742276313616,-0.012202571243617694,-0.01257299053489268,-0.011802071034135171,-0.013894732824696594,-0.013881807872489353,-0.013999827958893943,-0.01303809762027511,-0.01415584567238835,-0.013146724371190943,-0.013907560764387683,-0.016474491044590166,-0.01340731308135694,-0.014470154831867827,-0.012652699806955568,-0.010926196181328215,-0.013512085660435921,-0.013256727465740758,-0.009031531732839973,-0.013690943683013036,-0.011480324411209962,-0.01012206290938254,-0.027377915140114055,-0.014129172046775742,-0.011769205518481238,-0.015929627997354784,-0.01779173874927442,-0.013310359169697368,3.952900827890876e-05,-0.012187533127468585,-0.012943753023047691,-0.013855312607035913,-0.01356282313752951,-0.012677244047203221,-0.016494757456490858,-0.012094770019710578,-0.013557160567766187,-0.014096716108651987,-0.00922318230179963,-0.009052510178672845,-0.01400697221241852,-0.010419249480412143,-0.013754052167805321,-0.014730151760065709,-0.013237972504424139,-0.012006695826338957,-0.01510041229882472,-0.013437552950944807,-0.013508880640960803,-0.016045844106432082,-0.013719254340246071,-0.013158258295973224,-0.011725024235077259,-0.00634593748529266,-0.0131538727739629,-0.01588865606571187,-0.014246011424569466,-0.011933708083621127,-0.012962992874711563,-0.011385211926102071,-0.01400083259772614,-0.015358165431002936,-0.012869902842082311,-0.013709972247061024,-0.007388415129567224,-0.015467764130262681,-0.013305328699243266,-0.013376594340030579,-0.013652131084457637,-0.013172325417286931,-0.00825930845025359,-0.012792288274006781,-0.0072555411810044,-0.012656462718486947,-0.007687708257978137,-0.013030703235867698,-0.00857032910651422,-0.014371444315513114,-0.012961270465246382,-0.012259592499191979,-0.013766374261297613,-0.013112725394692685,-0.013659136923016948,-0.013894544677746104,-0.011532998941769526,-0.011629625747842296,-0.014247484945478204,-0.005980825674856825,-0.013273119128521998,-0.01268362424828549,-0.014235185786901956,-0.009227272482111483,-0.009549197103993769,-0.017354717208537863,-0.009335532476113373,-0.010744832583195358,-0.016965084902443504,-0.01247609280376114,-0.013023562088845503,-0.010649994060272897,-0.01493469256697564,-0.01324823903409902,-0.012497121325006801,-0.010386910150625407,-0.01245250619300036,-0.013750820167611975,-0.013763955469424513,-0.017183037770261138,-0.010533441963320438,-0.014507861741872486,-0.013258948201203291,-0.0137412181924133,-0.013751395016514527,-0.0134631006801877,-0.016648776407176664,-0.014736397589664304,-0.013392225175116566,-0.013985364896368892,-0.014914554641780872,-0.023154015213176404,-0.01685680685397181,-0.013712724568677183,-0.014818695074559698,-0.015733622488905558,-0.013796220857968187,-0.014148820035585936,-0.015503268268838773,-0.012970838340864972,-0.006911797952935582,-0.013159227621191991,-0.013305799557680242,-0.01089432658519804,-0.011542073401458842,-0.017918274184684883,-0.015298322016858138,-0.012936843741649993,-0.020228419916102556
average_user_avg_religion,-0.006398229902203151,-0.005712201959168011,-0.006057201547249085,-0.005589616329293664,-0.004287763048022195,-0.007222565627510651,-0.0023785523143911597,-0.004222647341652808,-0.005083266187644153,0.0016143218247656925,-0.008707054271380698,-0.006031838717135787,-0.005494910146016067,0.003616403333022684,-0.010164718373259995,-0.005279519983435177,-0.0012186996036785422,-0.00254196316935477,-0.004816397873120997,-0.005765685175092903,-0.00569088277719463,-0.0061796350085853696,-0.006255557385784691,-0.005922456120775843,-0.006150549027341251,-0.005471084355438872,-0.007393519289763954,-0.006021755236398348,-0.004980508130591475,-0.005099826148077477,-0.010942228354324473,-0.006555656708865413,-0.009427205245178226,-0.007081623487470834,-0.00589195993321371,-0.00625678772840888,-0.0036755122231671425,-0.007756868058262754,-0.008993948766136638,-0.005680744576308017,-0.0008506746830756369,-0.0062234834170017805,-0.006094110606673963,-0.009730424268586082,-0.005242434873217129,-0.00913063389979192,-0.006270043765052238,-0.006351848174812313,-0.004966334299092708,-0.0064552087243297685,-0.006308101589754286,-0.005920530071555532,-0.005625678934048245,-0.008102543735177107,-0.004999370829813329,-0.009350726542008286,-0.003984601673534283,-0.004673926006314537,-0.007467394484609304,-0.006672806946918546,-0.0052995287293459425,-0.005967935876057409,-0.005913167569651562,-0.005784983091589024,-0.006629594959858945,-0.006325174464952318,-0.006381228863095457,-0.00544918629275663,-0.0038963225030000234,-0.006065448220426819,-0.007002734805247621,-0.005963252773795361,-0.00630276557522074,-0.00641492248193284,-0.0059737175542393245,-0.006953360353213089,-0.0010169835736781258,-0.00560975872626109,-0.00804603651328874,-0.0005525598901699041,-0.0023483931618298063,-0.006020791412987656,-0.0043745420670972535,-0.005013152809541024,-0.009099758904996848,-0.009182454713945675,-0.0058364304596861165,-0.00894816024253079,-0.0044014830507072495,-0.0016534237795781922,-0.006444138408287286,-0.012362318984996679,-0.006335497512221201,-0.007106986361022362,-0.005037304214688482,-0.005781828882173255,-0.0025222251367229692,-0.0059416883251289495,-0.006033524012271829,-0.00560461911016769,-0.004494510074796669,-0.005739700114979635,-0.011315489629606476,-0.006586425882460631,-0.005629573590296651,-0.002787147828861228,-0.006647356197363386,-0.003240996373813543,-0.008190159003089949,-0.006660351396790088,-0.005061762811352033,-0.004827330249585688,-0.005972053692848095,-0.005708565857437823,-0.007360980728710017,-0.007350760692231247,-0.0061187284381362585,0.0009987213849367324,-0.007028303686889932,-0.005102226834216793,-0.006060830408403174,-0.00616739446212398,-0.0062901121250814995,-0.006298265506547693,-0.008479755788669028,-0.0040526300704166966,-0.006122746223976842,-0.005775245676972432,-0.005236971268252438,-0.003718074579914323,-0.006046399047704161,-0.0081036415800502,-0.006447202956871339,-0.006925400888098104,-0.004175792049145401,-0.009146365421642906,-0.005931654605417804,-0.006532315658305404,-0.004850732518059432,-0.0061290962982786645,-0.004981682240563827,-0.003544199705661195,-0.005917017749642732,-0.007980478107422206,-0.006854011095433624,-0.009278452512704542,-0.006526947810309471,-0.0039634073723631156,-0.0063239315045218215,-0.005549400448028616,-0.007978095096623724,-0.010104573956586116
stdev_user_avg_religion,-0.0010878559288905751,-0.0006982976438757501,-0.000806977448094208,-0.00046476326861439633,0.0013319062476927646,-0.0014940853979071456,0.0030488254432500207,0.000586041757781354,0.0003185184209573491,0.005260776136531324,-0.0025369534759093195,-0.001277014078183569,-0.0003159328865377292,0.010028743087382004,-0.004242470068139471,-0.0002732286401359403,0.005311772665117644,-0.002021983777522527,0.0003800877097070998,-0.0006428536295976697,-0.00044824106020536526,-0.001127834398792855,-0.0015601372239952734,-0.000627201355668427,-0.0008320799465624824,-0.001215900796297356,-0.001199142343490502,-0.001086596722425743,0.0008281066561202843,-1.7314120431759228e-05,-0.004798375388508874,-0.0013458242682882118,-0.0032110796518536495,-0.0010790978905021072,-0.0004633986116812606,-0.0018404585800588591,-0.00019848418982089866,-0.002912163053897324,-0.005675006345685297,0.0008153666293281396,-0.0008741966941409173,-0.0006025114615677051,-0.0009510878090169964,-0.006077867287510034,-2.3630309441611402e-05,-0.0039911856513700755,-0.00101090713976878,-0.0011882839064618804,0.0005298680408102182,-0.0009615262644735254,-0.0009156195752550687,-0.0007999383562200292,-0.0002177865900608849,-0.003167708593054353,-0.0002550893750175656,-0.003264480058482573,0.001144018980276931,0.0002874533491575709,-0.002621854924355486,-0.0011343910026469324,0.0007185464123504789,-0.00019584308227127162,-0.0007176345666840677,-0.0006493604068552421,-0.00014916837932891277,-0.001353306210815473,-0.0007940941938947487,0.00024153013687391173,0.0016869755101042508,-0.000732625110337397,-0.001873998967922434,-0.0009186904040573698,-0.0011142702973241277,-0.0013873286012212258,-0.0008168138612887291,-0.0016642580663173189,0.003750407342259265,-0.0008722514234117676,-0.0029917041501166886,0.005314494267258352,0.004711584568643762,-0.0009642345200434835,0.0016261003456674002,0.0003125697896354208,-0.002881232907799826,-0.0026908945193043965,-0.0006828202954122994,-0.005143501623325722,4.599296800373697e-05,0.003062243518672266,-0.0008417444497987592,-0.004556484406527913,-0.0018371789986927787,-0.0025050006000390665,-0.0005060444333353838,-0.0007342183473668107,0.0020550811062110246,-0.0008291280846932101,-0.0008856713996459173,-0.00080790646589852,0.00010347666252878349,-0.0005897190401960286,-0.005067978773988295,-0.0017143104441211619,-0.0005683388716293198,-0.0009638443502326434,-0.000915452953724724,0.0016407863692267724,-0.0021210633049052333,-0.0005372830073767185,-0.0008196416213696192,0.0010222371015431745,-0.0007829873227248848,-0.0005493842594000205,-0.0010750156107806929,-0.0015287997323096634,-0.0010143075595242194,0.006526974780371017,-0.002998288538518884,-0.00015677065110416243,-0.0011178632699101222,-0.0009917121081696933,-0.001038632741196869,-0.00023731588950742961,-0.0030745065965876745,0.0008990771425468344,-0.0011686962254963355,-0.0006657838910787061,-0.0008670455200645898,0.0003060567078887735,-0.0009594894918319502,-0.002475348062595956,-0.0013320929824410157,-0.0023552769166771403,0.0010074749731033249,-0.003698503955999244,-0.0007950218397427145,-0.002009871405747289,0.00028140429685518525,-0.0008192880820816987,-0.000124421442484853,0.0008153096669614706,-0.0007764453229787485,-0.0023220349585023007,-0.0014259233569271796,-0.003962078827862902,-0.0010444011819514864,0.0005357496202266629,-0.0027042028401991587,-0.00011089685657479469,-0.0021725054961590387,-0.0045421583465744915
min_user_avg_religion,0.0,0.0,0.0,0.0,0.0,0.0,0.0,0.0,0.0,0.0,0.0,0.0,0.0,0.0,0.0,0.0,0.0,0.0,0.0,0.0,0.0,0.0,0.0,0.0,0.0,0.0,0.0,0.0,0.0,0.0,0.0,0.0,0.0,0.0,0.0,0.0,0.0,0.0,0.0,0.0,0.0,0.0,0.0,0.0,0.0,0.0,0.0,0.0,0.0,0.0,0.0,0.0,0.0,0.0,0.0,0.0,0.0,0.0,0.0,0.0,0.0,0.0,0.0,0.0,0.0,0.0,0.0,0.0,0.0,0.0,0.0,0.0,0.0,0.0,0.0,0.0,0.0,0.0,0.0,0.0,0.0,0.0,0.0,0.0,0.0,0.0,0.0,0.0,0.0,0.0,0.0,0.0,0.0,0.0,0.0,0.0,0.0,0.0,0.0,0.0,0.0,0.0,0.0,0.0,0.0,0.0,0.0,0.0,0.0,0.0,0.0,0.0,0.0,0.0,0.0,0.0,0.0,0.0,0.0,0.0,0.0,0.0,0.0,0.0,0.0,0.0,0.0,0.0,0.0,0.0,0.0,0.0,0.0,0.0,0.0,0.0,0.0,0.0,0.0,0.0,0.0,0.0,0.0,0.0,0.0,0.0,0.0,0.0,0.0,0.0,0.0,0.0
max_user_avg_religion,-0.002555051495692978,-0.002083253318321269,-0.0022572858237643505,-0.0018801166324971582,-0.00021826176243365959,-0.003077119413403266,0.0015534623666344262,-0.0007409734045818071,-0.0011725082216560686,0.004259308349580547,-0.00424295429088686,-0.002591020587173758,-0.001746080281273944,0.00826842563738324,-0.005881747795187062,-0.0016556575658143828,0.00351412530886718,-0.0021675629743277197,-0.0010541976547056697,-0.002057826918389816,-0.0018960974435062068,-0.0025236820221380615,-0.002858026152065208,-0.0020897622497183877,-0.0023012547483518275,-0.0023919034191074977,-0.002910508033649106,-0.0024502001319951843,-0.0007747297731580706,-0.00142053050867782,-0.006499390290174642,-0.0027855198341710926,-0.004930461073452638,-0.0027373765315251647,-0.00196259953287339,-0.003061575239258844,-0.0011586336159974233,-0.004252618690172063,-0.006596985640989792,-0.0009772891387739915,-0.0008685765610419796,-0.002154972903490593,-0.0023719437087536786,-0.0070923548782357935,-0.0014644811689689128,-0.005414093785209276,-0.002463879982618178,-0.002615048091816865,-0.0009870145240963024,-0.002479204040665888,-0.0024053116592465057,-0.0022144502978972266,-0.0017110356098753755,-0.004533303159947713,-0.0015651634896331305,-0.0049480573488921605,-0.00027076629588573993,-0.001082015605978091,-0.003962250754251622,-0.0026645917763638387,-0.0009422281459312391,-0.0017896199987940224,-0.0021527543045288316,-0.002067871626247216,-0.0019384580983252409,-0.0027273112065794363,-0.0023374052307053037,-0.0013293428552995134,0.00014720397457262165,-0.002205663404157018,-0.00329183308080031,-0.0023123305908267335,-0.002547843540237132,-0.0027767525493603,-0.00224136782064521,-0.003126157080425137,0.0024379572745318896,-0.0021810722659545475,-0.0043901140130550315,0.00370000860474887,0.0027671493555957993,-0.0023612317292984342,-2.8954060320743498e-05,-0.0011574633133873136,-0.00460094730247841,-0.004485798947963886,-0.0021063310149683255,-0.006199047945885575,-0.0011818369985485922,0.001763385562278061,-0.0023893159634765957,-0.006716103644549328,-0.003080928312385523,-0.003778038362605861,-0.0017575575947769168,-0.002128515670976742,0.0007934155566788007,-0.002241451846739723,-0.0023077953377713557,-0.0021330086182513256,-0.0011658494055881256,-0.002012134756068913,-0.006797881452326076,-0.0030611361932951966,-0.00196623178574993,-0.0014681923786682774,-0.0024988535635803236,0.00029464563978460947,-0.0037987624969589026,-0.0022282999182672856,-0.001991641805760323,-0.0005917115987858863,-0.0022163870596990064,-0.0019742997687524563,-0.0028115432222594085,-0.0031376769632639597,-0.002424569295126136,0.005007238595569804,-0.004113907625750393,-0.0015222875563184156,-0.002483653770351562,-0.002421625392410337,-0.002489519260560201,-0.0019108829459953333,-0.004569881675993398,-0.00046711006614596345,-0.0025375973401248345,-0.0020770889290450496,-0.002074377857141472,-0.0008046346703426688,-0.0023648618352012114,-0.0040317030964702955,-0.00274562348598187,-0.0036193684812847945,-0.00042253377805347245,-0.00520626738694268,-0.0022139575401489133,-0.0032604540806597405,-0.0011352140684599875,-0.002286058972024829,-0.0014655566946477159,-0.00038746506983876935,-0.0021964501293665808,-0.003886560553041517,-0.0029259557412414736,-0.0054338041057736906,-0.0025590873837704345,-0.0007058590270404858,-0.003706254498233569,-0.0016124902900123052,-0.0037775063568959593,-0.006082391697535343
average_user_avg_work,0.008732711462552308,0.00951971795441298,0.009188280035729616,0.008846472188009956,0.008204336698109122,0.012235805263332044,0.008134185851047469,0.006864133027306169,0.00885627881693293,0.011009860484761219,0.012768171112182921,0.006293272031002349,0.00898976853750972,0.010586208353993655,0.006200558151048202,0.008633460215674543,0.014316308607153917,0.012774961666417605,0.0012206343963238227,0.005063740992792155,0.008457279833963282,0.007851821830907425,0.008754191481844576,0.010989849695149113,0.008931747641877267,0.011748444570944443,0.011629966931603921,0.00853332448939155,0.008475816728499836,0.01723005119412084,0.0018046763730615242,0.007966250638222419,0.007815574372053814,0.008854584524731271,0.007294183358889067,0.009926061110044668,0.004447981545161959,0.005366425562209523,0.0070022482126598055,0.008277934769441463,0.008934957857786101,0.0065474446416397495,0.008747865411023209,0.009530326108980731,0.006952312947161242,0.004962332938662762,0.0088756435759147,0.008583963521572917,0.01030458029131646,0.008370240418451757,0.009743727021946915,0.008726687849223381,0.008384715635589726,0.008759514792332218,0.00784545435971697,0.004140482519328879,0.003130370309841656,0.008307557228219051,0.007859039292176268,0.013759582148456692,0.009157261628818412,0.011060005839259632,0.008951511108450882,0.00865874572673543,0.00799296696353731,0.009566734338387662,0.009338105547300753,0.009261487038785517,0.010569184824377633,0.00902826496389009,0.009564642754471955,0.007251068310873075,0.007892246945897732,0.008083215807717384,0.008217311615593694,0.007483649209736048,0.0037854690899218665,0.008826166776002337,0.008466072729286539,0.005943318394734068,0.0072868950992520595,0.009068191805081994,0.013105809038257034,0.008619581557771006,0.009750693801580803,0.00025124744392871455,0.00835692420349849,0.006680837568938875,0.008460049466102643,0.007227722601433527,0.009500864374931467,0.004827200955571185,0.011261429012313964,0.008680060110743168,0.0067041395962273344,0.008748798688566095,0.006162362583427752,0.008748175403161026,0.008320931531538445,0.009635524901669001,0.011277709964709925,0.009479874385711934,0.011327286026674582,0.00800338595470914,0.007370602772087285,0.0025861182302449916,0.008867157967316483,0.009915362476690217,0.014066604646453106,0.007217320993380318,0.002421115423165844,0.011857305060027551,0.008608672817163928,0.008812859108637515,0.008975034509279379,0.012017548381240684,0.008292625082568384,0.009115082750119716,0.00925112270458787,0.010194971710220312,0.00863666264054168,0.008504319919024462,0.008815727324053682,0.008531353107570389,0.006036755805677458,0.009220734065160914,0.00897564004812772,0.008603925597020447,0.01121476444239294,0.008732610311625437,0.008551028851164974,0.010068801824588693,0.010514987288169752,0.008520481478887114,0.012933630243235787,0.008843029693971664,0.008760124657238081,0.009458205769564102,0.010273758802952448,0.008920900540380063,0.00834424384309851,0.008403824758490556,0.008195021455446178,0.0058257907631563376,0.008904837884098992,0.004439947877652041,0.009317160164627612,0.00615623441742213,0.009627400308309442,0.009043061131357654,0.009645094419880238,0.006786390881938279
stdev_user_avg_work,-0.05629982662047619,-0.055776037814946555,-0.056729591203186866,-0.05622645825866764,-0.05810793485892317,-0.0557396980165048,-0.04931247210650659,-0.05620486225587041,-0.0579925465802918,-0.05207987169406158,-0.05551839641056762,-0.054352800394768835,-0.056142093397690676,-0.060381340916550175,-0.05770467901825941,-0.05671516805738418,-0.05396905820754546,-0.04970538938566717,-0.0557546004262554,-0.05836815067625864,-0.05633820775143736,-0.05706462669771363,-0.05517741186557203,-0.05786385954536642,-0.05660992770338691,-0.0546452402958891,-0.05776807906070794,-0.05622047206317866,-0.05749643853399646,-0.052874837982773835,-0.05803506565042099,-0.05609539888729381,-0.057744288040724706,-0.05661942913037758,-0.05745195528792682,-0.0552628990625051,-0.05598307687817866,-0.05735033825123231,-0.05359072743369147,-0.05786168605830855,-0.052876618404051556,-0.05272396960692703,-0.05650989258800525,-0.050792167126860834,-0.05826412797667196,-0.05979754492619968,-0.05800990894986184,-0.05657611315596901,-0.05937305539808324,-0.05834629784461485,-0.05449831313704459,-0.05639259351470608,-0.056681417320001856,-0.0543462615332132,-0.05801198932062023,-0.05741183193521668,-0.05413337500433522,-0.057552837214839364,-0.05673134586108605,-0.046650462778835805,-0.05832812518486055,-0.05508680319026014,-0.0564404993034354,-0.05621316336037677,-0.0623470188928364,-0.05678695543460123,-0.057087146668914276,-0.05715780568710645,-0.05285689640415041,-0.056629801278464245,-0.05654685753843465,-0.056299792414334096,-0.05694337324626254,-0.05669440114424,-0.05621112294122201,-0.05699346987070189,-0.05099766622333745,-0.05853474262869489,-0.05882965299301862,-0.04131651644562262,-0.050294230764782746,-0.057190538276826894,-0.04956350328239363,-0.05652200774524452,-0.0550196364840176,-0.05432856785775795,-0.057237896238838175,-0.05508834570516806,-0.056953953372111774,-0.05647458947078754,-0.05613630480671019,-0.06891849441615248,-0.05880726791511968,-0.05691921075468888,-0.05781293812571972,-0.05636091730339022,-0.04592680279397571,-0.05632260865200647,-0.05699177301336478,-0.053169938188104324,-0.0559211368857152,-0.056699707165167375,-0.06036070451950248,-0.05611857837080654,-0.058665411100718524,-0.046953929478017624,-0.057902011862809535,-0.047573525948122815,-0.05388890278413695,-0.05831652139871092,-0.05296130095119479,-0.05521844720041031,-0.0564488034933599,-0.056721873511237406,-0.05736565146113291,-0.05359799952270377,-0.05707656403253577,-0.055781521103834636,-0.0565932963206764,-0.05500227324106288,-0.05643430826535811,-0.056677035974203455,-0.05508957690912489,-0.05618980098529909,-0.06020141787582756,-0.05695618628539449,-0.05530487154655613,-0.05681305910097147,-0.054393367106788236,-0.05513001995267361,-0.05660607832969611,-0.05616287277707849,-0.056373530716937875,-0.05751546114770083,-0.050569125157401446,-0.053676500799197,-0.0564131926168575,-0.056338350591386574,-0.05436045538095615,-0.05693571114136528,-0.0557320333938148,-0.05167689586817861,-0.05513609162381598,-0.055238814556702404,-0.05879833317581426,-0.05738368577867298,-0.051992702915456934,-0.05948062551709385,-0.05124898696384986,-0.057346257450312826,-0.05625736203865068,-0.05879060900948452
min_user_avg_work,-0.008781953526135547,-0.008767031349414683,-0.008760249724850348,-0.008924096805226135,-0.010275018668874697,-0.010564306456215545,-0.008279818090550237,-0.01073357028784136,-0.01098575508465544,-0.0046373164831828104,-0.013126566096770917,-0.0036289886548004184,-0.009954124357859776,-0.018650112725389596,-0.01377515339413056,-0.008888409252266154,-0.00888673183626928,0.0003568775021564642,-0.010685373930028028,-0.005412178087914267,-0.009062218023587136,-0.0068851252840937596,-0.008573403676397712,-0.0066227933519226335,-0.008972311827703097,-0.006608713027678128,-0.0080518402488784,-0.007809467652527088,-0.009682140281568233,-0.010031067762639597,0.0005506070177260843,-0.007770653356552536,-0.008800118893976137,-0.009620579686568858,-0.009091550757243437,-0.010770181618108656,-0.01020319825153409,-0.01607278628557097,-0.008465981778484665,-0.007444718821900166,-0.008869678868831474,-0.010394245839714294,-0.009256538754839332,0.002412392859975584,-0.005958006196192711,-0.0002856565162967584,-0.009137524438264644,-0.00802093472114602,-0.00876659327268855,-0.0076957001897138486,-0.006611371741212453,-0.008749098696500104,-0.00900741481145481,-0.01256250498025803,-0.006311164840115409,-0.011056198648972355,-0.006279714591493194,-0.007157752111935333,-0.006925597546452885,-0.005829819831384683,-0.010353757663102113,-0.007592647022066929,-0.00883134645123304,-0.008691274048982766,-0.010074929094335114,-0.009714300290554222,-0.00918715084985949,-0.010322154110021785,-0.01339535849021011,-0.008660272168343332,-0.007778079138317634,-0.00827986015510721,-0.0077406148944734856,-0.007975757840531795,-0.010144850757489119,-0.008948895327359188,-0.008524682209312632,-0.005650456893970569,-0.008548511990643715,-0.012521225898433231,-0.0067983928931994436,-0.009066423517462419,-0.009698316583203203,-0.008677949750395764,-0.008865607703364718,-0.003942942546896529,-0.009401956550025625,-0.0051707676644659716,-0.008711381160744524,-0.010881192538603212,-0.007642975810071886,-0.009324681247733202,-0.006583530458547263,-0.0043084068043379225,-0.007609331706687271,-0.008836134800321613,-0.014987903613315803,-0.008562582096564297,-0.008320679823870442,-0.009823761896574102,-0.010419615840414136,-0.008156903208329971,0.00022299405926763292,-0.009324781762167788,-0.007423285961747943,0.0018692243163876644,-0.007909003663752839,-0.012135571721541321,0.0020347555492449838,-0.005543769592896014,-0.01320252975266564,-0.007581198146799146,-0.009072272590211514,-0.008330104749186782,-0.010523474521879345,-0.0048339269448503894,-0.006845362314052245,-0.010218533185210018,-0.00753878211647873,-0.0068761916093948265,-0.008841583882157717,-0.00842254543746573,-0.00918191848309515,-0.0164214599468092,-0.00769518612190715,-0.006891521779209941,-0.008603128768030247,-0.00819033443880025,-0.008172409500459941,-0.009078538261043151,-0.008589311180631632,-0.005668766590014076,3.9151266874475924e-30,-0.004095884738754653,-0.027063150749991747,-0.009687262663132235,-0.008685134533745238,-0.009007040347298689,-0.005935645237326573,-0.00902750607166943,-0.01118290408462074,-0.004813480791680441,-0.00870203693305657,-0.012658929962055863,-0.0068522356434570835,-0.006633445694720699,-0.0041746876054840724,-0.007924635596185538,-0.010862719678929494,-0.008883377056061906,-0.008862578026790193,-0.0044466073720818905
max_user_avg_work,-0.04121597374881001,-0.041096410262996264,-0.04139928659065595,-0.0411694245891142,-0.04267571456270152,-0.03894434956414505,-0.03592314725788834,-0.04185871136040725,-0.04231674409339947,-0.03731194151025698,-0.039840818902264895,-0.040398623518743355,-0.04103200537012146,-0.0441356000998598,-0.043004094026154516,-0.041501690676101724,-0.03735066643111011,-0.03666310840540691,-0.04321600975130403,-0.04417508112959882,-0.041276650984669525,-0.04184796780436938,-0.04028324484225994,-0.04182686147152301,-0.04135901132472813,-0.039183098741913155,-0.04168775608314876,-0.041329475447647396,-0.04207093027720389,-0.036084489780346125,-0.046184637107362196,-0.04176623283096242,-0.04252563207654368,-0.04048166128017327,-0.04210317860331419,-0.04047314291984423,-0.04173265016580562,-0.04224595266950723,-0.04065146516185296,-0.04254178659680566,-0.038818666151822286,-0.04080082417000926,-0.0413572383638004,-0.03691068631703395,-0.04373307404761448,-0.04532766401461388,-0.04235778204488502,-0.04158021429818889,-0.042750585224951836,-0.042421982336656824,-0.03925606579952443,-0.041277651464981094,-0.04172358162670475,-0.039510076079136,-0.04294477097370936,-0.04311620952715767,-0.04139555872230285,-0.04198313697897579,-0.04178437954067493,-0.03165184654016531,-0.04304655080929147,-0.03925306346666438,-0.04120150897908192,-0.04116228823306771,-0.04597448647606071,-0.041359822029749534,-0.04158928469171089,-0.04196947700313207,-0.03827606581158217,-0.041286250970175326,-0.041137864991362495,-0.041753486433297515,-0.041979822933251726,-0.04149641807243258,-0.04152509713037278,-0.04190275283501689,-0.0379529229120201,-0.04313295197051967,-0.043334979841867946,-0.031094229125036732,-0.03676364418907646,-0.04186608774190516,-0.03495330930677315,-0.041211649817890675,-0.03995379605352607,-0.04062981438235509,-0.04205847714557973,-0.04071301765846887,-0.04171316549603773,-0.04219539232966017,-0.04048940433369394,-0.05270410788819245,-0.04258841915287713,-0.04152498520227379,-0.04295721434987222,-0.0412395061556164,-0.03457635405239707,-0.04120920929539351,-0.04168452176261647,-0.03878867889567625,-0.04000608044549279,-0.04142654796294526,-0.04304268555895299,-0.04130767399894652,-0.043314760232913266,-0.03735662480483708,-0.042218274303709384,-0.034573774140584074,-0.03590374691403486,-0.043798913199968294,-0.04157988251323257,-0.039731676388148375,-0.041407494709319884,-0.04160966029434386,-0.04220323386300628,-0.03723502961363216,-0.041956955264562674,-0.040938740919298305,-0.041529053227403315,-0.039200324984543844,-0.041373511606799265,-0.04151736820112367,-0.040785945412463526,-0.04132024899846841,-0.04447666474632579,-0.041874905543666734,-0.04041719356295383,-0.04162917406366146,-0.03911615210830671,-0.04079190852582457,-0.04147176801955193,-0.03995528392560689,-0.040481376097208435,-0.042304736286986486,-0.036319502267139925,-0.040075970550957254,-0.0412776040967799,-0.04093848229125076,-0.03880220314864949,-0.04183035044019636,-0.04105793460427515,-0.037585802512872635,-0.04048162641326854,-0.041368424045858276,-0.04270107786401076,-0.043447290194986374,-0.03778451334018488,-0.04435331046124921,-0.0371838428104314,-0.041676664640475085,-0.040912152370808155,-0.045245360787390686
average_user_avg_money,0.014960802515033313,0.015873641257902887,0.015223455282444093,0.014550538451415067,0.0157725582343141,0.014954406629162198,0.01141885380979319,0.014972723968753168,0.016037520756897104,0.015359529934811777,0.006914805975566797,0.014426095760862893,0.015142708636801873,0.01000181616553638,0.01441920117989683,0.016252225061697375,0.014112562595427688,0.02194056267498258,0.01062891674876951,0.016079334771621365,0.014871409855365135,0.01574333782319868,0.014801324113752554,0.015982650199057133,0.014972049932354445,0.017649560111615274,0.015326931614092584,0.015713547131930093,0.01455315163544374,0.021495787104599835,0.015590394914020339,0.014486018711784364,0.018388459973757206,0.016039663442162552,0.015128252416241321,0.017710563464792783,0.015176088240744644,0.012130604026721926,0.022289327236292622,0.01539349361093989,0.01583829465021576,0.01579016506515596,0.015331811314585015,0.01644919887205989,0.016278426089042276,0.015671088847758915,0.014418303409661059,0.015270806271199627,0.014167128399235333,0.013769517657195533,0.015804228555693994,0.015111489841547605,0.015268733810685102,0.012489206820781144,0.015494571645586853,0.016715769914888795,0.017624619577790348,0.01628681707993669,0.015380147535820614,0.01755751001650628,0.01601184712792491,0.014998663141385666,0.015298335329833226,0.015214843967839259,0.019024743042132246,0.014255488796390325,0.016354710957823003,0.015907309483706195,0.014874563168164517,0.01516913200570845,0.01493609961361262,0.015536516893329369,0.015575381206656969,0.01487058391056962,0.015604877419490383,0.014680108375251334,0.014607672983657588,0.016216333053480296,0.015313302368665578,0.013777775875297812,0.009193370617116343,0.015470467265786679,0.011958239640908253,0.014726566648967578,0.01434504751037597,0.014012405333881012,0.014551278951190565,0.018224279670776874,0.013571377362793118,0.01418507328867688,0.014978418141305232,0.014731788680799815,0.023569919772071665,0.0147643252463368,0.014183107757606069,0.015118493867048714,0.01862918982197495,0.015195833416986465,0.015751417383668045,0.015793725607918523,0.008558469497518865,0.015308292477540411,0.015015533156690207,0.016320142415378526,0.016056891024066475,0.014175815533573166,0.014931980623588081,0.015726752250545442,0.013952938953849942,0.014246752176210964,0.017145266960162008,0.01507859612696635,0.015484964675490424,0.015213242332838238,0.01882943731149398,0.015200427996208792,0.015248322090293882,0.015517381458201165,0.015113586297099798,0.012234050304859766,0.01529860695092241,0.015275228275759604,0.012552550231055126,0.01540373739258099,0.015416972612891145,0.01526118632356999,0.015231218709247936,0.015268563834296742,0.014751522999026295,0.013975036183610748,0.014982001578438396,0.015701837958399988,0.01511390065747004,0.01566196823272445,0.013219345242109375,0.017482852339341697,0.015111542707630463,0.014984286372631137,0.01614355844532231,0.015162149093469707,0.016017386428592167,0.01851058972952521,0.016120884119381715,0.019506582798364827,0.01381595912512035,0.012942498187802666,0.01189039835572275,0.011801848532438167,0.012627612101352846,0.014298814273484187,0.014584162445439312,0.015002467205653751
stdev_user_avg_money,0.03118543687551138,0.031921905016202484,0.03139372647039594,0.030484792870697615,0.03199674328648028,0.026398953839097176,0.031298867541034475,0.027511931406928095,0.03035097561356764,0.031063094091507357,0.020724828269732522,0.03248941772059208,0.03149407913806269,0.02620548665751007,0.0304900703405273,0.030858820415580974,0.029166308355073275,0.040518463671624996,0.023927471499508034,0.03248499357059437,0.031234761714520137,0.03154557962258141,0.029910065797068862,0.03159376690813688,0.031139604208055515,0.031045443813279252,0.03133212827235572,0.031587100319240634,0.02876061094716421,0.03918886815024267,0.035826812479529735,0.030418940715084806,0.03314836979788096,0.031451329944395694,0.03203437980156317,0.031687122496792564,0.030632541246529053,0.02726874013755985,0.028071843877808624,0.03252302674037434,0.031034319090449555,0.028493022858183774,0.03155421463556073,0.0316034637200934,0.03050543269097305,0.028745481674845773,0.030668380554269507,0.03185713788895975,0.02577904291772276,0.03040693238348994,0.030465904109645347,0.03116405436553217,0.03114309124137459,0.030516056296805212,0.030621921998080406,0.03448590482615821,0.031652237675227894,0.03311190015297283,0.030955569749658716,0.03395276705814844,0.032583829430597816,0.03300564723175127,0.031681669703163544,0.031352420580504865,0.04461609390882726,0.03034766511166906,0.03219614194027717,0.03350325802413893,0.026281996648727622,0.03088451879849187,0.030460397356691808,0.03162991461747795,0.030740017677520784,0.03029158447238088,0.03207836907264927,0.03119960801344749,0.0316069911783415,0.030531042709116156,0.030557502726307827,0.03485356822798293,0.02845512868702156,0.03090047769023735,0.030114859436061542,0.030679404315417498,0.030796386893060454,0.030718256378641763,0.030310242627030137,0.03635968094132193,0.03173653321841933,0.029512366973752466,0.029126589283766283,0.03511663489432283,0.026395719132704033,0.03138745278946843,0.029891233698075698,0.03114882434684548,0.032056825021749766,0.03130004871304947,0.03263726470586034,0.03073588722197093,0.021935494833666958,0.030906128553097396,0.02890106803130357,0.028226167729884254,0.03358727200345752,0.03258537275272209,0.03050240735218917,0.030565984296010595,0.030796152349103108,0.032178970068672326,0.031186879840757447,0.03455420233598687,0.0312521647739816,0.031146361716919688,0.0304150666478617,0.033116310976233077,0.03145071028158089,0.031911694871867465,0.02983149577292117,0.0288600564127368,0.031190001431950463,0.03134150663508044,0.03197229272358314,0.03075821621637342,0.03127529439773223,0.030982709459813327,0.03127557905176299,0.03055935702354209,0.03170787461954487,0.03126334390099726,0.03092074946593273,0.03192192318511257,0.031233343843033935,0.030519848138990655,0.02877832759453584,0.031201441940859723,0.03113327997615699,0.03119144516458673,0.031082414763731275,0.03107805452236906,0.03309158478614043,0.033890636434207505,0.032038246036947285,0.037781476821307586,0.03159234932792543,0.029668459485932476,0.03007937707680175,0.026883747072132282,0.02993700494880846,0.02953141891638139,0.031834907056234464,0.02116867359619382
min_user_avg_money,0.0,0.0,0.0,0.0,0.0,0.0,0.0,0.0,0.0,0.0,0.0,0.0,0.0,0.0,0.0,0.0,0.0,0.0,0.0,0.0,0.0,0.0,0.0,0.0,0.0,0.0,0.0,0.0,0.0,0.0,0.0,0.0,0.0,0.0,0.0,0.0,0.0,0.0,0.0,0.0,0.0,0.0,0.0,0.0,0.0,0.0,0.0,0.0,0.0,0.0,0.0,0.0,0.0,0.0,0.0,0.0,0.0,0.0,0.0,0.0,0.0,0.0,0.0,0.0,0.0,0.0,0.0,0.0,0.0,0.0,0.0,0.0,0.0,0.0,0.0,0.0,0.0,0.0,0.0,0.0,0.0,0.0,0.0,0.0,0.0,0.0,0.0,0.0,0.0,0.0,0.0,0.0,0.0,0.0,0.0,0.0,0.0,0.0,0.0,0.0,0.0,0.0,0.0,0.0,0.0,0.0,0.0,0.0,0.0,0.0,0.0,0.0,0.0,0.0,0.0,0.0,0.0,0.0,0.0,0.0,0.0,0.0,0.0,0.0,0.0,0.0,0.0,0.0,0.0,0.0,0.0,0.0,0.0,0.0,0.0,0.0,0.0,0.0,0.0,0.0,0.0,0.0,0.0,0.0,0.0,0.0,0.0,0.0,0.0,0.0,0.0,0.0
max_user_avg_money,0.02926081926255896,0.030041122650631864,0.029471426690838357,0.02859532549654427,0.030136659329603636,0.025358081373529857,0.028927603363991132,0.026009909209753556,0.02863050941403937,0.02928350599432525,0.019179221140263984,0.03030432205735703,0.02953144367989361,0.024159029948319796,0.02859439409480326,0.02938645282574357,0.02768692085610909,0.03814687834164058,0.022263615721539405,0.030526252700728666,0.029293835890421747,0.029690090724610707,0.028029458012280795,0.029780241710479646,0.029230033247779633,0.02941259745453619,0.0292891284289387,0.02969269037420024,0.027089988897649568,0.03717700719684959,0.03374635197268028,0.028522665397102565,0.031146454089989048,0.029646186970646724,0.03023144923662028,0.029801943482952727,0.028845906905817634,0.025319509996901576,0.027039859562831725,0.030449656825983166,0.029162697062699985,0.026914678469179262,0.02963291518507091,0.029537918144628247,0.028807350547943287,0.027293258351770877,0.028750272559192006,0.029898972994012753,0.024455033354621694,0.028413034154207886,0.028823241536891434,0.029259507934859173,0.02925638231382145,0.028442898653211736,0.028806397704096896,0.03249846176945055,0.02975376762321638,0.031120975346558343,0.02903898826354095,0.03208012505956333,0.030664557923582574,0.030977034122476124,0.029740008456197106,0.029436896419716193,0.041767882819678095,0.02841568418770682,0.030382857614580087,0.03143980382270778,0.02491625191967737,0.029041944115795096,0.028618598994606045,0.02971045780060929,0.028960145209681286,0.028501146951350177,0.030126338839414298,0.02924421279916107,0.0293522693460367,0.028834324378890865,0.02867807334921036,0.032318718280214216,0.02639127575728396,0.02905531535288445,0.027831360330857383,0.028779973423949896,0.02873962929667176,0.028770585859493582,0.02845650224293575,0.03423596037674227,0.029381601925238685,0.02773580231821838,0.027411354252606754,0.033078484097050595,0.025721636085350143,0.029423467128092552,0.02803441065051856,0.02924777070394604,0.03040815315242914,0.029388278627139455,0.030635792902678025,0.029036006918169682,0.020261803701703808,0.02904323896149277,0.027364121266138672,0.026713376944786565,0.031492831256088205,0.030189055773423713,0.028685893616787535,0.028767790161972617,0.02873540020458172,0.0301699100871283,0.029198549549229704,0.032360161617800476,0.029364266704072484,0.029259728703946813,0.02909881664028888,0.030972280048007172,0.02954383103653954,0.030006240916301122,0.028060362819834248,0.0268794349947877,0.02929103150750179,0.029449421696265427,0.029499415948906507,0.028788620889854098,0.02941729142956794,0.029041570398813644,0.029354912418789264,0.028760562519701872,0.029618687672164135,0.029342271803841694,0.029016577664808068,0.029972000219357427,0.029329455093049694,0.02880726323063428,0.02696589429848485,0.02944067329793566,0.029231011143617286,0.02924293118683314,0.029208112915831717,0.029213243353520345,0.031105044073882947,0.032253945090535856,0.030132098244626683,0.035783889074591305,0.029789346224763195,0.02767651735868818,0.027747117832852327,0.025108156246115027,0.028128193764203925,0.027750682539888667,0.029548938368737322,0.019998781080210665
average_user_avg_causation,-0.031097211277173017,-0.03144063697428884,-0.032654944532242824,-0.03122553112529074,-0.034405877276492525,-0.03610769098076497,-0.031540285050654926,-0.0304001758421886,-0.02868422333198667,-0.025627548420180123,-0.03190384226512057,-0.03245641487037767,-0.030101360762983892,-0.02500259647702615,-0.029601763149645546,-0.0310084310236142,-0.027433572030331435,-0.02738121750942389,-0.0321678519336445,-0.0307953789183337,-0.030924014892158912,-0.03174739847651839,-0.02942450902765448,-0.030447287208063157,-0.031160506316932575,-0.030906786901215722,-0.030888887238398503,-0.03046514130324251,-0.03003667574318861,-0.031746476266516756,-0.043290501505229416,-0.030231029755637573,-0.032097780208046295,-0.02921426642022094,-0.03119662051096039,-0.029823933918966414,-0.029700344928243146,-0.02343148989537979,-0.022173969997495505,-0.032663933508801285,-0.02851753479952062,-0.033235550020309444,-0.030416960128527962,-0.02903370804982596,-0.0305341783350378,-0.029273529969346047,-0.031093746602331055,-0.03160417041307963,-0.03047136769977057,-0.027016838991953618,-0.0295821135540708,-0.0306965771551077,-0.030621668395311948,-0.03344169510879741,-0.0278942815816885,-0.031567168505740414,-0.02293431311917233,-0.029671990858422967,-0.0320044511050387,-0.03083130905046024,-0.03070937532708664,-0.030221139827413528,-0.03060204876588761,-0.03074632598317716,-0.029729474191929728,-0.029856750533481285,-0.030202117978953336,-0.0311323607102126,-0.031734100962145795,-0.030900089048932225,-0.030957972619760476,-0.03097354052800243,-0.031475984761957,-0.0345869340903546,-0.031091575649575307,-0.02984134604158883,-0.024477425636132977,-0.02944006071948048,-0.031625620566540585,-0.029583592981129933,-0.026428412045112242,-0.03027828314745986,-0.028042507631949265,-0.03049839993815149,-0.03158839116814168,-0.03501414820090374,-0.030763790430553304,-0.026998796816460963,-0.031044066697548743,-0.030510495328990802,-0.03060409388333599,-0.03239437104577423,-0.0234093656660036,-0.031785882433117064,-0.030958434193236194,-0.030548377272258436,-0.028836974274879797,-0.03067946269481127,-0.02946492112097687,-0.03006924292032972,-0.02974656917363251,-0.03049483290378041,-0.030494136167743435,-0.030494306869433843,-0.030475015312227398,-0.027689110976250767,-0.03137764608895378,-0.029895448728032965,-0.028652603897604493,-0.03758989526177971,-0.030589348437575617,-0.033513950167569556,-0.030524142039074317,-0.030947148320575414,-0.03031423099762005,-0.030827938871661374,-0.03049672239802607,-0.03072824390330426,-0.03064715340410068,-0.031739641947337936,-0.030804084727514815,-0.030771463936975097,-0.03441047676556865,-0.028585801825950122,-0.03136182702123641,-0.030333135652898024,-0.03046072711027387,-0.030605852067427535,-0.030702573078270616,-0.03304148881645893,-0.03096599559344832,-0.030101082715401815,-0.03078926199107325,-0.036268761994600725,-0.025844455927020497,-0.03193179359485698,-0.030607890135156978,-0.027273550960428335,-0.03031092336926336,-0.030305740343658457,-0.03072709578004164,-0.03184806522201297,-0.03145644843413793,-0.02899930783815306,-0.031459681004159815,-0.02728935940167027,-0.026381262339061243,-0.02014348708510557,-0.02816183570270881,-0.03085605827017685,-0.03108594519057819,-0.029105482409703846
stdev_user_avg_causation,-0.02801080834090489,-0.028296162416570493,-0.02897078789208529,-0.028412061588353348,-0.027770698970834916,-0.0290911473331131,-0.024976107455216414,-0.02910017652408109,-0.026526525853720364,-0.02510493458183622,-0.024567747347000832,-0.03081073675892766,-0.027679837469752885,-0.026897364905334342,-0.026754929934852702,-0.028886078111646757,-0.026855498093311572,-0.032942954259551016,-0.02668352790659733,-0.027322180230104527,-0.028171807728694265,-0.027970563418894905,-0.028411145021244907,-0.027228999454782923,-0.027840464266492358,-0.02921955093594852,-0.02928533784357791,-0.02826903935972101,-0.027088660352104776,-0.029380570594786066,-0.03539436229613728,-0.02820922092125367,-0.026792153770941456,-0.024804399890985387,-0.02802172476049357,-0.02662900571870094,-0.0321447369277614,-0.021482230133682573,-0.02630407982207189,-0.028069515990115212,-0.028458094474626466,-0.03231015150610881,-0.027900078717346007,-0.03168586481903704,-0.027005829326446296,-0.02556107228823145,-0.026898804971986753,-0.028727856743205715,-0.027885821242160172,-0.025714938345546105,-0.02816063399907086,-0.02803370512350339,-0.02795737913021989,-0.028628641258352242,-0.02459569629361158,-0.023734458732069946,-0.02755707303344159,-0.028815299170270467,-0.02861855460836271,-0.027984943041811778,-0.028394187152802144,-0.027974030765581158,-0.027799192898426382,-0.02813782828649964,-0.027027182452676456,-0.027641964037657982,-0.028375279427227878,-0.028163400422508256,-0.029989594765851037,-0.02824749276863531,-0.027325950306247588,-0.028616970693182277,-0.028811523312963376,-0.025247022597358598,-0.027733059352920968,-0.027793007406794117,-0.028663891288558726,-0.029458528920695008,-0.027474988434821136,-0.02612576696944696,-0.024787767702324014,-0.02815204300865569,-0.024566436711871302,-0.027971735697253235,-0.027021366116874505,-0.024739175605157433,-0.028094722313752228,-0.03143412546355953,-0.029071379012126912,-0.027759558373207833,-0.029183355432180196,-0.029150192387423245,-0.027941138296763486,-0.02736932976599687,-0.02810802029114018,-0.027956521564891455,-0.03080605985068032,-0.028022617510059526,-0.027578235907516475,-0.02902931036595165,-0.0295464637353938,-0.027418788844710492,-0.0302334823369072,-0.028013658302101972,-0.026337156690568603,-0.028222065645814764,-0.028029835734066005,-0.026506226440032695,-0.017765393378991173,-0.03219707215504715,-0.029982195074753235,-0.027905840615429372,-0.02834996015934703,-0.027714409709150012,-0.027117211981264218,-0.021793534047615172,-0.028902936351535406,-0.027812500516903378,-0.02961923359449159,-0.030246707599509197,-0.028883343203072707,-0.028214604609460577,-0.02839141284993557,-0.02682224177176718,-0.030785290936007594,-0.028174886974836097,-0.02759559325395136,-0.0286644893792424,-0.02582171718704644,-0.029812586390392325,-0.028593699560708456,-0.02905021193850352,-0.028664800590534945,-0.029777270875490175,-0.022728829122511337,-0.02846809846242169,-0.02796484983113466,-0.02554543733899281,-0.028691362864951,-0.0270383029381663,-0.02950031306665103,-0.030132272814443407,-0.02887204654575521,-0.013831790816629684,-0.027220098270136474,-0.02688219410255758,-0.027737900830923493,-0.021741924673567867,-0.02010231381695056,-0.027732504149359453,-0.02647355533266211,-0.0262767614184131
min_user_avg_causation,0.042843006659306404,0.04280352675138438,0.04258703354711221,0.042354563927078315,0.04859430090120773,0.043798583551211495,0.040119941382398605,0.043892553860846104,0.043616626306038624,0.046965675284626716,0.042946063033782594,0.04362880643919861,0.04387902864236699,0.04504642710453293,0.04429901225732725,0.04239003886641557,0.046546811321362264,0.044983017438778854,0.047299485906544994,0.039684195120754086,0.04234605311076002,0.04114834260034137,0.04240597716227974,0.0444991290840253,0.04281652774879569,0.04297712348923301,0.0460467384701843,0.042585363903375056,0.043157897757667735,0.0410612871167946,0.03638140938745282,0.04327563475506758,0.039812914977159206,0.03852061570235652,0.04286513156157848,0.04230102406202631,0.03604777262284478,0.04384796133578048,0.03943049653167042,0.04138092448771943,0.04248399954414712,0.0399871781532298,0.04275301658045837,0.04311209543251498,0.045808376365805356,0.03812899474645011,0.04375189352222202,0.043478763700459604,0.03900071291628619,0.045826842850449585,0.0414188806630593,0.04278203753284856,0.042477799562745285,0.04067949805615605,0.04196749014299825,0.04308242459912903,0.04463913678933012,0.043643923911943376,0.043363049217024004,0.042366940586567904,0.04311618689113286,0.04093988131858826,0.042582901057336364,0.042700826488528416,0.04565608929398764,0.0428973644199092,0.04343727688140132,0.043686994107281774,0.04000792990949824,0.04256881962034819,0.042685220103154134,0.04266697447213696,0.040386030122802494,-7.042018396906099e-30,0.04222098580696676,0.0427026227475747,0.04034464021738617,0.041364923300100456,0.04244644418211931,0.053078962418047354,0.041262655401566976,0.042600381342872695,0.03895716988038365,0.043192101997011914,0.04403406039622839,0.04135791752690425,0.0423702214538987,0.03507031475600155,0.043240025956644744,0.04353397986209359,0.04413407564318518,0.02541220673296852,0.040583665970218875,0.04272964864503993,0.04089080543070807,0.04274880676996315,0.04327118350457035,0.04280177441717313,0.04275592485455444,0.042387442003260604,0.04224712492094948,0.042658047330032554,0.04034171523443412,0.043152248224482215,0.04227200929017046,0.044974882047609153,0.04313348257815527,0.044440122092077164,0.039351993722746906,0.03943550976613956,0.04674967557448996,0.038654666071902766,0.04345714686524425,0.04134143015975355,0.0435130227425399,0.04008989483966644,0.04310686083715853,0.04221918864746071,0.04269567002125764,0.04366472115369438,0.04277415331885456,0.04269877628279229,0.04500471507039428,0.04410981258042775,0.04234465382184422,0.041753457265657504,0.042550000131926204,0.042574280878680044,0.04799432132928895,0.04212996866303726,0.04188296904988091,0.04155467411462273,0.0425930779046655,0.045074910468402445,0.044708437465547306,0.04223647035364684,0.042725303577241316,0.04278308554260484,0.041275119578966596,0.04315350823305528,0.04310825341968609,0.044520576054727444,0.04197590255150952,0.036851113403782804,0.04270925829399795,0.04713552731235,0.04438028415550973,0.04556985724317408,0.04738361114013395,0.042376372988508944,0.04408885277402644,0.051353538296893764
max_user_avg_causation,-0.027483119937047516,-0.027931911357745084,-0.028804819366256975,-0.02793742161797918,-0.027718130400052252,-0.029848628362106486,-0.02522101438734313,-0.028191293843350854,-0.025976577137039637,-0.02382337824535876,-0.024827654272980587,-0.03021642783311337,-0.02700830436321373,-0.02481057468356086,-0.02633534968173038,-0.028289227908613903,-0.02564100821839394,-0.0307088332691645,-0.026566774356257025,-0.027210869884500038,-0.027661719920829143,-0.027623071859727545,-0.027303871743721973,-0.026759763220041245,-0.027458924086714593,-0.028590335844334888,-0.028408096064853523,-0.02764465479874643,-0.026656180063132556,-0.028804974709167878,-0.037523108343166696,-0.027705426069000352,-0.026949913761904535,-0.024489117227163317,-0.027453244455323173,-0.02638641349713957,-0.030768986828035184,-0.02031672122371964,-0.02489402431246574,-0.027998971305579226,-0.027352814214126785,-0.031888443893544616,-0.02733971928073301,-0.030143497975347103,-0.026759117837693653,-0.025854866351258575,-0.026531687189889065,-0.028285333479245542,-0.027151802465503517,-0.024289491253382544,-0.027433720827198783,-0.027487469228856067,-0.02742714568984288,-0.028449121161325436,-0.02420662624878517,-0.024457551096482975,-0.02489266277777581,-0.027821998770796833,-0.02820394632246362,-0.027704866583255567,-0.027761371759097323,-0.027213776166515727,-0.0272785622587961,-0.027571773189367998,-0.02544013930974255,-0.026879495302323246,-0.027556353583924054,-0.027653421660540717,-0.029466086295802767,-0.027745567602985514,-0.026940002984492357,-0.02805749841217946,-0.028461029006797672,-0.02742425438122518,-0.0274372625748706,-0.02707520032072957,-0.026515315782779127,-0.028462241315100268,-0.027420655760156572,-0.02467569533370333,-0.02395167403405245,-0.027581751628816917,-0.02406393576356462,-0.027312116573590173,-0.026616520167459023,-0.0255263644530265,-0.027595732225212048,-0.030183217511244847,-0.02846256461909233,-0.0272488031912794,-0.028107204444456003,-0.02945454860815789,-0.025947593064895982,-0.027256542302116264,-0.027663790515776,-0.027376536264133562,-0.029870217071174036,-0.02746576313370672,-0.0268587894399274,-0.028294843861390577,-0.028360911396149997,-0.026981236396794346,-0.02919951894897825,-0.0275744451032417,-0.026161259681836493,-0.026672142280764678,-0.02764427714341356,-0.025978646456233687,-0.018777446607360034,-0.032684571256675746,-0.02910274617854718,-0.02799566879781334,-0.027661079038034272,-0.02740115041377477,-0.027352690635978946,-0.02258629335626192,-0.028061285897712986,-0.027433479874817965,-0.028728799919384766,-0.028906848512989643,-0.028166350763350313,-0.027625880622742526,-0.028440675802596807,-0.026675391620128157,-0.029932074468066616,-0.027635523276522696,-0.027059005097029645,-0.02800166269134014,-0.02559068889294514,-0.029611516566617653,-0.02804753173211593,-0.02778888903433592,-0.02793403388638983,-0.030171521905722698,-0.021941817224076645,-0.02822492273302249,-0.02741816192693145,-0.024178664389573494,-0.02789067841100596,-0.02658785117925793,-0.028962172221865423,-0.029301330584139765,-0.028401484023023248,-0.016853109460053237,-0.026922682215698622,-0.025468514205919307,-0.02613903354791902,-0.019293326197829256,-0.020513149510560352,-0.02721716969530239,-0.02601206306379692,-0.02651705486741515
average_user_avg_anger,-0.03344062991471759,-0.03324585176805893,-0.03383168560095963,-0.032898294104436024,-0.03376532016210354,-0.03308281890961597,-0.032755521857777976,-0.033782916844263905,-0.033612443107447834,-0.034141152367662325,-0.02873698929083649,-0.0323805631471783,-0.033713491509897095,-0.031012909210150052,-0.03214917238999528,-0.03334883311952687,-0.03141059630932255,-0.03053046509484792,-0.03282558416729188,-0.03279520441300256,-0.0324058831971747,-0.03320207405169163,-0.03268153807894758,-0.03238174049255988,-0.03387635722695053,-0.03086066828887838,-0.02939305855111075,-0.03335411499504972,-0.03284339248556831,-0.03550146088929623,-0.029030598013880225,-0.03357252325406386,-0.02576321409039768,-0.03213571418987007,-0.033486062866094166,-0.035017234782862346,-0.03267788205099119,-0.03597234351569347,-0.03593248995635075,-0.03162465615792348,-0.035540454323003776,-0.030499202838924433,-0.03365515584559496,-0.030450509899431148,-0.03307404151828748,-0.03198533950555711,-0.03427100665005982,-0.03309733118327339,-0.033338997505777665,-0.034441893711348606,-0.03185258684242764,-0.033418243725836544,-0.03357755341796073,-0.03290297250602582,-0.03180836841248624,-0.032981236217236094,-0.03240228081071722,-0.034347228191284176,-0.034639812491129705,-0.03157929112071592,-0.02847913904530023,-0.03292576680248892,-0.03355274803091074,-0.03333079607672951,-0.02839161729284885,-0.03424574360356264,-0.03300335797278864,-0.030482437034051263,-0.032635577992724804,-0.033457999432221,-0.03316236775999291,-0.03271482679311361,-0.03356858278850234,-0.03350116942559922,-0.0338776393011999,-0.0338866138173592,-0.03226920353736878,-0.03328746227805959,-0.03423375119184728,-0.02402781922836235,-0.030631386200981946,-0.03269657750739982,-0.03281136446250248,-0.03362990065732156,-0.033178218100934465,-0.027018170780766453,-0.03362369973857027,-0.030003104511692122,-0.034017614720186384,-0.035622457041094825,-0.033590568490312896,-0.033255520648450276,-0.035129876344330666,-0.031056917755759833,-0.033759785626821456,-0.03335748988254022,-0.03200471440947538,-0.033413373378004825,-0.03354170611516404,-0.032859318272153014,-0.03480857987481263,-0.03355773623822875,-0.0334100857260628,-0.03331612919961776,-0.03272667695087551,-0.03156844706628073,-0.033433940983536185,-0.03207933898025781,-0.030309565012723437,-0.03264195249150792,-0.030984648620189997,-0.03312199351063647,-0.03356776323758543,-0.03348629755322969,-0.03273135174036909,-0.03236701901225555,-0.033745415286968825,-0.033703791318186085,-0.03445986846167399,-0.03319444840018407,-0.033439469747499895,-0.03346061133290132,-0.030637314389813458,-0.032691222896785145,-0.033989910296387135,-0.033700989744248414,-0.0333101961784982,-0.03320552282934754,-0.037474646901154124,-0.03110003648300119,-0.03330302341338447,-0.03829572472013962,-0.03157059207145664,-0.03285773114568446,-0.018090612754465756,-0.032738512555789,-0.03344499564801294,-0.03528605471304119,-0.03390074925209663,-0.0340955851892643,-0.03370197957435989,-0.03353720336087707,-0.033320234040044264,-0.02934186631471474,-0.033305732886868625,-0.028289805207119816,-0.03662826508114525,-0.03599631279466718,-0.03546351185474511,-0.03331829251884783,-0.03313959152759922,-0.0340581669556154
stdev_user_avg_anger,-0.016476195228797466,-0.016404334746582615,-0.017001724091760578,-0.016157460194507287,-0.01530331500395568,-0.024441616488938885,-0.013090807198495532,-0.015678532257559916,-0.016782265353729453,-0.01670833399248827,-0.014037833624861091,-0.016367288475167913,-0.016609967836721508,-0.015729292276516343,-0.014509933439919957,-0.01636027320115884,-0.01596884033857967,-0.014415620977963067,-0.014794700137472415,-0.014869352045708197,-0.016936693511983077,-0.01710447977100691,-0.01521350738533581,-0.015695138422579788,-0.016917453955885682,-0.014531840973454467,-0.013879433532452226,-0.017335576655353818,-0.016319547890310048,-0.018062353509218233,-0.014121829015953966,-0.015945564448004282,-0.02091122416250634,-0.013986666669842857,-0.01574062509143606,-0.018153970360623807,-0.017883688380703346,-0.017132048475726493,-0.014469460132185733,-0.01765256383529803,-0.017333801474827774,-0.01597217203520305,-0.016577738699532808,-0.01900091530218577,-0.01529546989817881,-0.014529589008434915,-0.01693894487015705,-0.01593725680210588,-0.017522080276420323,-0.01682027854997825,-0.015598819025989526,-0.01647590193072158,-0.016536399534516348,-0.01489218110554127,-0.014454978045460051,-0.015879725002995317,-0.014151930862951021,-0.01741091277616115,-0.016636137864590887,-0.015900379906938558,-0.017643919587360026,-0.01513224477713012,-0.016601987149785925,-0.01637389660004805,-0.014168911089150565,-0.017159300929320068,-0.0150629402509453,-0.015955168979469622,-0.018025671756538145,-0.016534930220435916,-0.016860852437761992,-0.016306098664214067,-0.017215571804962436,-0.017655538504593053,-0.016234121798448325,-0.016896029512506003,-0.01832176870016794,-0.01691742402880521,-0.017159630704087395,-0.00972410970080337,-0.012051785687419311,-0.016189186705263273,-0.017038791791576146,-0.0167592385452907,-0.01605238761875599,-0.01316913556090223,-0.01700578680979132,-0.013873222071163947,-0.01745492562198575,-0.017644518763593846,-0.01761243301077424,-0.02244368296538905,-0.017356403226173663,-0.013773905773568604,-0.01705002554262664,-0.01648881467249689,-0.013947429682708207,-0.01641582765681854,-0.017265596136885705,-0.012572537115312477,-0.016634182442348294,-0.016686052931888858,-0.020995450739896615,-0.015959580787908396,-0.016608081123095347,-0.016394819798058465,-0.016610779620977373,-0.016600779758357095,-0.013689966620313826,-0.017216446242538066,-0.013864107403333912,-0.020473300284147324,-0.016690814796276668,-0.016026068658810746,-0.01768223656505965,-0.0146501907191909,-0.017242978371568088,-0.017049168673288935,-0.01715260620616679,-0.015382142302089449,-0.01645596410629593,-0.01652942371381634,-0.013689145050905526,-0.01652743077192989,-0.0172807672068155,-0.017981793646819802,-0.01650274117709206,-0.01630640743914394,-0.01603662194187493,-0.013947981661761434,-0.01658103252616268,-0.023157485217874977,-0.015526791685047935,-0.016591906008930613,0.002852024696940625,-0.016336540891427824,-0.01646667581488508,-0.019466318564072712,-0.01680725203737002,-0.01696969438332055,-0.016548556688844515,-0.015944025644867268,-0.016362378171028667,-0.013984054358474395,-0.01658928477754186,-0.018014261193154867,-0.018023196268631483,-0.016254241924832193,-0.018000079368235875,-0.016733956863627598,-0.016367978443320712,-0.017508115944007696
min_user_avg_anger,0.0,0.0,0.0,0.0,0.0,0.0,0.0,0.0,0.0,0.0,0.0,0.0,0.0,0.0,0.0,0.0,0.0,0.0,0.0,0.0,0.0,0.0,0.0,0.0,0.0,0.0,0.0,0.0,0.0,0.0,0.0,0.0,0.0,0.0,0.0,0.0,0.0,0.0,0.0,0.0,0.0,0.0,0.0,0.0,0.0,0.0,0.0,0.0,0.0,0.0,0.0,0.0,0.0,0.0,0.0,0.0,0.0,0.0,0.0,0.0,0.0,0.0,0.0,0.0,0.0,0.0,0.0,0.0,0.0,0.0,0.0,0.0,0.0,0.0,0.0,0.0,0.0,0.0,0.0,0.0,0.0,0.0,0.0,0.0,0.0,0.0,0.0,0.0,0.0,0.0,0.0,0.0,0.0,0.0,0.0,0.0,0.0,0.0,0.0,0.0,0.0,0.0,0.0,0.0,0.0,0.0,0.0,0.0,0.0,0.0,0.0,0.0,0.0,0.0,0.0,0.0,0.0,0.0,0.0,0.0,0.0,0.0,0.0,0.0,0.0,0.0,0.0,0.0,0.0,0.0,0.0,0.0,0.0,0.0,0.0,0.0,0.0,0.0,0.0,0.0,0.0,0.0,0.0,0.0,0.0,0.0,0.0,0.0,0.0,0.0,0.0,0.0
max_user_avg_anger,-0.019949215996280537,-0.01984662210987964,-0.020454765500958857,-0.01960081770550127,-0.019057730122963377,-0.026815059212164476,-0.01710706592722914,-0.01939545577465836,-0.020297573680475516,-0.020173287937952675,-0.017234207008052064,-0.019607518201147915,-0.020129381714519792,-0.01910915847892765,-0.018231673649297415,-0.019864593861573524,-0.019296228746186257,-0.017236416013666062,-0.01855672341537376,-0.018358144127497932,-0.020242446743252616,-0.02040834390391056,-0.018791742819978266,-0.01908631854578828,-0.02039406828633696,-0.01786262084325668,-0.017126752246482954,-0.020633258933208026,-0.019742726316702472,-0.02155990338208215,-0.016956142889509137,-0.01948884696722232,-0.022126282472972755,-0.01774537861760434,-0.01933867369141589,-0.021582593145450833,-0.021084767539519333,-0.021124919472927516,-0.018337610937513245,-0.02068179823540242,-0.02100054588905712,-0.019159207934801074,-0.0200873611205339,-0.021201796031208232,-0.018770791353387974,-0.017823374925920076,-0.02047758823436968,-0.019414592427942703,-0.020868570564813938,-0.020287954784023652,-0.018921870990857126,-0.019949566062141537,-0.02003058026717476,-0.018732880272620805,-0.017896322898412573,-0.0194428198734274,-0.017686328722986533,-0.020817293738289312,-0.0201991669426717,-0.019212925860415384,-0.020031730126608114,-0.018706073408560966,-0.02008014962427037,-0.01985277913176115,-0.017317299836538527,-0.020655022323130573,-0.018763913143728533,-0.019037445623675694,-0.02138477409736616,-0.020004694760667296,-0.020204309976140408,-0.019732139009012523,-0.020564654786460506,-0.020946897562980245,-0.019836997648526002,-0.020383075749275933,-0.02131688308705959,-0.020145568376862,-0.02060051913499653,-0.012993883446002854,-0.01581373580054331,-0.01958833421764674,-0.020373301450092987,-0.0202307577017196,-0.019532903502582362,-0.016013240174075065,-0.020443398118689143,-0.0171176632574351,-0.02086996660035645,-0.02129972272564113,-0.020914267325135114,-0.024857986909380618,-0.020748852940042993,-0.017131172470174927,-0.020412462951240905,-0.019955753169264876,-0.017893755264422263,-0.019892646651264854,-0.02062017177956018,-0.016597140027300374,-0.020259959849088457,-0.02012589985388308,-0.023629805538781898,-0.01948888114179481,-0.01987703343812649,-0.019362998008538638,-0.02001920702245224,-0.019882626106392097,-0.01673329321137317,-0.020392854964750157,-0.01762617340991045,-0.023326654200740378,-0.020161518602903203,-0.019539290491482217,-0.020921590492291472,-0.018087152774343952,-0.020618107322958767,-0.020517091670537224,-0.02056732828678728,-0.018940302090124962,-0.019936645245016683,-0.019988341160770393,-0.01718936824203541,-0.020157572812486705,-0.020688087182565422,-0.021131444765712097,-0.019947355986237092,-0.01974721001759698,-0.020150634719405393,-0.017514022911560567,-0.02001597722659533,-0.026276791554971708,-0.018637835009316595,-0.019828948426274508,-0.0018728825534309237,-0.019671317137820613,-0.019944620712266065,-0.022770457587570295,-0.020240540730207954,-0.020479000069366517,-0.020105374302726804,-0.019402202491697454,-0.019826945022908823,-0.017210633031210273,-0.019970108066949554,-0.02043113584597827,-0.021549098393532633,-0.020133306267171434,-0.021642139971924185,-0.02015381688512057,-0.01978243426437299,-0.020728046996976005
average_user_avg_first_person_singular,0.001089606489641787,0.001302025283312884,0.00023083670485147655,0.0007354961706895449,-0.00028314768427479316,-0.0022913266138552043,0.005520210664998734,-0.0015622527187967978,0.0019066265056286273,0.0021777028217272814,0.0016652256389482895,-4.918421405268299e-05,0.0018795994857697448,0.0035112383721808806,0.0011641760184812806,0.001373537878887084,0.00018691773727625913,0.013003345019686596,0.0006097088490789491,0.0002399669644022411,0.0008495469296369174,0.0005818505417792552,0.0007330290718661884,-0.00026885667891352787,0.001458733299416926,-0.0006400523677335622,4.0352152720510726e-05,0.0011328021752154928,0.0005229400932535129,-0.00042813848231269954,-0.003667704915555192,0.0008626009478509035,0.001865793717825482,0.0026116917755478032,0.0006989373110830176,0.0023243866867801942,-0.006088579289667621,0.00448188532064351,-0.0037266591535619455,0.0009729362011930039,0.002667714174781106,-0.008401274530343006,0.0014050725097130646,0.003816420835271543,-0.0015610770524614858,0.001801342051317777,0.0004292559490221685,0.0009583366348066237,0.0010761109603414582,-0.00017683494518682752,0.0015209555070353443,0.0013059394146537756,0.0010854553970708427,-0.0005099127787494299,0.0034569883324734314,0.0014372042585325904,0.0006844460415009802,0.001273750432171894,0.002008716529293593,-0.0016231006176031107,0.0005820970570758191,0.0009331927366236091,0.0012979245899331629,0.001323345059840725,-0.005097151129775944,0.0011430505146719366,0.000564647659099876,0.00025750984046058606,-0.001160519423281672,0.0012766295712820725,0.0010057910251453296,0.00026553698957503414,0.0011345681532961643,0.0013409160493546507,0.002594960478128675,0.00029511715515195174,-0.0027906396209191864,0.0028088389074633164,0.002619900187602992,-0.0044881944204806104,-0.001351861529780304,0.0013964686257268376,0.0011826737808931006,0.0015676103276425703,0.00017161466695155914,0.002416613474886322,0.0010829886413825326,-0.0001760366182535231,0.0016024639407773008,-0.0004617384288747705,0.0006522265069970863,0.00036602442930119654,-0.0011057585708075224,0.004178288570346831,0.0017083710478637934,0.0015281063701414548,-0.0004271738713766027,0.0013503199670306513,0.0013349889310217008,0.0014506331243540676,0.0005731122441953364,0.0020230658753487623,-0.0002281042960356099,0.0026748042580054415,0.0017337823165313434,0.0015240077720396592,0.00013002431341269148,0.001387823964709667,0.00874348019338621,-0.0016538421750126545,0.014582801203913363,-0.001277519341745934,0.0017958962665528566,0.001748331066550157,0.000806498155900762,0.007236384438992536,-0.0015387131186782167,0.00046718262343992557,0.0070001778507696125,3.822897886130751e-05,0.001479027388169689,0.0012977462858230842,0.0027558388935556236,-0.001424923876202279,0.004030770482963663,0.002754442872856447,0.0013293042911872305,0.0013483425130449002,0.0023133550508789755,0.0034185987733934904,0.0018533583773493387,-0.0005466895015768993,0.0012433346806647277,0.0011223628436784006,0.0066928919213176665,0.005316975253279386,0.0012457917612536604,0.0004270804931650477,0.0023216955115812022,0.0009583287006849524,0.0009071173067559959,0.0013892902860338265,0.0006748214136641645,0.0025843090315835933,0.00023611715377767038,0.0024062230483476877,0.0012903719991342565,0.00492930070476877,0.0020180973581321844,0.0007306564272615713,0.0007024838694768493,0.0010892653799498258
stdev_user_avg_first_person_singular,-0.05417352806752888,-0.05475151269122334,-0.0549523651552875,-0.05466215647585873,-0.05507670589234739,-0.037048440924416955,-0.0516299952920797,-0.053890974670160074,-0.05456561109801277,-0.053520384598054374,-0.05425634451854235,-0.04890720645505316,-0.05487338638694937,-0.057382953534205555,-0.049668902645266653,-0.05392288370666161,-0.04788108480420889,-0.03720227311983441,-0.05464840161430569,-0.05731561868585325,-0.0541608851413119,-0.05388632168875734,-0.056814823171500384,-0.056268091602000594,-0.054679314977187664,-0.054982401198172055,-0.05643660567723351,-0.053294433305905206,-0.05611844860174684,-0.05532669180617385,-0.047687365532705944,-0.052193869826928016,-0.055277254912435965,-0.05113531924745182,-0.05501834857917881,-0.05556880950989437,-0.054129590202850096,-0.060034350097509105,-0.05669749959818341,-0.05597040408327087,-0.05515183132471033,-0.05273231222055862,-0.05441576698633701,-0.04753492028888094,-0.06266171693847415,-0.048515120426005025,-0.05511857276251325,-0.05453555945472724,-0.049795629910571106,-0.05848846178841513,-0.054625907660161455,-0.05421495799024785,-0.05442201186394976,-0.05349155163273753,-0.05623335785574648,-0.05121065697604756,-0.0505863934141425,-0.05294874030030874,-0.054301144660685,-0.05147566591879106,-0.0550414748752326,-0.05670765328990261,-0.054354573254610614,-0.054306607432553826,-0.044532665721286,-0.0547725387587958,-0.05407154504053061,-0.05355173262368793,-0.05439534836268968,-0.05442469809111314,-0.0544070979035172,-0.053686671220574064,-0.05280361620750731,-0.053259371233054666,-0.0512993119322303,-0.05433917837372058,-0.05997554456109325,-0.05289271189132255,-0.05450259279815352,-0.054369836248987606,-0.05490892302550842,-0.05449737766526213,-0.04928913607091148,-0.055082528609145864,-0.05350322041939356,-0.055793704095353905,-0.05451202932537893,-0.05307604136179368,-0.05564363375120567,-0.04855573534046564,-0.052190155008626345,-0.04330887768842413,-0.055560267419267825,-0.05754553912892735,-0.055465908047197164,-0.05437157810366404,-0.04887406330602731,-0.054196823647179516,-0.05204386945092744,-0.055651787767757685,-0.054381452082289485,-0.055383263926817826,-0.04839796250708898,-0.05194466105867711,-0.055412149030592876,-0.05421511720273777,-0.054861768435334364,-0.05436236482736645,-0.05449521880218238,-0.05626793490331802,-0.040571595137340634,-0.052457806725067065,-0.05257429361734418,-0.054811107241685954,-0.05576159942793887,-0.0529486589542828,-0.052076902101397496,-0.054344571469632924,-0.05464061678237041,-0.05193720444699966,-0.05397137089787674,-0.05425347387793471,-0.052319169690507525,-0.05425683116761852,-0.056569939683813325,-0.052864015770289666,-0.05457612302944129,-0.054337487920926006,-0.05432661721503997,-0.055762587444527854,-0.05400886310409487,-0.05375891019783561,-0.0541418344346328,-0.05372983417162302,-0.041525725813538236,-0.05261662243869991,-0.054384259820741,-0.05667929831918884,-0.05425209405951666,-0.05296962444125629,-0.05356181333660166,-0.049415967286034625,-0.054057808924887873,-0.05658101849732943,-0.05333493907065949,-0.043798889744577456,-0.040027114171155724,-0.04971149745100925,-0.04815073920318369,-0.05604508657419015,-0.051944478943751766,-0.04741695756924819
min_user_avg_first_person_singular,0.01804360728870755,0.018413531130892277,0.01881128770631555,0.01810496295401839,0.021247210424278396,0.012714733080033954,0.026521103180523295,0.017067790620842484,0.020392628323545933,0.017985848697874444,0.02160151469031434,0.017170509671398985,0.019360674908009846,0.03052622714272108,0.012868014083560336,0.01797111162092319,0.022832703807250297,0.02014859609252064,0.020507619050506794,0.018412029723075533,0.01839455004809918,0.016859706884390216,0.018711611423553178,0.019542054491073726,0.018369481831893478,0.018964211691241906,0.019165168745285788,0.017794349513049167,0.02051888122032302,0.016920650086095584,0.009792901046891466,0.016733098215790748,0.024008872414972494,0.01746573781080181,0.01836935243207391,0.015516292509600602,0.012152176168895445,0.020915835459934112,0.010176747200651079,0.01980157562781392,0.01993693985691527,0.012789095387640233,0.018744793659032814,0.009917083768150033,0.01705935212825096,0.015909964337468635,0.020127768653741277,0.0194874249030801,0.0231145234914489,0.018697511624563238,0.019730830381552364,0.018469071047952836,0.01907690454180162,0.014513029881550066,0.020663175375110695,0.014986207489087558,0.019694145267321633,0.019815387807557955,0.016684933424857554,0.018296289487410085,0.020046699483665054,0.02553744212681889,0.018186306698186175,0.01879519711548177,0.011295857526624719,0.018669863353809997,0.016191632942268122,0.018161418068270794,0.016901448883875084,0.018580166638118987,0.018384034723685064,0.01732664869222385,0.018645789863175145,0.018531414830001557,0.017710396976927195,0.0172965867649746,0.025729982644264526,0.02181920162398905,0.017351870129811486,0.025731696780428553,0.021754893593205885,0.01991447809133036,0.017819927762119103,0.019829446927745145,0.014614541849304653,0.029662392843021336,0.01937911602435933,0.01982834621157968,0.019219441426019966,0.015447536545356839,0.016342515347876244,0.01861764813597048,0.0160042164267229,0.024759721946371896,0.017344697129066965,0.01870054238962486,0.011089087266697628,0.018328243978843927,0.016455276505206697,0.018327899559722218,0.022156159577025228,0.01857466819475742,0.009806238752557431,0.01711217493688024,0.022788423558196238,0.011009151104101552,0.019048087291346494,0.015975661285144507,0.019539985404464486,0.020902702078287604,0.024155955286300844,0.016198682358060004,0.017656023223418565,0.019373559128002166,0.020176467778385502,0.01896964138327547,0.017626044376537815,0.01825223799101728,0.02719967363943894,0.01899268620180125,0.018464693399146595,0.01852710818160072,0.019169264787797295,0.017193392908464618,0.022496061888363648,0.018114820409058822,0.018049506265705673,0.019610957554631284,0.018968868626656008,0.023049649964921953,0.01894886122521652,0.017271838410392683,0.018300623438719667,0.016489168483612517,0.009345400869745281,0.014953240121153252,0.018381621602881308,0.020265039780146328,0.018777784435103653,0.017513053974357453,0.016229857949740058,0.01737474664562506,0.016923936953418463,0.022914601546117498,0.01778558255095455,0.010055049154954103,-0.004058250000597865,0.02526023495462806,0.008759801363266095,0.019726801979325276,0.01526664410276335,0.018596714655586908
max_user_avg_first_person_singular,-0.03565841201880518,-0.03579473268176834,-0.036401955021954605,-0.036090179131460384,-0.03614881570444376,-0.02629907486606494,-0.030691881617586295,-0.035983748551125294,-0.03561463569631303,-0.03500753182570473,-0.035937092113279556,-0.03174745499825764,-0.03588832687480899,-0.03622990108451128,-0.03321197244043039,-0.03556378127379724,-0.030792932290941575,-0.017281859162275006,-0.034220357958099884,-0.03698818574704475,-0.03581540687392509,-0.03603671737863813,-0.03754491444839677,-0.03748780696468529,-0.036099682388445166,-0.036594359964910214,-0.038720864649648995,-0.03456936555551608,-0.03713777210677109,-0.03809502872817432,-0.033898374784922476,-0.03427020087231621,-0.03431503117825146,-0.034325627870282274,-0.03593252370219807,-0.03761656381821991,-0.03754246191256543,-0.038834962489914665,-0.04087728652242424,-0.03631431131209299,-0.03572852597767256,-0.03664241830848314,-0.035786668560149226,-0.030684116912769697,-0.04308277113252248,-0.032693375940067604,-0.036376359624787975,-0.0356081480641917,-0.03166278307643234,-0.039330310384645614,-0.03585407235369676,-0.03565022436171279,-0.03577228261959234,-0.03603335001342772,-0.03569738036394024,-0.03287491538473052,-0.03352089186571494,-0.03468229043297855,-0.03610853742925338,-0.03429790320961596,-0.03641466030923369,-0.03419468651559172,-0.035949443697230056,-0.03565926072059543,-0.02876795024107525,-0.036074176521956366,-0.03660478902903457,-0.03583647253836635,-0.032932558475844406,-0.0359260275491302,-0.03607621817970297,-0.035912935173518575,-0.03455823181738506,-0.03483155486521566,-0.03281690453136031,-0.03661383571949733,-0.03971182491732055,-0.03308555191982901,-0.03591905843317878,-0.040939816770326425,-0.03501510550082068,-0.03593086770899126,-0.03212366019596547,-0.03618404318341091,-0.03618925847089989,-0.033503482538200305,-0.03570894746592306,-0.035484977444220314,-0.036250210130793145,-0.03239704941101757,-0.035630018219284465,-0.02960931756702269,-0.038499978091126236,-0.03519971755264989,-0.03698212710169588,-0.03561020325342451,-0.03427454750443105,-0.03565882548761093,-0.034183128199210926,-0.03669568400840082,-0.035263316203505896,-0.03638430679716787,-0.03352061792856806,-0.03324769072709389,-0.03510047523681666,-0.0386688943715157,-0.03621171749785757,-0.0375625923925845,-0.034860333419148404,-0.03601506817397072,-0.019236477784637523,-0.036051552368045844,-0.03429844224033399,-0.035255826099641695,-0.037322063866871244,-0.03433280808616774,-0.034746134715854735,-0.03570373012116451,-0.03239614411127392,-0.03498144257643419,-0.035355188484462056,-0.035659045564136724,-0.033574437560105155,-0.038165750914058404,-0.036013820887486996,-0.03442895356467139,-0.03591302238529599,-0.03561811687979017,-0.034539618072748954,-0.03524396977678534,-0.03529849049174797,-0.03686043668096971,-0.03563379047200328,-0.035142618382705534,-0.026713041852133378,-0.03241519238923579,-0.03583897655500845,-0.03732286711634472,-0.03563687072741998,-0.03505114082626182,-0.03523361174721455,-0.03170588569981145,-0.035761367941015226,-0.03489029475976466,-0.035197972962431906,-0.028589871406157593,-0.02865102145438109,-0.030913929100116685,-0.030975788422171458,-0.03759165586777409,-0.0347197898904947,-0.02783258309622646
average_user_avg_feel,-0.008020227563949088,-0.007275585249928038,-0.00770270384926959,-0.007967506951296928,-0.012673600853939175,-0.009506231673235218,-0.008014669472731233,-0.006992532207103785,-0.0064057505356203,-0.00520265081033431,-0.007613003624657007,-0.006986362517141586,-0.007498821254723866,-0.010985232208055671,-0.004528729917297806,-0.007665443567126522,-0.010431676599538404,-0.0064401637951919735,-0.008306279464365102,-0.006344018446905273,-0.007914127548313665,-0.008129754026442866,-0.007846550482875969,-0.0067418058578332645,-0.00736125781388346,-0.01017542762620483,-0.009150768902928787,-0.007663223862957801,-0.010652718473477991,-0.005556102489186738,-0.015855276377470105,-0.0073812326154745304,-0.008649102804195763,-0.006184989609100052,-0.007361399686978428,-0.009494026625230311,-0.009314978804410493,-0.004125061267607056,-0.006418369306109123,-0.008032638057689102,-0.008891882508560751,-0.005494890451824785,-0.007345830945722923,-0.00464403629332583,-0.0092837702792922,-0.005991354773805404,-0.008594797986266669,-0.007924718501650914,-0.011060360426463113,-0.00736237052363703,-0.009500956723173555,-0.007652016649408289,-0.007614438668996091,-0.0070628866263954156,-0.007158449950017487,-0.004219572175237669,-0.012841884759701355,-0.004799541961179632,-0.007177243139107389,-0.008080276922700464,-0.007967525667852903,-0.004463820243094229,-0.008324962321217114,-0.007567218225791952,-0.012169983061169416,-0.008459590708713674,-0.0071404607331471415,-0.006954258127358653,-0.0057932618778756325,-0.007716464574334392,-0.008697040674994869,-0.006850323167182091,-0.0069127676747001016,-0.006906997411506939,-0.0050925912633873055,-0.008179381777818741,-0.012422225338744172,-0.007178698230311557,-0.007732269554969097,-0.014390154545631605,-0.0023356294874391954,-0.007836231291344248,-0.006302043791018473,-0.007434946251522245,-0.007041512779766373,-0.005406672490316122,-0.008227240627219114,-0.007029569173273341,-0.007240577555038336,-0.0072882974988485415,-0.009248183963583368,-0.005323274830724929,-0.007325040535928995,-0.011014503829875334,-0.006813170013596928,-0.007639749927405194,-0.003889889423165524,-0.007566627792969611,-0.006311267136848528,-0.008455509217726573,-0.013150146467857091,-0.008338780430548826,-0.004043785572622966,-0.0076288909222037606,-0.008453226406131638,-0.00771039730293617,-0.007520802852784496,-0.007692704228373898,-0.01170740862479988,-0.010997430363002497,-0.009115248498449809,-0.008840152538448231,-0.007829929602789271,-0.007971021042666726,-0.007552597005186755,-0.010321640285078449,-0.009234908943174712,-0.00761905805418941,-0.00662112180096288,-0.008868616769493055,-0.007538075091519202,-0.0076603808591594914,-0.006678653865704338,-0.00805184587066886,-0.008903232164470313,-0.008410858293971188,-0.007833241274301576,-0.00833945405504838,-0.0048940710613041335,-0.006925306848766211,-0.00791485954983697,-0.0049817737803830725,-0.008200576605481801,-0.006746747135916664,-0.010155243397976504,-0.006584608918754349,-0.007609652856910402,-0.006539157271361987,-0.00937709693919827,-0.006696697678510544,-0.006505411080797356,-0.007299424789369249,-0.008213911408107438,-0.0038673766041785965,-0.007201895435402764,-0.0099281478192033,0.00029223814717459565,-0.007994481755453718,-0.007450160584777056,-0.0084687982607175,-0.0080049164863101,-0.0016905474315687752
stdev_user_avg_feel,-0.003411287027287246,-0.0034799732107737118,-0.0038721992792390744,-0.0036327275842445005,-0.0014982416726439813,-0.0023239129255384454,-0.0010804181680346414,0.0009251842285815,-0.002854577310604303,-0.0032275085089790295,-0.0010315746877597714,-0.0056539942965889815,-0.0037741017460671683,-0.008688469814884865,-0.006121876326870973,-0.003969072145294938,-0.005667129467833605,-0.006850873825249612,-0.0053239974408163075,-0.00401291544417242,-0.0038315687612268286,-0.0021154310903909873,-0.0015373155264826032,-0.003031309227051254,-0.003775608214034252,-0.005959548797679201,-0.006768338654428947,-0.0028845035554778773,-0.006108521643929258,-0.005263221818361006,-0.008115398799899228,-0.0037516052582588204,-0.005077420580054609,-0.0015372383309107118,-0.0035235619166158836,-0.008684659753396287,-0.0035687143919158476,0.00282118808775538,-0.0025576340373268946,-0.002100799047529276,-0.00443264840578819,0.00801858341023259,-0.0038009015580165503,-0.0093840750089702,-0.001950757509182298,0.0012820950947364466,-0.0030560729442925313,-0.004216448865768557,-0.0019640996831609223,-0.002734763388547619,-0.005461707266976389,-0.003805386113858618,-0.003387420158889083,-0.0035191042023205357,-0.005254835369467104,-0.0022879744878180116,-0.008378112376397639,-0.0011649821340627663,-0.0031211809362293712,-0.003542766550955947,-0.002104860254689679,-0.0006336175537547083,-0.005214730986111122,-0.0035826015813683904,-0.007998459702372191,-0.003668204523606588,-0.002651376355340712,-0.0017759360934356417,0.0004972889493521163,-0.0033886846019279514,-0.0050567216697678,-0.0036937383595667533,-0.002927157352794191,-0.0038165590191842017,-0.004348707787165595,-0.004364352242320934,-0.00553523381275043,-0.0035317632428820064,-0.004938714671701367,-0.00040220546140882357,0.006280314101807037,-0.0036726325143716446,0.0011849970178406943,-0.0019967071913013727,-0.002734220377593896,0.0017586204264026049,-0.003559904576436318,-0.006590732313372684,-0.004169851692142656,-0.0008933949973221732,-0.00428938774996686,0.0003078408119541378,-0.004217880885175551,-0.004947336213483344,-0.002936024520762583,-0.003751103518146547,-0.003906780975815068,-0.0038411479321051895,-0.003391273254152888,-0.005455638880478897,-0.011842098307596156,-0.003440390893539008,-0.004722438719578953,-0.0026914916427911734,-0.004714102289900242,-0.0014747244834942084,-0.002878286817635788,-0.0018478959441215834,-0.011048810118272925,-0.007321243450200446,-0.000890341587952103,-0.002980257859360777,-0.003679081116648584,-0.004308607286828622,-0.002785283941419192,-0.01083166306298005,-0.004165074085291209,-0.004508211839866683,-0.005741231015254068,-0.004547721695522847,-0.004291549369271137,-0.003940272466590225,-0.0032604349845633193,-0.00021226886183842684,-0.004100763342307112,-0.003918893985002926,-0.0038050463145641797,-0.003494499891617703,-0.0035497642966300993,-0.005501725020292567,-0.004456974321380126,-0.0024021707068240007,-0.0037880640650089815,-0.0009631417185688284,-0.01028765050194263,-0.0043503513202118125,-0.0038722500163696078,0.0008466872089960414,-0.00617157759295911,-0.0026815043095350447,-0.003856237266393732,-0.004289109548934833,-0.0041629384891469865,-0.0050728590770818364,-0.0024611611776621817,-0.008461061922022766,-0.0016685649132305164,-0.0032366255382455886,-0.006487154153499578,-0.0034107064175435547,-0.0027076737925934673,0.001418026507191729
min_user_avg_feel,-0.014876615042203448,-0.01127663289869853,-0.011834873825359294,-0.012717733208821145,-0.012118116964881659,-0.012832845054069399,-0.00913392228409109,-0.010194197944533526,-0.005009077101108955,-0.006031013067646743,-0.01568640154500329,-0.007235933141887663,-0.011098757274615654,-0.013763916541990533,-0.013077610200269046,-0.011550520881198364,-0.014181020949528758,-0.011818104203913046,-0.016727141049072015,-0.010173809022131212,-0.011386054443028842,-0.010972872139601596,-0.009577511758638614,-0.00967109724728019,-0.011254669202564281,-0.014206921174102344,-0.013837764609943515,-0.011942563401709143,-0.006059037631038634,-0.00965125021684151,-0.016299373994499957,-0.012665103292763318,-0.013638727856645803,-0.012998748726548551,-0.009858712571641101,-0.00935293000378059,-0.010431209065693298,-0.00807892043132189,-0.009893810251481321,-0.01640062707685629,-0.009482346875151954,-0.012198670800242457,-0.0110791056280022,-0.0005263906378124576,-0.013727139681338048,-0.008507112016104162,-0.01096611261783326,-0.011265190976230152,-0.011063116245290211,-0.015728955258237545,-0.007818076908294835,-0.011231804828111758,-0.01079944908860006,-0.01632908631562797,-0.012222643475929568,-0.01473792895345171,-0.008317075453977335,-0.011798631780357293,-0.010877906430971925,-0.01053160619825566,-0.009446509693385098,-0.012677789221792303,-0.011440946134912354,-0.01109361631687605,-0.036739187329330986,-0.011980505834326378,-0.011600090673783819,-0.010677022789030786,-0.0080923445248808,-0.010672727698948321,-0.014619201620474843,-0.010973046046046682,-0.01146549757717501,-0.011469793334088124,-0.01241711560080127,-0.011087234055323525,-0.010756275669642554,-0.009893371301089082,-0.010479960460377736,-0.01842360811063946,-0.015839543408424753,-0.01134599511676813,-0.01588651514820232,-0.011252318161602081,-0.009274575315782798,-0.014107744360181671,-0.01146901278677881,-0.009731550098819448,-0.008219907388669664,-0.01512299559996452,-0.013107172313895146,-0.017760882207624513,-0.005678524284509379,-0.011753051737119057,-0.00972222435670547,-0.01124118251583207,-0.008148632700366927,-0.01126166667621832,-0.011279070893466152,-0.011753691373183849,-0.011080646233208247,-0.01185810998720905,-0.01252343886015479,-0.010805616425155285,-0.012141033166685113,-0.011484668978187576,-0.010833997390936104,-0.01208098190148516,-0.012229323153770174,-0.011305030142820789,-0.011467279048622738,-0.014496181020398007,-0.012089733642327549,-0.01056299713775358,-0.008423160183700696,-0.011898583437006343,-0.011361109454255421,-0.011085488052712495,-0.009973405470032184,-0.009915703063792355,-0.011269590220134504,-0.011224918721358869,-0.01334250921796241,-0.01686712078379989,-0.012823650076146956,-0.012525648155932942,-0.012598101888297117,-0.010985421860518724,-0.011429446903536367,-0.010225098573346074,-0.01011246937050283,-0.009646889443683849,-0.010773525129511305,-0.017039955244770155,-0.012050733473149899,-0.011263739655928187,-0.01112021244654636,-0.014677937950824518,-0.007173444399082317,-0.011627776629639638,-0.011265767290169057,-0.00926987367163564,-0.010475292549952721,-0.0065182305193404915,-0.012726570360187161,-0.01725193094593724,-0.015943070565659596,-0.013160935989645836,-0.0031704643572658987,-0.011385521253963478,-0.012428279701675253,-0.009110315596704905
max_user_avg_feel,-0.0019322184938845091,-0.0016175161853703122,-0.002103326226360943,-0.001960615712330584,-0.0027225810207979276,-0.0004285317342464616,-0.0007745890625715512,0.0015932707532564892,-0.00044346401192719813,-0.0010946268706600194,0.0008680982034268443,-0.003643742194175348,-0.0017820993106554064,-0.0068869308537934555,-0.0029800679972650825,-0.001981258871551067,-0.004578825049785903,-0.00505148048758864,-0.006269885562581632,-0.0028896801089189957,-0.002046896114353448,-0.0009284306343200384,-2.1935627561631837e-05,-0.0009668507797312657,-0.0019503775736930528,-0.004768571102672424,-0.0043776675837792055,-0.0010010893296011729,-0.0043273701473031875,-0.001510572165892123,-0.006996342360482596,-0.0021721398223250588,-0.0021715309579517245,2.1902312008039923e-05,-0.0015881500784993303,-0.006319948011998585,-0.0010790921594521774,0.004286781207332479,-0.00039096563613836774,-0.0007912679415515399,-0.0027540828754751227,0.007743086820505021,-0.0019138449164746944,-0.004636671291379336,-0.0013095226346969708,0.0015477623622969228,-0.0018878690917761912,-0.0025052409892824274,-0.0013038227851231588,-0.001564010731606013,-0.0033139974715560606,-0.002013443475676717,-0.0017267967333110187,-0.0018535664455199292,-0.004076248707584055,0.00015013800992862147,-0.008787349073277315,0.0005138906179502061,-0.0015072356069612495,-0.0018277410337466573,-0.0005157590415288092,0.0009578108522334643,-0.00327064986709941,-0.001807891304493027,-0.008259434325404661,-0.0018300707191774741,-0.0008216425063815001,-0.00020206551154469503,0.0019414154289642757,-0.0016233556930811358,-0.0032028906801495165,-0.0018679652361016288,-0.001326109514090108,-0.0016423127449372178,-0.002715050170219155,-0.002566278439658858,-0.004579759984720561,-0.001747534410758889,-0.0027800690353180155,-0.0013663848377334243,0.0060697618164075665,-0.0019033019664154282,0.001855404257339554,-0.0006823436147076929,-0.0007743938699033039,0.0025870395333204357,-0.0018917464584648196,-0.003400733181302653,-0.0020796728875391857,-7.553730290703504e-05,-0.0027264774632353612,0.0025220441901476834,-0.0022389008475277375,-0.0036569909731563564,-0.0011323451456436984,-0.0019523638016465273,-0.0014431479339018349,-0.002027915523524236,-0.0011221986535860564,-0.0036940191520042857,-0.009641611074608529,-0.0017832168072666934,-0.0018243073898879594,-0.0012337465410408657,-0.00320994659598018,-0.0004988019524264052,-0.0012370894850511852,-0.0008342062202632752,-0.008440950515240063,-0.005828432474594445,-0.0015037289310632206,-0.001429352351365553,-0.0020391812016970334,-0.002614348720318292,-0.0009557907340067076,-0.00809804429694122,-0.00271081463863186,-0.002413502546062648,-0.0030814927796144476,-0.003100190774447606,-0.0023877892334856314,-0.0021040394771220054,-0.00166526890392147,0.000619344984268036,-0.002312795175924323,-0.0025221634819455,-0.0021154783743457927,-0.00192820649127356,-0.0017860686793442788,-0.0034501649747347655,-0.002491255281656642,-0.00026791278835516623,-0.002060315561956896,0.00026109453428770774,-0.007263073582143851,-0.0023835853401757597,-0.0020474164356043007,0.0018177398364657878,-0.004358296641227985,-0.0009206150972965611,-0.0016739379608737906,-0.002770383153860405,-0.0025573364235995395,-0.001690058687012632,-0.0009425776154918502,-0.006549178215693946,4.6173945985439335e-05,-0.002369705475422479,-0.003905877123168382,-0.0017368655481259515,-0.0011430556649533064,0.0011940452519674568
average_user_avg_tentativeness,-0.020769298997475354,-0.02110588802783137,-0.019996075504124952,-0.02063241201292583,-0.01858263318383999,-0.016298103246106505,-0.020343929278634015,-0.02115394581316863,-0.01993794405307904,-0.020376877967097938,-0.019634731824557914,-0.025000421979796822,-0.020156359519233204,-0.01976151758452676,-0.022430349052578402,-0.02074915171615694,-0.012591806304311075,-0.01932568965023925,-0.017976483239950776,-0.018300289524341103,-0.02031698701357153,-0.019906939422854774,-0.020179721568398964,-0.020088502295216956,-0.02041521752090415,-0.021334801627828876,-0.02116696798871157,-0.021156321707237566,-0.017734908097334703,-0.021347263491280362,-0.023172756833818184,-0.021665932302881653,-0.014600227145101034,-0.015558189236349435,-0.02107487961977307,-0.0191988998083642,-0.021138406236713394,-0.02088014249928306,-0.02072543139758202,-0.018491044779621636,-0.021471869795346838,-0.020763882696229797,-0.020477395221722247,-0.024451585115369247,-0.027867014379910432,-0.023439474415806492,-0.020348983357227488,-0.020516830825441063,-0.014137708093569061,-0.021414205999967677,-0.01914168204659342,-0.020691458549088545,-0.020318053403792596,-0.024739270171153193,-0.020597775157081246,-0.02241488382941692,-0.030696613485455486,-0.017281773815667333,-0.021678344616833874,-0.01667148033845267,-0.02160453991016106,-0.022683834896635932,-0.02062542059671342,-0.020579550716545332,-0.029313505036403457,-0.01995859823200343,-0.020532541587749142,-0.02064296266377157,-0.019582909385388845,-0.020612313065051527,-0.020572496008511885,-0.020478764483156414,-0.020997754670029557,-0.019625465573145595,-0.02190021158383928,-0.020287604033502327,-0.02302348184547134,-0.019081957785418047,-0.0208201198439365,-0.015876027105557793,-0.023758808634418378,-0.020414545453925036,-0.016411995678399897,-0.02041990669527135,-0.020664257579228174,-0.024593373449393777,-0.021427549600030793,-0.023186736376910964,-0.021999042531829004,-0.02516693364749372,-0.021137604157166638,-0.011559224993969362,-0.020972371314381146,-0.0209447324111626,-0.02163535646806945,-0.02073094719568052,-0.019217555267632094,-0.02056062150747336,-0.019519653810692407,-0.022506062939161173,-0.018460670392853647,-0.020507834242725675,-0.019772116309532746,-0.020859569130730615,-0.019204100981017807,-0.020576460868530187,-0.019033765935239904,-0.01999927528657044,-0.020491235628408804,-0.022184297622123213,-0.018204792456717876,-0.019798706327466303,-0.020654557119644652,-0.020244836671959022,-0.017638105952991708,-0.023042888904157913,-0.020265008541335287,-0.020321762701574795,-0.020743114262208318,-0.020665858049717753,-0.020993504637248726,-0.020717493894430273,-0.021431786391906568,-0.019635439139170367,-0.021948949347816535,-0.02067561219553736,-0.02095141798030573,-0.02079218410971987,-0.018592113401360483,-0.020799586004725385,-0.020506382828833998,-0.019145770676182245,-0.020251883994286273,-0.02141175804729266,-0.016292783417739036,-0.021975956184284735,-0.020546879525257484,-0.017183171607451378,-0.020958444887837765,-0.019758352305409645,-0.020740408678228777,-0.023074259598569256,-0.02125446035483692,-0.017315097396319177,-0.022997527043220604,-0.021233010568645433,-0.028839850085694594,-0.024392541411316068,-0.022094443657746887,-0.02059757203569589,-0.02133169972099112,-0.01946066807760574
stdev_user_avg_tentativeness,0.03469214600999017,0.03440369235251196,0.03515126508004205,0.03648419628073284,0.03490056682526862,0.021898246630942846,0.03380676930526342,0.0331544896229599,0.03622685964378482,0.03210313395453061,0.03261980009737266,0.02884006228440281,0.03605879984854847,0.03874323803906104,0.03277733628213397,0.034931299553756456,0.03515628107337903,0.042268119738402,0.0313014187812095,0.03427818618994233,0.034958388897057824,0.034459108925469356,0.0337792551678462,0.03403338219185228,0.034973838988213685,0.031590226578603886,0.03607275413783581,0.035612833341025066,0.03470496491754666,0.0345501094148769,0.02383213590024139,0.03531202945840322,0.035390152076126696,0.036318542846064235,0.03596948184453827,0.034710062255973076,0.03330964326636628,0.04174491647796647,0.03691228913928126,0.03651581259473437,0.03379881603667875,0.04336405218638695,0.03458870420050411,0.03077924976073674,0.029901451940879988,0.03221686820833617,0.03440819848987985,0.034919480787380684,0.033217454939377916,0.03673999258459046,0.03502016576841127,0.034998649846995224,0.03502081839399776,0.030564482728575655,0.029793278765031517,0.034397391502063904,0.03531087767833856,0.034868667730522995,0.03324087185206802,0.031591640231432724,0.03346643045832051,0.028951733318274258,0.03514121952004616,0.03491169665262918,0.016868926382850938,0.03614172523327991,0.03721199614661453,0.035120958265709865,0.03297596959648422,0.03497030424552794,0.03329354681205385,0.0344879641323966,0.03432886764490267,0.03608018121556554,0.03454971625707483,0.03383168543472651,0.034500887946167486,0.03446172588879002,0.03503051331214788,0.04647266142128397,0.03310784603750186,0.03529702579999265,0.03338515149963482,0.03553562328049409,0.03386821350697681,0.03526813343138091,0.034862488694173285,0.03386759729050502,0.03499453925108669,0.033020485651691536,0.0394925872845899,0.03254847297951458,0.032952013562440714,0.033821724005681744,0.033967124584140376,0.03508310989204448,0.04505378151358057,0.03498316823642518,0.03524960507304055,0.03588158164424004,0.035696862525101,0.035742946518888215,0.030745887155403256,0.035341695591229405,0.03533565237252036,0.03132933652214062,0.037590572590828854,0.03664119962336673,0.03230493367027455,0.0300928102688714,0.033636821491825515,0.035141882177973295,0.03496240321294165,0.03491017598159206,0.03331006340068175,0.03277567297463696,0.03404745195437497,0.03493736645136203,0.03274020396472463,0.03401368996139167,0.03457695581592346,0.03480040091473344,0.035879142741284925,0.036573185315810525,0.036336665873787394,0.038010629737047816,0.03440302267053833,0.035779164066516225,0.03848000932828608,0.036248996147024905,0.03544412186879064,0.029221327562092468,0.03516578140353761,0.031780172558524646,0.04283174079161184,0.03318309922482006,0.03494727358684515,0.034666142106574496,0.033205332172069696,0.033593242811376295,0.03619546052086331,0.037237659817464325,0.03566435215280586,0.03169431154272938,0.03504166054877292,0.03181129870268651,0.03288831814572843,0.031162980179706545,0.02199847775854287,0.03699293852539159,0.034184349486059355,0.015766384583857887
min_user_avg_tentativeness,-0.027679354195107884,-0.028173402574750983,-0.027184193685648558,-0.028143273718408968,-0.027417452468588448,-0.03265467659226313,-0.02514346562853633,-0.029464677822382473,-0.030583818580155773,-0.021952193927311077,-0.02781325496145621,-0.026460191323556675,-0.028257046902040867,-0.01912180335550242,-0.026217481249135602,-0.02737799357638413,-0.029294373665743823,-0.02908570144637541,-0.019324806154751843,-0.025979633654138145,-0.028334121597486363,-0.027274918815004594,-0.026779631114998016,-0.02693394146357498,-0.027261110933322185,-0.02760831388942826,-0.027339405417628512,-0.030371629142606375,-0.029047377280392955,-0.028645163018548664,-0.038832072808822414,-0.028055481725893804,-0.031049947424036772,-0.02941973141591719,-0.028781418711564213,-0.023114652692824814,-0.02742547523989135,-0.03080496134329208,-0.022109672417006232,-0.03198398045453442,-0.02759691873560035,-0.031966649420785295,-0.02793137250129398,-0.026863961579061204,-0.031102772437177052,-0.03432449218211709,-0.027984410591771515,-0.02762793017653546,-0.033651693994312906,-0.02819376002731718,-0.026951860075400152,-0.02781099651123113,-0.028045487830128356,-0.02977093001907187,-0.02466429932914746,-0.03203038154306917,-0.02526439072811303,-0.027412229534714123,-0.025179277952742683,-0.029429957628242985,-0.024145604195082146,-0.028593684703110255,-0.02789273457131068,-0.02769527596352117,-0.02624811251222219,-0.02799769771522631,-0.028322608190572307,-0.02813892848635906,-0.02535507783940496,-0.028542954777353767,-0.028077650176856477,-0.028878534558645835,-0.0269025794522353,-0.029206162128577597,-0.026987740578796198,-0.028349056476114298,-0.023730689132629577,-0.024434595358114167,-0.02809311383856569,-0.03269698874255879,-0.022094590703259784,-0.02746936305138213,-0.02403977776607531,-0.02851980794117915,-0.028034636901654187,-0.028360798758029097,-0.029679779257691673,-0.022516489795392076,-0.025677358161899345,-0.030334394170053167,-0.030911124901558916,-0.03922487355083691,-0.03045448295589371,-0.025093116067657965,-0.027909828263408702,-0.028705813656801193,-0.02695443079385508,-0.027563689175355417,-0.027366427224117307,-0.02395362656214102,-0.024798239337332103,-0.02841127783564422,-0.029125065420449105,-0.028536570559043788,-0.028693841370040933,-0.013723485484767522,-0.028713098944476913,-0.030185828051560996,-0.02813650789809464,-0.026448078402191384,-0.023990387636572883,-0.028151867424859346,-0.02745087453402633,-0.026549551102488377,-0.025553647905297218,-0.026684983205535605,-0.026642168875117098,-0.02644645233246394,-0.02764661311883542,-0.026735678113285335,-0.027198369960571844,-0.02748714934674633,-0.03136553723848252,-0.03501096107208203,-0.029252793108762984,-0.030346902122731216,-0.02759619427465526,-0.028395835519209756,-0.02719259082000187,-0.029065448878286704,-0.028286901912804783,-0.030723498276679626,-0.028545635345408618,-0.03033643622036286,-0.02537572888822039,-0.02220586653007158,-0.02765041595806387,-0.027863143146819366,-0.02645099243536851,-0.02594988401257689,-0.025936553150920548,-0.03513503950080626,-0.0271368861763127,-0.02744211563628969,-0.03320589676604546,-0.022364640998457194,-0.02301657366398959,-0.02860172421937628,-0.009964228117690349,-0.02870816801690204,-0.02865782429640059,-0.012724774052296904
max_user_avg_tentativeness,0.02286491620129709,0.022396589868077063,0.023236261915583527,0.024140534345912467,0.023307341982328793,0.01167997869183051,0.022772632243795592,0.020782196126922448,0.023359063173786936,0.021496158731396323,0.021132936372240226,0.01745218769608393,0.02399341582141848,0.028713426748334922,0.02082867484545604,0.02297112243362185,0.02572636895403902,0.02790054237497157,0.02154205985795998,0.023234015376179765,0.022886751502884217,0.022459642313181614,0.022560805410884004,0.022460342305754208,0.023056132482833107,0.019369651429599132,0.02341801950273357,0.02295827649544463,0.02277373915742017,0.022720096091772512,0.010848514316746556,0.022569863546116127,0.02367089852278965,0.02499432290790341,0.023512121549939757,0.022771516717622023,0.02165243652592764,0.027963178795757528,0.024327760596908835,0.02448025850020558,0.021496068938495417,0.027594097663779286,0.022575675521247784,0.01912701566591018,0.01617130582792311,0.017989334447949604,0.022347473679791226,0.022831416818396594,0.02172105067429296,0.02508017842286061,0.02334036689090892,0.022936250773940754,0.022944944811025738,0.01963150523690241,0.019315428956964344,0.021141789473738855,0.019600427025257328,0.023500317761705837,0.02154790626411503,0.019715102332415427,0.02177812677076773,0.018696388730092557,0.023089912917907504,0.022898356727035496,0.008187489307895172,0.02408686806566746,0.024780380053764085,0.022617072720852123,0.023034930657111242,0.022744345165758073,0.02162792512886735,0.02207699886158882,0.022120102585202268,0.024139964148438234,0.022497065495253814,0.022025736978774708,0.022467684657826448,0.023556207770050092,0.02268403201567854,0.031289041049837325,0.023155272904485772,0.02305294369541451,0.025500003539834084,0.023419598582255056,0.022401673333022357,0.021546147299357915,0.022265481724637645,0.021662411524988524,0.023143914243241238,0.019911776315809974,0.02585844759717891,0.019582239769649897,0.020086447126943557,0.022666636253265853,0.021529987942062206,0.022892660555677156,0.030159089537164667,0.023022359643845847,0.023523404554781073,0.023687656280074236,0.02506544136521397,0.023512206279191032,0.020149527820538256,0.022912985398076503,0.0235974855914367,0.02253325686288307,0.025066551736425885,0.02377270420541635,0.023747638820703854,0.01890035547664904,0.02216501279973485,0.023549488859139486,0.023027671796607228,0.023273199192974617,0.021626604285346532,0.022497057499310132,0.022385625389463946,0.023114931717284543,0.02157421085193388,0.022793165554167324,0.022623892279694236,0.02287356624430388,0.0225559603546897,0.02234632676055922,0.02346658321624999,0.02474405196353261,0.02254045600144835,0.023117948314367184,0.026706434764540904,0.0234096754867311,0.02321997945784377,0.019343341202985913,0.023154533877968644,0.0202550647893033,0.030904303031857563,0.022331297189377028,0.02295363198340731,0.02402734633133908,0.02167083227839777,0.022456616004822055,0.024012412325759198,0.022295132984729918,0.023232817120070796,0.021023376103434323,0.022045523353952268,0.021526147520386587,0.02146088497591503,0.018972492415728077,0.015283305276935421,0.024093829654776425,0.022161978766596424,0.009288172622182343
average_user_avg_exclusive,-0.029369171172135368,-0.02902771267850138,-0.028020088610785577,-0.028780036969749075,-0.026141092090163617,-0.02830007575921217,-0.027528927783974214,-0.027455562700978958,-0.028104879780879728,-0.03207390831930693,-0.030006862685106522,-0.0318866790848925,-0.028728960810570057,-0.029387737417056428,-0.03033844685144075,-0.02958942992354527,-0.026763334905032264,-0.03162713200567806,-0.027722215212980857,-0.028768287675650688,-0.029226439226688397,-0.02929535839905058,-0.030621355476445747,-0.030673472013885515,-0.029160072967297494,-0.028399735834492956,-0.03119523535414818,-0.02933802107026872,-0.030246032171803182,-0.029001882237164166,-0.022042173763955633,-0.02952785087029476,-0.029178399808661125,-0.024540342650532163,-0.029301768356014887,-0.03066918929956026,-0.02959323134623009,-0.017439809344955617,-0.03378915866069451,-0.028082800484722687,-0.029575569271533764,-0.037065280698405624,-0.0290313697421651,-0.036190459013087005,-0.026163550845521227,-0.026411450200878237,-0.02881871944663001,-0.02904188395845925,-0.026677117170725996,-0.029136270357107412,-0.02980229699939772,-0.02911924923241194,-0.028633327003019356,-0.029941534480151796,-0.02875082826038781,-0.028918467882510616,-0.03460879176651622,-0.028442688479738267,-0.029879645680327603,-0.030059223575029496,-0.03023956878005401,-0.02514849640969987,-0.02892344833938723,-0.029088915679471854,-0.024792134294436184,-0.02840845647759244,-0.029684140433217494,-0.03119797149417186,-0.027398435549970707,-0.028997627352575148,-0.02848792176015859,-0.02876858880674761,-0.029195672151943453,-0.02961149637248257,-0.029346923430569407,-0.029048976770144196,-0.026777211111475577,-0.02908174403878224,-0.02849559107753372,-0.03426384230089383,-0.027262917114754148,-0.028452371765760345,-0.0285205330619036,-0.02902556514316651,-0.030012778065688438,-0.024974369611813554,-0.029533189332963162,-0.03125582974672478,-0.0282078209991522,-0.02527719331291172,-0.03048801081149705,-0.02464959742298277,-0.028678011669620855,-0.025690724307772365,-0.03008232065742917,-0.029137153304889578,-0.03217821715801905,-0.029046365211235672,-0.030041455394319207,-0.03315621612357082,-0.026908758927287484,-0.02849862060373769,-0.028909938966314302,-0.028486858371629866,-0.02698481033616114,-0.040943676778177035,-0.028623546774489757,-0.03211046838715685,-0.030257619973092207,-0.02631304829407025,-0.025166383507283972,-0.027040896587365804,-0.02898045444417168,-0.029144135908958303,-0.02925594901317643,-0.029979224705892232,-0.030965106775840755,-0.029147676706630647,-0.02960876315728828,-0.028853740677298168,-0.029400830813442372,-0.02927471170086158,-0.029733609032617854,-0.025801135808103476,-0.025114473239817726,-0.02848152550443574,-0.02925050284322048,-0.028672860844825815,-0.03219494661482285,-0.030102578378554214,-0.02909133854449281,-0.0345100875395816,-0.028942192927283828,-0.028612214461770265,-0.022408056230745124,-0.02609071445145857,-0.029220241767251246,-0.029126555950092153,-0.029061654701425563,-0.029392679217398184,-0.02818770003285257,-0.029867243982693078,-0.02969900513855957,-0.028679686649532573,-0.02807093761466074,-0.02893789426537027,-0.018775617906911877,-0.02819630409796439,-0.02704086821599387,-0.029823615292658145,-0.028720026416289766,-0.025065159999135674
stdev_user_avg_exclusive,-0.035286334373887104,-0.03644043397351428,-0.035532137475306085,-0.03571305545206238,-0.03306344519248697,-0.04419517010995552,-0.03044484754668804,-0.038459430791430625,-0.037047667901379935,-0.03832667102285891,-0.04136123380858285,-0.038832457434963774,-0.034534796699364295,-0.03909965213497894,-0.03530203640263768,-0.03513107511672764,-0.035173951729260855,-0.032314354511673235,-0.037621085340116725,-0.036216067537344784,-0.034801180039213585,-0.037305002175254676,-0.03427303364130289,-0.03625945355664958,-0.03519013662549777,-0.036469547724346366,-0.03603464438505893,-0.0363092532038926,-0.03750810866959474,-0.03583989970030051,-0.022857644605597298,-0.03618507807970761,-0.03789840030957564,-0.03029967487954409,-0.03546228375248965,-0.03758166570259646,-0.03504828931545821,-3.732836997228858e-05,-0.04763566321893033,-0.03247653068289347,-0.036723975739491425,-0.051029968468577575,-0.035760709359504005,-0.03580719021555266,-0.03262819345079459,-0.03670142693601813,-0.03604006449100277,-0.03620484747614361,-0.035400655213765994,-0.035969409662783884,-0.032077616027881464,-0.03539735185221306,-0.035827641888652804,-0.035211604401899646,-0.03679740357539406,-0.03529365067731395,-0.035566502242722814,-0.03469916326427482,-0.03499297923930496,-0.03096200274753221,-0.034878310710971396,-0.028846761986347103,-0.034570772147776235,-0.03530657449891819,-0.028280415552753204,-0.03484972023373971,-0.03590785245222863,-0.034915921910479285,-0.032864450448309615,-0.03533458221533404,-0.03424540046379451,-0.03583957884631754,-0.036326705902397366,-0.03628529971526891,-0.03572245009004991,-0.034892054645036086,-0.04006985857582404,-0.03651692958293338,-0.03607498893310781,-0.037806423552008875,-0.0345509436508266,-0.03550697536350647,-0.027207462920031733,-0.03464285125456193,-0.034561386107593337,-0.034567680799590134,-0.03533651089869037,-0.0343119808967006,-0.03354230925080791,-0.03868515951699361,-0.036748689489171676,-0.022304609487168985,-0.039393041520659144,-0.03528313963162214,-0.038303281645814126,-0.0350155514709032,-0.03718376236447022,-0.03541878672418505,-0.0341413702853136,-0.036733156824932445,-0.03471705547884874,-0.035484625054306114,-0.033362750201436385,-0.03683423407879325,-0.03484031899481024,-0.04085611394185448,-0.036763698119406656,-0.040506013608135875,-0.03630840588805401,-0.03299244067568097,-0.03521084761454739,-0.03899710552182937,-0.03447482741304621,-0.035301375302223846,-0.03587650231939823,-0.03420257865397136,-0.03738092661706473,-0.03648595056113692,-0.03621673187504007,-0.037204428955037394,-0.03640595835580547,-0.03550483758639697,-0.032686461755685375,-0.03160390801579223,-0.03232492147990687,-0.0351701769788178,-0.035144290907332745,-0.03540465386491537,-0.03599681484058084,-0.03496846369303696,-0.03596242157005114,-0.03262548105457627,-0.035011174393023106,-0.035788092943809205,-0.0378197320804624,-0.038035297659653404,-0.035273701461944196,-0.0332093878637352,-0.03368124726030294,-0.03499408643443118,-0.03579424788164426,-0.03683622471490085,-0.035075325947941785,-0.035438763953263897,-0.03619923409821259,-0.036377721304258516,-0.03398639971118715,-0.03540099510307786,-0.036726610293475716,-0.0339342046502819,-0.03406485958853961,-0.04223377669266325
min_user_avg_exclusive,-0.013142647587668697,-0.012636578561507888,-0.011947756533010691,-0.01242611495744717,-0.013944897211808504,-0.013957004271853864,-0.014129766302753952,-0.012247837942220948,-0.00953315247322453,-0.010611090612645951,-0.012430412918181435,-0.0078117406112435984,-0.013041702653014117,-0.008522798394301942,-0.011589647595215795,-0.013316475628806624,-0.011021347737955616,-0.012243258070051855,-0.009821078241647328,-0.010825171786659673,-0.01306153524698658,-0.012329598586957865,-0.0132198287291736,-0.010677514943772335,-0.011929868929836133,-0.01046739367507283,-0.013516230046587727,-0.011899596965224225,-0.009024171577100129,-0.016219662204244513,-0.02289356747616718,-0.012381886066664436,-0.012502272449383017,-0.016162609488130884,-0.0123006379769117,-0.011227052058908178,-0.006877751150049725,-0.011622143744038867,-0.014201289822128801,-0.020404623595180707,-0.011787198807910878,-0.015775633216896786,-0.012311383185053945,-0.014013874765814442,-0.008802602348255051,-0.014354046400175582,-0.011285653046289399,-0.011574121371047984,-0.014429747745360981,-0.007495230918834905,-0.018071980172046677,-0.01238736469852006,-0.012719546952990844,-0.013452032098257488,-0.010024492610570111,-0.011392350121530198,-0.013597598039050788,-0.013898728474998862,-0.013183786850142501,-0.01590273963394656,-0.013019406825596219,-0.010993925293363202,-0.012429034730701883,-0.012632450005383334,-0.011557657408650017,-0.01358497565448543,-0.012620319838723856,-0.012784408054468944,-0.010211387895387378,-0.012723857678925109,-0.012508936401461114,-0.011566618440337368,-0.013192026676970683,-0.012314506894878756,-0.011257640162851138,-0.012174426745301888,0.006740813519501304,-0.012536347451394567,-0.011534117429108046,-0.01959936479525356,-0.008809161815356174,-0.012046329383943805,-0.01638905535376411,-0.012360457726509478,-0.014191894628985598,-0.011861924211235796,-0.013473636520799148,-0.011600800954015115,-0.011442514767303824,-0.009861999816451838,-0.012616251269010541,-0.03330411394168411,-0.009867589140999037,-0.010607102052888704,-0.010163786894304593,-0.0127918478409855,-0.014312014225251506,-0.012227959914305761,-0.0152604624308737,-0.015103347791104699,-0.01182975476092483,-0.01255449262815058,-0.01122667954685121,-0.012312790842758593,-0.009658859038335937,-0.029942859830049726,-0.01029351668846792,-0.015150227442665193,-0.008820662327047736,-0.013303134516362548,-0.0198982015977954,-0.013740509196541318,-0.01268504669918953,-0.01327072949058736,-0.014064918639693225,-0.009607493036881092,-0.013107152525008162,-0.012323522057582512,-0.013571402301078632,-0.010834909016362528,-0.012456057544172342,-0.012450373114928798,-0.012930167144357078,-0.01548006450975762,-0.010904487070690758,-0.01151606513248726,-0.012921723532410907,-0.012243437346897028,-0.015177030775786181,-0.012419001315015454,-0.011520217653904478,-0.010154260710867537,-0.012042776159771493,-0.012581968739817904,-0.014383021071674489,-0.009900969169052047,-0.012281159554244882,-0.017971639355844976,-0.011640725926422733,-0.012360951572102404,-0.01248658012387079,-0.010685044772057293,-0.012366446726508407,-0.00872261808521241,-0.010566713286943471,-0.013889613428086972,-0.0060012186187765534,-0.01302228784269878,0.00280326855360911,-0.01264109097822988,-0.01285790273329878,0.0031260538389366946
max_user_avg_exclusive,-0.027339403799229587,-0.02815698301008627,-0.027267947174500935,-0.027629008374921694,-0.025799226402432908,-0.03595073793050824,-0.023707747213340458,-0.029928621670893177,-0.028792281500107052,-0.029455521463150322,-0.03255729582509311,-0.029679874487719568,-0.026647500780956464,-0.029601501654149105,-0.02753229694511064,-0.02731625979188441,-0.02633789742590681,-0.02607732184374071,-0.029246612134930426,-0.028519445893080943,-0.02717923962418556,-0.028979317369298256,-0.026773782835551686,-0.028068467246740482,-0.02708505782675455,-0.02792915399720954,-0.02888711091363373,-0.027841152825845077,-0.029523425872680482,-0.028322986010940906,-0.020362869157370553,-0.028228502919293505,-0.02910545743009777,-0.023918666837150757,-0.02733086927726997,-0.029374374056259665,-0.024933840637507046,0.0025524276441278096,-0.03774367874496804,-0.02737365844397414,-0.028487471839194138,-0.04284040932987315,-0.02777882657853574,-0.029329373930589035,-0.024243709207548692,-0.0294218858485375,-0.028165615557930124,-0.027883504924681835,-0.027894525230331316,-0.026399352864612466,-0.025953427740414432,-0.027434244530188147,-0.02774141347250627,-0.02701022507125591,-0.028058603805144612,-0.0265479248499587,-0.030796434781005744,-0.026930702212652268,-0.02742943388929688,-0.0249905489486647,-0.02793211801277672,-0.02097452800659636,-0.02674586325450435,-0.02742573043625217,-0.020233330790299556,-0.027018883562198073,-0.027797420210797646,-0.027836812337199174,-0.024029413034683894,-0.027576049390771483,-0.026357146432606306,-0.027801345255780416,-0.02875947059438112,-0.028584614918708,-0.02750699816906803,-0.02683303562182393,-0.02666544493102329,-0.028645683145558598,-0.027822353872871554,-0.030977544164719824,-0.02424108776494297,-0.02758834660234582,-0.020974103870400603,-0.026823320250016366,-0.02666473082064494,-0.0261409603634113,-0.027862842198694563,-0.02684348691686747,-0.025583275304650155,-0.028230688426583227,-0.028904560246984894,-0.02481365744306715,-0.029975532904296456,-0.026059948929868414,-0.029434372764731428,-0.027246108773918053,-0.029630007902500692,-0.027377781769033206,-0.027150050180614557,-0.02974540191346138,-0.026115132705722632,-0.02739744304410075,-0.025605278373057594,-0.028691808924428776,-0.0259213668478983,-0.037336083738158686,-0.027974995662626432,-0.03253128525076046,-0.02713713019669816,-0.02587926692936568,-0.028449111749636036,-0.030097652437464824,-0.026683797397500725,-0.027731350695239097,-0.029513295294607472,-0.02562956389954095,-0.02964637315695813,-0.028191863683769924,-0.028369745081994295,-0.028552635154400673,-0.028245958840950918,-0.027504273270260282,-0.024922778205991612,-0.024805455733254312,-0.02395796547255353,-0.02709219570009444,-0.027195780516115375,-0.027632197675500347,-0.029007787884429016,-0.027282902008721827,-0.027725274107406266,-0.02697090937119949,-0.027044368300482985,-0.0273147972990457,-0.028221316707575658,-0.027686624143738674,-0.027303367255114223,-0.026566548872644542,-0.026391618541534843,-0.02692169618967121,-0.02726826826864591,-0.02842020262869211,-0.027378685204460483,-0.026460429920227183,-0.02746134347662488,-0.02904979069463008,-0.021585558214336442,-0.028007362700414953,-0.025270459601056963,-0.02661803981897222,-0.02609798718427222,-0.02978077870082149
average_user_avg_verbs,-0.00415179852786101,-0.0035335390699911574,-0.004314358800673407,-0.003931236534953069,-0.0021544622741986198,0.0025300516242379167,-0.004901339756763306,-0.0037880921751223522,-0.0030271542540595033,-0.005950124704084545,-0.0020079873765816835,-0.00684080510512242,-0.004681098614187775,-0.0063742212056118654,-0.005223036580844423,-0.004478604331418692,-0.011820697829586183,-0.0031626428273341545,-0.0033916488399702276,-0.002701091742722612,-0.004198056151173383,-0.002419269464529139,-0.004399053519858181,-0.0031630294203639237,-0.004003704120140731,-0.004061057367008944,-0.004854675741919507,-0.00440221595761605,-0.003169074330783145,-0.0055960668616947835,0.002842109813853022,-0.004055751053578839,0.0019503917520243101,-0.004962544871919867,-0.004172240564374211,-0.002242878425912335,-0.004374870089787505,-0.0036866358634000257,-0.0037457894675227187,-0.004597449917378029,-0.0032133706610741226,-0.0027592514482970686,-0.004053789994040123,-0.005249897494818698,-0.003094851570454483,-9.879651900938057e-05,-0.0032397166129041286,-0.0035842561993654574,-0.0039204595586150096,-0.002712296304178555,-0.003858221013827141,-0.004215747751854347,-0.00452270253896218,-0.004181447888612026,-0.0068217565642088186,-0.001893063613865955,-0.006634266703832431,-0.004256508255214755,-0.003869849220775044,-0.006554016156764322,-0.004665738752105443,-0.004287555152806223,-0.004229147329897199,-0.00416852258485486,-0.005333962904362754,-0.003626208524379511,-0.00736244504277031,-0.005044870938465909,-0.010194075608738971,-0.0043275130174942646,-0.004276007660597995,-0.0038277306688551047,-0.003437459951410763,-0.004267410353711828,-0.004734210104169053,-0.004178140520625092,-0.004905054716823405,-0.0050938562067614004,-0.003855647637145701,-0.0011597355477963815,-0.0033628592679924504,-0.004280891837874263,-0.005746929396537363,-0.0040770746715903215,-0.0044852376106139374,-0.001634866658425346,-0.003589184369527248,-0.004762208361070627,-0.0035639496497501446,-0.004913698078400516,-0.003618918668259266,-0.0089096298327974,-0.004415263355600383,-0.0016306027498119158,-0.003158157065312018,-0.00416474719320834,-0.005818635956441304,-0.004228555701822748,-0.00559515014755145,-0.004109312190877299,-0.0034482555575809457,-0.003193880890059146,-0.006407805089020339,-0.0036097294343304526,-0.0025678012206653868,-0.001375660077085828,-0.0027948600605205605,-0.0017719180267604401,-0.006866959326920101,-0.0054814917841028155,-0.0031282237237696044,-0.004801065657586742,-0.004890162445652801,-0.004046791017132534,-0.003231263627639107,-0.006098955527608163,-0.005292008564551268,-0.004774418700725373,-0.004489246414326801,-0.0037126666907157414,-0.004408207831394954,-0.00414990522863766,-0.0026283515789317542,-0.0037438028251844807,-0.002492276013808416,-0.0039250790394910265,-0.004239071342592608,-0.003986684180583977,-0.003714871073855852,-0.0028924232106277564,-0.003463551899061095,-0.002609171620459613,-0.0037590288222764077,-0.002866901161436933,-0.004650552305199267,-0.0040376121142477045,-0.004274680796512605,-0.001892234262954831,-0.006140684893896534,-0.0037775033555031354,-0.004296421415050641,-0.006770369170950981,-0.0043630964833369975,-0.005778247040162502,-0.003722350507450435,-0.005169810287100658,0.00017896351598438963,-0.005261700524402616,-0.004918072554092769,-0.003977058142891396,-0.004152783022273275,-0.0036449323745794265
stdev_user_avg_verbs,0.0048345150831581515,0.005372702133625451,0.005290670638461007,0.005325659442450937,0.0075547988937088445,0.005376461098502289,0.0005371464827261772,0.00557460133533854,0.0029168093206806897,0.005427327605623658,0.009896415860543292,0.003679550638603528,0.0038531722449013407,0.0014131795564652043,0.0034763274826796337,0.005816487231510011,0.009525873764960113,0.019610628770211445,-0.00038779788001259974,0.006734887834820829,0.004443820230372531,0.004910929317977514,0.0012292323805288621,0.004732379440967622,0.0048370967395246,0.005468622113403914,0.0019322010650736667,0.005094077060819019,0.003846687050922809,0.009888725470319312,0.012153733015438737,0.005025276071879876,0.0059042670234016326,0.006464410716057904,0.0044835519375475905,0.003680424054593779,0.01144838274895615,-0.005898145897192064,0.007973811928323294,0.00629315358788414,0.0043527314845252,0.004150046260701021,0.005536885160899105,0.017125879640395077,0.005635260775756018,0.0038174725264791855,0.003443103788683722,0.005287588758882144,0.011349912597057775,0.004951617669543579,0.005474926061382928,0.0047612230850215265,0.005518235806614567,-0.0014694228356622319,0.011022579540947153,0.004766999006084436,0.0022808571447766116,0.004666781631715532,0.0045832855854917726,0.007502133798684429,0.0061252233012878896,0.003221051021982179,0.004988501449136172,0.00502267912366787,0.007958191492220771,0.004708757879959221,0.0031954229889016236,0.003941449535924745,-0.00075023956161634,0.004314300594146215,0.0061240989383796254,0.005668406650736268,0.004594756114308492,0.0048046961773126305,0.005429807698259504,0.0036525106535725445,0.0006145161770702116,0.007474864583343892,0.005355946807093826,0.010990944368472602,0.010193002793245875,0.004666286643288987,0.002433550470612958,0.0039878884557466784,0.003606707745231641,-0.006266231130126091,0.004876267698305969,-0.002532921491389315,0.001771129941584751,0.004394931775668791,0.007181751014479248,0.006470279962264278,0.005485915565206282,0.005270641215894319,0.005442555568286624,0.004701078350529846,0.011255941164322096,0.004782467262553564,0.004317056187869973,0.0039925244546922915,0.0064726945628022815,0.004443373577073591,0.0048107103361339845,0.00354002958236245,0.0070617303091561195,0.0034342444637445527,0.005878963150398472,0.005048264239568015,0.006613205714592622,0.00433080533714808,0.001206377074289739,0.0038630809680248873,0.004497189820375277,0.004612305475075008,0.0001840125279862527,0.008787484964905643,0.006113210708400062,0.006511327178222271,0.00274396989053996,0.010931847400875373,0.0050940179550178835,0.004958310415998746,0.000292791489763633,-0.0005568824564665571,0.0048043351872088,0.00619837480743787,0.005120191764014695,0.005743579863501089,0.004280164396702424,0.0023482248780998353,0.00502050157482482,0.0005123781575778162,0.006027105035892925,0.004924398009713633,0.015266861336206233,0.005197567502884696,0.004744044373035137,0.00552182851459284,0.0009287737654762283,0.004245330218097504,0.005159017433663319,0.007701195163552027,0.004008193983875984,0.011513288177603238,0.0050361289666131515,0.002641232192514869,-0.0007646679214915082,0.008251466490725001,0.004700806569929654,0.004826649765383086,0.003950090056968791,0.006411223690683543
min_user_avg_verbs,-0.006981689098394986,-0.006975120517453574,-0.0075690212525078605,-0.007019927092160472,-0.004122338910970216,-0.013984954138501558,-0.008167402900281708,-0.006646554961363318,-0.004391474549861454,-0.0052280409201255415,-0.0009697350255765992,-0.01100485165403367,-0.008343906699397125,-0.01474861185573555,-0.006870673518086009,-0.007155365976318967,-0.010129914271224755,-0.01531408319964548,-0.0046422498339255235,-0.006325098729120425,-0.0069491730790798775,-0.005619558487027398,-0.005182827672198832,-0.007115430460248744,-0.00695078648203001,-0.005216287245466435,-0.007567909034737891,-0.008063777843859393,-0.004770509793382567,-0.00923558974125692,-0.0006090407033037815,-0.006925157440674047,-0.003027370516170188,-0.00631575254112475,-0.006767830891758558,-0.003964330949181406,-0.014000678866721222,-0.0024217639805207414,-0.0077716315987095864,-0.008471853479669157,-0.005692815663310778,-0.0029759960345006747,-0.007217509176643086,-0.008729651914671389,-0.006153171897798425,-0.0013568957061211168,-0.004743559547489087,-0.006983975574319443,-0.008016986966077874,-0.009144626844295154,-0.004561754753772469,-0.006959706854037961,-0.007493983147252067,-0.007588338387408293,-0.008657315220071828,-0.005344533359085316,-0.0057180092674187985,-0.008692798906649611,-0.008173445571439494,-0.004560267675757387,-0.007661447132091291,-0.008577187190102704,-0.007244115752749896,-0.00716169391502481,-0.00045685431002835675,-0.006175799518069375,-0.008194621369133959,-0.006195687138986064,-0.008783501727434972,-0.006794741104475643,-0.0065897449483871585,-0.0072906531663734925,-0.00618866961719864,-0.006356975868764544,-0.006916053129292589,-0.00708036864407019,-0.003638593526689809,-0.007378982898079617,-0.008396086899364379,-0.014851871599964941,-0.0054308140583303015,-0.006407775689921305,-0.004262902299666353,-0.006535964979068956,-0.00530254522349876,-3.774974851390722e-05,-0.006789124164743809,-0.0022037566573461544,-0.00492284336944215,-0.002785074334035152,-0.006949883929996542,-0.009687413633782026,-0.005159930255165878,-0.00472742367253709,-0.006313387501767416,-0.0069108836222597225,-0.009078764275391425,-0.0070163433548229605,-0.0066245929593437905,-0.0067228699536256015,-0.004034616844742794,-0.006143123700543356,-0.008185082534916711,-0.005101981461817798,-0.008570030701848079,-0.00242416174307504,-0.004937179751200831,-0.0072585465221299585,-0.020521511949309866,-0.007509541497253587,0.0022278051129444483,-0.004573934181299456,-0.007045643199428894,-0.006115380776051026,-0.002129241893028558,-0.0180645045208718,-0.008621380711160559,-0.008555189419059979,-0.005275301914494591,-0.006626827424750362,-0.00747948886629092,-0.00716765188531425,-0.0033102027874351084,-0.0019017514601951252,-0.006896407071983895,-0.006113034870901667,-0.0071747520886624415,-0.006155424360329585,-0.005739129829650615,-0.0051067127723259595,-0.007512906919492076,-0.01193059160515339,-0.007052004829825161,-0.007249641683475264,-0.009847948480482344,-0.010768122299996616,-0.007066990701648852,-0.007861246521678557,-0.006159982517353821,-0.0067867756680993,-0.006779966120488964,-0.009158696828022686,-0.006794909003467277,-0.015706065628709687,-0.00683115914729622,-0.006428797601675813,-0.001029585433627054,-0.007365821628528002,-0.004489601944599318,-0.00733662785678495,-0.0056706310501752465,-0.014109642077073343
max_user_avg_verbs,0.009772074518977186,0.010045457401869119,0.009837907966729901,0.010189300254486292,0.013277192723366228,0.009512979941130416,0.004444784027215145,0.010157361591212007,0.00941926935977156,0.010810663146470029,0.016040063996692763,0.004608685499182077,0.008365850245006762,0.0025002848494618743,0.009580873137789641,0.010312635329822326,0.011856275609913536,0.01886824375080141,0.004781790698976602,0.01151201369709659,0.009623293010792639,0.010569854494159652,0.007377244296914738,0.010176027401803416,0.009814672123495459,0.01086539782293982,0.0073999208510257325,0.009410495676917645,0.010013685507534802,0.013209758970617227,0.016267624340226557,0.00931664111864374,0.013880203567188845,0.013356953273729787,0.010048157817013306,0.009796172202773427,0.013942112233398626,0.001588208183085387,0.00981301211275082,0.010257514335567083,0.009793375805985051,0.00869180839346328,0.010287076601750905,0.01751746943118891,0.01024379326705795,0.010532585010774564,0.00955345019655691,0.009949018506640116,0.016000014779391787,0.009345715216407934,0.011498470091107611,0.009712583380095684,0.009977666344015042,0.003780590510604736,0.013224754752117557,0.011360830691200913,0.006360378025072132,0.008974039417731521,0.008270020994266996,0.012883026870374825,0.010846218642351,0.00739662728565834,0.009851107844338163,0.009807114686824079,0.01350373336148027,0.01053465227080396,0.007653206874718163,0.009296807931097321,0.006266799461828746,0.009474579210023258,0.010819166981859571,0.010117365004518526,0.009861199001310092,0.009896448314978733,0.010122021928834029,0.008973324338205333,0.008655863001205405,0.010937364405709617,0.009130651748777259,0.01210633440620956,0.011458215871847179,0.009797003019027058,0.008526777674797877,0.009369444039502392,0.00908370568710502,0.003882276416403709,0.01014234584232383,0.006631434256457819,0.008545059461750836,0.010232182100079245,0.011221089846987647,0.006230353618047756,0.009661109859009597,0.011024351737296113,0.010584064560988007,0.0096843253906867,0.013166862067332677,0.009677251364204298,0.009940698546696191,0.00984614054047356,0.011821293743555322,0.009559432462339333,0.009664738042052482,0.009716009354561649,0.011326845440230087,0.010361798577699886,0.012074742784721041,0.011487025394955885,0.005708811407570435,0.008842626102272383,0.008223417814083124,0.008832619939695098,0.0094952497090805,0.009962533085169381,0.008637582633514745,0.008160790519238499,0.010056986804891345,0.010357710909694305,0.00891363497582891,0.014115636292711325,0.009607300301596941,0.00981864021696436,0.007238457676720994,0.007413227007385192,0.00921872509143544,0.010746875338726564,0.009888518688473274,0.010621087356615395,0.009679550131929593,0.00888995585567955,0.009839000407424584,0.005233460927858865,0.010516384596923946,0.009540510126241521,0.019558984064951,0.00664692565939674,0.009592758582864938,0.010657279977047799,0.006721228904178049,0.00955336045818518,0.010333089693390064,0.009995676636945743,0.009137145594294436,0.012575349431237707,0.010208566089113255,0.008524542305364266,0.007922484108473052,0.011142700236409816,0.01111074837041139,0.009680823124032314,0.008892571747203905,0.004463408795914463
average_user_avg_friends,0.013382401194109812,0.013229132184673658,0.013031170794268847,0.014186649927092017,0.008800211805675515,0.01971652477818188,0.013345166758405337,0.01398454363698386,0.014475500852193617,0.014595518689677393,0.011696456889526974,0.013852251179744209,0.012379555092262427,0.011604786729368908,0.014113675777767998,0.013380961740425232,0.011875870769383168,0.014235153434243392,0.012134871408943915,0.013430491151550681,0.013970715487505527,0.011991487300475272,0.016241524089389565,0.013188573543954796,0.01339359095162124,0.013775639986990027,0.012379397195730817,0.0135888945102327,0.012764126438963127,0.011021855698827611,0.013157333241797492,0.012784059240628415,0.017084151820510873,0.01363801512108645,0.013647899027175213,0.015168585537022473,0.013355255998547127,0.004514351222845351,0.00872448332761477,0.014269530405880478,0.014733212048204512,0.010893540214220924,0.013396283582176038,0.01684498133938541,0.01222033544269202,0.009536486574463106,0.01405376802721263,0.01309932315946689,0.011218541391214885,0.01587843667395774,0.013652968935877603,0.013433757062084328,0.01349229223770199,0.01371595996300857,0.013373572133383946,0.011971591901493193,0.005211097893767471,0.013156778570262057,0.012051983475607174,0.012214179946010983,0.012416166592105194,0.015290141046287595,0.013331466574707783,0.013528669303081435,0.017494850751813232,0.013083160483631043,0.013336500171795565,0.013437110174378165,0.018378611304939226,0.013682470811179685,0.013623837159714196,0.013602827471353355,0.013825095233408234,0.013434091248106746,0.01331390748434217,0.012491284776875427,0.01215374357613365,0.014076406316266572,0.011878227399323031,0.007537682468111626,0.012986763826516572,0.014263381929659188,0.013768501439372187,0.013573921377213007,0.012908774201520479,0.016387003068899578,0.013285961569838566,0.014674714585817391,0.015631979258701377,0.015001033978108133,0.01317637886121208,0.00890346755415213,0.012354766054233851,0.01660004200588382,0.013758791606300488,0.013682933017047627,0.012318988429793445,0.013482914060708241,0.014115508221337884,0.009378777295200078,0.01433674858208716,0.013802050623801763,0.01648335058400033,0.01293706293686955,0.013598104458420485,0.01164584922237634,0.013858604830819122,0.011210730036471304,0.017647480940738473,0.017073500185584074,0.011793971101150925,0.01496183414450316,0.013366535332572035,0.01304379316125618,0.012103478315202225,0.016628332868456868,0.013706685890696478,0.012780176979784761,0.014406210764092028,0.013856026571459297,0.013610905018280044,0.013473283758685594,0.013725876792469782,0.012318256170182312,0.014737697933434619,0.014175703663137352,0.01361200500353835,0.013796126487750793,0.014754405211163689,0.01429206477273107,0.013204575299732298,0.014200684680514287,0.013585447870549069,0.011638925892726883,0.010636964369096169,0.013849242417897544,0.013143805126605864,0.013848812797044481,0.012911022862176283,0.014393728438266086,0.014330030728048858,0.012297766508820755,0.012961418059811707,0.018768480803476702,0.013621976402827163,0.014283393999074481,0.020592461205270182,0.011453184187202724,0.015201511974718994,0.013154392167703808,0.013230438638731797,0.007382946203576841
stdev_user_avg_friends,-0.001312582655836985,-0.0018516716983990184,-0.002201938213478725,-0.0007564789055887859,-0.00645984593486865,0.011835116120341072,-0.00029264615731226795,4.07835626808524e-05,-0.0009385297950297612,-0.00029255976613106784,-0.003760205953846395,-0.0010329415952544767,-0.00288659201233136,-0.001058008248074501,0.0006621353693611887,-0.0013630972294012608,-0.002879750110185115,0.007095414693262449,-0.0012288346395290407,-0.0008699356516702755,-0.0008470084775627842,-0.003379446665964965,0.0024410502518297274,-0.0011130423891340824,-0.001638068999482989,-0.001541950621382026,-0.0022124508693705646,-0.0007341228900030194,-0.002715473826947765,-0.004845297590135064,-0.002864381001313091,-0.001891140932520352,0.0008602586139840815,-0.0017591656808912566,-0.0010640515484260163,0.0009285180552131185,0.0011338510693085398,-0.013018890345187826,-0.0067299674852742235,-0.00035152320100611395,0.00010678326156616375,-0.0034397676129347653,-0.001553010118472812,0.002461379814816523,-0.0030552687698921083,-0.006951691629171999,-0.0009103231847552747,-0.0017717223307341934,-0.0029512112288170578,0.0018493166944589003,0.00025970718680481605,-0.0014268367367099438,-0.0016029318226761478,-0.0008508928595472517,-0.001161279187055348,-0.003415175952835057,-0.008864674833753597,-0.003273013611174158,-0.0027308204864753306,-0.0024912941680071046,-0.0007761881313397591,-0.0007474360768145449,-0.0016706741044633343,-0.00138773216142693,0.0019070919559926423,-0.0013030874148033562,-0.000833788724927776,-0.0013848655190026073,0.004477874156692381,-0.0012013310960269571,-0.0018979960056072429,-0.001296555197373192,-0.000777607616901807,-0.0018843703029191618,-0.0014666121030729798,-0.0026163833941651934,-0.003206744900846957,-0.0013376894072226475,-0.0031126547139213555,-0.009833848572702676,0.0006157231693794604,-0.001215233278893238,-0.00179551321604135,-0.001449094784558555,-0.0016788727646993087,0.0027482844641882782,-0.001606157724174495,0.005346203018685535,0.00029382560257191354,-0.0007900442746283445,-0.001927478307617126,-0.011822845453838507,-0.0032595009013574663,0.0025160624467722263,-0.001505079548620749,-0.00119842744981747,-0.002056742518077137,-0.0013686097933834664,-0.0008691735219436801,0.003993856205353417,-0.0005959123933068182,-0.0015547746604146935,-0.00040879473107317127,-0.0018242049080970067,-0.001985224214227456,0.0008357007513004194,-0.002004524240598899,-0.004347145035438312,0.0024056990429567934,0.0021479447123092937,-0.0040778898933425956,-0.0014288148228646207,-0.0014944340722247464,-0.0017813924757629253,-0.0023102336845539882,0.001461456817767411,-0.0013341399774107754,-0.0024126596720784356,-0.0007660923539065216,-0.001937738597500547,-0.0012615341629011005,-0.0012280959855067823,-0.0031892603457430394,-0.0026269935224828983,-0.00015046852413242232,-0.003408220494667675,-0.0010761731992899523,-0.0011433648212069783,0.002103355872704875,-0.0018674791883289132,-0.0016915616507470511,-0.000483367520211218,-0.0013160615734653033,-0.0037227265491200003,-0.005779264321238625,-0.0003983436054767857,-0.0018194627537670913,-0.0018628774657739426,-0.000963096208398552,-0.0006734740089970014,-0.0005392865853639482,-0.003485169705480705,-0.0017011990949812768,0.00405092596549797,-0.001303255379491046,0.006621133930698277,0.00659017080424967,-0.0038174068098740157,0.0038253663524978644,-0.0011518122347802494,-0.0021535085602803206,-0.007967287388284453
min_user_avg_friends,0.0,0.0,0.0,0.0,0.0,0.0,0.0,0.0,0.0,0.0,0.0,0.0,0.0,0.0,0.0,0.0,0.0,0.0,0.0,0.0,0.0,0.0,0.0,0.0,0.0,0.0,0.0,0.0,0.0,0.0,0.0,0.0,0.0,0.0,0.0,0.0,0.0,0.0,0.0,0.0,0.0,0.0,0.0,0.0,0.0,0.0,0.0,0.0,0.0,0.0,0.0,0.0,0.0,0.0,0.0,0.0,0.0,0.0,0.0,0.0,0.0,0.0,0.0,0.0,0.0,0.0,0.0,0.0,0.0,0.0,0.0,0.0,0.0,0.0,0.0,0.0,0.0,0.0,0.0,0.0,0.0,0.0,0.0,0.0,0.0,0.0,0.0,0.0,0.0,0.0,0.0,0.0,0.0,0.0,0.0,0.0,0.0,0.0,0.0,0.0,0.0,0.0,0.0,0.0,0.0,0.0,0.0,0.0,0.0,0.0,0.0,0.0,0.0,0.0,0.0,0.0,0.0,0.0,0.0,0.0,0.0,0.0,0.0,0.0,0.0,0.0,0.0,0.0,0.0,0.0,0.0,0.0,0.0,0.0,0.0,0.0,0.0,0.0,0.0,0.0,0.0,0.0,0.0,0.0,0.0,0.0,0.0,0.0,0.0,0.0,0.0,0.0
max_user_avg_friends,-0.0011244881721808805,-0.0016405035686931808,-0.001984128106028712,-0.0005517405012340354,-0.006191305153510877,0.011848920173070853,-3.4609803264848416e-05,0.00025405005005292233,-0.0007019651884148694,-6.240170086462861e-05,-0.0035862225990655073,-0.0008936707549160247,-0.002681726722596447,-0.0008917438399427755,0.0007605778308231968,-0.0011593856518668216,-0.002667620401516021,0.007254796211701164,-0.001111998957067581,-0.0005913468412242565,-0.0006676194378847124,-0.0031490270563413678,0.0025228446695373524,-0.0009234817548475095,-0.0014191494470400905,-0.001183956901302751,-0.0021642519634794445,-0.0005701296630379292,-0.0024911399454349767,-0.0046058393710417395,-0.002716977010841101,-0.00167194559814458,0.000822885306006136,-0.0016150405622033029,-0.0008588820942856436,0.0011385826184251678,0.0013122003344067015,-0.012759171904679456,-0.006274570749558311,-0.00021454383329282123,0.0003192101593671795,-0.0032319575546853746,-0.0013400753513579493,0.002396970196400658,-0.002796221869090957,-0.006544056467032752,-0.0006990007542664479,-0.0015562603268055829,-0.0026803635045385375,0.0020431864575893004,0.00040420361458609437,-0.0012270193148709516,-0.0013772897816162338,-0.0007483651440948723,-0.0009205036773911185,-0.003171290902329371,-0.00868195303830931,-0.0030143187223124583,-0.0025241469610471894,-0.0022753574438894968,-0.0006198298034881498,-0.0005318849678289349,-0.0014620107054736653,-0.0011889868499239918,0.002230860555926143,-0.0011112687993197479,-0.0006699583972095621,-0.0011878439381569038,0.004595551919837258,-0.0009961813007276672,-0.0016884764070904355,-0.001078078697699554,-0.0005647121456667688,-0.0016307114267315806,-0.0012632057567284402,-0.0024241301608314836,-0.0030811558713989377,-0.0011411248834420594,-0.0028809466982984075,-0.009464312983028203,0.0008159954277802313,-0.001018414203141027,-0.0015665220513815387,-0.0012300275960262647,-0.001548615907474446,0.0027340969277254434,-0.0014131080479611521,0.005316969175006462,0.0005609651440198274,-0.000526993602264117,-0.0017144850739962414,-0.011507970940487285,-0.00287280818949091,0.0027444100263910483,-0.0012905664536674681,-0.0010016508817558972,-0.0016164892752990635,-0.0011683291926059026,-0.0006929322651653899,0.004206987509732548,-0.00034640463428611823,-0.0013091528422004735,-0.0002782025954362957,-0.0016426496627839036,-0.0017907805503322577,0.0008614333278526981,-0.0017672962596521798,-0.004169291460103693,0.0026143130503537212,0.0023265800064834197,-0.0038610121079853607,-0.0012751087265521072,-0.0012831560816634405,-0.0015670342422763606,-0.002121110880404859,0.0016726777234312082,-0.0011380793642927836,-0.002187456166090545,-0.0005884273426301247,-0.0017244897313122357,-0.0010601582297630717,-0.0010308881913923124,-0.002862557906434169,-0.0023417169513735604,0.00010659393810273643,-0.0027133784214549567,-0.0008868470202245821,-0.0009440700252477188,0.002450647614573611,-0.0015707388320820859,-0.0014942533659509545,-0.0001873586967882819,-0.0011139861410279263,-0.003569364385754354,-0.0056202165868804894,-0.0002293921906916796,-0.001614713219081394,-0.0016682544478350513,-0.0008032257959214931,-0.00047317085572963144,-0.00034799813470456215,-0.0032147252280625913,-0.0014969684812077243,0.00408270185849214,-0.0011115342329946487,0.006130764972015791,0.006805339624502856,-0.003570961115995478,0.0037091100894045687,-0.0009395677462645507,-0.0019443934265019596,-0.007876587938101212
average_user_avg_article,0.005678470584064541,0.005571979106882579,0.006408928236119247,0.006010403030696653,0.005482542258516852,0.011004149241140411,0.0011348519414379338,0.005997196407146474,0.006837465292795318,0.003710709675157185,0.009489393348412407,0.008853696149624054,0.0049514207034736645,0.006501227259264173,0.005563631930733191,0.005662579364313219,0.008515935888912765,-0.009237518692024606,0.003926493616772983,0.004778252553162405,0.006011923363876669,0.005228333214169807,0.0040898467622532755,0.005118250344187031,0.005728437435985143,0.004492933376461172,0.006381413814592467,0.005868586797424691,0.006705843829977368,0.00660115487037919,0.01219978208408258,0.005692666917709956,0.006399198642881089,0.005937490731280463,0.00594960972198553,0.005493542736302847,0.002398516620480313,-0.0007383904218259789,0.007772746500620981,0.005360009343354262,0.006264276733235118,0.006161174181754232,0.005336348476208834,-0.0005079093253277239,0.003174229740495759,0.0034317481666437024,0.006318482874325007,0.005968709055148061,0.0017631752881971004,0.0053174097901161725,0.006317858482201965,0.005695891690135863,0.005903188991885126,0.010595644459858913,0.005773179261476781,0.007789122850096419,0.005743328405749808,0.005966586155630111,0.005236246428162575,0.00303316392467849,0.007262819597643721,0.00848471042883893,0.006041476507834868,0.005433957258319005,0.019997904769195364,0.004625475638881679,0.005126462898442114,0.006541991209707148,-0.00011331981330489627,0.005773970649333587,0.00664442385784168,0.005934979447428395,0.0057744079346962116,0.006812551104236614,0.005975625170796573,0.005520622714912701,0.00737414445954619,0.0057540990508614925,0.005143146101729706,0.009794085070765747,0.006424990045846192,0.006321125394267142,0.004378557974377435,0.005653369977086802,0.005576064393769085,0.011825556555054257,0.0048897883275749055,0.006850325100538339,0.006407670802453342,0.007128820566381824,0.005438151112167852,0.011334093349117941,0.007098220669098564,0.010217056869174738,0.005567852097012323,0.005698712789729131,0.007735324495053739,0.005841600426673012,0.0067511241930401505,0.005481760883496665,0.003844531002387585,0.006076170113503022,0.012641951182843766,0.004057276923813332,0.004774010910103391,0.003049172077068136,0.005689235822685214,0.005423536044146962,0.007770389893891484,0.012403297831959193,-0.002028810313178607,0.010457102845811538,0.005033203386020094,0.005308279428744985,0.005892046241404467,0.007654563228226491,0.006099030549625418,0.004888487786460437,0.007202775184015433,0.006590110364080044,0.006307299842349654,0.005850686076316912,0.00502908936470327,0.007885088480114938,0.008204046344472596,0.006080278739252026,0.005822939907479147,0.005866043402931044,0.00359453466376862,0.00409383516064735,0.006041746846989649,0.008442065950696825,0.006126736827620322,0.0035114399044019542,0.001551283088014714,0.005075558032998164,0.005635258196927761,0.006898057609496721,0.002973273702562203,0.00612889422400654,0.006717202567893486,0.004553397913098851,0.006071348920068236,0.005596723044119872,0.00760899605041254,0.0033903813131578586,0.0029071811918762024,0.003814906883005927,1.1154034540633573e-05,0.005911629308549641,0.006093811101888258,-0.0024027577585073543
stdev_user_avg_article,-0.003542040661201975,-0.004140068968019878,-0.0032175008757089844,-0.0033478743923300407,-0.0016202684396448303,0.005349449974002534,-0.006193734211594873,-0.002613815760593231,-0.003041595582695726,-0.003958283108417114,-0.003729925092867698,0.00036289002636264583,-0.002355267647817072,-0.00010628136120786023,-0.005630254043009897,-0.003958811576211677,-0.002661954955626926,-0.03519828978977757,-0.009005036884641205,-0.0074488606696444006,-0.0039015996868964706,-0.004467684783884382,-0.0033476271261419256,-0.00583283919168907,-0.004032340103484494,-0.0038017089716928555,-0.008860616222429708,-0.004504197775681508,-0.0031045982063235503,0.0017547284459212172,-0.006388142239826759,-0.0044011931451066605,-0.00645957702053848,0.0029286804166147543,-0.0032503374093618906,-0.004026972641337842,-0.0029465407964012445,-0.007043346045575008,-0.0018026161499442826,-0.004345563171242862,-0.003007434615948445,-0.00529331154267061,-0.0034115759558685805,-0.0008843381197883599,-0.003103147856589692,-0.004500665710753452,-0.0047602332907882,-0.0038665335094099362,-0.004897598924978692,-0.0036581304318623106,-0.0035315260331119803,-0.003779806804837242,-0.0035565725685715744,-0.001987399137431612,-0.007916469679555126,-0.004360765107752889,-0.003948336585461301,-0.002351135489906989,-0.004531153668338724,-0.004834611259340243,-0.0037481189896021692,-0.00134896864281492,-0.0035123448544531685,-0.004160276490745428,-0.00115349720482214,-0.004589942113592142,-0.0042919399791986335,-0.005641268501356862,-0.003788396445477498,-0.0034046161095939963,-0.00437639876893871,-0.004015526905754855,-0.002952637811830928,-0.0029405903126359517,-0.0036371775853224694,-0.004241972526218194,0.005823666737235122,-0.0026895231784382825,-0.003849705566394043,0.01270607383628051,-0.000197139824821526,-0.003693826293427056,-0.001563545303909404,-0.003119524460128701,-0.0030553900534780413,-0.0035149170696552427,-0.0039313283754924405,-0.0024262552300216064,-0.003939681886992525,-0.002240020102101956,-0.0012807350586896919,-0.010516584430409752,-0.0065211915809415925,-0.0031509310101405057,-0.002504415484399624,-0.003922738130533128,0.005953406285168229,-0.00370951571155643,-0.004210277195957488,-0.005281573709504675,-0.0022712742442488523,-0.003446230894603797,-2.586893811316361e-05,-0.002362162043293106,-0.003675669543922908,0.002656617156367766,-0.0035629683235397277,-0.0012955133180315576,-0.011810131243789242,-0.002033001906058129,-0.010961679005052311,-0.002030254684109521,-0.003867702344968315,-0.004405666248720578,-0.00443767352440733,-0.009074845862816714,-0.004124564021897955,-0.004409618039346537,-0.0033235717668017688,-0.003116658325174746,-0.0036303521844037786,-0.0035144841494463563,-0.0014696872391021555,-0.005199407732101527,0.003040403811866873,-0.0034497063868757782,-0.004362737952890737,-0.002758882228281679,-0.005773271595643108,-0.0017337894526398452,-0.0037663876653480782,-0.003502114232220013,-0.003779550537123493,-0.00428745624584282,-0.007834393505223934,0.0006486883556374584,-0.003867318758470262,-0.004644941330182135,-0.001224169159735727,-0.004388186393338132,-0.002122649121607381,-0.002991982004152417,-0.0033041044141303676,-0.004358355297629851,-0.002987625377127597,-0.006743745250400432,0.007230639554709864,-0.002045782591553774,-0.009463673385119688,-0.004178937577367078,-0.003458772877527277,-0.007095146230047656
min_user_avg_article,0.03344597219594975,0.03334847646726028,0.03366105357372883,0.03293913042579544,0.028002259510140088,0.017880360234703567,0.028125041312567173,0.034839983420545964,0.032715460239169436,0.032295619912184576,0.03600173046540894,0.038469775845884624,0.03146303364395786,0.01914786755937323,0.03451612901688405,0.03339840842820781,0.026555100700296246,0.0321335899363625,0.04354206850930639,0.03612067989601865,0.03387634310438179,0.032763201509175034,0.032760552124750264,0.033508156770993135,0.03330943309900104,0.03129211348880295,0.03612835376008147,0.035374488097301295,0.03433033929149948,0.029194309524276287,0.031312910501523766,0.03378418769514639,0.037334798355662994,0.02994200506518279,0.03358503940058989,0.03894320914956917,0.02089574099955988,0.03160470770874347,0.032594929230920916,0.034770057003916076,0.03340355449868885,0.031139734105079156,0.03160544473377396,0.038425731245065625,0.03130273247885116,0.02391661878517929,0.034274849450033854,0.034393636441801045,0.026954195389275102,0.03127485076632098,0.03412317201529902,0.03357220100171791,0.03277148856290241,0.0370540697850166,0.03443501076935658,0.039149309671550274,0.0358783844497016,0.030770060197513837,0.035150925343359646,0.03185484875052736,0.034738441873097714,0.0347315127569367,0.03346878927891045,0.033695426409321584,0.03393207571687665,0.032473986625432445,0.033515482844092864,0.03493713707628761,0.023470995387027307,0.03293305365083213,0.035160537823890614,0.033780699900229784,0.033089005200959504,0.03345627768574623,0.034126187411192284,0.03405126356633746,0.03550029491943788,0.03298788697230923,0.03333287953309074,0.021210498210774056,0.021862479324778687,0.0336296427855662,0.023578014155323377,0.03234894938882817,0.035507554443930264,0.04439709770654199,0.0316091546413804,0.026554895932536883,0.03382100528234876,0.02835666421816878,0.03454361696500258,0.03153941367225711,0.03762253649428986,0.03578079228906466,0.029692626391593754,0.0336881489620587,0.03309867217402165,0.0338325472922688,0.03445085818366031,0.033427237641971363,0.03270301948418998,0.03256373639552371,0.03944888175216071,0.03251904210298458,0.03429606799547959,0.03075269951490162,0.032651989259055776,0.03334810415138369,0.042918888821993496,0.03125436392739671,0.0308669035384398,0.03136736937596797,0.032685477169865904,0.034071029125334044,0.031084940919393702,0.04076491980632092,0.03316045818272858,0.033221008117211515,0.03898450620512062,0.03299268221628405,0.03442876360282848,0.03326094890905821,0.03341705975624359,0.0370432959186167,0.030356990305593752,0.03161945830587279,0.03422839406322036,0.03257900602459762,0.03232039515528437,0.03046206391212369,0.03402983083377238,0.03738691517280683,0.034018005032806074,0.03759478450353054,0.032152190485869606,0.03178622821442127,0.03374214695551385,0.035072320184315206,0.03199299185504073,0.03343733345196959,0.03203132091474554,0.033933564373036344,0.034235764971477414,0.041226482434930364,0.03377389131636073,0.036767815325727364,0.01517778075861378,0.03100967182750865,0.028788509215821153,0.03370404797528956,0.03531097695866459,0.03239334909343394
max_user_avg_article,-0.00024250550526802757,-0.0007373681335999718,0.0001452592207617058,-0.00023036611324287262,0.0009965351886153783,0.005330321825028137,-0.003650114720006469,0.0012082017927807515,-6.029521906212622e-05,-0.0011123557981090465,-8.119501768610524e-05,0.004395091499182047,-9.127738404246695e-05,-0.00039874447707056657,-0.0021803862541162067,-0.0005508492287392627,0.00041545644368802537,-0.0282562739241383,-0.0024771457010881303,-0.003080992279996298,-0.000474255304477993,-0.0011301709751509736,-0.000486448875857845,-0.00241702062487947,-0.0007883205840315995,-0.0010712796471325815,-0.004752986341472391,-0.0007149754150528181,-0.0002340407622585302,0.003188102555033729,-0.0018003420824728514,-0.0011591115810284276,-0.0040674540188766935,0.004251179746431391,0.00033644685199614444,-0.0002138241275462579,-0.0019171628972312338,-0.004174016338067884,0.0015213898133323023,-0.00038874263854913466,0.0002680671883667045,-0.001581479919642484,-0.0007250954339069679,1.6982026341389594e-05,-0.0008790929691088432,-0.002509097667394683,-0.000876899812181085,-0.0005378306323192451,-0.003234378973871091,-0.0010276161603288009,-0.00022925560940408388,-0.0005060406955283113,-0.0005355636067627626,0.0037157485094028407,-0.003334033468496424,0.0011365068866669072,-0.0009289015662856184,-0.00012612200595519402,-0.000573457454606777,-0.0017892177989741864,0.00032243808605137043,0.0027487828190109025,-0.0002686887238197398,-0.000919237541728771,0.00765655125162743,-0.0015350512081303454,-0.0007078878927573497,-0.001921620473178027,-0.0017788292518490963,-0.00032902642829721676,-0.000592890790712116,-0.0006688201676325993,-6.139539903101884e-05,0.0003444264101887008,-0.00023447285064101195,-0.0008139701634713361,0.0077656490903017,0.00011492065051289628,-0.0008159010491258587,0.010675758737374922,0.0015326329222724068,-0.0007030451556390774,-0.00024626255250572576,-0.00012523376095191323,0.0005471339605893182,0.0015515006167067247,-0.0011404187971186218,-0.002930105794729949,-0.000350648468423434,0.0003127957526438633,0.0015631172336329508,-0.004631818379575485,-0.002142526364784165,0.0012092430733219826,-0.0004596180814782601,-0.0005770010764221938,0.007732719532200418,-0.00037393668639301367,-0.00035018345276848634,-0.0015108096932659274,0.00015313098530875084,-0.0002999616389847762,0.0054790531001084695,0.00013918694255931827,-0.0006521932352454365,0.003954479919142172,-0.0006748096596054347,0.0011050485850066568,-0.0037799070200123745,0.0015632602594730302,-0.007112679244021699,0.0019368766134368037,-0.0007748769771468624,-0.0009295555275451416,-0.0019598689471481603,-0.0026147693759211096,-0.0008515401994465613,-0.0012606461946839103,0.000804308522169242,0.0001748617324024062,-9.952320752110513e-05,-0.00027727141036176794,0.001586622601894988,-0.0006807059147429552,0.004485142438257464,-0.0003701238820177158,-0.000799336405486838,1.2844903288863549e-05,-0.002383981284816688,0.0004293260724563385,-0.0004799109303557196,0.001616973546436926,-0.00029164377776014737,0.001300383814033754,-0.004854208917256863,0.0030908506235939204,-0.0005712496169741985,-0.00020537991220736032,0.0005718784320693261,-0.0009307373386818005,0.0010488794399404738,-4.5420140859135996e-05,7.376602964110843e-05,0.00017374999983301928,0.0011287474766189347,-0.0028290327767617127,0.005305601813202526,0.0004696092442884499,-0.005357771798781819,-0.0009172138677016632,0.0002864024451042606,-0.004722514936197025
average_user_avg_argue,-0.053964964027616066,-0.05461716605692299,-0.05373679970894342,-0.0538345020382279,-0.054041392090642945,-0.04635595665344967,-0.05041679254665884,-0.05815214115933812,-0.05170407523416444,-0.052003297206110057,-0.05728060867688222,-0.056059904758334826,-0.053312875576003796,-0.04867083321540934,-0.05312697006609374,-0.05399664347860824,-0.055244245413830204,-0.04284162530273772,-0.055183213631067804,-0.05336073270582098,-0.053462649795970006,-0.05474866671508458,-0.05462218051772672,-0.05303161593391026,-0.05402594069647819,-0.05129196840683063,-0.0494052391790703,-0.05391625269266116,-0.053782642630255846,-0.0528724858681371,-0.04685867756382199,-0.05517882604702424,-0.05202662485457712,-0.04672800586651478,-0.05526847205512029,-0.05758444180859651,-0.05266824062464208,-0.05476794772503192,-0.06212315908825283,-0.054279431572846634,-0.05306664542848455,-0.053520207873258833,-0.05379021727620028,-0.05864576385150863,-0.05452932077257952,-0.060965261579773666,-0.05459068185050926,-0.054633403626561584,-0.04902624147264341,-0.054119172974895935,-0.05386005857299212,-0.05382068695199049,-0.05365869715904839,-0.050195517169416726,-0.05381711622121145,-0.05610983397013014,-0.05344301183757863,-0.05408805679176058,-0.05340740390479272,-0.0543763631860241,-0.05464263411956068,-0.052350626378800044,-0.05352957093146117,-0.053883174298151836,-0.04713736120255807,-0.05306705515103097,-0.05323354724625812,-0.05435194997196035,-0.04695454830256378,-0.05395829111292766,-0.053234884051678484,-0.05409726225359243,-0.055815160228166835,-0.05222755256182572,-0.053573695386514984,-0.0542072070149432,-0.05051396267143182,-0.05544753876722919,-0.053583876381798394,-0.04985282427593722,-0.06323672358440452,-0.05301248396025725,-0.049586010369347226,-0.05343460981604619,-0.05342820642823173,-0.05479514417313706,-0.05322470330671817,-0.05727972851053273,-0.0535334322268374,-0.05243606559914042,-0.056484377651182714,-0.04036376685021534,-0.05411422260081215,-0.05856400558448353,-0.050893065414615545,-0.05373771367459308,-0.05756298617785227,-0.05397850414709069,-0.052311509900986604,-0.05771221339959641,-0.05220144927824678,-0.05475746439745805,-0.047849751535423396,-0.05396145427293841,-0.05494704426245601,-0.05669418061627704,-0.05370826287725528,-0.05364683201037232,-0.03929543542727629,-0.05302765004602218,-0.04674366997720679,-0.05208668955851674,-0.05289738953118284,-0.05346746021549867,-0.05223040228599296,-0.04697844771602047,-0.05234784373276779,-0.05437905314689224,-0.052997285264496305,-0.05100689263668985,-0.05392904306955817,-0.05395259662441079,-0.050176644536320786,-0.051906921442342026,-0.05764988766241057,-0.05437896590532133,-0.05351172772006939,-0.05382478035704355,-0.056322679744269966,-0.051849866613726835,-0.0540638794941067,-0.05043271883174559,-0.05404489060016318,-0.05407059173147252,-0.038532417437830715,-0.06326995438078355,-0.05389319602271694,-0.05063917271465214,-0.051577682172894275,-0.053560774602848825,-0.05556271142959871,-0.05596121893915274,-0.05434423099915452,-0.05234396759194878,-0.05329620014257938,-0.05340073261730266,-0.05736815093227052,-0.05491990395196842,-0.05120644120819828,-0.05440650708720475,-0.053343458772087744,-0.05398371805271898
stdev_user_avg_argue,-0.012004667837790927,-0.011912115103141985,-0.010861787939970492,-0.01160382812430008,-0.014815350868469754,-0.011158034999095325,-0.007509427639420092,-0.018176250126317534,-0.012489569642117455,-0.013087239749610315,-0.014208665569891088,-0.013883119829392103,-0.012158511272965411,-0.01500454128344331,-0.011899429996354495,-0.012017762527499587,-0.01319443639446808,-0.01113629040687731,-0.01326906349218188,-0.01074225192688455,-0.01147409078985389,-0.012233636633633634,-0.011549489397329901,-0.011782935756555885,-0.011606521616563805,-0.012646055549507228,-0.01495244434765964,-0.011164624554119582,-0.012972740334935007,-0.010900032068622965,-0.00585476090444572,-0.011987077037428615,-0.010747897354852702,-0.012334122168021242,-0.012773674749276365,-0.013729407713765466,-0.01206335269149474,-0.016877943108064803,-0.012748624805569667,-0.012521973245611322,-0.012729724824295754,-0.008818927055918014,-0.012204294815428486,-0.016948280410366088,-0.011831569210169923,-0.006791581055768839,-0.013243315834186229,-0.01177085725294241,-0.013037018627925182,-0.011858924671152845,-0.013350273721480631,-0.011822499171369037,-0.011706336920613715,-0.012977141261808232,-0.016440689924067674,-0.009278435149936974,-0.013180302424448714,-0.012228882522152616,-0.011859331953797302,-0.011172771944785994,-0.013185380259076361,-0.010236263669283832,-0.011491356049919275,-0.011911841234352249,-0.015085726304589464,-0.011107842515437491,-0.0130581634781993,-0.014081654592455056,-0.007889668343932323,-0.012010181062985459,-0.012249379435440029,-0.012677319865973657,-0.010174961770674965,-0.015238334286185026,-0.01261417939556294,-0.012021928738267032,-0.018077490322397485,-0.009192752035598828,-0.011871940533337275,-0.007845461180012798,-0.016239408681389317,-0.012407255694454895,-0.0063829544952134915,-0.01173895472062577,-0.012152975117483488,-0.012920376169852529,-0.011941572946167201,-0.01550513426503778,-0.0100521571012324,-0.009225068338959794,-0.011073800317210572,-0.008551633634740131,-0.011707884622511721,-0.010990766165503457,-0.01441517635330556,-0.012096293244953683,-0.006872075205154864,-0.011817706438180007,-0.01170243928102058,-0.01378030773922035,-0.009747969221941006,-0.011863610919751827,-0.010984560336016445,-0.012275498817307655,-0.009829392190879537,-0.014441486561419761,-0.010878870352142987,-0.01170284987071173,0.01468840993367707,-0.010936805154877247,-0.006094244784558344,-0.011918996194955529,-0.011081427551943027,-0.010854206487787801,-0.01099653785050363,0.0031471071263103993,-0.008823824441222268,-0.011359230936343619,-0.010883210040272352,-0.010399468114286554,-0.012403325313669757,-0.012008736944376756,-0.012825317525932755,-0.013796082110454987,-0.009145458789642315,-0.011362410811240595,-0.012063151291994204,-0.012204821848314978,-0.014131101925244135,-0.012802690903836178,-0.012516102067574121,-0.011292183643797558,-0.01218254897768356,-0.010693238849988962,-0.006372305491917904,-0.01712566855653775,-0.011763027027694429,-0.01057298589661914,-0.011767465489137346,-0.009776224564076508,-0.011793733398434498,-0.013176712106842618,-0.011267774257388216,-0.010536984352718961,-0.011802849805343806,-0.016261886468831165,-0.005963242037900801,-0.0137335716924241,-0.01605344468123765,-0.01298993595063646,-0.011820501977818192,-0.0074352688198663615
min_user_avg_argue,-0.05055645559574793,-0.05032441366241082,-0.051602639345018075,-0.050928058074981346,-0.05225721115569482,-0.04722494340449007,-0.05338648599928275,-0.05275244640565216,-0.05197996761037309,-0.04562327001538716,-0.05449129982359267,-0.04945399447458836,-0.05013844080310331,-0.04078485440641356,-0.04966278275920384,-0.05045171630838408,-0.0479443783603405,-0.03860388193780326,-0.047910490667605526,-0.04695334663271322,-0.05046949444370685,-0.05203600446643119,-0.05032605865784647,-0.05189213048542657,-0.051701329306068834,-0.04901375506156267,-0.04447156882486068,-0.050917046858476075,-0.05061270614152873,-0.05245099409632114,-0.04288524906497371,-0.05098545807111622,-0.04639555709301923,-0.05274726126181952,-0.05088756032313091,-0.050377221305806824,-0.04022575111006514,-0.05515471809571487,-0.052114304736683104,-0.05314141180713043,-0.047752653088598114,-0.054475656300471194,-0.049814090651062196,-0.043260216240342333,-0.048067671061136255,-0.06017867884674027,-0.051915021069151364,-0.050851004506702505,-0.049331881298132325,-0.04857698447429233,-0.04719196478570821,-0.050686484704672144,-0.05031710711897472,-0.05024340966660673,-0.04443270472114733,-0.05137067542525718,-0.041692353750362635,-0.048751320119712255,-0.051897846993026825,-0.051054244917829006,-0.04980245166076145,-0.05137194203067516,-0.05049147507164536,-0.050932384190531386,-0.042922146213453236,-0.051060677130405574,-0.05033418694577506,-0.050239153918052004,-0.0490010727189046,-0.050966532599964275,-0.05034827497945263,-0.04954227737216218,-0.05114050904913425,-0.04806094248621166,-0.049304069089261424,-0.0514964190418519,-0.037427882136986626,-0.05170191103102276,-0.051377302693242324,-0.04803332413141076,-0.060088508216063874,-0.04886456273385392,-0.054185531369621454,-0.05139074690292742,-0.05084588951722636,-0.047766615733308426,-0.04889643273937139,-0.05099160980354089,-0.05140766300660287,-0.047466719502705014,-0.05368789395548788,-0.03476305880524507,-0.05145903608584934,-0.05128971239782038,-0.03868237577972097,-0.05051943665824296,-0.05679818221568406,-0.05098623223875526,-0.048361442644224706,-0.05432475926578544,-0.05209199109019105,-0.051065427692153734,-0.047421561153125756,-0.050629063481684125,-0.04925571542350519,-0.048136827137148244,-0.05152027444224192,-0.05083923481471338,-0.05709568450911423,-0.05045713762817426,-0.04891713569887368,-0.05065233216099775,-0.05075942844462103,-0.05059078144076176,-0.050710706300956726,-0.052979260271447115,-0.050888453808664046,-0.05011803365784839,-0.048967873330231754,-0.04798508190520237,-0.050228921633197324,-0.05066336804546323,-0.048104372813779245,-0.04695121066888116,-0.04884321848241771,-0.051166729163405575,-0.049939534178213514,-0.04921923805524187,-0.05480590975811733,-0.047887052212260514,-0.05082207953820465,-0.05410118529592408,-0.04969061419873062,-0.05082446781864637,-0.059215926268604106,-0.048140062915021875,-0.05084561831811116,-0.048929342045947434,-0.04813267641285673,-0.0512773483260503,-0.051127626822418705,-0.04951108161849153,-0.05058774948210183,-0.05241374446964276,-0.04983644113328989,-0.042074787354265994,-0.043960902511768464,-0.049336318812502035,-0.04194595254226419,-0.051025181496269556,-0.051685667715465705,-0.045802411743058075
max_user_avg_argue,-0.04379264858562474,-0.04376644466273441,-0.043316713755160094,-0.04372919655862511,-0.045891305974002275,-0.036409229073070225,-0.04180883713537126,-0.052180804928572334,-0.04472118687854789,-0.04437405952663666,-0.046054260286381335,-0.045067149739755355,-0.044280006414544965,-0.044311991337556596,-0.04314306098152565,-0.043972657973924384,-0.04521812879774025,-0.03781301682919168,-0.04510251473180173,-0.04209728259077876,-0.04347604806852212,-0.04488362983713448,-0.044006344381104685,-0.04369972398465169,-0.043962185083180325,-0.043394266705481,-0.04427914413315293,-0.04328370189574152,-0.0454304596760001,-0.04318463788976219,-0.03543639634719768,-0.044930841399536334,-0.03974946894101304,-0.04418807142516433,-0.04471270903604669,-0.04655412387440511,-0.039733779553022715,-0.048605886233849024,-0.047723056060979124,-0.04378040463026145,-0.04438929741734668,-0.04347282192180478,-0.04391569494763841,-0.04499070550161807,-0.04248147612826032,-0.045079195527990404,-0.04548007638690166,-0.044091234023910957,-0.04331963277520178,-0.0426709156242458,-0.044197402105849465,-0.04387118787621992,-0.04353108297441003,-0.04404968445407503,-0.04582435724294129,-0.043170311004529935,-0.043440811919893796,-0.043696587562953346,-0.043567082762279344,-0.0432675314504021,-0.0442328879132938,-0.04159022166884408,-0.04344323468790979,-0.044049871454035154,-0.04010485147155929,-0.04331482923811681,-0.04477965769127945,-0.04588970623385251,-0.038125516985789094,-0.043999646979192765,-0.043941166780079546,-0.044641406005393944,-0.04325509474103338,-0.04523254906579845,-0.04383538136039814,-0.04438028572909627,-0.046211934578094166,-0.04196417777977143,-0.04357032395414223,-0.03765258254893436,-0.053909730693468855,-0.04383407612760293,-0.03828792244124715,-0.04367607154942639,-0.043555800277886886,-0.04163378125792748,-0.04355157702216898,-0.04822694129058795,-0.042410671013186685,-0.04097990326468792,-0.04437631023803383,-0.035763901743584334,-0.04359256828126731,-0.043939009255191765,-0.04307387492084483,-0.043996786818874284,-0.04453727381585725,-0.0439333322097718,-0.04286939909182076,-0.04693429811997156,-0.04234402325447997,-0.044248114880964376,-0.039630219889508725,-0.04401228107591025,-0.0418103209435668,-0.04551707427875327,-0.04290473391130477,-0.04369858799550497,-0.007580114008946058,-0.04273296647211927,-0.040760089928398885,-0.045106448882803026,-0.04298671827731384,-0.0428910898463884,-0.042890221657521876,-0.022358197407974567,-0.041546737716625724,-0.043961892498149566,-0.04152345197948626,-0.04168233123823975,-0.04443602122474031,-0.04398598130515087,-0.04427267927561815,-0.04434391402509053,-0.041521961357236285,-0.043656228140700803,-0.0435487911489846,-0.04409807238399966,-0.04811779297089415,-0.044892517666669816,-0.0447360588459583,-0.0418034032886197,-0.04374169063408719,-0.04222606306416715,-0.044598202375459035,-0.04639552428847606,-0.04385003174808581,-0.04205205818414826,-0.0423688480666834,-0.04211661799423375,-0.04424565081140054,-0.04514200229125416,-0.04332358401004903,-0.03941089498467662,-0.04298052622497345,-0.04329651534628938,-0.036544491091588055,-0.046141969438735775,-0.04293261749164345,-0.044638038875483003,-0.043545192101898035,-0.03478446446402064
average_user_avg_auxiliary_verbs,0.031094935935996416,0.0312457842167577,0.03034203271080733,0.030382228255838195,0.030403334097021527,0.028247642224575976,0.03153438017384477,0.029577219226725925,0.03176716560417499,0.031183187593670336,0.03129894320016685,0.031428772101111724,0.0305363398543683,0.026304901143493906,0.030700482293556153,0.031366801047213816,0.027545961160977177,0.028329009714500718,0.0317454996033273,0.03194682309888144,0.03112644745514747,0.032599320298860424,0.03103516525984035,0.030325329033444093,0.031145714571553462,0.03003976415313266,0.02922508000005486,0.030260681779575777,0.03138248772172639,0.03026158252192878,0.02395507848816032,0.03090133132134221,0.03163917225841582,0.031697072800672535,0.03126031378878996,0.03159670076825106,0.031025722652724033,0.030570533687576982,0.025763819541177343,0.02992218152572093,0.030815101435159295,0.029539951008864793,0.03080229407472343,0.022896820789551228,0.030170524079850332,0.029045655482057748,0.031104013010055095,0.030863609028696858,0.028129285646185522,0.03114498693141928,0.03220872009469248,0.031054784037336112,0.030608558030216903,0.031055149191285426,0.029673098628384225,0.030997985861186957,0.03284095255144948,0.03191361997573508,0.031620713108385386,0.03225954312110387,0.029695065327460766,0.0295708280376421,0.031056696650070954,0.030984537386487737,0.02889550829011485,0.030494571253813815,0.030393248768864192,0.03048970989936097,0.024851418517147755,0.031175961689798616,0.03008095106131276,0.03137935485560575,0.03243631858668729,0.033076556674749236,0.03224344505263385,0.03142624096282795,0.036282900229962646,0.030385203520751837,0.030084516704588424,0.03374370117641522,0.036223996240885147,0.030661278417072245,0.030325361896967086,0.030922062946728078,0.03155105610494625,0.03504744144457434,0.03143151265920521,0.03010077177266316,0.030271999225797746,0.029794127211697736,0.031602594776163624,0.024229858665870112,0.029269145513618897,0.026551699051993147,0.031779504211938404,0.031086884426908244,0.03454869845798998,0.031049501611384596,0.03022700822489561,0.03139662379698001,0.02835689033001578,0.029863967129955114,0.029239309762650927,0.03144113258599743,0.032799304940020396,0.03381674369839506,0.03157359208082824,0.033031990178485016,0.022551919499124627,0.027501492768391107,0.03205097916406084,0.03091445635346939,0.030797995556456136,0.031205755199398052,0.030753501672719136,0.024933725334646842,0.028882055456725494,0.03182465808609811,0.02953607736011503,0.03136037565309441,0.030689527526209962,0.031048098419529786,0.03277111934653216,0.029080833213426784,0.031611133789798615,0.030902840534020252,0.030501733483563956,0.03138580871163277,0.026975763246864633,0.030676655523993845,0.032431337124673484,0.03096665234158488,0.03079482076732761,0.02998995056415424,0.029227545589667215,0.03129637090076416,0.03107012741363749,0.031450446136476504,0.0323727418046606,0.031092809268273146,0.030971022211484685,0.03154394288022759,0.03141110507903787,0.02798186401320002,0.032153047162674274,0.035366221629941186,0.03691117345875137,0.03257102752530182,0.033455823148999746,0.031307202418486606,0.03244926652683943,0.032985126054812124
stdev_user_avg_auxiliary_verbs,-0.007879707797366908,-0.00899238156783825,-0.00906268632810606,-0.009997459213147403,-0.00764791491219784,-0.0059409404937406825,-0.004663324212234213,-0.005469056791163697,-0.0060558240801782195,-0.005211923490679577,-0.012007036297639363,-0.002939384105096747,-0.009900886268944576,-0.011236458358034263,-0.00998650541394382,-0.008379621829625664,0.0006422741079736977,-0.010630110107914995,-0.0033880070514045388,-0.007951691781215641,-0.00823942857941496,-0.007870244154324121,-0.007762602290597265,-0.007540973865540271,-0.008770496285970836,-0.008016751567121925,-0.010658461098421858,-0.007010974740983104,-0.006960213608897755,-0.007325977324398325,-0.02025108317341979,-0.008591649471487717,-0.0013312787073709205,-0.0031622735236913127,-0.009048935469415414,-0.007099818589948747,-0.00569496791918974,-0.008728357661379312,-0.006633121146372541,-0.006336531112304443,-0.008311376069800869,-0.008468192948050662,-0.007725447220858203,0.0015637750329643325,-0.0030952643185808773,-0.010182004911851096,-0.007494407192559564,-0.008726241956854112,-0.004028957521118509,-0.006598588268963566,-0.008544166069873602,-0.008135598808882993,-0.008600016529677693,-0.005720837796063565,-0.0010736096047266226,-0.006167973205752259,-0.009714778431535523,-0.0091379174271172,-0.009337310903290971,-0.0026749420833117737,-0.00909961334826698,-0.005995381892995998,-0.008286760680331528,-0.008386228488914512,-0.015304835999471689,-0.008071380652079171,-0.006558930849876438,-0.008701513711229103,0.0024823557034435555,-0.008069642930404013,-0.009706420703510535,-0.0071475118457730615,-0.008145505675533871,-0.009262872761791156,-0.00789508117287089,-0.008445021159932682,0.00041013241488482843,-0.008286028399107553,-0.007797079976867287,-0.00551072518660263,-0.00533864822732125,-0.008139008308606826,-0.006179165719420433,-0.007201581367706773,-0.007680256297663654,0.005480068031517644,-0.00816788304848566,-0.010119068527156643,-0.010339630872929195,-0.006367926506550464,-0.004477296438360531,-0.019346807557497424,-0.0033298564220367935,-0.009264794705542784,-0.006941549610397238,-0.007914127738951022,0.00522778357231745,-0.008143426158869527,-0.00952222425971307,-0.009137240822750137,-0.005034280005424472,-0.009130789428549183,-0.0005936349948782657,-0.007374942034044041,-0.006497458499702249,-0.003254457455967523,-0.0061866102279822255,-0.007041583787724806,-0.017926734600667214,-0.012772431084438263,-0.01478143084880372,-0.009713119353057867,-0.008403180144716204,-0.008977874842341842,-0.005845593824488245,-0.01645327683453662,-0.00603973282915515,-0.007996173478428154,-0.010136546067743678,-0.006926231467336157,-0.008213629857233302,-0.00794392450248542,-0.009206129351331745,-0.006558031627264552,-0.013818949726414172,-0.009805624092304507,-0.007979660286692135,-0.007484784090671229,-0.007445608059369148,-0.008181142595738631,-0.007241408165976418,-0.011228852658216028,-0.007715281288895048,-0.0011131275304389517,-0.018820849312456096,-0.009068417821119532,-0.008323780957619792,-0.00570456114344637,-0.007426651982104321,-0.008953827205945421,-0.009694443972033059,-0.005980447598028769,-0.007881338619628479,-0.009717677736655266,-0.009034248112144396,-0.009266807660749853,-0.0005567564929903797,-0.007009904070306865,-0.009611940196547132,-0.008201324435086962,-0.008844245003675928,-0.004591372604721577
min_user_avg_auxiliary_verbs,0.016330305723255827,0.017151025820989516,0.016051809754464245,0.016921602643002624,0.018242123398442767,0.0072196599416289595,0.013502248502454614,0.013558184390735806,0.015379787831986385,0.016405240038996235,0.02299521423573116,0.016854826211045087,0.01602781178367933,0.011602559785872414,0.017465901266086936,0.01726717727545368,0.013825102061235295,0.012696392727875795,0.014402710318392836,0.018993316662178083,0.016886722955228056,0.017212603538462,0.015290313704525505,0.014265672964546908,0.016657725227545002,0.016078297453859778,0.01498658480894554,0.014412172698994034,0.01931045357081747,0.017692835631940036,0.023925861896574283,0.015928528092090617,0.013763094206663936,0.014812337312356913,0.017010317921146545,0.01357375891083815,0.02224244045334592,0.016355041532267516,0.01501824684900627,0.015634923215906833,0.014968543625080204,0.024273344395937726,0.015560618144342193,0.00878578031535912,0.015912120965226272,0.01785572478323185,0.01660828303347807,0.01597105012117124,0.009678521612982615,0.013930586580013553,0.01878406448254082,0.016569773316936792,0.01617446696508366,0.009417748508459358,0.012666489785678525,0.013245477941430737,0.022509550288591966,0.01719443576430172,0.016070648578398256,0.018201583117315137,0.016989372741848897,0.011183066029993706,0.016662674208931257,0.01685886639377463,0.02299641975092008,0.015827406150779887,0.016049031639276436,0.016410685855332927,0.0032028013123952797,0.01699377931051531,0.016539401060506474,0.016662088423760053,0.01803478781938026,0.01916588799419565,0.017229209893810608,0.017652301016888337,0.027397825649744956,0.01838798639025699,0.013687113847315076,0.024269768586001012,0.021771032408197624,0.01643225800302519,0.0180264268931159,0.016104646902233247,0.01663839702003844,0.011251265473074003,0.01693420157579654,0.018126566401872025,0.01650202589760644,0.01589943037838415,0.016721843319279877,0.021682682708532564,0.011989791353241021,0.012527838840042297,0.015269595928210238,0.016411354784257204,0.017499828108795846,0.016514942750086484,0.017813796371031636,0.018741347354771457,0.013981953077342641,0.015257961411604026,0.01102981140711331,0.017364027387563832,0.017309064883691192,0.020093541792251646,0.017731192779701282,0.019430885228799696,0.021346486188352613,0.01861601719856404,0.01324355435114865,0.015397447041366733,0.016986193445833454,0.017764459302146016,0.017898022944835067,0.02163723581388204,0.01599413821214571,0.018251012526454988,0.015385493678675503,0.01879511569931327,0.01563808346215915,0.016358155486578492,0.01812660080367723,0.012376341341202909,0.019324644620988048,0.017405482632207446,0.015820111166565072,0.01698430860571427,0.00854644339897728,0.01614129441665999,0.015965805887612726,0.02058747211624512,0.01618594350606572,0.010304710914148762,0.019987983764638884,0.011332052327626305,0.016739363049751647,0.011679782751340708,0.019352946901285854,0.016846266452876544,0.017749072351042644,0.016446930646783858,0.01746804356728355,0.015558090778480655,0.018556641972880913,0.022657107874565263,0.011870958335004159,0.01732543309919593,0.020278669558580383,0.01812182199634025,0.01776168152994481,0.01462439127012443
max_user_avg_auxiliary_verbs,-0.004254538787345528,-0.004896286018189103,-0.005432053518792883,-0.005889317503280957,-0.0020976180479157225,-0.0038792945356488744,-0.002703728492245429,-0.0034177282691289224,-0.0023584431293750784,-0.0020595318402753214,-0.0033267837606542686,-0.0016604874100940512,-0.006237549648490128,-0.007210051588602832,-0.0055061694877759325,-0.004322847636819352,0.001601095636465051,-0.009476436406678565,-0.0014564476165634475,-0.003289192230299066,-0.0043316410342885,-0.002987102701881003,-0.0049024116787890065,-0.004787403368077557,-0.004802011858550139,-0.004267361022334441,-0.0062717219651193395,-0.00452300612079431,-0.002051437192939154,-0.00282748195031394,-0.012480018418928422,-0.005216220764305172,0.0010165500307940216,0.0006703152081122335,-0.0044990831593937144,-0.005058510010649529,0.0017752237206936881,-0.006202537564786545,-0.003705857003409644,-0.003261828682897129,-0.005738181182498227,-0.002071703940795408,-0.004478054180078489,-0.0028972508101565535,-0.0011003063356553738,-0.004976787860515849,-0.0038525450431995054,-0.005250113784596933,-0.0017698449561566985,-0.0039073538981538244,-0.0034578528489613257,-0.0044157781250379925,-0.004810085820392319,-0.00601553504364636,-0.0003785095432257725,-0.003545290123523316,-0.0030023455437945337,-0.004915146380710354,-0.005437814960004384,0.0018111318084202445,-0.005006899740555171,-0.005975166723299705,-0.004522505894882279,-0.004444282398310448,-0.005406266695679566,-0.004425689612753459,-0.0033537612568367778,-0.0048525596080206505,5.501262448840208e-05,-0.0040891996328326595,-0.005850007823053938,-0.0037963046673384973,-0.0038303677776318143,-0.003941340908623546,-0.003834811964690675,-0.004094618525741459,0.008250309582853173,-0.004115244920170399,-0.005287931827022422,0.001809807768833046,0.00027210059206498813,-0.00452357691429137,-0.0024443310338508294,-0.0037361405429037937,-0.0036362897724738392,0.007578202333545756,-0.003951190828486342,-0.0052228279341549125,-0.006739876391175511,-0.0030490380182024365,-0.000812319353465981,-0.012028702050263932,-0.0023501692148291294,-0.007410606576299026,-0.0037009188380507443,-0.0043365450462738014,0.007968074943823716,-0.004510011952162669,-0.004777775918909655,-0.0035774279648294674,-0.0036626140982375065,-0.005991275772173715,-0.0012882174959231094,-0.0031514599661973675,-0.002772220782886966,0.0007681577308583619,-0.0021416182182601787,-0.002295690721179744,-0.015040560068488213,-0.0077011336739490135,-0.008150697508377769,-0.0060002394796778435,-0.004495662737346834,-0.004551023489790328,-0.0014345732086512158,-0.012413464329746438,-0.0034096378048081924,-0.003400406230262533,-0.007156516911283883,-0.002682538063335106,-0.005046419830633968,-0.004345298981979415,-0.004736545632411101,-0.003956234630852207,-0.007725623995118933,-0.005652875802202636,-0.004727212904677477,-0.003548659269090617,-0.007760704483358135,-0.005421321973326676,-0.003550833898368251,-0.007652508393013371,-0.004423420527141973,-0.0015276723923605198,-0.010574010012052864,-0.007209448795116397,-0.00455121687483153,-0.004162004687296276,-0.0023444076623081456,-0.004872688377797623,-0.005164554177794694,-0.0028944834382432297,-0.0038488393695874507,-0.006258381478832457,-0.004087891872482333,-0.0022329010291595713,-0.00029144684526585286,-0.0034002683671854605,-0.003422088199101038,-0.0035950844673566344,-0.003889041769285652,-0.0031321447891957724
average_user_avg_cognitive_mech,-0.007652739476628954,-0.006931778951663597,-0.007362203027498698,-0.007331766468000102,-0.006784691444269819,-0.0009923955381611756,-0.007974961647865552,-0.006809925504495986,-0.007753494095778372,-0.007036767170372382,-0.004410544070757265,-0.009108527445925222,-0.0074576801195378566,-0.009196875009955599,-0.007705964976440804,-0.007574012276813225,-0.00605795001224015,-0.0011360580178238263,-0.009354879669544524,-0.008021012723459293,-0.00695694462496394,-0.006865530470070108,-0.008323216381338514,-0.006444078397591997,-0.007185203881447856,-0.00862787413786181,-0.006990148304291847,-0.007390705678567969,-0.0065086291135503845,-0.00676976347909949,-0.00678817610351398,-0.008602793468253704,-0.001221588370888373,-0.009832817823441744,-0.007495428308240175,-0.007766005302528272,-0.009931386350604313,-0.006144324936770042,-0.009022594706453968,-0.008206406781377483,-0.006808941621443533,-0.0066852292429075855,-0.00688951199731413,-0.012569366867890484,-0.011635281176261593,-0.003211983593601252,-0.006959704028624437,-0.007268798331614099,-0.004703982471588132,-0.007337992374603519,-0.008427799463169013,-0.007335138770095322,-0.0068966731303945275,-0.009365039905227805,-0.008900226106183792,-0.0067328754792508275,-0.006461128108866601,-0.007350059178523584,-0.009448723182435252,-0.010993715789715109,-0.007000759388505402,-0.0076184578476706545,-0.007357647636524417,-0.007319707698631109,-0.015262267967604931,-0.0066994227029604165,-0.008901432233449134,-0.008214266921302327,-0.007946406770026405,-0.007477773524517716,-0.007083854085158927,-0.007245619344250337,-0.007415274275245005,-0.007551551297845386,-0.008320878296101866,-0.007111443707620345,-0.006573274782161584,-0.008011567098741568,-0.005996535031109541,-0.004368550034147379,-0.01386168660983814,-0.0073981572845238834,-0.009941408630042729,-0.007417384953854449,-0.008657514512529586,-0.01000114770265182,-0.007565997746110362,-0.011096098121360608,-0.006777083083715591,-0.004679152066697929,-0.006252992083103943,-0.009885109526171174,-0.010608868204205285,-0.004073031535305348,-0.0075313496529289484,-0.007411177735856839,-0.008419788719045366,-0.0072696446556001085,-0.008722940862650713,-0.008168980062498376,-0.007066180054560032,-0.006835093293756197,-0.008224266607039163,-0.007126560264135077,-0.006543557640091164,-0.008386452736858452,-0.006639923235872576,-0.0055249475744169425,-0.002819975612745466,-0.006788281292061244,-0.013124606276172096,-0.004166307834906826,-0.007387657894685294,-0.007594912327825631,-0.007676452381281925,-0.005862571874877017,-0.007404245406423506,-0.006997250327041017,-0.007229480213752217,-0.007746913073455397,-0.007289117526249511,-0.007312427883054331,-0.00850120836996894,-0.005329452742320318,-0.00769247960218669,-0.007547016032918869,-0.0073082071927357784,-0.007218276831539964,-0.00696446225048989,-0.006150647699553086,-0.007673119610344716,-0.004347644496494232,-0.007557353199129699,-0.008767375275575355,-0.005840620946617198,-0.009640924619211174,-0.0073921173036093765,-0.006782096058154125,-0.008507875489144397,-0.007125999843221032,-0.007743824399484997,-0.00863390688157422,-0.007509008930954752,-0.0061833761081856245,-0.00782587174810825,-0.007945014616566317,-0.0031583100917706086,-0.006114476363483602,-0.00993601079845345,-0.0073925420381938094,-0.008455795139208792,-0.011525965800779312
stdev_user_avg_cognitive_mech,-0.0263647491446068,-0.024696103857476025,-0.026107102671565047,-0.026266550979187103,-0.02669478096333313,-0.03133127904352727,-0.024123288870154608,-0.027296307263995526,-0.02817348932149691,-0.025550937767583073,-0.025606254525232124,-0.01948688728623032,-0.026655304027301093,-0.03443193442198768,-0.02481579800800641,-0.026114261876488236,-0.03370556283139648,-0.027528753927739277,-0.030351455939518844,-0.020715459143567747,-0.026748305251456952,-0.024916161434484642,-0.030070119512528866,-0.024967506227311996,-0.026123211310235525,-0.02883585116985033,-0.03214116444480307,-0.026900667852519627,-0.028045286599070435,-0.02448572705050274,-0.0036639966984545295,-0.026692963795933923,-0.029684633652886948,-0.025738587989784255,-0.02685424976786775,-0.0304535716132754,-0.022841325256409042,-0.03135716142086484,-0.028101351607698416,-0.028898791710261232,-0.026883330870046428,-0.024839186525529196,-0.026790103760880472,-0.027186362990410863,-0.03447766676160745,-0.0163561571957081,-0.026511221614020468,-0.025780242315275436,-0.03742764326516872,-0.028564060724815245,-0.027831335442246467,-0.02642328988052183,-0.026224964124117033,-0.028290282645361403,-0.022214870846786344,-0.02004699441399544,-0.032176112578670604,-0.024877753777505673,-0.024038519403007136,-0.026916439406989495,-0.027562782829819967,-0.02795567043412551,-0.026039657379109713,-0.025930277244847318,-0.029244904930421665,-0.028238751847430358,-0.027861742137569347,-0.03008247337580387,-0.023515579625610745,-0.026388694236583805,-0.024517819396036457,-0.024638858964609232,-0.026367440055376577,-0.027430116063682976,-0.025792550013179955,-0.02605955946742626,-0.026673355403615095,-0.026955345452457907,-0.024303425118872568,-0.02616598435081248,-0.028566126871293188,-0.02648685550118085,-0.03036234838013658,-0.027361059413573505,-0.02556148869439382,-0.019584252144330135,-0.026350195209661677,-0.02865894628527856,-0.025597656549168193,-0.0247325880264032,-0.02862228930532391,-0.00994062787108822,-0.03697562652140769,-0.018837390133446014,-0.026703428512306494,-0.02657984674266482,-0.016777062537291637,-0.026429453174804517,-0.02567396739591757,-0.02811775407840037,-0.03144870141027847,-0.025680878668385056,-0.025779393571483383,-0.02728212238992984,-0.02415358666375772,-0.028532207061115013,-0.025356412250503366,-0.0321140869249169,-0.021532716665823466,-0.019881311567033072,-0.020056029277360304,-0.023661198984189273,-0.026261506664721376,-0.02563058962946061,-0.02784119966054441,-0.02262420330048286,-0.025704664726389624,-0.02540509457500846,-0.02564201508017596,-0.028190306656599898,-0.026698645276049586,-0.026592991835768288,-0.026565626383863852,-0.02675120191323227,-0.023895702670365154,-0.024970473948474785,-0.026244970519161342,-0.027325780370709964,-0.024129569742812877,-0.02603998087593369,-0.026387323454071625,-0.020314033271461106,-0.025788229072602573,-0.0250204025274852,-0.024745703014099514,-0.02322518687181621,-0.026326179499653178,-0.027079220192890344,-0.029736680065880934,-0.025584375959653557,-0.026735244617892846,-0.02466427391308367,-0.02580897190128851,-0.015543075285967439,-0.025710597558964387,-0.032925107647549155,-0.03072645266918852,-0.028828294738926934,-0.03197451414641573,-0.026295782769780278,-0.026433114902960714,-0.034313031188597916
min_user_avg_cognitive_mech,0.023997215738271967,0.023626494829221613,0.024755116574317754,0.025069202897556264,0.02590716510563798,0.025601465774881177,0.0229075291150857,0.0231826627072024,0.02425609462038566,0.024762132535818385,0.026937184273863452,0.01801765877291914,0.024080993813380965,0.022890235434263932,0.022915660158611417,0.024648183516404663,0.0243903472237667,0.023557491314354077,0.02622110129786068,0.021186291926884343,0.02558060743002978,0.025888029818794088,0.02499136198058833,0.025554425614255694,0.02483531622338029,0.02300753506606234,0.028737385155715202,0.024549633754638967,0.025930950696068735,0.02553224314502701,0.011348191685318733,0.02316991211152079,0.028615229436817373,0.025359885676357174,0.024553038172690427,0.028080405991590392,0.019227745249743657,0.02839991362668673,0.02107484895267336,0.023668254760429993,0.026146930093186433,0.024936425517854882,0.025806006854247433,0.021109082870775495,0.02524892867792116,0.024262195680456164,0.02501396646763554,0.023873918859751327,0.03364230350802548,0.02390449551333087,0.02382912726575905,0.024723364156718757,0.02496470290675822,0.022921669083413657,0.018341664254781134,0.01669447742263288,0.03317027734063069,0.0231458248746893,0.021783681391582498,0.01741612354919691,0.02512278688541213,0.02542113086010412,0.024630498999217994,0.024672843362381704,0.017560573791659654,0.02648279345292099,0.025540142948501356,0.026019167460043707,0.0225973899664675,0.024714869286304293,0.024237388473986904,0.023812255905523067,0.02532922515496057,0.026214721651366697,0.022361754089389767,0.02481671823030622,0.02289996105693822,0.02305057580264421,0.025214526947844276,0.028373727820670276,0.013446655849752503,0.024327873710987675,0.024738220125911252,0.025127587088339245,0.022122300338217306,0.01356140605906741,0.02418626849130729,0.020379877196954846,0.026236131036495997,0.0234494502354205,0.02529983460526866,0.010917764277271804,0.025837894090764497,0.024136160842964004,0.024707916899406233,0.02459949129170872,0.017735445215839796,0.02481548980388966,0.022305526440170118,0.024667781662539894,0.02581314613235194,0.025645831244440098,0.029070314359655756,0.02442614538304074,0.022131582990674796,0.030176428183581794,0.025377587377690317,0.028483212652855004,0.031968352718708834,0.023180635076208534,0.013136188563749072,0.02956877626865063,0.024537942870424885,0.02459820974111484,0.027460517549660817,0.029206841613623212,0.025506778823995338,0.024861677465959825,0.022268684068110466,0.02596790443973186,0.0245819288992855,0.024595378802536032,0.0287129355738156,0.025643542960261098,0.021993911016626254,0.023351325276677912,0.024627318508884735,0.024252251151655864,0.022744263167593724,0.029476030043534156,0.024288307093470178,0.025270555487645535,0.024278446409102844,0.018937449824689003,0.030576499001046864,0.016609776209100587,0.024616212704141927,0.024645829568198982,0.027326296678194213,0.02557068866123572,0.023986131607409714,0.02182421269795006,0.025078336400095057,0.009164789143504243,0.02253863112757391,0.024461879626115374,0.03162457529801364,0.02630095614808193,0.026240333115150984,0.024762175540672927,0.023246062930208148,0.021327827959635705
max_user_avg_cognitive_mech,-0.013952770447347182,-0.013197883472859913,-0.01368046657780046,-0.013453335174566403,-0.012204043560336598,-0.015398175124879558,-0.01210938456541552,-0.014242250747055115,-0.015246541911019828,-0.012809721347600682,-0.012856759970332563,-0.011455216812387729,-0.014253249535980896,-0.019668109144006126,-0.013314659463353761,-0.01377855465368654,-0.02009608185361579,-0.0154701577802807,-0.015533071275437706,-0.010460049293618934,-0.01378720064336582,-0.011772227783807288,-0.016300212655303882,-0.012202155346613668,-0.013484673235425388,-0.01585844082028648,-0.0162660019091476,-0.01427636150257246,-0.01470293644899368,-0.011846478976066787,-0.002345238813248071,-0.014502715941845592,-0.014641945871544501,-0.011980394114750204,-0.013771527145634756,-0.014504026482564719,-0.012865535462350119,-0.015720006717298708,-0.015999635773273995,-0.016657260715718873,-0.013545952512992487,-0.013140324116588147,-0.013732744582444898,-0.017207104794844923,-0.021073683190503303,-0.00581262362806177,-0.01366596393929072,-0.01358287519276496,-0.017981599368474946,-0.015104422421210966,-0.015778798053412986,-0.013814838340615029,-0.01342684836170342,-0.015801894712485578,-0.012692709630319184,-0.011202280521222754,-0.013734477642593602,-0.013379880923219305,-0.012965574950566706,-0.017762413052325947,-0.014695449563462436,-0.014456790109820915,-0.013567715548366542,-0.013509333469129498,-0.018217426641830202,-0.014272984128241364,-0.014716031818943405,-0.016282004890922394,-0.011474682789725478,-0.013822006634547001,-0.012548269043161309,-0.012799420988996151,-0.013673767212924091,-0.014612954405882537,-0.014052919402897168,-0.013344799699953346,-0.013366400219261356,-0.015713035666824117,-0.011171307178529146,-0.014095647354627913,-0.020646695026233272,-0.01392755311188614,-0.016149577958422194,-0.014170610030601853,-0.01359657636346602,-0.012878385890283277,-0.013838744808371838,-0.0181068589317828,-0.012471279573179544,-0.012491233452212439,-0.014810481708935619,-0.009047174446413397,-0.021789395465792054,-0.008257684148968367,-0.013956355574963518,-0.01397762341657507,-0.009117729585432516,-0.013805250977572067,-0.014629245819497386,-0.015034103234079336,-0.01669791019130011,-0.012874155321177869,-0.011933000553663357,-0.014307847859818174,-0.01319638770715713,-0.01339880216413216,-0.012539416240522284,-0.01735172237339798,-0.009260844879856246,-0.01064474330869947,-0.013347261018158803,-0.009801739762516418,-0.01366761338787546,-0.01326164830833284,-0.01503836193648095,-0.010769092400266337,-0.012993436433645625,-0.013163248120876965,-0.014953110581670247,-0.014596509750224385,-0.013997126569155818,-0.014004639879069613,-0.011651563102738353,-0.01213902539416837,-0.01295551873809414,-0.013131204747751429,-0.01365650117595361,-0.014640144423970684,-0.012163475614471765,-0.011714631019020628,-0.014143004765514906,-0.008934614766539653,-0.013633045491839288,-0.015341135718318457,-0.008969483103374814,-0.014133710662165398,-0.013809717380290796,-0.013572504901522115,-0.015095968540058369,-0.012979643363814488,-0.014730779488146285,-0.014768624398438531,-0.013232401498114658,-0.014029155110251181,-0.014258580152855013,-0.018519451035896632,-0.01236865439485596,-0.014592040191519953,-0.018091398177975473,-0.013918318294384427,-0.013827696940579897,-0.020368977483574958
average_user_avg_preposition,0.02626531502868665,0.0261124968476968,0.027100910680996262,0.026645816545962934,0.027162772414722574,0.033615428363363765,0.02515570197082588,0.02419077244653314,0.024290166794689032,0.026406566524372517,0.023597476057129904,0.02893034222271099,0.025162455364188867,0.020806671943944068,0.027547862057438567,0.02668200068600002,0.02819792506599083,0.025487193594601054,0.026134302902365167,0.027417301658107858,0.02604042537039531,0.024782820992150404,0.02570348929543916,0.02569587198908029,0.026159704883829744,0.02920866868313085,0.026283099693811464,0.02521072432250086,0.023240492413955705,0.026983651016131406,0.02339643568858728,0.025635305197539694,0.02357854810430107,0.02634320016906294,0.026002959356528098,0.027322477623348287,0.026625500195846693,0.027737019861022696,0.026782931211183292,0.024992630812856603,0.027445083347755025,0.025988517826533213,0.026426358840180887,0.02723165972340328,0.02567202522048464,0.02993251762790206,0.02681274926223647,0.026076492030530658,0.024340959419050286,0.027237210903503135,0.023649771090448406,0.026279177894975112,0.025540790718309583,0.032430948623412906,0.027778644312103043,0.025660893830986155,0.035067503637695535,0.0225972039249618,0.02672426654104873,0.024572115234465473,0.027228868184170325,0.02718600213068247,0.026578151079022286,0.02615347107672567,0.03625564429807354,0.025945180798222632,0.025133422098260957,0.026732978781667166,0.026708035427704512,0.026140644213309885,0.0261937914984081,0.026101885140430815,0.02635143485166887,0.02605933333869826,0.025764656508078937,0.027277102074742272,0.02330195075900317,0.025057029860714706,0.027046081243570316,0.02640972440228752,0.010773259182757351,0.02618472000485707,0.023779698395384026,0.026591475169479968,0.025208476292135587,0.021029713045358327,0.026435525267894028,0.02323709005918511,0.028712518934466864,0.027282482043063567,0.027798439830868594,0.02483134811784224,0.02731497077798016,0.02675277075765447,0.024301584168241835,0.026068452224653288,0.025522413558199605,0.026277011828357663,0.02555084973668962,0.027041049326268038,0.03067590722345818,0.026243177245981596,0.02659811094745337,0.0268524364694118,0.02790912188873686,0.023818245651672967,0.026790114089240678,0.025931685313744006,0.039391794748302525,0.02121758111005668,0.029257367954931064,0.017677244778894978,0.026717751461904388,0.02649549905112211,0.024956389956012605,0.036756928374175296,0.02832287008832708,0.025280364905953655,0.02686980839641498,0.02974255906795706,0.02680834471002967,0.026313235457474403,0.023401535956910274,0.028073646686874867,0.02486628298604184,0.02488005366685944,0.026622712454671633,0.025598945140066998,0.02396596523402964,0.02346266387646795,0.025669478417513884,0.034435631869670455,0.02610735667018392,0.027189428610032224,0.020038145856775377,0.02726198044169265,0.026248100685172568,0.02659220958719866,0.028057804360663022,0.02521626648862872,0.02658433276457292,0.027122095866377725,0.02795632280601682,0.023437504452156015,0.02703619632767204,0.026128888960462126,0.035443525260195737,0.024264643904746898,0.027372131409208342,0.026606885018390817,0.026476677673843027,0.024562975567270655
stdev_user_avg_preposition,0.039610931730703784,0.039430237011155715,0.03975375462554119,0.03889593604201673,0.03524899573806723,0.02554523061463305,0.03702964058992143,0.03969437604923833,0.03889073963126885,0.040207682344647534,0.037806137806423876,0.039212643318489865,0.03845844714910963,0.04439261089260428,0.039722431308271786,0.03915133734652188,0.03824150613571001,0.047172576453476396,0.04166030478470809,0.040758134482008754,0.03926043824615145,0.03710788669616701,0.037790218365175,0.03955402408168677,0.03907768561124273,0.04382504546941718,0.040781908339891704,0.03926372327249238,0.03770745723666805,0.036215195117053116,0.04064334492996562,0.038856832277464025,0.027354744303387354,0.03711113333208989,0.03879109443964561,0.038992136826230206,0.04365952049014256,0.041536651510208515,0.03179952033647976,0.03740379741341186,0.04074625683552131,0.042478895971385676,0.03978144330283247,0.0266344723576781,0.0397378689362726,0.03792779953149318,0.040293639638209214,0.03850336521388469,0.042207460713705985,0.03992483062520565,0.03820360216525057,0.039314481037623444,0.03911768927186808,0.03897415452166812,0.040059853650212786,0.037495831267233264,0.044954962959310264,0.037724420328221014,0.03904375405544393,0.04542834673822313,0.041037741978330475,0.03642147819012413,0.039718651013786986,0.03911001037071894,0.04540185653236573,0.039287864500578945,0.04066605387325988,0.03948241501908662,0.03457703610537272,0.039487435866268926,0.04230093328664004,0.040915553640695004,0.03823947382995245,0.040183602388764714,0.03786353860314585,0.038990737656471076,0.038618381750225216,0.03691693141795429,0.037148300360799406,0.05343882621403984,0.03238815168145393,0.03877690471223964,0.038636992349173165,0.03984516745974408,0.03996423276572618,0.03108607708731304,0.03922568820200116,0.040880787054421434,0.03906256658262285,0.041031972594317775,0.03817524924783454,0.041442613394670376,0.039116164306928346,0.034149539668318435,0.03866669352549867,0.03927674984485485,0.0365320526487387,0.039322969714348,0.03833529833976834,0.044430812690581564,0.03733716382115879,0.04037193326735491,0.03133059184159742,0.038386789084697406,0.03613713915216263,0.038338457076342945,0.038315036451999296,0.037337637193042436,0.032692096822849556,0.03469234086162333,0.03337359693092452,0.034548500103146175,0.039725641836244927,0.03823899477737337,0.03716573818240603,0.035663043587347086,0.03987454422879782,0.03847735129668174,0.03726917379449462,0.043240669277738016,0.0387839908883252,0.039343524325753894,0.043702446251818246,0.04073324333945961,0.03655158688041274,0.04099437227196212,0.039604638816506686,0.039425119749366466,0.04028079709657325,0.039931428229055356,0.03871544769545663,0.0428046801464295,0.03888910097928014,0.040471917475748034,0.03339246402330156,0.03379850210433635,0.03936909447902887,0.039771955144508,0.041312216874860946,0.039396018204982994,0.0368178912528751,0.039342436351728544,0.03907199452066055,0.028767103709979168,0.03917059181193426,0.0388253198254495,0.03725691791488215,0.04522233648571889,0.037049519879364265,0.03922891945183534,0.04106635920407923,0.034343622524767796
min_user_avg_preposition,0.030856240460782718,0.03071140955800196,0.03101504357055286,0.031063568852978455,0.03017298377027163,0.03681814987084951,0.031455441352606126,0.032153460489255076,0.031046391575174293,0.03502577867674628,0.02531848578138504,0.034940711058057544,0.031609361136863724,0.014431049471560979,0.03219008611666802,0.03218174775137525,0.02621500134047901,0.030792208606173564,0.032717590454721696,0.03296042660940602,0.03156099329524768,0.029667493294180922,0.03341515881436588,0.03073676060500525,0.031109937322340356,0.02637625138332571,0.030226037718377556,0.030624660432694687,0.03101818589976791,0.03197810906282286,0.03136901205669811,0.032238539428113965,0.038029785440305365,0.03005479764437073,0.031077872962048114,0.02905774551171443,0.027207741817353824,0.03669754190823697,0.03257389287918844,0.0334070263631968,0.031945698796827925,0.027489083762644338,0.03134758151056508,0.04907477194411218,0.02916610506752232,0.029803201790674347,0.030984788260128546,0.03117602020151817,0.02581861506520651,0.030612834460539192,0.028440781117480603,0.031401625270165136,0.030572225423173942,0.042180902541257864,0.030231861545656047,0.030715962587708884,0.028317953954044652,0.02915693147422595,0.03133844390227216,0.026091639273037388,0.029333329682742746,0.036281565462534957,0.031351594700711964,0.03183316790019517,0.0230813258876261,0.03158714923093162,0.028970599633627726,0.03261785453493259,0.03504153121585814,0.03096499696210921,0.029897806725090948,0.032077241466505466,0.031255759626980226,0.0313032886229985,0.03062930432930621,0.03248528506221938,0.028859964944905767,0.02998602645696665,0.033596119761088665,0.019489172269638682,0.020459804399316064,0.03147797329853864,0.029661066141642843,0.03157848265799975,0.03021334478968577,0.03437653460244644,0.03217564719968805,0.029900880508540506,0.03326925722346119,0.030858854356263895,0.03375331160755764,0.029232567680029752,0.028381681117571216,0.030537300116223826,0.030599922846840728,0.03162878501229004,0.033755262867025446,0.03130382838380053,0.03253052044000549,0.02452906317597129,0.031552568285009845,0.03150361103415843,0.033559442855865436,0.031586276445952556,0.033764324503998834,0.029731447923202006,0.031004096546874874,0.0327277768920878,0.039674059323283065,0.03226714858760383,0.03332746233879077,0.026543370694101544,0.03069998714562817,0.03154670850882767,0.029690564123419833,0.03799666244859022,0.031530771070126806,0.031631396833566985,0.03447627923524477,0.031020812529882057,0.03220609393489977,0.03129784145113483,0.02775438184721291,0.03273520859225904,0.032921777066045,0.028658720904036185,0.03107811648567682,0.031862757605838656,0.025714420151659822,0.028735884237299735,0.03199301478947624,0.03462948585890769,0.031869652180131554,0.029933178988085483,0.02249678826034359,0.030635379230743748,0.03137739874344399,0.03045736354615648,0.030511329039356435,0.029829990336810504,0.03288051725506339,0.03000669071641983,0.031915049994697145,0.03181374894925725,0.0319144466788786,0.0363012623049058,0.036699288792474125,0.024739929063604293,0.03504839731079033,0.03309879062492807,0.031011375743208967,0.03455297370802104
max_user_avg_preposition,0.04282889388057996,0.04241814918590538,0.04290397768897057,0.04201560581424796,0.04029663041171151,0.03845405307658837,0.04094397418248643,0.04245085912653574,0.04143076095333545,0.04430707875693067,0.03815319868212746,0.04418923713036223,0.04159700336177781,0.03864492738037407,0.04362733024789286,0.04258749742313221,0.040758745624460704,0.050191144648230455,0.044895272158549084,0.04435648171258988,0.04248152952277828,0.039894970483790315,0.04226159332592218,0.042444727016706374,0.042364852299874245,0.04492643958289269,0.0416928492674556,0.042195042047660496,0.03955305393115347,0.0397600295844734,0.042063927572799184,0.04231411409963814,0.034141097714180994,0.040193254095122116,0.04261618639369624,0.04149972731826179,0.04636295999566588,0.04689837346628209,0.036360475349166324,0.04134890607927716,0.0438734112096451,0.04384673538558978,0.042912280979191045,0.039046789075643226,0.04161713022756745,0.04250526494174498,0.04335132119978838,0.041913802926344376,0.04299363790301309,0.04316439360696893,0.04064543631208258,0.04255474787505382,0.041884089310907924,0.04701115167301026,0.04343598018650077,0.04232301958998956,0.04591560433376507,0.04050508094755832,0.04275741858085565,0.04770980248432392,0.04328544357128304,0.04202847254725736,0.04285540541931809,0.0424002543900441,0.04582223304191874,0.0425093919457082,0.042597682494809844,0.042864882530347675,0.041118615598567027,0.042519155427463165,0.04413603757991261,0.044037130980769536,0.041937467148913846,0.04309225447071156,0.041472074419778876,0.04273719086594755,0.040373008132938384,0.03998485844992248,0.04149682814261457,0.05083855928790445,0.03373133963242869,0.041835150928999976,0.0430743499368313,0.04318627112342909,0.04317990186196442,0.03676477677968519,0.042792636282110254,0.043077982695937406,0.04318868299319222,0.044265172946344036,0.04244970712806731,0.04082412068489615,0.041380770266778846,0.037749986695915,0.04155273854294092,0.04256147755254756,0.04145899463239402,0.04253742024085295,0.04208279304030081,0.04562438087947648,0.041775357673686266,0.04321511572104082,0.036182297946115355,0.042274196857237864,0.04146261600039134,0.04126557599527982,0.04163894994604174,0.041924076771005424,0.04298824391321972,0.03743744029855766,0.03918470776817604,0.034755612802364784,0.042905510951612796,0.041721254283176676,0.03993304195281741,0.04360688990728257,0.04273283195655218,0.04151968201448912,0.041996641208495965,0.04565263132155758,0.04241119948154386,0.042617178581425406,0.044602112561883414,0.044807564638007606,0.040579746088660426,0.042747333359766444,0.04291536854661859,0.04260287328212169,0.04268969599775576,0.04142612686936855,0.041993680742808015,0.04873562267442135,0.04231423685516599,0.044285655418437465,0.030884578257844433,0.03896362930675013,0.04258572466882674,0.04316586370229734,0.04344525839585228,0.041854922980379225,0.041601764600060875,0.042721163254490935,0.04278743584961503,0.03527523309177137,0.042966352994977364,0.04401417183648159,0.04630727788095115,0.044732373712769564,0.04368389888684427,0.042726192603212344,0.04416452495366374,0.04383308834225474
average_user_avg_first_person_plural,-0.01903130915367397,-0.019261487770013144,-0.019606666236249404,-0.01924903620297539,-0.019266827977047023,-0.013480632623007915,-0.0205006588009577,-0.021562147621595574,-0.02068793839210406,-0.020118816208253607,-0.02355913879870148,-0.019088185023683688,-0.018409200684267296,-0.015847263859628768,-0.020019859986006968,-0.019010274742145613,-0.021529865644565244,-0.029205591969621712,-0.017791359576430806,-0.019726906848336875,-0.019068845770466875,-0.019604903980841606,-0.016676699521604103,-0.01944796841278717,-0.019054728006131026,-0.01825065121912724,-0.019788674193840648,-0.01955370023437788,-0.020157875855646223,-0.019081179994383413,-0.017956804330723778,-0.01953134174456065,-0.01896706083140485,-0.01626925240173387,-0.018777459516248714,-0.016117369986662675,-0.017284023429685002,-0.019135629439320963,-0.020301303849790113,-0.017963946890398402,-0.02023996348163478,-0.022568282094614818,-0.019369199271557943,-0.014279889938184572,-0.016934674579216095,-0.023809399803944933,-0.020411834313527707,-0.018811922800470775,-0.01981014350812467,-0.01838813038710993,-0.01792305703334219,-0.01934498168021756,-0.01911442345980633,-0.016505487061394222,-0.022785932972574568,-0.01818624001145094,-0.01627692034263284,-0.017610872939511614,-0.018863672213196486,-0.017727089051660996,-0.019144470005087642,-0.014972499321255838,-0.01925107061255599,-0.01939754288411985,-0.013808050768134524,-0.019605761010751392,-0.018568714049435487,-0.017806568905401176,-0.016562822969576348,-0.019217633669121586,-0.020086491150520795,-0.019311977447161965,-0.01924176890396109,-0.021140324293030453,-0.0189291121707907,-0.018358778924679603,-0.019527660659345747,-0.017927523313182203,-0.01851554360280471,-0.016122219268158638,-0.02063157742431391,-0.019320857262327677,-0.01573826408431679,-0.01914385640943493,-0.01846592712953899,-0.018038264407523315,-0.019171402805697048,-0.016668905523425738,-0.018771404806732186,-0.02117395982310973,-0.01884216256398052,-0.016108131689058114,-0.01823158911390306,-0.021272559672530857,-0.019104745729336185,-0.019175082432076107,-0.018959064158443388,-0.01933254112853247,-0.020432703388182604,-0.020351483965022982,-0.019110077950112127,-0.019690513915670387,-0.01360293468288826,-0.020808137125631714,-0.01753735899322553,-0.017231317311001915,-0.01912618530323136,-0.020860571557760096,-0.012934777319825416,-0.020533618414099012,-0.02414308376442371,-0.026270162095363772,-0.01921743499436846,-0.01937739182647212,-0.019512132007292595,-0.015962253774640132,-0.020416084978085804,-0.01930606143382351,-0.01948328821572322,-0.018033812265417688,-0.019230581285797764,-0.019234627344224632,-0.01678001729427927,-0.0183703589204994,-0.01625091558390864,-0.020006137075250133,-0.019249301494121566,-0.0196157654052208,-0.020821715778709858,-0.01912137646178659,-0.0196566482598248,-0.015258084914985818,-0.019004064884261276,-0.01854969584706319,-0.026452754244743713,-0.014894848660714496,-0.019276439334061347,-0.01668817820638794,-0.020220113836990957,-0.018249686054752627,-0.019057778534827676,-0.02203921125318152,-0.019420597713487954,-0.02031321905639486,-0.01933883012294333,-0.019422636805224158,-0.01278709528040261,-0.015496955694542623,-0.02070532211375497,-0.01959740225491293,-0.0184747715937771,-0.011191011906519176
stdev_user_avg_first_person_plural,0.013576452378688073,0.013438544053999295,0.012820265541719552,0.01369163012539295,0.010436090024087165,0.01078021827378988,0.005717581824768642,0.014967262891229682,0.011961596485416625,0.013694452853701048,0.014475746957309413,0.013515700222093235,0.014263201375956176,0.016838033856265363,0.013262133386712623,0.013640318174821649,0.010758471087568968,-0.001914398360517322,0.012557802992597008,0.010543940947423832,0.012964838513067962,0.011730856200846119,0.013773345319136661,0.014636281036488848,0.013043199754570228,0.012013260637731695,0.013044462904869023,0.014388349640205966,0.013655417481747714,0.01486296004417078,0.018952263206940875,0.013476112757193091,0.022627388516674965,0.008018657742542207,0.013738040681701254,0.011539356908705646,0.012703261877509538,0.00968736541500928,0.019672446100248524,0.012469887392013653,0.012048592250964926,0.01378750959479353,0.012903286755099531,0.01885433380417439,0.014428881243268365,0.012044558055777171,0.012115974258954998,0.012948100637389218,0.004376345670490264,0.01308968065152697,0.01390983815973455,0.01321881112806432,0.012620346086344776,0.014475636679691577,0.007152856299384527,0.01291717225872778,0.011547534266597735,0.01092463540980541,0.011150920778162723,0.009930863105487974,0.014601810494698816,0.011073804981769936,0.013276247620889504,0.013163662146353037,0.005503098030763209,0.013931569837128718,0.01281189026519126,0.014912448450787825,0.015676683650831566,0.01268403547529437,0.015455796639382392,0.012642095736651291,0.012137916752210709,0.01359566229550314,0.012866253048253309,0.011495531440718174,0.0111327953472058,0.013166290215514138,0.011970883425762146,0.002304403343813353,0.01347232268596146,0.013114133441519231,0.010247105857715249,0.01227873304886284,0.01459791535810823,0.01780646975517871,0.012082873529662735,0.011237226245943033,0.011361959363698368,0.012314404070048666,0.015877425998277933,0.007113774987952216,0.014769876728183945,0.010495797477554608,0.013887430801509275,0.013372169288928207,0.011347268489994043,0.013428499743374268,0.013332120955614247,0.011301440431743137,0.017558090797063684,0.013212010985459443,0.014877061000630926,0.013784870381541768,0.01113008688043747,0.007226939294535131,0.013966524307959381,0.011289290365633815,0.012850845087793383,0.018720361608462393,0.010385467759448201,0.014331546706117863,0.012915897839716625,0.01301344076311857,0.00921366426101403,0.012126639516901527,0.01255480770647353,0.014721039501706841,0.015565550032225373,0.017708315181072364,0.013520502904684636,0.013305981602782308,0.011701303972003328,0.010186969925898126,0.01263145534222046,0.011717956257274436,0.01374033000203829,0.013803278427413742,0.015109116129558417,0.010474584989908518,0.013282290736938969,0.015000150981548376,0.01352171218823298,0.01618110108580189,0.010975486841782303,0.012559752312332861,0.013110425837224677,0.016558387220468346,0.011140261117102594,0.013939954210582233,0.012013061967054619,0.0138680385107012,0.01404758987488932,0.014847352183550624,0.013625141825052593,0.013109438826967915,0.010798127962579458,0.009916302788089824,0.010905086444279916,0.01412132317476645,0.014422783803101157,-0.0071494203266853455
min_user_avg_first_person_plural,0.03915317755347038,0.039476684533292686,0.03918082891443849,0.03860796696343644,0.03765777936388944,0.019875359255305123,0.03915894409365823,0.03442862584089796,0.039320637823471276,0.04046049861460515,0.03970903319259475,0.03921982027717137,0.03905749884236781,0.037877948972229694,0.03766607278905339,0.040431565649348813,0.042832439509087876,0.035495210063787405,0.029298701692392178,0.0392623584121964,0.04058859830351463,0.03842834841888501,0.04021412011131221,0.036092850920828194,0.03962770469594272,0.039326909360636556,0.03575864418417847,0.03532005799629411,0.036324910816387834,0.03900482980944604,0.03898349099161151,0.03850996789239901,0.03424447812583298,0.037980894188224215,0.03902027482420038,0.03976403536832581,0.04193551181814139,0.0425433941893532,0.03460747027577748,0.04199585916083965,0.03807902954794974,0.04143357516869993,0.03972884799782407,0.040467976740778566,0.036380649912905065,0.026694370291066482,0.03844899443342688,0.03898053541524529,0.03501442184597882,0.03645787120962175,0.042003446384704934,0.03929604054690025,0.03887130964560298,0.03924225307194537,0.04085296482315879,0.04283813640225722,0.03710495360792471,0.04125869943514756,0.03982602190108423,0.046796009190438324,0.03897044287198643,0.04251703412487947,0.03946484785986258,0.03945418162620785,0.04642280226547499,0.037100808605820004,0.038086238355784785,0.04024911584510353,0.04276682195949002,0.038973698622608854,0.03703108605699356,0.038915597698409174,0.04030927092739488,0.03948715788522924,0.038436582745917124,0.04074106422328771,0.04361937286420298,0.04598671476968786,0.03544670236415588,0.046029980669078346,0.04466669031055813,0.04008595296186269,0.04090490936139902,0.039512720767717516,0.037974156011735975,0.038244608858787804,0.039903514992838826,0.04008252545353732,0.040827772566535116,0.03678916838004342,0.03933819968340245,0.04384027246329428,0.03190289863365447,0.039694628673632125,0.04104540302577242,0.039325217187403595,0.04357824339238267,0.03918726107454486,0.0415705498819229,0.03443066226163367,0.030937492329083938,0.03919567626978702,0.039786703466452425,0.03772441376450775,0.040933416769482575,0.040610130898206136,0.038509712751381944,0.041009920580315905,0.03795703715830793,0.042210029745990606,0.041887651168475704,0.045374650734717484,0.03951446340665364,0.03992264943446602,0.0390452549282442,0.04017515338658339,0.03971551613231994,0.03988141185642366,0.03765515325242784,0.03662371713558712,0.039672324309760254,0.03947940375593326,0.03681801736961017,0.0364667196298634,0.04348689617655934,0.03724663053676118,0.03897898440670939,0.039937098109774985,0.03366793109217633,0.03982025133242591,0.03946691062988864,0.037786580457169414,0.04027037074277265,0.037427344766270014,0.032605818710042464,0.03992959416603385,0.03942043893833498,0.03685180822776661,0.035705752659157576,0.03838204470066839,0.046151892424081783,0.04048112307538514,0.03877815072432636,0.047114542913294415,0.03954142679613147,0.035541636855863784,0.030973199066507213,0.04293376346872993,0.03528299475766054,0.040048209959778355,0.03735585704215436,0.037399952527110376
max_user_avg_first_person_plural,0.016745250441172553,0.016498636691984845,0.016010281289999668,0.01655740617422285,0.013566530465576192,0.014619215383462777,0.009931840135132357,0.016140424572580622,0.014908190994513227,0.016091130993707993,0.015373008871502569,0.01646181919869894,0.01735371996499751,0.01990187044357847,0.01584531720368793,0.01674916458000588,0.014024326504244823,0.0010648551133443894,0.014013432635549859,0.01326379070921578,0.01648729584621169,0.015096348218407628,0.017425924091722268,0.01713887592586093,0.016288080459843784,0.016000513627881463,0.01647867678895905,0.01669137542218626,0.015720121773770947,0.017651197000959327,0.020044990470206695,0.016335895211893825,0.02423005532909529,0.012994366083054362,0.016858789399559117,0.016171871916425502,0.017313879164379424,0.013562935784226298,0.020820419852425023,0.016842738098152166,0.014752701773350294,0.015679211058842027,0.016135660407031478,0.022370654632769653,0.01721784319044541,0.012266332905328203,0.015089807507891701,0.01618137317469676,0.009139693553764816,0.016293035165795135,0.017123808669718327,0.016328871361412624,0.015810441264551223,0.018304229809532217,0.009856956248011074,0.01707774733408898,0.015199246207684008,0.015813402950010297,0.014890488507965535,0.015289765232587068,0.017537341083461538,0.01632058023011564,0.016437452418080308,0.016251030678424937,0.012672935483733303,0.016588721197602966,0.016134639823748343,0.018417433389494104,0.01927801384325472,0.01593150805153807,0.01747625808431215,0.01578216225418996,0.015843428525632284,0.016298872586717306,0.01599945447529317,0.015578602675851132,0.015300676155305067,0.01743248257765788,0.015213829796285824,0.00962181200426332,0.014422084785089835,0.016515700229655917,0.015080303513648762,0.015704213771047658,0.017728904477818053,0.02028516203501167,0.015718502975427318,0.015721267395106195,0.015356964874757538,0.014778235919418743,0.018801966681908183,0.011703384562596213,0.01717519944119227,0.013404625043818452,0.017077858645164215,0.016479400161411972,0.014775341164883521,0.016460089492240107,0.016497748396569596,0.013750356847363802,0.01792727362987048,0.016288505884688383,0.019560616103184273,0.016159632298576955,0.015485088376518248,0.01307408206694206,0.016897959250889643,0.015147846801553313,0.017863815643169755,0.01985307249671314,0.012118647523717292,0.016953515757291163,0.0161784322428003,0.015987141842429175,0.013546663042437186,0.016871018833891162,0.015599315881443112,0.01752218584726731,0.0176777494175043,0.019443574418414083,0.016654770436558136,0.016472894177722328,0.01527507948588136,0.014737005627583809,0.017597992323863564,0.01471988759838207,0.01673122412743941,0.016735305095298615,0.016379937613351547,0.01389701514532554,0.01631768802878855,0.018844045840831613,0.01684276976669088,0.018908132346657922,0.009298450827386291,0.01719264584132747,0.016271838498369905,0.01963753624376285,0.014235838997860309,0.017087145118264785,0.016437224913541628,0.0160440639036634,0.01697448620586513,0.0178265843623091,0.01690062145016706,0.015854338619765602,0.015972596798632804,0.013490961294404302,0.012040917243501773,0.01707615800687047,0.017489751098993166,0.002932850453489991
average_user_avg_percept,0.045485779544845284,0.04547227699206571,0.044733138250829606,0.04638587090815063,0.040494724705340907,0.04754051152788908,0.042755169810601415,0.04388259856932061,0.04722683245410189,0.044662013976536734,0.049254928954621774,0.04163498087128438,0.04535128009936333,0.03897118120756778,0.04574913461664246,0.046240719026067585,0.04687606442487124,0.038416364523634935,0.045039758704337,0.04345081198678955,0.045406442642741816,0.04500092177150049,0.04433328741280688,0.04551608449107202,0.045434872586106,0.04675250997825299,0.04599443691775329,0.04587604343831954,0.04736041028031312,0.04768923013542775,0.03859210557905832,0.045278180487099196,0.050243748222987404,0.047893974709767,0.045671718080861484,0.04429072762910726,0.047086667814708674,0.041650053005793684,0.04762348673308657,0.04450639716474044,0.045087961385036845,0.043567497234332474,0.045554220316830735,0.04761628266177244,0.0455817062838122,0.04442686364228212,0.04497734956539685,0.044942903761804036,0.05461283853288438,0.04294279342256062,0.04543975795743333,0.04557031956968782,0.04557320817891845,0.04108117118473881,0.044885895939195654,0.045017516767373034,0.03453728503645279,0.045772014936890294,0.04470906149710305,0.0496290031866726,0.04421588998591929,0.046262223077418334,0.04534683473282099,0.04559973840750432,0.04609713104893864,0.046173340141911615,0.045233636872096514,0.04602001910242744,0.04370301381947237,0.04578602717140909,0.04786086094066807,0.046038566465460916,0.045655256829585156,0.04697445903823651,0.04427453823997632,0.04585840021132829,0.03739980575629547,0.04647198908570189,0.04550843098833325,0.04001533412757399,0.03864328900059478,0.04612710368151186,0.04371357641788695,0.04552899247179064,0.045842596714310596,0.044318214082012225,0.04537319529478419,0.04141502541474256,0.04479242385936227,0.0479552409590613,0.045094763993088385,0.04583240522425701,0.04963681743703508,0.0444707269556055,0.04617404838046797,0.04577678311731004,0.041715500306616984,0.045601214171179814,0.046635005207618374,0.04474546095987818,0.04782582040117146,0.046585921432697644,0.04853955973387754,0.04585598413872968,0.044958349700828446,0.03820340884665429,0.04697378884164668,0.04466770183539124,0.04254245882740625,0.042958651101202366,0.030422861043919086,0.04520177430132286,0.045779301493064806,0.0449288404678137,0.04584472321940854,0.04469931279469237,0.04456430039695653,0.04598711476275542,0.04397521006172436,0.04440298014842066,0.04545075752025439,0.045538905975451974,0.04348632731112288,0.04629858696464613,0.04518512586072358,0.044792574282096265,0.04529963166926534,0.045682854230781444,0.04407864590904075,0.044270613470988596,0.0445172165930228,0.04888895129234526,0.0451877059319738,0.04618023469626975,0.0440178980617577,0.042878151985259384,0.04566979951091244,0.04655637391749698,0.04631681216407262,0.046761814765240474,0.044763792818057035,0.04667239195847958,0.04378974387882982,0.045216874644203514,0.04522473399774781,0.038910109243051876,0.038849884350265484,0.04421003782077727,0.041989463130499824,0.045607992826900416,0.04533492660246959,0.03373845424743078
stdev_user_avg_percept,-0.024817237954845372,-0.025338735644302304,-0.025141924665337385,-0.02580241454901898,-0.024260090418411543,-0.021411414741748024,-0.024028538504930908,-0.029956249778296834,-0.024449787426745008,-0.027153051158525923,-0.025600151592013416,-0.024613804785710153,-0.025233653098578123,-0.0300669045748963,-0.02660597576588001,-0.02540588840325894,-0.028535108182070237,-0.02316112126846428,-0.026721893446893227,-0.022828591659853844,-0.025549027324234353,-0.025164203862904293,-0.024144875808176734,-0.025907716399133092,-0.025410010075153804,-0.02940770508262889,-0.028729439924059474,-0.023299456745807988,-0.024799755228472362,-0.02344671538189362,-0.02164272468746853,-0.024460764808381764,-0.021530089281628355,-0.02641934100687263,-0.023720760049058764,-0.02226098564568556,-0.01837264137680236,-0.016456041798664275,-0.02017077971459038,-0.023852333682070924,-0.027086549959099156,-0.020532538748241465,-0.025176225307402354,-0.006992771142956766,-0.023426002349703406,-0.023011047285371625,-0.023933445912697807,-0.025322758605325027,-0.02329829895868602,-0.02418624356271118,-0.023964582040672398,-0.025193991165940125,-0.02556369311329073,-0.025414299407019565,-0.0242470885377244,-0.0207844557978919,-0.03221285813050452,-0.02572684002478922,-0.024722302480359254,-0.023175902723586057,-0.02564162882277158,-0.02372892829822341,-0.025704810837854128,-0.025060469272528176,-0.037555405182054274,-0.024595024604440373,-0.024747025435455428,-0.024534534514822518,-0.023754846508680802,-0.025530365209490827,-0.023770210547383798,-0.0248776187032424,-0.02461210115304436,-0.02343036386743412,-0.026683146811949082,-0.02468392681004359,-0.022450390194779034,-0.024274501708055958,-0.024960593615050236,-0.03127864503260579,-0.02069456099033936,-0.025554069814907758,-0.02297484151994037,-0.023971453419506135,-0.023451863772374525,-0.017667919921928253,-0.025288145494592382,-0.022405921756074244,-0.02472327003396768,-0.03204031007509899,-0.024185935299106964,-0.031452728099142936,-0.02567895378764764,-0.02248587582923821,-0.025036506663064964,-0.025233279311777358,-0.025091091474386866,-0.025183872392884023,-0.02492593363273036,-0.024548817984537945,-0.02662394979805567,-0.022782265716466812,-0.025485848738100815,-0.023740618598967964,-0.02368274202364437,-0.02457409307296852,-0.023548766413238432,-0.028817916394996097,-0.01607128923758119,-0.023676561501686327,-0.024199456394756316,-0.023230056269978382,-0.02563152201683081,-0.024985054702229226,-0.02496954641660247,-0.020211047162363917,-0.025417242961066008,-0.02606334808594568,-0.0248915826635192,-0.027214518380775002,-0.025028706583531048,-0.025040349008480598,-0.027146485063542402,-0.024236997834984654,-0.02142444250871958,-0.02500123801646429,-0.024914290808827386,-0.024866907581163365,-0.026079613107985743,-0.028192994439674986,-0.025806287421929072,-0.022402737677945574,-0.02446861142276896,-0.025180673545253024,-0.026787660335529297,-0.015780911027141832,-0.025135724464379117,-0.025812812850359888,-0.02418757324641211,-0.026546138682650735,-0.02415443374133354,-0.023875744199549718,-0.02400456369381531,-0.0259810400496332,-0.02670235387947032,-0.03096201411993551,-0.022141369249421967,-0.03146545848440041,-0.025377657593271888,-0.02550993884018699,-0.024265497777582093,-0.018701039362352224
min_user_avg_percept,-0.035397867921382206,-0.03479349389038752,-0.0357066998562014,-0.03349857227502562,-0.0294813818195324,-0.03360313828260798,-0.029864799538580535,-0.029363300468546905,-0.032288697208871855,-0.037289554870282585,-0.034067835556321965,-0.03727628419330386,-0.03478446460903878,-0.042243390114674886,-0.03777112116728134,-0.034534008794599745,-0.03799743066758766,-0.042625694618388804,-0.021130292177409297,-0.03321598986976837,-0.034421571516366226,-0.03239178783455376,-0.032706886207183254,-0.036495391506199085,-0.03417286593421426,-0.03602844569396189,-0.03483633526041864,-0.0385058264852978,-0.03225050393093544,-0.03918636498046444,-0.030733049255520787,-0.035211370191699634,-0.03748952697937056,-0.03338223750588147,-0.03730518479516869,-0.035680440020951755,-0.04723744541106802,-0.0345037642581104,-0.02975496201594842,-0.03787388423972096,-0.03375996289513001,-0.029046439157749085,-0.034055142393476664,-0.04305021987402892,-0.03554159748934485,-0.025338995186148332,-0.032347024105407025,-0.03500897897985879,-0.03580417316925775,-0.037871905961772256,-0.036092004505994583,-0.03457628785078998,-0.034283518965136414,-0.03293213465511771,-0.03480977439682747,-0.037469588524830066,-0.031600492512033264,-0.03378745077542389,-0.03423296586808486,-0.033009585374696976,-0.03446675568064775,-0.03620986298541873,-0.034851998163011634,-0.03440948963004019,-0.03404643073977906,-0.03450730878876536,-0.03691822411786995,-0.03516632013840511,-0.03288827107856178,-0.03486623567537459,-0.034656694876990565,-0.03334997309298329,-0.03341655033595736,-0.03611205076850644,-0.036065892067931433,-0.03501323478430162,-0.03764654206854122,-0.0353518166019669,-0.03466340991877973,-0.026358074919953605,-0.03546061029258048,-0.03395229579240385,-0.04299255157123638,-0.034707279911177204,-0.03331008002103666,-0.03206698517327589,-0.034338137033978575,-0.04339227126544194,-0.03314844051216219,-0.022458479211399384,-0.03314120733612646,-0.02804941377796496,-0.02909826902967094,-0.033951751850716735,-0.033309507234753934,-0.034351463166511415,-0.03303108269566989,-0.03467324708089435,-0.03532612111928518,-0.039352001448417454,-0.030773394439473623,-0.03347831460657316,-0.03600188335402254,-0.0332099043713481,-0.0353716837962886,-0.03516029432271962,-0.03378456597420659,-0.029391953427687793,-0.041030683373113046,-0.03108496142470405,-0.023863180997356105,-0.033159304931687006,-0.034700322981938356,-0.034458869175770485,-0.03352953757879023,-0.03932290039121534,-0.03470191953020249,-0.03485751279921653,-0.03650981918524654,-0.029074778243929726,-0.03394826745558757,-0.03495935977657566,-0.029899000206621403,-0.03321514114359874,-0.033808711285206815,-0.03585066333058454,-0.035105274427230784,-0.03308167129827587,-0.033162047875632344,-0.031819633219442194,-0.03512528374624519,-0.03495954645751889,-0.03526444986174542,-0.03440645139503525,-0.029204509874506672,-0.03968035192889265,-0.034685664073713124,-0.029192143127229987,-0.03679421641007532,-0.03435959488029822,-0.036053009599808554,-0.03325160676608187,-0.03488095322802752,-0.040154159722390205,-0.03236260746164299,-0.03919678508050856,-0.027238970117420262,-0.03173122567799482,-0.03531841050983199,-0.03364105672709949,-0.033766159589890175,-0.03186001774876485
max_user_avg_percept,-0.03167785432646911,-0.032198959155416096,-0.03216751635044932,-0.03199395706951287,-0.03148013261368998,-0.02624344425591291,-0.030263123096121544,-0.03545232728791456,-0.03039600377357831,-0.0336221946738731,-0.031706538714556046,-0.03314844852178265,-0.03196671610476335,-0.03758673765805626,-0.03277972221199909,-0.03179330491809251,-0.034422864076462015,-0.034024549894777864,-0.030968802961860192,-0.030511518912622014,-0.03208245196477414,-0.03138823710714496,-0.03108434210415764,-0.032237302272352136,-0.032000157751667244,-0.03510626612333232,-0.034025407958105984,-0.030861292293560397,-0.030385036859143278,-0.03075850160777695,-0.02891247514484961,-0.031774448781465445,-0.02767864044044764,-0.03043339439262449,-0.031280590249864966,-0.030457402849979984,-0.027288130393435722,-0.02533186514550858,-0.026887843650324112,-0.03128429202986569,-0.03362044155985813,-0.02880946586300858,-0.03181606007175152,-0.017289227099554133,-0.03066943456319153,-0.028026327233242464,-0.030762385624476918,-0.03227661248285474,-0.025876858301936832,-0.03155609626867778,-0.031100910935621326,-0.03188692079937193,-0.03218112418515219,-0.032201705489612105,-0.031070478464778235,-0.028471064294803672,-0.04054948821092869,-0.03246281118595455,-0.031531493871084414,-0.02870950907082253,-0.03249265156199538,-0.030429932588748577,-0.032314567665370844,-0.03175950646494512,-0.040480807958263976,-0.031184486967419486,-0.03184395384243952,-0.03172416217832004,-0.028839063769908344,-0.03232600979258051,-0.030091772253738665,-0.03148495435773529,-0.03162868575441833,-0.03039298380280121,-0.03365326671060222,-0.031091649917404804,-0.03079908100152966,-0.031225959020355083,-0.031471718809913354,-0.037618621138451415,-0.03116903479192573,-0.031994894377354074,-0.03091145407079162,-0.030847134105633042,-0.029892999928624833,-0.025100682935130694,-0.03182648626866512,-0.03190285399820622,-0.03153116099894955,-0.035630152012398414,-0.030949399575383483,-0.034146998442506404,-0.03010411181351482,-0.029966356582770647,-0.031310621355266674,-0.031831087220077624,-0.032132859911437855,-0.031908911856534,-0.03137210754004562,-0.03291753557664562,-0.031886198178486314,-0.029646816359806396,-0.030674893870169136,-0.030261442185074164,-0.03053524174833225,-0.03333964065325706,-0.030043200506871974,-0.034436987893344796,-0.026036091206135537,-0.030901913217406173,-0.028807024479583963,-0.030157573845872976,-0.03214369559064712,-0.031904065551862565,-0.03154314759480376,-0.028778262321971216,-0.032161402885636306,-0.03267512772352153,-0.031989404603105856,-0.03272832781723134,-0.03166919458030984,-0.031839631233836554,-0.032639642685314274,-0.029764292823556995,-0.028564532067749927,-0.03213117637124738,-0.031828814160091826,-0.03142855418943987,-0.03295290572305014,-0.03427767713131291,-0.03262643793221607,-0.028668237602269702,-0.03152120042486656,-0.03132997351016668,-0.03171306606532816,-0.025550959703617808,-0.031849699668336263,-0.0309316916171452,-0.03057454342476558,-0.032716069177127424,-0.031711431586553575,-0.031002037746218736,-0.031595114745102196,-0.03334303904116986,-0.03252036623342566,-0.037242394096467374,-0.027369618873369805,-0.036862244680874526,-0.03194147551698595,-0.03219747037906895,-0.030715125696853487,-0.025920596766367862
average_user_avg_second_person,-0.00230097694542181,-0.0027232020550249066,-0.0022022524623049114,-0.003480669722208023,-0.006923419182055525,-0.010679463924812867,-0.003361236310383993,0.0014026604080495664,-0.0013390471564088107,-0.0010079697132728983,-0.003232784306696053,-0.0015284305008582896,-0.0022340569416916846,-0.0032627901914232434,-0.001728958600340556,-0.0014960749749018936,0.0006353528271998438,0.002233682511000392,0.000985673875517304,-0.00152477287655128,-0.002446530234589926,-0.0023997929713500746,-0.0017672875061379208,-0.0016885422471381983,-0.002276174604107832,-0.0019026575582716731,-0.001593372479924214,-0.0016220162448902769,-0.0008651493932873167,-0.0018954645781849543,-0.0017799683896821076,-0.0025926527372755904,-0.006981757778703268,-0.0003347450872295994,-0.003026857722701561,-0.009798809619801282,-0.005497950978778637,5.8363587585782625e-05,-0.00202594633821003,-0.004448551522643581,-0.0018581119445918101,-0.0022958687261257433,-0.0021091542690827563,-0.006798502322618562,-0.003963693738808967,0.0005581528114340078,0.0007195478919572156,-0.0025647716694111103,-0.003627418033842143,-9.631975018691182e-05,-0.005737339021373517,-0.0022604405630764456,-0.0027532680094904827,-0.00088304048884311,-0.0037257914465973086,0.004490692263182711,0.0015477233810378618,-0.0020600930439432837,-0.0037266176108657675,-0.0015403300900896644,-0.0019467902844027413,-0.0008772379933628238,-0.002311993448537681,-0.002042290839152047,0.0005501952034606718,-0.0020229935843864184,-0.0018351035655495944,-0.0030561482312076935,-0.007278626621849374,-0.002324530390212508,-0.0018844202083913575,-0.001152641868171136,-0.0007243876683262346,-0.0022590015633262156,-0.0018797679523086495,-0.0015746431422047694,-0.0007175457667905824,-0.0038513061909572367,-0.002640356391577059,-0.00707576279789234,-0.003218870984746044,-0.0032803492539456303,-0.006332268954416883,-0.0028542073101222223,-0.003164532040966228,-0.012018798525895902,-0.0015202142921462332,-0.005416694873402355,-0.0022144522800983737,0.0004606762350702516,-0.0007356778692460559,0.005815360050917097,-0.0012579049439336056,-0.0031805076847592952,-0.0029761447169694005,-0.002332149806455531,-0.004034037265908683,-0.0023892956394533614,-0.002383477056801876,-0.0018096194948369077,-0.0005012311131782684,-0.002759375432178383,0.0007970537791582577,-0.0032567586272493794,-0.0032159701609389326,-0.004783055179153492,-0.002624800512454499,-0.003522067099017031,-0.0086686151783958,-0.0039884099856935425,-0.005909079156658545,-0.00011031461691396981,-0.0028553144220099264,-0.003100728518658791,-0.00014260076594548553,-0.007085852384196904,-0.0029872911357485205,-0.001963533086291963,-0.0012362073749097868,3.233604414881047e-05,-0.0021338973918170294,-0.002126702773049771,-0.003938445650608968,-0.007156904702588189,-0.003341047666252841,-0.002659548566692777,-0.0027897792037361955,-0.0016932376218738512,-0.0005343089688721048,-0.0012580673311771706,-0.0014712600076139948,0.0018223687560681417,-0.002200696560278593,0.00022421790173050328,0.00027892613578310056,-0.00886537733365488,-0.002243073526854643,-0.0014815410086952965,-0.0032447399601214944,-0.002670887805139523,-0.0030161762343079504,0.0026984096546008862,-0.002034221755539127,-0.00574848826728066,-0.0022732012705642462,-0.004726572621639287,-0.002003944452339192,-0.0021468817195524677,-0.0020685120492840913,-0.0015660673824558716,-0.004166603623037804,-0.009007698633629026
stdev_user_avg_second_person,0.029303047661512108,0.028591034386304205,0.029531375390694704,0.028621594058867123,0.02700248293942159,0.011612662806003456,0.025809643735235928,0.028049097714415938,0.02849344036350364,0.031429540404978626,0.02926341792758537,0.028812088211880735,0.030149251740297013,0.029557491536223203,0.03088092087008492,0.029980154551419492,0.02988612648117618,0.03299733692119425,0.023587708201088117,0.02679820636880237,0.029369171957908162,0.02819665384390474,0.028130524142997416,0.031858993542585895,0.029358810749907673,0.030698008028805984,0.028888290195381378,0.029214707943681858,0.027854125277910896,0.03312629198409552,0.02702055449847414,0.02914752295556753,0.02634854134163274,0.03117274795005741,0.029199183853631534,0.024107702537344115,0.02677838137652642,0.033215697394938855,0.03046349087187842,0.029917507481578422,0.028515066547648994,0.02620482419213626,0.029039136599753133,0.03423878388096137,0.02817507489958114,0.022627088618320204,0.02970135465453789,0.029118966095503716,0.029410144342225622,0.02973267198149934,0.02708044669659007,0.029364740121279716,0.02828688709845418,0.028601598013235526,0.02650709301616382,0.023290020867214375,0.03405464486892193,0.030033889991422417,0.0290689087127639,0.03011312585994353,0.03236934118926521,0.030085431759837945,0.029686973790769892,0.029402178776396254,0.031431293776012434,0.03074639420521016,0.030223561845209423,0.031332844847225136,0.02886069470984869,0.028957580444763393,0.029329078005231664,0.028830801227314004,0.029856361468732683,0.029310900868287738,0.03020774500011309,0.0290857554961195,0.031309911548439914,0.030846366162928403,0.028992896458484012,0.022400525829044636,0.025988091172856873,0.028801992527182723,0.029393858682185123,0.02872522613670913,0.02929172633113477,0.0010143605429337454,0.02950304925266571,0.024305223161697764,0.029943655360901326,0.02425542960740649,0.030515629633766167,0.027973024768337445,0.03151853556620708,0.01988171989814242,0.026883418447682814,0.0293656056112929,0.02927772610124564,0.02931451315052996,0.029801019978445746,0.029869077942076157,0.030138447960911356,0.028223151850489576,0.03250440201936498,0.028005567053609712,0.027947287556224148,0.02749999275567684,0.02787466662976229,0.02752751188883934,0.024230540719295524,0.02489964274455517,0.030727190856242072,0.03331528783484244,0.03001721530392735,0.028934655372471918,0.028827752813847182,0.026507141106713174,0.028588863689947522,0.029865394270574906,0.029160654083387333,0.03058355142687604,0.02946739409951291,0.029435675423759137,0.03149229485082826,0.02535016528945936,0.026917252753062518,0.030458689303942833,0.028889272424116156,0.02902251156927478,0.030439532271761285,0.02922323356200564,0.030683235533326227,0.03600625350384189,0.029213872079275834,0.029310940238343023,0.039032047955378506,0.025378960064633624,0.029438339281281853,0.030729817417997476,0.030193255864773748,0.0289261109398911,0.028880197407211625,0.032988241615401155,0.030670907364020276,0.029696790236849745,0.02982388941330596,0.030049058552608057,0.02744766691299224,0.027302963718309214,0.027033770738020216,0.029277867037610747,0.030407690653781634,0.024560011233538518
min_user_avg_second_person,-0.02411763098988568,-0.024502485265386943,-0.024560510469722255,-0.02590244167765904,-0.027196052079539713,-0.02461924278165751,-0.02496950621617414,-0.02077265598658068,-0.023226182585792447,-0.027484164645124445,-0.023498503435622705,-0.02774771956953764,-0.02428497627138521,-0.03321903110648147,-0.020648882538757105,-0.025791995005467652,-0.02347033040098302,-0.017232276486555637,-0.03138015087630198,-0.02470438930744913,-0.024224578326840107,-0.02491357003679622,-0.02403464026868944,-0.02701663909257017,-0.023615839969547112,-0.023028389078311437,-0.023790862247388998,-0.02410604575237467,-0.026325358070192963,-0.023483149124940452,-0.015187119368541762,-0.023850803382370854,-0.023672894840399642,-0.0207508375129639,-0.026836770091780596,-0.019317977463272365,-0.017466977938131168,-0.021722471424448046,-0.024110978624035218,-0.023604135101124437,-0.027304973086965965,-0.02208466400984456,-0.024532808040592956,-0.03318101422128307,-0.0286825154260634,-0.02256541621683421,-0.02666588798129341,-0.024453986045707157,-0.022418825512249423,-0.027256839185991526,-0.024935675709413824,-0.024553752209349335,-0.024788232616346703,-0.02744979425714985,-0.024051538201763843,0.015912738648841296,-0.03206107804106695,-0.023411422692489983,-0.02428981305495139,-0.018313811973131585,-0.026071614125301068,-0.02235283831010192,-0.024627489719401176,-0.024546295623000553,-0.024096076651369383,-0.026772853335776448,-0.025928185435967324,-0.026406597032039854,-0.019024121045600296,-0.023129633562751536,-0.0239330117698034,-0.022305285991241267,-0.023198661578488468,-0.023921956015197032,-0.02443647513706272,-0.023781254592634492,-0.025733868317135485,-0.029188438306279152,-0.022516828715034545,-0.02102617384274317,-0.02376195068888317,-0.024661966405358306,-0.026456445760870886,-0.024842981013726124,-0.022559342641145206,-0.014674076880209948,-0.024417908029507725,-0.02190624186024467,-0.024516175711826134,-0.02414151368526548,-0.023991577060921643,-0.014942035525919243,-0.029065164600418185,-0.023692881856582616,-0.022928409967063263,-0.024509216429877807,-0.01598510945514125,-0.02455899133193278,-0.02431633528405224,-0.024900793886793105,-0.027874215331818775,-0.023709461152367644,-0.02764004827219825,-0.023582467446103764,-0.022393172706209104,-0.023803529611807622,-0.023790796245604862,-0.019267234433395827,-0.03333284702744616,-0.02858373820600415,-0.025768055474992828,-0.029176561108500136,-0.024765433483801745,-0.025846401029815183,-0.021408405219979647,-0.03113041347618737,-0.02721086544006914,-0.024822307657409053,-0.023872872878857875,-0.03190258574878167,-0.0244220985357052,-0.02449748722542522,-0.022186714458653604,-0.018989314483188996,-0.01950669526436345,-0.023820318851989337,-0.025041372535988513,-0.023904886391486253,-0.0235959804017795,-0.02418915815565243,-0.024573643643743467,-0.022889400322857526,-0.025082216336955038,-0.02354683503841553,-0.024470826642946083,-0.02546675725699215,-0.024511341122713214,-0.02570745424188041,-0.027144672450569493,-0.02569311804483522,-0.02296665662519617,-0.023640907353108233,-0.025303824906325878,-0.024124687674372584,-0.029848772758475986,-0.029369095351132773,-0.01886681723188274,-0.027056933740324467,-0.026162874542191836,-0.024349712239071165,-0.022798344423049788,-0.02475475141656936
max_user_avg_second_person,0.019071392813046494,0.018353258598692225,0.01917156083235584,0.018084720284243933,0.016027143794384233,0.0038834715690973763,0.015718670843776806,0.018958111444954764,0.018685476967197093,0.020735936563523884,0.019273021424052024,0.01839142288468887,0.0197106962867555,0.01908173590005837,0.02072627861711534,0.019678950922633644,0.02033480259306534,0.022297292062487366,0.013616004173167372,0.01680753894429733,0.01902575380338317,0.018080038423041647,0.018616766087321004,0.021045417373200013,0.019122406531649316,0.020078803525053413,0.019123331668206428,0.01905317903775089,0.018034160924521384,0.022558548730846596,0.01805887809363563,0.01857940198831732,0.01592502846265218,0.021653472110673713,0.018559279957748177,0.012741659883567727,0.017103413055116888,0.022766612564530823,0.019301564950183574,0.019265008261092228,0.018008640032691994,0.016429272558308502,0.018790157216359717,0.02153799957886244,0.01724617474095665,0.013670844136598494,0.019993836407794285,0.01871687680437867,0.01932886067344306,0.019778804066301562,0.016314701897013957,0.019031233841028745,0.017937499805730207,0.0191713377717303,0.016178025646379122,0.018965400701767936,0.022391845963897948,0.019734242302393654,0.01854382760552216,0.02040269435661511,0.021496786861357423,0.020354025824307634,0.0192731355442809,0.019122188833222285,0.02226369213376118,0.020097356939904422,0.019820026343595042,0.02034378385988353,0.019891805807834447,0.01883822998330486,0.019130692346455012,0.018835152620964073,0.01971179311675335,0.019107832293655022,0.01968899659142314,0.019018144763290983,0.020773718629410236,0.019480349505360327,0.018835246122488467,0.012765577484678112,0.01514472300938074,0.01829285951251757,0.019153699644263937,0.018412132526978157,0.01937586524821365,-0.003780604873700284,0.019466590750725515,0.014308049627757611,0.01957891498566453,0.015785033832745973,0.020508652135815368,0.020802124451622953,0.02039941231037105,0.011616644965340107,0.016887957330025058,0.019022171930093028,0.018642401394236466,0.018941082477070745,0.019408313053849352,0.01909315521895157,0.019731931292111406,0.01810700957603869,0.022440467034852293,0.01786711648491151,0.0178478206920171,0.016964199929232315,0.01799997803248817,0.017436211683206925,0.01365439552238686,0.015033107419474966,0.018586941395874978,0.022365704760261687,0.019426799333373292,0.018423595266964236,0.019203229436546353,0.015688913442914246,0.018130844770878105,0.019396661850075343,0.019362789832342873,0.020423632847780888,0.01912655524597873,0.01911256979483806,0.021049116446535496,0.015075638749677878,0.017308254415180618,0.019833058363658618,0.01850293930960824,0.018902646366176862,0.020202606560772322,0.018900411938589854,0.02017830592265399,0.025583193900386804,0.018950855367952386,0.01972853267954479,0.026868165487468232,0.014213644115462295,0.01908293691108044,0.020442004760588488,0.019037996399821493,0.018596957727381853,0.018468074323212506,0.022649744563882395,0.020071087291437424,0.018347637354812107,0.01946885453992815,0.018814928749148228,0.018124535725302593,0.01667915803635571,0.017457525590825966,0.019152217130644043,0.02027034142666268,0.01384324681111269
average_user_avg_positive_words,0.04260211603071667,0.04204369402382613,0.04319007486769853,0.044145297813422114,0.044422317507385366,0.05045310994477018,0.04107082962442506,0.0428173738413046,0.04431983954294416,0.04250242210834196,0.051049582131591865,0.03907577960834494,0.04107608936849369,0.04668748093522202,0.04376541076170558,0.04339499499937043,0.0489014911651124,0.018965138824512767,0.04321569536352448,0.04494113117346588,0.04305254095264782,0.045386470354050634,0.04153597397260325,0.04394006642074481,0.04303158950288116,0.04168773447685315,0.040863900226642824,0.04278204390183626,0.04543261643217076,0.04213374107417111,0.04090265395028758,0.04369984428758844,0.03897843315150028,0.048612411821910506,0.04258991895235762,0.04004945163313151,0.04401459256278534,0.035995063344834405,0.042183684071196076,0.04517988522130239,0.04149221806792743,0.03802431781591335,0.04288290955369694,0.03846395371546789,0.042916915800675505,0.04798106345834998,0.04409387236314396,0.04244385785851243,0.042915743976181045,0.04288479296299399,0.04280600758585343,0.0428694419888344,0.04378384615103198,0.04056486577498619,0.046585523773710676,0.04242026412311083,0.04633597345494698,0.04283973526650825,0.04313548869676111,0.042533161042428914,0.04357473684172628,0.03861275900752416,0.04297379383393825,0.04297484007775735,0.04756064530565256,0.0422244176523702,0.043844290207615155,0.04420805418873049,0.03806353585893909,0.043178648247032325,0.042973741555137154,0.04358280006623478,0.04491581811548001,0.04294326734184141,0.04262431660158308,0.04317616204455526,0.0379890682479609,0.04158138577842571,0.04426334333703162,0.0269440780496255,0.036823268216322716,0.04311274423777857,0.046795033453472384,0.042915066781889236,0.04053304140805076,0.046096551559700494,0.043202251500679294,0.04195543219509293,0.04199592515987681,0.04074824555668784,0.04253161749650987,0.05392766145269025,0.041801028653867714,0.04744548447257238,0.04293821335764478,0.04291673463265038,0.04112743040414439,0.042859747427446374,0.04257528115535327,0.04257254169693182,0.04021535162521981,0.042666421748609504,0.044896542540234466,0.042232273587279066,0.041583883586864004,0.03776206191621607,0.042593659659439086,0.036489977444841865,0.038575220554831716,0.04406143875769361,0.03855940068330781,0.04508684075464494,0.042100266869781286,0.043143283629428965,0.045756315635688924,0.04017616941006695,0.04349625717999352,0.04367628336539446,0.03856790212620322,0.040663953387578354,0.04242128792666579,0.04275240395384106,0.03857841063918961,0.044687522486009656,0.0456976288614541,0.04489477590415222,0.0425220111790913,0.04256009538475883,0.04447461897816941,0.04173620998041975,0.04303820153432536,0.04159709766273608,0.04292595975644335,0.04090343488916688,0.0424877200547388,0.04239094012070463,0.04281488939493819,0.04206507455815313,0.042499871837184545,0.04257290218623756,0.04157081371836376,0.042569107660451605,0.042593085708049566,0.03494610371381885,0.042018095291560184,0.043187676360175384,0.037738745925270906,0.04794795263443322,0.04350258865304161,0.04203568624019569,0.041258491986464516,0.03467928943659587
stdev_user_avg_positive_words,0.011958060181567445,0.011916571633301582,0.011471503475241722,0.011553424689145657,0.01446038626953281,0.014753187703173368,0.010755570461956004,0.01234223524468335,0.012908590124055087,0.013755751582387787,0.013138056928880617,0.007120553935303161,0.011233707582187846,0.0006824129955140118,0.012573920958970749,0.011448709684472445,0.012818227733958378,-0.0007830816490206512,0.01996442026133559,0.011122927694298724,0.012438161186964187,0.012816336587898325,0.013828878528913489,0.0102429431191245,0.011642551911604373,0.014199590994180743,0.011053163777916989,0.010853528738712755,0.012912685378558528,0.00744950646764787,0.012383116238816858,0.011906262094765849,0.00660160016716387,0.009315661594013699,0.011446654513328932,0.010133984531040984,0.009348844478615271,0.011486035104058694,0.001564745052837442,0.0138251994613909,0.009981808722737254,0.011759312785665816,0.01227026927111207,0.013093785496930507,0.011247170152955224,0.011089223662062496,0.012218190704913898,0.012394944876108954,0.015371119534963052,0.009529517903894398,0.01264829689118474,0.011899157486225987,0.012508238016950463,0.007016967412624087,0.011212696686170738,0.013454780688065986,0.0181005740317883,0.01331888292030436,0.011759721540149055,0.011527608680726175,0.014284823400665357,0.008379720236902567,0.011194480423008513,0.011877762333574834,0.018427142921459593,0.011461604781014725,0.01116779507877554,0.01160117370953211,0.021861754958891574,0.011847860321099721,0.01126534942747498,0.01273497802049629,0.01107405970314379,0.010232530655709435,0.011737091691072387,0.012003451364678397,0.00969128059219769,0.011536443862371057,0.012406340669601331,0.008762855109565135,0.0003220864608541509,0.011963840381448765,0.008165354969966933,0.012046966549261295,0.010791483022154592,0.014074228521331993,0.012026170850563025,0.010367451925436907,0.01276757977572775,0.014993454869428532,0.011903615594656334,0.01336232343695623,0.014487544021425325,0.015565416685341536,0.01072133470233836,0.012064995090323282,0.014427211245401032,0.011879216299909137,0.009926110800011455,0.013815269089348423,0.007820911195765667,0.011988969899456997,0.011492799050204226,0.013467336339524877,0.013475113827301311,0.00917790588758385,0.012760358605785626,0.012556309745628064,0.005464201750158212,0.01312955277932136,0.016092932348242807,0.009970844267885876,0.011417604165166583,0.011647455532289765,0.011688530230080374,0.00934540269505656,0.009526004377824748,0.012574955966076318,0.011319217954004366,0.010023315087904588,0.011725190796492636,0.012065911742684825,0.013087467392650076,0.014759707707423405,0.01591202044199201,0.013695922526582548,0.01193523681653524,0.012190506603484662,0.017427967184377793,0.013312806660962982,0.01212702243579078,0.012418350531366522,0.011842704478816597,0.012196814855806225,0.001596003729693509,0.019088674723078042,0.011715108769242939,0.009129694907088912,0.011676748662827079,0.011120545098209342,0.009422413470852757,0.01250506688920864,0.01413053829922495,0.013055291727618646,0.012280714289407805,0.014976874296858322,0.008705174449966921,0.005108692836607233,0.015503966823501168,0.011496548871469205,0.011611233711693432,0.02959321997177005
min_user_avg_positive_words,-0.011148095046167185,-0.011950299162919918,-0.010870063373725465,-0.010441428053423222,-0.014570177568647272,-0.004792689226747759,-0.012845875748617746,-0.011443448024322204,-0.011238680696462965,-0.01183080061004318,-0.007829635356666123,-0.009847336201092021,-0.012002745377061592,0.0040647239320951295,-0.011814275365802741,-0.01075529993882119,-0.007848035859095558,-0.0045965401682068925,-0.012758169396874342,-0.009893453372895024,-0.011777541253865393,-0.013178064822577985,-0.01269798796852449,-0.00966362722625661,-0.011059196590845827,-0.01281678355347603,-0.009018443768388349,-0.010637014223149097,-0.01266085797746351,-0.009506300329038427,-0.018137684490475554,-0.009085459758218244,-0.0076508683257828156,-0.013323968677458501,-0.010677836502018484,-0.0068491742666430475,-0.011423317073209118,-0.009585820051065225,9.528662087886913e-05,-0.011430952789088884,-0.011453783641891029,-0.013980110000014598,-0.011727703213255598,-0.011438709926341682,-0.009332071514454442,-0.008364182513485623,-0.010632817903857825,-0.011706258343687465,-0.015436489658170894,-0.006311624275644374,-0.012948274781587391,-0.011223237187984653,-0.01135250138418504,-0.006183519082172791,-0.011627227059178211,-0.009315688521300339,-0.002813136041786006,-0.009913229968660672,-0.01169797886892174,-0.011174269051457037,-0.010907522995397535,-0.010025095464104905,-0.010718902221191769,-0.011314682599105126,0.002601672973795769,-0.010956820279581895,-0.011517665054279468,-0.00886771398076617,-0.028271664512040856,-0.011157443947437784,-0.009979325237039503,-0.01129864140211272,-0.007277020244937416,-0.010457046959553618,-0.011352141818667848,-0.01228761992065061,-0.015445405926566702,-0.012048670320993621,-0.010911920736831837,-0.004538891421319557,-0.007169450977851422,-0.010482702121433776,-0.006046515127916305,-0.01128411135584664,-0.011381600780050915,-0.009787993873253468,-0.011190085318197686,-0.011657596784435951,-0.011642395660167835,-0.008543758461514403,-0.008936850283496122,-0.004559806830829287,-0.009977004517486851,-0.013203133324439762,-0.009515970998113304,-0.01133293036551051,-0.01401003831878593,-0.011218414605503409,-0.009883455224258937,-0.013784668118895695,-0.006837389971461043,-0.010886580727836138,-0.009222625577860813,-0.013422122795203113,-0.013513335420207245,-0.015153729158897143,-0.01339105435930896,-0.014020937311508785,-0.006489988211725143,-0.016268308158334494,-0.020186412756837604,-0.00938685472934547,-0.010982887586450614,-0.011604939316123022,-0.0076969207301529965,-0.00741254883894879,-0.008874205585714813,-0.011066104212137697,-0.01592055543769088,-0.01205654432528503,-0.011515074105282117,-0.011331405934599047,-0.012833015902005997,-0.007868666574269545,-0.011064627012460866,-0.011847964915922975,-0.011987790769357885,-0.011017608013495349,-0.011170280150205197,-0.013362838077911141,-0.011965779177522024,-0.013828008290586183,-0.011303518326197257,-0.010275965761329654,-0.010174830371260525,-0.01986749364258519,-0.01115451037706808,-0.008585047482080811,-0.0109531412559094,-0.010188959194405111,-0.00959628235917526,-0.011496352491760418,-0.01265329136206629,-0.023359924423565926,-0.012215262997228414,-0.016566229052602664,-0.0006426287382833538,0.0019466219688207293,-0.01524638417923114,-0.01157738730817401,-0.010754932244695847,-0.02729715339509276
max_user_avg_positive_words,0.024932961571471193,0.024232522114279665,0.024712690664010176,0.025104254538171028,0.026381693736783087,0.02925868694650955,0.02242817696273708,0.024579204788893097,0.026009702213916464,0.026715193369496983,0.029222433639133467,0.019536819458976153,0.023655190618479132,0.023435156823963885,0.024664033170806645,0.024541422934033774,0.028335567143927754,0.010864428334884279,0.031724172927716926,0.02449411395879981,0.024985234761207287,0.02525209675362449,0.025312135003423997,0.024432118306868263,0.024614604775489747,0.0264994774211206,0.024560023777544307,0.023947177250088523,0.02581100149993977,0.021350161145588308,0.018420757812008158,0.02543318463873858,0.022103384166535376,0.0225525213554011,0.024925371055190274,0.024960622467599586,0.02286580237664189,0.0222726670364952,0.018824159590829576,0.026983493202058083,0.022415386630385094,0.01932714058940078,0.024784460422596757,0.02546662647813918,0.02617230227672946,0.02540313883474684,0.025694082163949167,0.024929066827322915,0.026836974229633038,0.0260838920770654,0.024850332555250956,0.024799292450989465,0.025515974467866055,0.021220101792389073,0.0238153104768435,0.026845826072818622,0.03453356853704827,0.02663571552727575,0.02413949220957421,0.02392513987992678,0.02727605246450296,0.021588399421979074,0.024387495922355146,0.024647374965177042,0.03781978645458131,0.0245266390174888,0.023613318214233445,0.025632165615403716,0.025140601395592047,0.024780388732016653,0.02472977705587661,0.02510186022248037,0.026133339561111194,0.023691781112879364,0.024562078103080594,0.02431237442721295,0.021226401496862102,0.024399873468937266,0.02575316519937281,0.022284899550847986,0.013172658477348666,0.02525133648141418,0.02389694074070338,0.024976559740220408,0.023724175911534136,0.026535038452040798,0.024948238444863303,0.021090865592334564,0.02527334421342899,0.028866904222477417,0.026102617277629275,0.024584163946279578,0.028136361074991248,0.028078448970815795,0.025050179195001427,0.024895371636822403,0.02206871081907299,0.02478973386655595,0.023272468544832735,0.024916635158557777,0.022962310354017405,0.025036318730012448,0.0247864690216413,0.025511821920143903,0.02590372475390939,0.018907209878283822,0.025154536448840185,0.023793759825494892,0.022116697371490208,0.02196280791689382,0.021020418640439582,0.024741317743387118,0.024357933289514695,0.024410583482841877,0.026387181260395222,0.024793450529212106,0.023038600461576263,0.025883089174430784,0.02078796880421008,0.022577285590528344,0.024230067335888297,0.024913689204962335,0.024017066749755723,0.028626089429565002,0.029628109054596036,0.026355204212366708,0.024396891386474683,0.02505646674473331,0.030438405570921277,0.02408048586790997,0.024683287401265235,0.023425439442730865,0.024841226383602324,0.02663891003120572,0.015568499502651758,0.028395391397469806,0.024619597755029216,0.02325233250970956,0.0253328716352052,0.024776265945464483,0.022480491177526808,0.024896199708418963,0.025999550975058804,0.019779896198690708,0.025368843959685767,0.024703375574754508,0.02552816555439124,0.02571528164610984,0.026182486420961985,0.024355649628223182,0.025002894471958293,0.03127280246572518
average_user_avg_first_person,-0.011577006077635019,-0.011456467490801592,-0.01233628940074092,-0.012073428266650704,-0.0141890932293489,-0.005365438680507403,-0.016573567342221925,-0.011497582368856488,-0.011057858885662228,-0.012791252694529895,-0.0129476829833935,-0.013336377033308915,-0.011225994538832548,-0.008938608007250506,-0.011953411787008825,-0.011461214138765238,-0.014626901213963955,-0.009713265405868445,-0.009908242592284858,-0.011873794122709433,-0.011706113391182051,-0.012315973554431002,-0.011339598289255487,-0.012078786104533345,-0.01142016749608843,-0.011060535688827672,-0.011341416665048882,-0.011940453031392313,-0.012114076404129282,-0.012413412901978036,-0.014100280210898848,-0.011717881335261965,-0.010633266775345894,-0.009674299306364091,-0.011683116895799428,-0.00897645945737716,-0.012556275234370242,-0.011104171029866694,-0.010093377725675517,-0.011242861049903706,-0.011449292749014617,-0.016769574164841018,-0.011554094775145974,-0.010963798597535265,-0.010749566871812123,-0.005766590548042818,-0.013090025775548443,-0.011974572863772676,-0.012556951031876706,-0.011918983621446062,-0.01215702157361375,-0.011687039582881482,-0.011519369209581628,-0.012290698885487015,-0.01263659105213821,-0.010031863949048803,-0.006676269264326054,-0.01079154907009681,-0.01150237995916803,-0.014118668459137817,-0.012396448785030371,-0.013940054769843502,-0.011635412201436301,-0.01172345855075596,-0.0065635793236900495,-0.011539928170705645,-0.011722070091167273,-0.012500637180085114,-0.014296743548289885,-0.011440678254583666,-0.011706131638875527,-0.011400206349134653,-0.01152145503501144,-0.011877961705962317,-0.011154784920037098,-0.011416010760649917,-0.014081330836889719,-0.011742537109536195,-0.009930605979614326,-0.010401274778077488,-0.016733932217152317,-0.011584441893660194,-0.013383637308367207,-0.011654517772030968,-0.011793270790797528,-0.010160007944253983,-0.011424296995516812,-0.010000775065950287,-0.012265749098606475,-0.011646994023320173,-0.010654303703699299,-0.008925178397809569,-0.012249969323978021,-0.012755745464180573,-0.010482879402179072,-0.011548877367045962,-0.009961565454904968,-0.011694129780459472,-0.012563887343441599,-0.010681625005590225,-0.013479885645439685,-0.01106112386709643,-0.00747466728263244,-0.011196529141239241,-0.01173875870991322,-0.008965272988336635,-0.012752688811094214,-0.01085869947492626,-0.007350774258044524,-0.014098216266783082,-0.009869971184123548,-0.01728515306995927,-0.011311021681715836,-0.011875072937216626,-0.01124728261517775,-0.009214653461314734,-0.014590388589609857,-0.012047769462770901,-0.008906745664793938,-0.012416124348410846,-0.011527917665838409,-0.011596104319653007,-0.01134142249265189,-0.01066552360439595,-0.00835676920252099,-0.01128604606622463,-0.01146056516472543,-0.011433207224833085,-0.011578802873773488,-0.010906852882772638,-0.011454534190466681,-0.00989719766152911,-0.011492498402427267,-0.010221801462375054,-0.013174422474265871,-0.011356615363825168,-0.011736098267123681,-0.010747746349935788,-0.012010379502206629,-0.011183930709501664,-0.012221000302000134,-0.01491301135688313,-0.012232333488221735,-0.015388988305738325,-0.012142746466951442,-0.010935206605705832,-0.010035413054163564,-0.005456699911934901,-0.013179298792253491,-0.011506662090818945,-0.012016734821636567,-0.008632875264340409
stdev_user_avg_first_person,-0.015046827457946964,-0.014907842416786292,-0.01656239362761442,-0.016146579629251978,-0.01830023494995238,-0.007528998959850796,-0.016264691354787055,-0.01429107914531477,-0.014621152471153906,-0.015973292973005405,-0.015456819000807937,-0.007599961056218938,-0.015287073474240895,-0.015710052587852935,-0.014933651852146044,-0.015275874714368465,-0.01661357286624486,-0.007026702974132616,-0.008371149054359015,-0.010343532868462771,-0.015580229819132502,-0.016937784685306892,-0.015907734325709747,-0.01486763579714433,-0.015155316833491063,-0.018335920024204366,-0.012302081497566786,-0.015394525388616742,-0.014804837293422746,-0.01730317059537665,-0.013678670315086652,-0.014176080718420839,-0.01186605890103191,-0.018390054933965887,-0.015432944773641091,-0.022766090923348758,-0.011191111929186924,-0.013226310312396135,-0.00680413171093088,-0.018422969840534414,-0.015301282324626778,-0.006878457429786412,-0.015105335677892712,-0.01517543931813438,-0.019836401615573953,-0.011349749014609268,-0.015872232386830155,-0.015335749435397297,-0.021006720701345058,-0.01509158152451697,-0.01910370676362448,-0.015160068504071735,-0.015335957571615176,-0.01242149834863162,-0.013721892369651286,-0.014943753378826134,-0.008917799886184956,-0.015039838166926845,-0.0168143009784004,-0.01854974418972945,-0.015263753995769066,-0.011679495452423106,-0.015087155122252895,-0.01462081670081115,-0.0017299539178912467,-0.015203078943358159,-0.015812313108006393,-0.014926260700800185,-0.022052168052739823,-0.01542820414433796,-0.014201438932525493,-0.013891706279018623,-0.013777144511415151,-0.016390906739870106,-0.014601179379458722,-0.014533201092605978,-0.016362929451681607,-0.017097868495886046,-0.016725444463242426,-0.009115644958074291,-0.0060233374479227025,-0.015387965872316884,-0.013589502994648292,-0.015122168489353289,-0.015953221642452158,-0.01000297130614396,-0.015872574893675093,-0.014796714412162109,-0.015914721936269197,-0.015679602944424765,-0.014917449629652373,-0.016576010140595857,-0.019881619388577784,-0.02081340520071139,-0.013921336794525747,-0.015292820530583673,-0.011067853025051646,-0.015022645938641522,-0.015440070714683734,-0.01594405391429866,-0.013936066748979233,-0.0160474219961446,-0.011801951744260894,-0.0160280570049536,-0.01457985359600987,-0.009283542348813368,-0.015825052270432197,-0.012267698669336807,-0.01138219483753838,-0.006903519087348545,-0.018349325614766095,-0.014417812347393304,-0.014721277429741584,-0.01456924560401903,-0.01594543214710272,-0.012610564139040771,-0.014129666382263907,-0.014978742023361804,-0.014297639331447703,-0.01600472813876826,-0.01507474023116084,-0.015037264113680506,-0.013392116930969878,-0.01643632332579755,-0.017900483313094778,-0.015184304175293985,-0.014695814730339336,-0.014945595663302265,-0.014354633653817676,-0.014367924865473728,-0.014780337974328627,-0.010849829523431078,-0.015427740990646446,-0.016673931486525923,-0.020782380279650195,-0.026466954218748298,-0.015113814594041574,-0.015017194991604449,-0.018238323895299766,-0.014371532109979325,-0.0129335603820635,-0.015370070156396574,-0.015909094908288283,-0.01780961540561357,-0.016236799770381703,-0.01603432889159573,-0.006140907129210673,-0.009761521244650127,-0.021117626753411875,-0.014160295205431887,-0.01501629095104104,-0.0235773689461267
min_user_avg_first_person,-0.02199109451671866,-0.02212961032663384,-0.02155026402113159,-0.022041577034275214,-0.02168335465865625,-0.011436167220851858,-0.03177042548583325,-0.022077621111126315,-0.02225042420761434,-0.02231179275954667,-0.021697283574979083,-0.02528115625214312,-0.022621900170961384,-0.018765037584554677,-0.021504097397973446,-0.021448830726483542,-0.024991148030431926,-0.02361077408537898,-0.024942970120970256,-0.025670980342749738,-0.02144751756596303,-0.021712158700541252,-0.02251659360009133,-0.023175920075013297,-0.022446851586029663,-0.019036902811564883,-0.024408666852741984,-0.021808171960539646,-0.022848060965263393,-0.021575639128302845,-0.023194718317436,-0.021675808748345366,-0.018043399908367463,-0.021949536683530536,-0.022051725667767412,-0.016345247990779944,-0.01733844140254681,-0.022088427392274398,-0.023687727135895825,-0.02041588718384849,-0.022259785707640495,-0.022956285867901875,-0.021884629230773233,-0.019309068683395388,-0.021230022566414364,-0.016829061415333003,-0.022648185961580195,-0.022734193544261358,-0.018029474839383244,-0.024781583416273505,-0.020162458063846152,-0.022200453252083006,-0.022185258250751436,-0.02608938681856734,-0.02312564469359868,-0.02221849347695223,-0.024819300090979723,-0.02210477677360333,-0.021294234851431695,-0.01764073738274199,-0.021203587615050527,-0.0301634118406121,-0.022182037639579592,-0.02266399599634544,-0.014262749912577592,-0.02177360442853747,-0.023406767511630202,-0.022100630896485833,-0.019047330039483418,-0.022094890647480804,-0.02159434215283251,-0.021312680789699483,-0.0226040172851671,-0.02249993045912442,-0.021783776425583056,-0.02256520114789237,-0.022324214302678523,-0.018977942331191794,-0.020128521349902957,-0.010922256118110513,-0.028994052649608457,-0.021888282428152453,-0.025420404972785172,-0.021964176143653338,-0.02046220582596546,-0.020970453058571776,-0.020703540842712247,-0.023432577902698808,-0.02306943677291104,-0.02063422280065355,-0.020494829175631387,-0.010358177382789319,-0.019382853007329965,-0.022820164580172372,-0.022634606060578558,-0.02209891433047875,-0.021308228269252556,-0.022442718709882976,-0.020979197367387167,-0.02183914131739911,-0.024712491908257545,-0.02126641333413036,-0.0188702200160501,-0.020677317024076842,-0.024033059712144176,-0.028007618539875448,-0.023046549251972304,-0.024173244945771003,-0.02531968120021207,-0.02487559332722995,-0.018045555141551876,-0.024939609811629244,-0.022055458894290066,-0.02363128960381628,-0.02231975873437978,-0.02299826334975728,-0.023921093827772452,-0.022989687133048397,-0.020819127593727123,-0.023147250843476172,-0.0219929989368382,-0.022242434895682988,-0.023641819214863406,-0.021342729521312397,-0.017385791083994573,-0.021739764687947777,-0.022387953068715067,-0.02101340575946782,-0.02703377701465314,-0.023939047957938032,-0.021922072849693344,-0.022913556326719643,-0.02145716912670867,-0.019047216874807742,-0.02081096929822624,-0.0153423318848434,-0.02226086018489109,-0.023078293226446403,-0.021790554560483094,-0.023119778521625174,-0.021889188742206914,-0.024130658275531014,-0.022530921317983343,-0.025126005111257635,-0.02110523124118943,-0.01511296872358222,-0.030962915961462348,-0.02048823497403241,-0.013858733429762004,-0.02159660183306706,-0.021108100848984915,-0.0024996448882976165
max_user_avg_first_person,-0.03180119876404836,-0.03153992728281546,-0.033236176301915596,-0.03288753961521505,-0.03361790530903095,-0.01955656561470843,-0.036158661171537626,-0.03126391841820117,-0.031353262861436526,-0.033109977976531146,-0.03254815864432144,-0.027488645020959546,-0.032323855244320014,-0.03300389492689362,-0.031491151695820854,-0.03224069429753873,-0.036523321525656266,-0.024096926441769452,-0.025720893102628845,-0.02865187864723179,-0.03226872526630527,-0.0333174471034033,-0.03264092608863019,-0.031876870025901935,-0.03211131107546404,-0.03321468930683543,-0.03053760801236629,-0.03205720388191857,-0.032319275349518804,-0.034757907946005064,-0.02904631419319989,-0.03071009047779837,-0.027966624456037373,-0.034812576039393556,-0.031751353814642766,-0.03551924865181342,-0.027832182921218505,-0.030242423033156364,-0.023538155161643787,-0.03375731485882667,-0.03208843511471996,-0.024255532146765492,-0.03196020787510793,-0.030051036805500864,-0.03455077736759928,-0.025201595981062877,-0.03299438718358308,-0.03218889653789931,-0.03468521575818691,-0.03251071308924254,-0.03490134626494039,-0.032076755958303636,-0.03205900398566769,-0.03090733519799776,-0.031276129870362386,-0.030993535908898993,-0.027080451569905614,-0.03163988827315917,-0.032730009361134016,-0.03424745049825406,-0.03151398034445288,-0.032100449263099136,-0.03209086282404296,-0.031742822649480855,-0.0178801195240157,-0.0317670595014236,-0.03310294154440541,-0.03171738860290922,-0.03490977976228045,-0.03227606708755417,-0.03110100340681777,-0.030483560399870845,-0.031200266314333036,-0.03343127416633653,-0.031517601399115545,-0.03162083538900186,-0.03328283365585839,-0.032914121516108105,-0.031914637797806525,-0.016969915169524015,-0.02849536944704327,-0.032118002260853415,-0.03290751419852976,-0.03188461696379043,-0.03188565986587235,-0.025453164059646337,-0.03208517968799633,-0.030815568414756557,-0.0329415448204301,-0.0311382056103786,-0.03193818480220536,-0.029766230919670178,-0.035022490079526666,-0.03670649056147326,-0.030840112547770544,-0.03208664448810264,-0.028780100590654795,-0.03204643423125483,-0.03225675151684862,-0.03222428529623647,-0.03318012747291266,-0.032112232945349845,-0.027745001436724953,-0.0318417549199327,-0.032135365019305244,-0.02757674145220531,-0.03283940877038902,-0.029752327033318687,-0.029706306408823643,-0.02520562027610112,-0.031073414444161705,-0.034107775419195976,-0.03145206145801253,-0.03209667441383862,-0.03314712700930351,-0.030463627228062697,-0.03224279438183465,-0.03269532507273755,-0.03022368008198513,-0.03447434963514475,-0.031891396314904064,-0.03192913157505388,-0.030021240967202975,-0.03186557839376812,-0.031999390394380184,-0.031488082271860354,-0.031645745542290896,-0.03138869789784312,-0.03215376241644864,-0.03129669562864212,-0.031673893444062434,-0.029146123660150878,-0.03197158350682749,-0.03128991589558321,-0.03743691007899826,-0.03800625389798267,-0.03209657578509112,-0.031680659819606105,-0.034945543530092826,-0.031533931900114096,-0.030635763566594698,-0.0333986442735079,-0.03288293125202739,-0.03459126225864715,-0.03257981444578559,-0.030236845733896907,-0.025630035806507342,-0.02559787014321529,-0.03479888874130525,-0.031308959464057026,-0.03137028647045492,-0.030983764005035344
average_user_avg_nltk_english_stopwords,0.0004491572115239524,0.0001901453029975785,0.00012365327986272722,-3.124297694561025e-05,0.0005388783715013935,0.001511807532745899,0.0026951191545904222,0.001084461229062709,0.0006428446147277627,0.0006008726634002303,-0.005283476469050566,0.002761764774280622,-0.00013828457958385033,-8.642078118453397e-05,-0.0013699594915724594,-9.751414602586061e-05,0.0007554522416875361,-0.0017899488347882025,0.0037621173592332895,-0.000627671801505423,0.00028360989554038294,-3.423994265459472e-05,5.66880538541664e-05,-2.943643000014127e-05,0.00037010703106814,0.0017251026516533706,-0.00037973535024189795,-0.00033925392559600856,0.0005775424641375222,-7.241176933065483e-05,-0.0018358923509887233,-0.00020649619350403834,0.0022426498807171093,-0.0008248386156674767,-0.00017281544427716084,0.0023303220353203735,-0.0009960675323906444,0.0006267909870156397,0.002800617812577364,0.0012717753540600844,0.00020481913153198557,0.0034874719723418865,-0.00014368281974208412,-0.000247078686706953,0.0002432381365883459,0.00282262442525606,-0.00034409159382285844,-0.0001269878611714582,-0.0005072470893752721,-0.00015916412364034562,0.00046014171553052227,0.00025257625101290015,0.00020498200362533943,0.0012770550176871881,0.002032732048429632,0.00035636322913829965,0.0026680647116871714,-0.00146459843823573,0.0002999629876042475,-0.00024284908406046416,-0.0005212263981267569,0.0008011172364126864,0.00026889433386340913,4.692072999820489e-05,-0.003273231485816732,-0.00016034672588175966,-0.0004322216131200105,-0.0004423806744653521,0.0015512776985845177,0.0002262848478990537,-0.00023704020648831212,-0.0003140947492599735,0.00027393729560428945,0.0008812627576508698,-0.0001695346317505549,0.00020113791355001612,0.00602362551074273,0.0007323721025578908,0.0014878690966311711,0.0012688753885543866,-0.0007748493676230802,0.0006013304722760878,-0.0010429171072250765,0.0004403963248842506,0.0014458222153593508,-0.0009340482562111953,0.0002624324781783458,-0.0010659421293063402,-0.00028537242436239537,0.00044003890152515945,0.0011377108803506198,0.0009258201800706302,0.00036303003304529857,-0.0004489794834424566,0.000394245598881206,0.00025453620535822747,-0.0002397934774834268,0.00026084828371285545,-0.0004320905719206484,0.0018504884984034374,0.0031502295025844103,0.0003413233596270596,-0.0017918146549507075,0.001723653412236418,1.9852368974998015e-06,0.004065522282307884,0.0003078180108785243,0.00036029106804427204,0.0017853017079610114,-5.9312004254792e-05,0.005507351187698331,-0.0010265913995835111,0.0007065410063662307,0.0003900511623026468,0.001330277183330873,0.0023741606831469446,0.0010380249356026854,0.0005190972070791746,0.0004201642637905135,-0.0006561217343551522,0.0004921662445260592,0.00023939451851492585,-0.001155908279814061,0.0021684168344255064,0.0018323796241560058,-0.0006276345607141324,0.0005712557451641922,0.0008199870210288994,-0.0009935172123902527,-0.0020305592151610625,-0.0003520121089338273,0.0019472250046918532,0.00019799032874849663,0.0010380566244874287,-0.005678787839681241,0.0030056272742430747,0.00026677799958084317,0.0009043773891863932,0.0023974159961562816,-0.0005410024866649805,0.00015650193859961673,-0.0015113951063948639,0.0007159220530139039,-0.0033333916865486016,-0.0004906410033627033,0.000459410107901256,0.002677596481512357,0.0005361614200544663,-0.001459506881922628,0.000524938478145616,0.0011539849171102075,0.002826963669531793
stdev_user_avg_nltk_english_stopwords,0.03881131436756968,0.038448888221421576,0.03887016480388702,0.0383913962918984,0.037777622157419095,0.03421636753168639,0.03917551522084045,0.04045635991609027,0.03754185779828268,0.04186638592405198,0.034167368717135375,0.04325273174404354,0.037278396113438084,0.032751071924400556,0.03601371098923828,0.038806683174702115,0.04209733763916311,0.025241242581430484,0.03840641724366832,0.039888397428488175,0.038695742077248046,0.037385931619255006,0.03917404324528558,0.03973267366317487,0.03873496840288132,0.040766970043011046,0.038225189326240236,0.03725067272141134,0.04117997223623535,0.04182030192284084,0.048533390365669206,0.039761468362231385,0.029902948949782893,0.035274997680663334,0.037852720521572826,0.04261090340154409,0.035171168801321234,0.030392301209472842,0.041400053724882556,0.04168585941519881,0.03915585761366525,0.034740423098310005,0.039233507034001316,0.03806461568550148,0.03819035626365621,0.03302847254227341,0.03820624570189843,0.038819070706632076,0.0344509727021244,0.034905622474534014,0.037383286805598916,0.0387267402813661,0.03870741175336684,0.03674092534099918,0.03937083062619031,0.034081155955863224,0.03193234813951639,0.03779982893405886,0.03789050685145086,0.04206275044002333,0.037738644962678584,0.033689205977377464,0.0391746984018596,0.03835056153583876,0.030027700519669246,0.038772947792519274,0.03782236588713778,0.03790075106917949,0.044140065815100875,0.03898129105786584,0.03972425087789355,0.03921041409229205,0.03909764733914947,0.038563494657173895,0.03798685504877077,0.037758767383747754,0.03766591536460419,0.038588324600869785,0.03772849654118717,0.03338566380426344,0.03975407113445509,0.03858547270776846,0.03844726935399173,0.039511342458005055,0.039216155887898445,0.03591103763556424,0.038605236341565284,0.03408337872910049,0.038162104666420324,0.03784968942568477,0.03825401001967146,0.02290135989692234,0.035099532011035196,0.03953799981951515,0.03745392920061703,0.03883742422333024,0.043845005621992936,0.038777586801167385,0.03780829892572475,0.04369164849077261,0.04278362500296284,0.039163589141096265,0.034729485733541614,0.03960118085997578,0.037602501390137544,0.04467671085761483,0.03821587322093546,0.03611974707100773,0.045973126674151585,0.050169292247476675,0.031055669241883695,0.04321517071622048,0.03864143800608078,0.039436243038228604,0.03958980207477476,0.043560077766273714,0.03977474837727617,0.03873449324631015,0.034396020931929984,0.03696414827383567,0.0387046781297484,0.03876610918469653,0.03891173487172981,0.03944410804969974,0.03901383238930446,0.03830587895013722,0.038529319701224016,0.03940374289699848,0.03890744309463478,0.039604522745216995,0.03859944195992077,0.040444223632541895,0.03942890232098908,0.03937653617543393,0.034616218249124274,0.03923223597014395,0.03881940363269991,0.03891876165773073,0.04076584404532039,0.03886004638052634,0.03839497184947933,0.036599608103016636,0.03912884429433758,0.03569389703761322,0.0374661848449196,0.033606528061557187,0.03835234626605947,0.03327149189667233,0.03231270635106068,0.03868097883557006,0.03817048425832114,0.026873657263533197
min_user_avg_nltk_english_stopwords,-0.07473142649603606,-0.07467769381129463,-0.0747168688577938,-0.07502537977340173,-0.07445654674431475,-0.06604582796128286,-0.07207677295092507,-0.07545052693712151,-0.07264916213315183,-0.0775465758424835,-0.07532602101177419,-0.07192576922153582,-0.07466603275353877,-0.07210966266619602,-0.07472248077630869,-0.07572282303627828,-0.07484915637951967,-0.06218411532460299,-0.06912123973268894,-0.07303264828234332,-0.07512619045592982,-0.07631263804037991,-0.07626066532360966,-0.07569725499309425,-0.07503810060818068,-0.07770877911538457,-0.07658942710294225,-0.07435342440981571,-0.07455282449944226,-0.0779623247875368,-0.07387069749430462,-0.07560506171623696,-0.0642971072318659,-0.07533714503708222,-0.07470621011875067,-0.07281872547472563,-0.07401377014939987,-0.0684540570268902,-0.074876781018442,-0.0753983750795265,-0.07632990281978366,-0.06917697759996115,-0.07568048630124388,-0.07068703625466725,-0.07216102166393173,-0.06994561147202369,-0.07430176499776359,-0.0747603099450443,-0.0723535875897566,-0.07249643437895613,-0.07386277841676589,-0.0749855342131916,-0.07437180441593458,-0.0733334484674714,-0.07138010368709749,-0.07087443797192283,-0.0740888128666419,-0.07582169085239701,-0.0757863514315086,-0.07610307559644479,-0.0764442655001405,-0.0690724448806055,-0.07500949663758753,-0.07518383036807921,-0.06428322882090806,-0.07558853489676855,-0.0761641255589068,-0.0765111658123361,-0.07940566311679281,-0.07513691560491093,-0.07504420584454134,-0.07492736271847734,-0.07438927687386815,-0.07434772569403585,-0.07396348103949829,-0.07513909230348896,-0.07165403560628875,-0.07375552999249314,-0.07330025725749607,-0.06133295092149732,-0.06777180162302936,-0.07454742849152754,-0.07259767788244227,-0.07450893543055728,-0.07317852343967782,-0.0681072738310453,-0.07483626609610988,-0.06867745782296511,-0.07378678008160158,-0.0729720835090841,-0.07445517505039295,-0.05758889221762286,-0.07442652223475661,-0.0728235025065083,-0.07320080671855875,-0.0751005174288973,-0.07676233932411593,-0.07502843721485805,-0.07428290464749661,-0.07577208262921534,-0.07350063846616295,-0.07478002563417717,-0.07575128216994148,-0.07452623925767154,-0.07329575133991782,-0.07613244655487506,-0.07387459806352809,-0.07343261518308719,-0.06717975930012134,-0.07773232677315822,-0.06916685127400701,-0.0785592993245152,-0.07489082326371577,-0.07507087994503589,-0.0734569768397057,-0.06874429655945516,-0.07507346934477975,-0.07576011818713815,-0.07152574051173803,-0.07456255957279992,-0.07517897892820857,-0.07507533269465841,-0.07498890123756256,-0.0721001194802183,-0.07243567747311254,-0.07492212688234995,-0.07466960793941203,-0.07452498592197272,-0.07395436402855975,-0.07762467262223037,-0.07517240557012785,-0.07383440792398505,-0.07513953925067687,-0.07593490698159495,-0.081698929384522,-0.07187587014701013,-0.074986352872606,-0.07719246181849608,-0.07470670170063438,-0.07540362374430482,-0.07410493964192957,-0.073321728009022,-0.07561901313400556,-0.07580560334894666,-0.07454485699795621,-0.0726034003594785,-0.07081262058767457,-0.07162268979540876,-0.07171736746583164,-0.07437623230421371,-0.07292581847478384,-0.056959229896990524
max_user_avg_nltk_english_stopwords,-0.003944771672050675,-0.00437145426969439,-0.003965594186882901,-0.004523661805990829,-0.005068289393780987,-0.0032445637810342735,-0.0017099215721175318,-0.003290919673542881,-0.004074249282552174,-0.002177249646804045,-0.008754765902920306,0.001162702396078266,-0.005466711912276261,-0.007345498887606853,-0.006389044980321701,-0.004416898692320538,0.0002982034679964523,-0.012435538451527922,-0.001311676430953495,-0.0026698122170591577,-0.00428261522172335,-0.0059664835438441605,-0.004585267594368802,-0.003768506308968667,-0.004130490002683013,-0.0038234031359937587,-0.005755003611728721,-0.005362550542003883,-0.0018498637324518953,-0.002328955479627499,0.003386911137109809,-0.0038658844677433367,-0.006933544989962852,-0.006098926798377753,-0.004217804073077655,0.00037343268329148496,-0.0054800215922960705,-0.008070860867561105,-0.002329537190931384,-0.0017562865229304187,-0.004573444600813539,-0.004984505085094646,-0.004073556008786314,-0.0022764210910970833,-0.00397852494888337,-0.005263850066322157,-0.004297128481606153,-0.0041251573112973585,-0.006497573740672781,-0.006222537329897699,-0.004753079250390073,-0.0041695716663829804,-0.003964350339567691,-0.004769965195702136,-0.001384287720945435,-0.005437262131552991,-0.009532415305141477,-0.005306266023235988,-0.0052154791502056035,-0.0015916819201351128,-0.006199329052741469,-0.0055227450285469,-0.0037709316031064536,-0.0045817100013749385,-0.007577690331070724,-0.004585558014157209,-0.0052325989239017665,-0.005758975762712108,-0.0008861045085952011,-0.0039687779408447265,-0.0037569144624136574,-0.003981184161150936,-0.0035188378685334205,-0.0037505281215870715,-0.00436726477045128,-0.004772192050474577,-0.0018754175404983881,-0.003575448654170668,-0.004097090637450795,-0.0018380861258614875,-0.001143155409787524,-0.0041122928179986125,-0.0030190483967776982,-0.003292683088773324,-0.002883182818112376,-0.0030781321673875577,-0.003993515322039199,-0.005630145512326483,-0.0037055288441362392,-0.004012811417046175,-0.003993890462380578,-0.008964628905614887,-0.007532873090838417,-0.0020261191097376394,-0.004079940160978484,-0.00412743248675068,-0.0011270730231559495,-0.004168493102817343,-0.004589975982075646,-8.480035607479584e-07,0.0005311058712234775,-0.0036311151350585267,-0.007962821054263457,-0.0029270706239296783,-0.004242347698316011,0.00078150410529666,-0.003775558377571078,-0.005879347032380586,0.004939689805219591,0.004133586637327167,-0.007749946831637573,-0.0016398120368746284,-0.004303114648492883,-0.0035369604799668657,-0.0028504325102498506,0.002593859111124105,-0.003190781730325311,-0.004193678410040799,-0.006214514940261314,-0.005463283443489442,-0.004188731612216567,-0.004164465566276889,-0.004373494421179096,-0.002204782276760744,-0.0019955852298510057,-0.00457950005726104,-0.004213996486528306,-0.0034317139056450965,-0.003587378422192772,-0.004512995596899409,-0.004456198155143042,-0.0018244155401961858,-0.0036794132579099498,-0.0038097294916085676,-0.011102138365558812,-0.00157715374198668,-0.004090124189759485,-0.005327701280154319,-0.0018925995456725415,-0.004463474970063253,-0.0037533207225452247,-0.0056330712776089835,-0.004120199695565138,-0.008138613707825447,-0.005077868579425728,-0.007465885994869548,-0.0016196058415122207,-0.006879467029819073,-0.007750931444149929,-0.0038920747839168504,-0.00400232984408987,-0.006811925064154788
average_user_avg_hedge_words,-0.020956508568138164,-0.02098137384921918,-0.02059687199257186,-0.021245074696681195,-0.020446526651846368,-0.02360702042553446,-0.018390400045125682,-0.02014944340763463,-0.021780307423257875,-0.021753011552438282,-0.021766262983158226,-0.020842471885211072,-0.02131174239632433,-0.02714141841833717,-0.020430007204223347,-0.021285862639060543,-0.01944096388134664,-0.021589610837253952,-0.016399875349298154,-0.011199915304390365,-0.021310197714072544,-0.020747526594920213,-0.021743142980388177,-0.021797146073750575,-0.02103447508599305,-0.02050176832894536,-0.019815591559528695,-0.021425449305902473,-0.02078592082483067,-0.021721182926203973,-0.016224557672239362,-0.019980470347723794,-0.024466265740545112,-0.02168823426979016,-0.02057201224751447,-0.020339766134342123,-0.023865260455091686,-0.019000796100997728,-0.020015623216493243,-0.02152518262828865,-0.0213316148354263,-0.021659359953565396,-0.020938447223758705,-0.02721133286783714,-0.01898601981022008,-0.01932781334058896,-0.020445201653052008,-0.02081506525100979,-0.0226280112447438,-0.021412016299092895,-0.02261843631469254,-0.021024939459349513,-0.021170369250246745,-0.0214619514062473,-0.027160266178839303,-0.019127905537864975,-0.019615304942625207,-0.020643061826087897,-0.018902117063851614,-0.021231214777405,-0.02115287107041533,-0.021267095631495626,-0.021075101219210888,-0.020986210539711447,-0.019963998213508242,-0.02084986007296783,-0.02082268470535693,-0.02068371371095401,-0.024310065117772138,-0.02102681758970109,-0.0215010268189553,-0.01921718580951578,-0.021638104767252444,-0.022178152710744456,-0.021718508927225016,-0.020082867914294644,-0.02191739660172796,-0.022382134752374907,-0.021219752936629775,-0.021046053333600444,-0.023626098853920505,-0.021569782128789572,-0.02765301907373857,-0.021260540087827646,-0.020345175422983655,-0.019567970985480434,-0.021043467713824267,-0.023422866873694534,-0.021382624433639294,-0.022798151645032246,-0.023653584107104254,-0.023167197405554202,-0.02051164971107698,-0.021046891332055256,-0.02089135902848334,-0.021076410500105273,-0.02372524830609361,-0.021020753354786335,-0.020787940250079733,-0.02000252456304199,-0.02173556533875785,-0.02115623450638444,-0.02165050476749384,-0.02083424370967707,-0.021081823930093335,-0.02231904502731593,-0.021787125189754397,-0.0231966787849424,-0.020198000942540956,-0.02067349114128378,-0.017967729429744582,-0.02165859875064679,-0.021277783697593575,-0.01962119505968675,-0.02225659030016764,-0.019434913140969935,-0.020735688989114858,-0.021379390683218327,-0.02308102040089762,-0.021230741321590852,-0.020953876525714094,-0.020982114885605738,-0.016584097402018418,-0.022502713370609197,-0.019900205248922203,-0.02031666268409004,-0.021087155429191387,-0.021145911283605323,-0.019875928010919024,-0.019225259444686754,-0.021135163541051466,-0.019494923169070415,-0.020820975533457915,-0.020471052746557222,-0.01672039022383249,-0.021507365539017425,-0.02098379735170501,-0.021067535221545586,-0.019870172318635852,-0.020160688800868406,-0.021063727368100124,-0.018538069234757426,-0.020466951547845686,-0.021378019434547875,-0.020953476417654094,-0.021037372559055877,-0.02042755640039735,-0.023234884409620293,-0.022560880066786967,-0.020733325783707526,-0.020216103083371094,-0.022233669400446954
stdev_user_avg_hedge_words,-0.024393997616485155,-0.02473697880244881,-0.0242965708691726,-0.024529794672416748,-0.022603874687932332,-0.027778676565055258,-0.020779713057281185,-0.0252295244910972,-0.024692310525179298,-0.026150644169930404,-0.024871014361478185,-0.023824337173282736,-0.024718406988199125,-0.025952769450373468,-0.024710229672004945,-0.024551505771079448,-0.016471353318083477,-0.02609066545934277,-0.02131959879460135,-0.014790265251112444,-0.024748071892935312,-0.024907064228011446,-0.025043839011518975,-0.025473373787121903,-0.0245584508128524,-0.024035190506985802,-0.023049751045186213,-0.024896891045938004,-0.02488774185687538,-0.0248489750540916,-0.01914237624550614,-0.023592241562325977,-0.0268370394431246,-0.0247355180448563,-0.02467108345171868,-0.025531281251899313,-0.02484088877506226,-0.022179246854874317,-0.023600667738627568,-0.023436638285309876,-0.025178711806483327,-0.026753547465315837,-0.0245201330813148,-0.029550974269830155,-0.02236363257218061,-0.02453708448082976,-0.02391934577225928,-0.024492638724066186,-0.025572228964949754,-0.023514056607439562,-0.025384741170566112,-0.024492521170469513,-0.0245339955254733,-0.022812538846962018,-0.031454107226841,-0.024223973874755285,-0.024455009658191845,-0.02372222727431913,-0.022355299170628205,-0.02252545234774025,-0.024283873202290387,-0.023394774609338517,-0.02447879692399289,-0.02446494481038653,-0.01980173461623088,-0.024467057845182903,-0.02427402235286886,-0.02369644004544524,-0.028070968597449997,-0.024331351977127054,-0.025183271402307014,-0.023115440277196017,-0.025272626395837508,-0.02494931622808471,-0.024970682896201468,-0.023721343539168466,-0.026728930637554767,-0.024668963752465828,-0.02551424773216179,-0.02555331199543208,-0.024606862247739447,-0.02413289601192927,-0.02303977784481818,-0.024459070160561407,-0.0241270487073797,-0.02114996539180288,-0.02422227367549723,-0.024774078691905455,-0.024921085664024005,-0.025807471348067816,-0.027056662057103498,-0.023002306876516623,-0.023369415292577817,-0.0231769065383425,-0.024598211096987475,-0.02454418454637774,-0.029357570235814062,-0.024532934448207127,-0.023922411794677793,-0.02407869861262625,-0.02472728663360444,-0.024781286457569503,-0.024958562526690594,-0.024619549648466438,-0.024154901389106226,-0.025653244107317917,-0.025548654292532655,-0.02828324589196348,-0.01757061925140844,-0.02574433214947678,-0.02294280667691179,-0.02486666136470505,-0.024707421330499423,-0.023065980120647457,-0.025181708446438918,-0.01942246434656677,-0.024012702833448495,-0.02480216128969716,-0.026987566002106396,-0.023843976887789123,-0.02455745866271257,-0.024407959713600443,-0.02899042032765864,-0.024081605213596147,-0.021909188509803012,-0.023977773938833047,-0.024370559269644872,-0.024551960731146724,-0.024719220695192837,-0.02722143073800056,-0.0246872227734087,-0.02239931827642796,-0.024286349444851897,-0.024613339672617182,-0.02317384358020365,-0.02440698838396127,-0.024441073028167254,-0.024090520343553606,-0.02322582141564611,-0.023430783138291132,-0.024448453758457882,-0.02351479887716841,-0.024107067836934056,-0.024485537402011044,-0.023793244687298196,-0.02351894910662661,-0.025580775619017372,-0.02728600551293884,-0.025774313489540623,-0.024277719417630458,-0.024471681132682128,-0.02543327540199959
min_user_avg_hedge_words,0.0,0.0,0.0,0.0,0.0,0.0,0.0,0.0,0.0,0.0,0.0,0.0,0.0,0.0,0.0,0.0,0.0,0.0,0.0,0.0,0.0,0.0,0.0,0.0,0.0,0.0,0.0,0.0,0.0,0.0,0.0,0.0,0.0,0.0,0.0,0.0,0.0,0.0,0.0,0.0,0.0,0.0,0.0,0.0,0.0,0.0,0.0,0.0,0.0,0.0,0.0,0.0,0.0,0.0,0.0,0.0,0.0,0.0,0.0,0.0,0.0,0.0,0.0,0.0,0.0,0.0,0.0,0.0,0.0,0.0,0.0,0.0,0.0,0.0,0.0,0.0,0.0,0.0,0.0,0.0,0.0,0.0,0.0,0.0,0.0,0.0,0.0,0.0,0.0,0.0,0.0,0.0,0.0,0.0,0.0,0.0,0.0,0.0,0.0,0.0,0.0,0.0,0.0,0.0,0.0,0.0,0.0,0.0,0.0,0.0,0.0,0.0,0.0,0.0,0.0,0.0,0.0,0.0,0.0,0.0,0.0,0.0,0.0,0.0,0.0,0.0,0.0,0.0,0.0,0.0,0.0,0.0,0.0,0.0,0.0,0.0,0.0,0.0,0.0,0.0,0.0,0.0,0.0,0.0,0.0,0.0,0.0,0.0,0.0,0.0,0.0,0.0
max_user_avg_hedge_words,-0.026729557496379966,-0.02709612046193203,-0.02667183234762339,-0.026862462788504207,-0.024746201024061283,-0.030126132640039174,-0.022831939588762167,-0.0276001004863228,-0.02712277370642611,-0.028345188628658032,-0.027143121311555933,-0.025919285314886298,-0.027048469748737078,-0.027809530614722296,-0.02704556564772284,-0.02688927839913873,-0.018502534564640297,-0.02859088389501916,-0.02375112394132831,-0.017029178675822144,-0.02709129357545344,-0.02729086541892242,-0.027320185545707774,-0.02786031348241937,-0.02688985223359967,-0.026479646769811942,-0.02563859745360847,-0.027248553004837046,-0.02723052543841213,-0.027164133048623362,-0.021286611529124436,-0.02597302944830581,-0.029296008435914615,-0.027070936627735402,-0.02707901904527181,-0.028169781873884393,-0.026963881754239034,-0.024231799235454946,-0.026242282566184987,-0.025699757651916184,-0.02761056228404007,-0.029085846969334347,-0.026914594405652314,-0.03161123560164416,-0.02465894012331015,-0.027256432874868355,-0.026269769505864196,-0.026850404825271238,-0.027911343127222883,-0.02575233848636041,-0.027742448032003462,-0.026846627455878583,-0.026905271969264316,-0.024833169113199653,-0.033869046240213904,-0.02667240384094939,-0.027156202864243882,-0.026010779844499607,-0.024687594405859818,-0.024642631986500494,-0.026621625327833916,-0.025496741333444314,-0.026824690912612685,-0.026815153149720793,-0.021572661709205895,-0.026868035330952125,-0.026595538750175576,-0.02600737466299522,-0.030065811533208572,-0.026678728833854793,-0.027606401295688386,-0.025525686692182668,-0.027679492391601168,-0.027264128752854482,-0.02728698906682555,-0.026080575165938598,-0.02918824177375888,-0.027048217807143164,-0.027952614651567106,-0.027473941550255225,-0.026149464793519605,-0.02661800278428019,-0.02382022130872963,-0.02674952378354241,-0.026400326738420833,-0.023490047370517658,-0.02654882463059379,-0.027179148167765163,-0.027242207559686423,-0.028162791867594263,-0.02939850624697677,-0.02515707826384916,-0.025939461305732506,-0.025525408173155534,-0.02697513867367104,-0.026888848665998468,-0.031314408022667196,-0.026890853477434223,-0.02628010068053515,-0.026470131535334326,-0.027047831583374548,-0.027128510951274425,-0.027414520163361676,-0.027046063381475152,-0.026465538020244803,-0.027610634832855106,-0.027933592599842367,-0.030647773068988415,-0.01938742860005928,-0.02807265150968472,-0.02542821199418368,-0.027149045510420623,-0.027037239493722172,-0.025363878674636603,-0.02767467015467787,-0.021413831133291622,-0.026332570347009643,-0.02717643119594855,-0.029424635441643483,-0.025993947222868147,-0.026948003431450256,-0.026765456144358407,-0.030310033971925388,-0.02646534518729408,-0.02439763265245022,-0.026204871422176763,-0.026738101476728955,-0.02696992236954488,-0.02690678558843344,-0.029141647028409066,-0.027054709450012166,-0.024503845673991116,-0.026638874214113414,-0.027021924573285776,-0.025341949862653423,-0.026794077827335772,-0.02679267377568633,-0.02640519735793759,-0.025638422442676473,-0.02572449163373159,-0.026805679757439048,-0.025973452352601973,-0.026457757580051103,-0.026954395299664795,-0.02602860288467512,-0.025819926419099627,-0.027651004073922104,-0.02977738642701379,-0.02782004309537999,-0.026688252934219198,-0.026617354940334636,-0.02716579425257235
average_user_avg_num_question_naive,0.029080294406166662,0.0289765972342714,0.02896218817174463,0.030633231750144464,0.024528071533864437,0.030056306184379808,0.030072448602228526,0.030457311399426243,0.02921560540846365,0.02852420656523211,0.03170681928994858,0.026490758535402347,0.028726667896724397,0.024759274678008182,0.029741665526142495,0.029143447227822313,0.024062423754188857,0.0015410558983649202,0.023867793811953815,0.03211398843767083,0.029481908136763376,0.029341106768598826,0.028691185731561344,0.028883826307301803,0.0292051620680629,0.03129774202323229,0.02947024536945321,0.028724882537584345,0.031176634420428825,0.02918705110101938,0.03875844928414594,0.027644706508480856,0.024325389927775904,0.03633785147017202,0.02914114899230366,0.027914953992769293,0.021182835261996706,0.028616464800251484,0.02617496453201434,0.029245864135651604,0.027113021694830593,0.02732939766045957,0.02882321522140225,0.020970877692237933,0.027069391618211286,0.026012519705503508,0.029079470726067376,0.029326518236958084,0.033410386777589514,0.03112468575139119,0.02803540814324593,0.028932621804515692,0.02939582947958842,0.03522015210680164,0.026360072024426376,0.025479369793592065,0.027963128077115346,0.02737884351168538,0.02810490363240926,0.025630643740444815,0.03014877204216638,0.032106017917238334,0.029180019899025512,0.029056599872217048,0.03587783208335302,0.028465135063457037,0.031393903436793776,0.028820248341481117,0.028533437098463916,0.02921086729779216,0.028576970588000326,0.02949526595136997,0.028545998284934208,0.030207420455411117,0.028597283820114498,0.02909063688265992,0.022776465757904776,0.02744311334605199,0.02974581268851455,0.022227772245291256,0.03194901004759571,0.028689611088038528,0.029829552335562184,0.028793749769537275,0.02886369440846072,0.019522526766549347,0.02881035795511724,0.026532399235565038,0.028760403440174435,0.030758054107014803,0.02965914991260523,0.025152732896496548,0.027961658018301493,0.031435728071991305,0.02834837586258301,0.02894274800910621,0.030208023992127395,0.028963863762970776,0.028141005715338743,0.028510925755832445,0.028369351103066102,0.02984878045917403,0.03669824031140152,0.028445161706699237,0.026524040360070632,0.027979681907768412,0.02946942969888603,0.025486117195493548,0.035369108689516114,0.03177283858165836,0.03046111045833975,0.03102947181006572,0.029058674141621936,0.029029320724771074,0.028332176598451445,0.03152934405081033,0.028815261189286148,0.02902101254637943,0.027569043061892253,0.03171362898746283,0.029248457540498807,0.028989113903542904,0.02847614513499711,0.028450957683995123,0.029808229777035847,0.029783661169294796,0.029349039896808034,0.028687818069415828,0.030182933890587543,0.029509923147530977,0.027925534869980208,0.03419405366117617,0.02835426795138797,0.026888744756009008,0.033021258252930355,0.029842566471200843,0.028918185032509473,0.029433648876418292,0.027748340888603038,0.02987360119377881,0.028022691364605178,0.026573902283970642,0.030370053241756585,0.027301928306257255,0.02923482638701442,0.024683594352852643,0.028642900290799477,0.02217093349956005,0.028406420467267178,0.027680064763326982,0.028270504823049804,0.022549860164930303
stdev_user_avg_num_question_naive,0.06839813026504835,0.06877672282618164,0.06728053967373268,0.06872990056448341,0.07314023950293154,0.07147882733200966,0.0703820037843371,0.07024092323679879,0.06846526525534644,0.07056417106694735,0.07424802157825164,0.06290273823741738,0.06853722947490395,0.07647752424462187,0.06928705197491283,0.06845691546448707,0.05838683355402439,0.03458780778432863,0.06735270004116725,0.07369208620480674,0.06913252052132207,0.07041780855855911,0.06882618440249957,0.06946386602315492,0.06800677890490128,0.06912823326843294,0.06418723439150575,0.06791576128190444,0.0699395354776795,0.06735416503084755,0.07026587569053587,0.06784502967911582,0.06535024334327962,0.07535873590199295,0.06901044929575131,0.06755705985910115,0.06531305231214175,0.06688977434858692,0.06558533141622953,0.06921835730193081,0.06957964802442224,0.0669295662867041,0.06850091808552243,0.06815741533382778,0.060841973465989505,0.05808724072091363,0.06965380194828312,0.06939574617818298,0.07100549881486691,0.07096356067456144,0.06806735093627064,0.0683793755406068,0.06837527112000058,0.06931183434019239,0.06798214166255144,0.06450808863799795,0.05714957063959656,0.06915425358536278,0.06767311600445451,0.06681777348066473,0.06854514319466462,0.0641568339591938,0.06845639853211775,0.0686535039286928,0.05277878112151023,0.06933943172651622,0.06889629948435014,0.06861355328253571,0.082346556954222,0.0682421019720191,0.06745180045505662,0.06905626899884088,0.06796579274417139,0.06735464927525996,0.06817452116245606,0.068278287093115,0.07067008732985708,0.0695717798251308,0.06807884205229406,0.04884155674943989,0.063923507599,0.0674274085636,0.06191407248706852,0.06810987166333196,0.06806425849990266,0.053976185302671856,0.06803519015485181,0.06957810076224999,0.06733934553119691,0.06522950202769631,0.06816379148989182,0.05524650618098212,0.0655369876467285,0.06602509964633115,0.06691563919544455,0.06869319692702748,0.06681538211442949,0.06842767195170647,0.0683913089879488,0.06767823691438987,0.06664293296294208,0.06917178442624955,0.06996945657076376,0.0686842482118549,0.06580525201316134,0.06932532915447141,0.06839910681725478,0.06711242449522173,0.030978325627963585,0.07538920606814586,0.08498362823361032,0.07583443251883554,0.06839340495732478,0.06899900730498465,0.06352143372856292,0.041891290453812076,0.06787798098216177,0.06856775340942613,0.06959954851381037,0.06500384946819021,0.06922373763929929,0.06840003972791062,0.0691759202347282,0.06300556308329477,0.06598284936876647,0.06912440185466878,0.0685842910680671,0.06833839534635339,0.06927913942766789,0.0702140866659263,0.06840474427634137,0.0693552946989997,0.06775955167754785,0.07033235420891236,0.07667148394477974,0.07283636135639192,0.06832188809979807,0.07183155583724639,0.06643470834664207,0.06708144387127618,0.06697177556101594,0.07292173936910445,0.0681977171153734,0.06413183763300914,0.0676263688280021,0.06976934490998864,0.059049547090066115,0.0642505260397333,0.06670909169393167,0.06708588964619099,0.06796958034991218,0.06443215849674416
min_user_avg_num_question_naive,-0.010314339705625897,-0.0113501437695562,-0.009957022326518777,-0.01026201647914994,-0.025111122271495888,-0.015889763622693558,-0.011000955743229021,-0.007262321793084327,-0.010044001219995862,-0.009383419612473435,-0.01905012893589952,-0.004982776790688363,-0.010453841510502111,-0.013087937897344956,-0.00845625319176542,-0.010367277037780566,-0.01063911722045235,-0.0030053732401075844,-0.00570207575229362,-0.009346252117554474,-0.010045397635702162,-0.01226944010457354,-0.011971771124634635,-0.013087988810371189,-0.010699370564909978,-0.010159430040000018,-0.007471051046279922,-0.008557526010094234,-0.007829237375835484,-0.014418777499949034,-0.007852131449055604,-0.008295894354185913,-0.004549126468913206,-0.013473157588500843,-0.010545138521504339,-0.010724180929556524,-0.011341299959106373,-0.004609015819732497,-0.008909595283699967,-0.013719731813759246,-0.011814277333214277,-0.006156603427785765,-0.009953823169680288,-0.010045710310050453,-0.008456262818549155,-0.004030527227086363,-0.011920570820942854,-0.009660577876896555,-0.0059743268961764085,-0.007809981619367049,-0.010336343692187555,-0.01025961478841117,-0.01026762776326011,-0.013046968990380815,-0.011884737705170751,-0.010692794657003929,0.007200221383198769,-0.013124194911545563,-0.011332721895487851,-0.010895488231451231,-0.011064848291262992,-0.008306786836910633,-0.010145073850823048,-0.010296207329921855,-0.009372783129336856,-0.01197958535388654,-0.010644161841682076,-0.010615581908727125,-0.025537890098370576,-0.01076779827464024,-0.010825692497752707,-0.0111274670933826,-0.00974246079194648,-0.009903312555137789,-0.010913032526975522,-0.009720405623770237,-0.0114815786128128,-0.010885307177610097,-0.011683636025090989,-0.004063845093233452,0.006537983660720711,-0.01000177094870102,-0.008578437606541311,-0.010290390327234167,-0.010268666493694118,-0.0066806940524721916,-0.008805302231845238,-0.007829201826728034,-0.011181361575100704,-0.013020354076886165,-0.006224145687110835,-0.008187842775822088,-0.007605711023393715,-0.011212665527406917,-0.009260818494708063,-0.010556345340392388,-0.0013744091980643887,-0.010494597488123928,-0.01036134868163682,-0.01398340337156337,-0.011048029033019591,-0.010895073782560973,-0.006047712335123274,-0.010560765408221791,-0.009620687269944445,-0.015078656823052665,-0.010950817184217549,-0.008948014939872184,-0.015197233250398363,-0.01352412356156408,-0.01062566574506232,-0.011123021842618645,-0.011249934677429458,-0.009755332901707488,-0.008348919943394505,-0.012704438093311956,-0.007796668132533785,-0.010467152036239297,-0.011903769042997824,-0.007727144544611814,-0.010446625582560312,-0.010123300547892861,-0.011174655869317244,-0.010532480679709052,-0.010142410401121234,-0.009705164208949797,-0.010190618479364132,-0.009728227593776985,-0.00984983190343535,-0.010223852609650898,-0.009988931993906706,-0.0122393108789782,-0.010076746691123361,-0.013266377096028245,-0.01285518530700529,-0.014954495417390454,-0.01024898097034324,-0.012329877264731736,-0.00961359303635757,-0.010775445877919142,-0.008905934786307343,-0.01458352295192439,-0.005854660493243068,-0.012825472250966531,-0.010939182594314407,-0.008924697776592947,-0.003159495946630222,-0.018468234191584908,-0.007685355446774092,-0.012276631386914129,-0.010819239508640062,-0.006052456709398255
max_user_avg_num_question_naive,0.05595769300912623,0.05560158517394858,0.05512685148848088,0.05676443550307303,0.05604253696204456,0.06103568789518771,0.05755503411056417,0.05814840627535215,0.05618144638395376,0.057888332213966505,0.05991395703143117,0.052549398637959044,0.05580241754780567,0.06151952104251423,0.057748105551433795,0.05612930396797446,0.04758747073359906,0.016735757898144937,0.05522011922526134,0.06135141801003255,0.056874849262754115,0.05769628579571052,0.05593216515037154,0.056594572191561186,0.0556511883112895,0.05680190107093587,0.05254518470868462,0.05567885924094999,0.058711706957525506,0.05431076749891358,0.05977616856180569,0.05562643928213374,0.053350754010379864,0.06396849772542776,0.0563984574275507,0.054261922150627605,0.052243344961798555,0.0562806190250609,0.05317662348451317,0.05619048218321698,0.055709782024929023,0.054305735363601434,0.0560023488914888,0.053668436481378416,0.04957612330045663,0.04991494704179697,0.05683621722992734,0.056799825229316446,0.060019116023890574,0.05924446587007391,0.055259288631849895,0.055916148918559685,0.05593190554619588,0.0583484122367119,0.054301031996885206,0.051673688687070576,0.04982508117456171,0.05551986006433704,0.05482990310139648,0.053770262624743076,0.056399514788992244,0.05408215653555319,0.05616282581431843,0.05617708561907639,0.046580862827444225,0.05602010891066726,0.05646733046352238,0.05584588114347291,0.06479998324597566,0.05578828919391761,0.05507146463907485,0.05655413261829894,0.055837662925300874,0.0560531424849388,0.055574135085216775,0.05644672616170432,0.05581779869105774,0.056447467187243694,0.05521486567423249,0.039325717833451956,0.056540745044687486,0.05506571503103229,0.052999212849923115,0.05595448740107774,0.05537570969558818,0.04446562517095217,0.05603695476224741,0.05649723893815105,0.055059400064698776,0.05183475435546665,0.05713132819580424,0.04648100792389606,0.05350840332350876,0.054440183484530925,0.05462822265551358,0.05613632107034905,0.057141021901863806,0.05591301719754531,0.055697867869266664,0.05424166085402998,0.05462254490650922,0.056514084817038526,0.0616477104097422,0.05594047232571912,0.053411034219587004,0.054845151532164106,0.05614733254757491,0.05387455438499223,0.02703449876042715,0.062008977241444205,0.06827862796395795,0.06296130184797522,0.0555888323553145,0.05652432998856795,0.05207153102547128,0.03549989746268202,0.0562834956889634,0.05582890598802978,0.05579433493767495,0.05515310751107049,0.0566249591963692,0.055984395677442324,0.056086802041353453,0.05147686704139676,0.054621910843395426,0.05671327874860079,0.05613995641800034,0.05579323212721589,0.05676569863084681,0.05780921944480319,0.05598374291885866,0.05975055104634256,0.055409043513007336,0.05623553005212627,0.06307994505150621,0.058613087989139334,0.05589058508527454,0.058851219386266446,0.054314378716717904,0.05508528340591899,0.05449930383841506,0.057859165813312165,0.05687000915158523,0.05083910309823314,0.055366826120279274,0.056425619289310246,0.049982758518238926,0.04972584302550195,0.055336837097373394,0.05468068325350699,0.05483218367509099,0.05138173155532331
average_user_avg_NTRI,0.018673331916699117,0.01819420683712069,0.014801374208212743,0.017744927652419723,0.01697783438301303,0.01618540795516074,0.019189249794813994,0.018509150472055008,0.01819302661723128,0.019844634259495036,0.01464001250098185,0.019895216831322476,0.018416522932784427,0.019029659047418535,0.019965724643662173,0.018942049338533273,0.018710052366055534,0.020056528314908558,0.01706301953691545,0.017792998007205428,0.018316485136468195,0.018170297108140006,0.01977064951442097,0.019326993744046166,0.01875207668580721,0.017474386478949912,0.01778676312147447,0.01878587320722315,0.018770965326310732,0.01781217492482574,0.008481233804803642,0.018425998648595485,0.01671421134119534,0.015918167192935165,0.018554006478684344,0.01788300074440595,0.015491147645945141,0.01771041063347258,0.016227675298121146,0.013863032057449525,0.016697735723163375,0.016161464221563584,0.0186132443571439,0.016933805620467465,0.017831515226229996,0.01755834994120266,0.01885411541875903,0.018546023269319,0.017575422349118817,0.020781363900299686,0.018700379515451636,0.018619770507014816,0.018774606419493023,0.016225633220622874,0.016804531651545048,0.017881667947844983,0.0219021702481167,0.017252217336763263,0.01805152208294722,0.01599282964097258,0.018607189537509474,0.018837703531921907,0.01853163160116414,0.018741649413979208,0.013454903314993532,0.018534103143871043,0.01845221257644597,0.017490656294016485,0.01664176906961799,0.018789109311244293,0.017276578362961443,0.018260912278756387,0.01881914622858479,0.01898407018758922,0.01886056350985254,0.01892327616124513,0.019281712562456678,0.01795723250489688,0.01771130357387786,0.023748995989456595,0.017713580967680723,0.017967406255789645,0.018621993738628752,0.01872501488808196,0.018416769544734184,0.01764690860741237,0.018992821105211576,0.01592241270564451,0.017724980836523324,0.01929825309732655,0.02090373780931278,0.018955135861393736,0.019253484321281975,0.019856499465061697,0.019395166340802808,0.01809127602960202,0.022860043402736098,0.01857563120880892,0.018323204184958263,0.021381572346409236,0.019506039436689465,0.018171454090017282,0.01902697725724882,0.017651408422843396,0.016888564229334213,0.016872119123118333,0.019404476165660003,0.01853150766732339,0.018134809748488835,0.014687340197539263,0.015453647781302135,0.01675730325715492,0.018771737866523513,0.018312597367503545,0.018702589083324818,0.019891223497782693,0.018969113135559965,0.018313476332593986,0.01848777662252059,0.01957368917278409,0.01829527158831326,0.018782619622086136,0.013817974454559432,0.015895501899606833,0.01912592786407932,0.018094444915885126,0.018039437911226714,0.01875810346397534,0.018199007828650093,0.017111817157909534,0.018165317568836825,0.02243279919131617,0.018719320642284886,0.01627135661135934,0.014507134348996793,0.019596914918411902,0.018666542436405465,0.016445229932784505,0.018109499196705348,0.019715366073630183,0.018675145716518987,0.02035428119658794,0.019118577167498464,0.01730275169102046,0.018909678738425247,0.018929597407746322,0.019758615067724437,0.019296000932972047,0.021008236776150012,0.019208332124835262,0.017553164292700596,0.012896563794134031
stdev_user_avg_NTRI,0.01867333191669912,0.01819420683712069,0.014801374208212743,0.017744927652419716,0.016977834383013028,0.01618540795516074,0.01918924979481399,0.018509150472055,0.01819302661723128,0.01984463425949503,0.014640012500981844,0.019895216831322473,0.018416522932784424,0.019029659047418542,0.019965724643662173,0.018942049338533266,0.01871005236605553,0.020056528314908555,0.01706301953691545,0.017792998007205428,0.01831648513646819,0.01817029710814001,0.019770649514420972,0.019326993744046166,0.01875207668580721,0.017474386478949906,0.017786763121474466,0.01878587320722315,0.01877096532631073,0.017812174924825737,0.008481233804803642,0.01842599864859548,0.01671421134119533,0.01591816719293517,0.018554006478684347,0.01788300074440594,0.015491147645945138,0.01771041063347257,0.01622767529812114,0.013863032057449529,0.01669773572316338,0.016161464221563584,0.018613244357143895,0.01693380562046746,0.01783151522623,0.017558349941202655,0.018854115418759025,0.018546023269319003,0.017575422349118814,0.020781363900299686,0.01870037951545163,0.018619770507014813,0.018774606419493023,0.016225633220622863,0.016804531651545045,0.017881667947844983,0.02190217024811671,0.017252217336763263,0.01805152208294722,0.01599282964097257,0.018607189537509474,0.018837703531921907,0.018531631601164132,0.018741649413979208,0.013454903314993532,0.01853410314387104,0.018452212576445977,0.01749065629401648,0.016641769069617986,0.018789109311244293,0.017276578362961443,0.01826091227875639,0.018819146228584792,0.01898407018758922,0.01886056350985253,0.018923276161245124,0.019281712562456668,0.017957232504896874,0.017711303573877863,0.023748995989456595,0.017713580967680723,0.017967406255789648,0.018621993738628752,0.01872501488808196,0.018416769544734184,0.017646908607412366,0.018992821105211565,0.015922412705644498,0.017724980836523324,0.01929825309732655,0.02090373780931278,0.018955135861393736,0.019253484321281968,0.01985649946506169,0.019395166340802808,0.01809127602960201,0.0228600434027361,0.018575631208808924,0.018323204184958253,0.02138157234640923,0.01950603943668947,0.018171454090017285,0.019026977257248813,0.017651408422843393,0.016888564229334206,0.01687211912311834,0.019404476165660003,0.018531507667323383,0.01813480974848883,0.014687340197539261,0.015453647781302137,0.016757303257154913,0.01877173786652351,0.018312597367503545,0.018702589083324818,0.0198912234977827,0.018969113135559962,0.01831347633259399,0.018487776622520595,0.019573689172784087,0.018295271588313254,0.01878261962208614,0.013817974454559432,0.015895501899606826,0.019125927864079316,0.01809444491588512,0.018039437911226714,0.018758103463975336,0.018199007828650086,0.01711181715790953,0.018165317568836818,0.022432799191316168,0.018719320642284876,0.016271356611359332,0.014507134348996791,0.0195969149184119,0.018666542436405465,0.016445229932784505,0.018109499196705348,0.01971536607363018,0.018675145716518987,0.020354281196587935,0.019118577167498457,0.017302751691020465,0.018909678738425244,0.018929597407746322,0.019758615067724444,0.019296000932972047,0.021008236776150005,0.01920833212483526,0.0175531642927006,0.012896563794134024
min_user_avg_NTRI,0.0,0.0,0.0,0.0,0.0,0.0,0.0,0.0,0.0,0.0,0.0,0.0,0.0,0.0,0.0,0.0,0.0,0.0,0.0,0.0,0.0,0.0,0.0,0.0,0.0,0.0,0.0,0.0,0.0,0.0,0.0,0.0,0.0,0.0,0.0,0.0,0.0,0.0,0.0,0.0,0.0,0.0,0.0,0.0,0.0,0.0,0.0,0.0,0.0,0.0,0.0,0.0,0.0,0.0,0.0,0.0,0.0,0.0,0.0,0.0,0.0,0.0,0.0,0.0,0.0,0.0,0.0,0.0,0.0,0.0,0.0,0.0,0.0,0.0,0.0,0.0,0.0,0.0,0.0,0.0,0.0,0.0,0.0,0.0,0.0,0.0,0.0,0.0,0.0,0.0,0.0,0.0,0.0,0.0,0.0,0.0,0.0,0.0,0.0,0.0,0.0,0.0,0.0,0.0,0.0,0.0,0.0,0.0,0.0,0.0,0.0,0.0,0.0,0.0,0.0,0.0,0.0,0.0,0.0,0.0,0.0,0.0,0.0,0.0,0.0,0.0,0.0,0.0,0.0,0.0,0.0,0.0,0.0,0.0,0.0,0.0,0.0,0.0,0.0,0.0,0.0,0.0,0.0,0.0,0.0,0.0,0.0,0.0,0.0,0.0,0.0,0.0
max_user_avg_NTRI,0.018673331916699114,0.018194206837120683,0.014801374208212738,0.017744927652419713,0.016977834383013028,0.016185407955160738,0.019189249794813984,0.018509150472054998,0.018193026617231274,0.019844634259495033,0.014640012500981842,0.019895216831322473,0.01841652293278442,0.019029659047418535,0.019965724643662166,0.018942049338533266,0.01871005236605553,0.02005652831490855,0.01706301953691544,0.01779299800720542,0.01831648513646819,0.01817029710814001,0.019770649514420962,0.019326993744046162,0.018752076685807206,0.017474386478949902,0.01778676312147447,0.018785873207223143,0.01877096532631072,0.017812174924825733,0.008481233804803642,0.01842599864859547,0.016714211341195325,0.015918167192935165,0.018554006478684344,0.017883000744405936,0.015491147645945127,0.017710410633472565,0.016227675298121136,0.013863032057449515,0.01669773572316338,0.01616146422156358,0.0186132443571439,0.016933805620467455,0.017831515226229992,0.01755834994120266,0.018854115418759018,0.018546023269319003,0.01757542234911881,0.020781363900299683,0.018700379515451622,0.018619770507014813,0.018774606419493012,0.01622563322062286,0.01680453165154504,0.01788166794784498,0.02190217024811671,0.01725221733676326,0.018051522082947215,0.015992829640972574,0.018607189537509464,0.018837703531921903,0.018531631601164132,0.018741649413979204,0.013454903314993527,0.018534103143871036,0.01845221257644597,0.017490656294016478,0.016641769069617982,0.018789109311244286,0.017276578362961443,0.018260912278756383,0.018819146228584792,0.018984070187589214,0.01886056350985253,0.01892327616124512,0.01928171256245667,0.017957232504896878,0.017711303573877856,0.023748995989456585,0.017713580967680716,0.017967406255789645,0.018621993738628745,0.01872501488808196,0.018416769544734177,0.01764690860741236,0.018992821105211565,0.015922412705644505,0.01772498083652332,0.019298253097326547,0.020903737809312775,0.018955135861393732,0.01925348432128197,0.01985649946506169,0.019395166340802805,0.018091276029602005,0.022860043402736105,0.018575631208808917,0.018323204184958253,0.021381572346409226,0.019506039436689458,0.018171454090017282,0.019026977257248813,0.017651408422843393,0.01688856422933421,0.016872119123118333,0.01940447616566,0.018531507667323383,0.018134809748488825,0.014687340197539263,0.01545364778130213,0.01675730325715491,0.018771737866523502,0.01831259736750354,0.018702589083324814,0.01989122349778269,0.018969113135559962,0.018313476332593982,0.018487776622520588,0.019573689172784084,0.018295271588313254,0.018782619622086133,0.013817974454559432,0.015895501899606822,0.019125927864079312,0.01809444491588512,0.018039437911226714,0.01875810346397533,0.018199007828650082,0.017111817157909534,0.01816531756883682,0.02243279919131616,0.018719320642284876,0.016271356611359335,0.01450713434899679,0.019596914918411895,0.01866654243640546,0.016445229932784498,0.018109499196705348,0.019715366073630176,0.01867514571651898,0.020354281196587935,0.019118577167498457,0.01730275169102046,0.018909678738425237,0.018929597407746315,0.019758615067724437,0.019296000932972037,0.021008236776149998,0.01920833212483526,0.01755316429270059,0.012896563794134026
average_user_avg_word_TTR,-0.019105250908837558,-0.019153745283636912,-0.019049653279688085,-0.018994408253007834,-0.01699832350541456,-0.018773872147124282,-0.01815625489513197,-0.021055865692594197,-0.018875373978910565,-0.017793488284680224,-0.01722005291955566,-0.01646865950278812,-0.020115799190862312,-0.020054654646906603,-0.0185899391921839,-0.01841096577641763,-0.011970391906415877,-0.0273330444122583,-0.013655247410020672,-0.01787788802053917,-0.018399720202115687,-0.01786475052644805,-0.01981997116325615,-0.020439334221595093,-0.019185066428920743,-0.015256657321338686,-0.019841598790423798,-0.018944432062283197,-0.019446187136198723,-0.02050880598930828,-0.01786954345473995,-0.019484823967199784,-0.01792829864025079,-0.01742914220738044,-0.01758706050005914,-0.021720641564444188,-0.019213961595455978,-0.021160890458411494,-0.021762549451022684,-0.018609457203777723,-0.019123766445424073,-0.013877855710865377,-0.019080312885132907,-0.01314483471496927,-0.01960476525884832,-0.0177029644637856,-0.018211415240221993,-0.019034768687037525,-0.01628380102520945,-0.020441181932039032,-0.018531618622689507,-0.01907356582190193,-0.019084322790599594,-0.019164587459899907,-0.016555665667710016,-0.01843352985455364,-0.01857487668249584,-0.01743146163373839,-0.020393047152074784,-0.015905536919186117,-0.018709708256353003,-0.0212589377697739,-0.01903299298003176,-0.01882069716755392,-0.028704398616008667,-0.019887289852113944,-0.018624147694533848,-0.01852037994159382,-0.015545595027448842,-0.019189095780054108,-0.018618508998742424,-0.018663362939740392,-0.01892818837314774,-0.01952736465102894,-0.018810768943162668,-0.01873046979189181,-0.018993946950018846,-0.018942474044626987,-0.019996666998814014,-0.0032614766310926184,-0.019254707288773647,-0.019051994597830763,-0.01223489313778106,-0.019240462197852477,-0.018935098616117318,-0.009832362163587552,-0.018071850774557904,-0.01883762690367438,-0.019389838493636895,-0.019094054822411687,-0.021839296649317802,-0.008152714863827612,-0.02156152729741234,-0.014152213003878365,-0.01822150633576309,-0.019066705151801,-0.01871725213135599,-0.01924918169932177,-0.019367358705286157,-0.020917949862068443,-0.021170033523811062,-0.019445271328547762,-0.015346462281935914,-0.019275110171611876,-0.018579556254923434,-0.01897100211487693,-0.01999946324711239,-0.018352394872136052,-0.023729465371380962,-0.014252150178773739,-0.014277388991025281,-0.012826231979672009,-0.019035983150564352,-0.018873144243381212,-0.02124962921084551,-0.020809347483666613,-0.01736194283208525,-0.01903120237329909,-0.019023556392065644,-0.019568807380450727,-0.019196368627546156,-0.019059758307319045,-0.015305296956872924,-0.01818146545392397,-0.018890892622111893,-0.01853801959531376,-0.019192975299912648,-0.018952461355687882,-0.019585878957248254,-0.017537397748406715,-0.018880877198646603,-0.023629227522902942,-0.01976123332851288,-0.01854789995686076,-0.018468714077367727,-0.022241553393100334,-0.01912340098302936,-0.018673594848141295,-0.018917344503612172,-0.01967538074370258,-0.018698356703117265,-0.01937470533960981,-0.01927962829835098,-0.02110264083061148,-0.019569510290630227,-0.018936729354551318,-0.02123442026161165,-0.016454321918440384,-0.019978983969833837,-0.020243341533239766,-0.01815781056425928,-0.024689393572416778
stdev_user_avg_word_TTR,0.038830008704766245,0.03902442020376008,0.03821186132128637,0.03877645133311037,0.037101954680120966,0.0336078580363735,0.039289012932298556,0.04175127967751644,0.04028718020891678,0.03886835012201603,0.04022027080052294,0.03539475933910759,0.03970879378585637,0.04243403258532619,0.03714640071543622,0.03803102210811212,0.03468108181004724,0.05005852025318795,0.03433195334302817,0.037002843910654226,0.03834844388790076,0.03738551121925067,0.039810655783455544,0.039219955702708774,0.03870140104361969,0.03243369541428981,0.0397114696807908,0.03915589680672754,0.038960270974376585,0.040291194215248294,0.039759555689822756,0.040437989030351285,0.03786836468114658,0.035669789942131325,0.040104682652725945,0.04056182963087714,0.0391334654902536,0.038291669154590785,0.03782497446963978,0.038365848340011895,0.04004902958300542,0.034418966365903414,0.03889411145669544,0.039174691927169256,0.03710992727919228,0.03603785410737854,0.03757453819208225,0.039048926083406404,0.03571014820178564,0.03846483938789712,0.038261019616701815,0.03888210642056394,0.03875431229907335,0.03604681351040618,0.03736960075217352,0.03915566368782285,0.03619292946738921,0.036634283752266655,0.03975037946166994,0.03894502843605677,0.03905334982075042,0.03946793073726889,0.03866125223531901,0.03875792439166203,0.042783449745467744,0.039745624087773934,0.03810369921253551,0.04003297848245089,0.03572656271955239,0.038867617129699925,0.03905672990225735,0.039401221718471824,0.038615664089711,0.03904665835559907,0.03863640986018246,0.03791713798024498,0.04189191683428914,0.03807656746735,0.03951233375676605,0.02783891736699881,0.03995043397357841,0.0393386902658068,0.03810001785546627,0.03806308886789963,0.03849754372038761,0.02741924864247989,0.03836312589789131,0.036984476619687914,0.03781755027265982,0.03944219810753061,0.04210622175039788,0.0321215570841526,0.03698487117037373,0.031232802636242715,0.038980004262280814,0.038989635090972495,0.03569329513691553,0.03897291250657999,0.03885155363944978,0.038291616373131845,0.03850845152735587,0.039522916521131046,0.027803362161899138,0.03874094487134642,0.036425835016914036,0.04378749202802777,0.03903068475159508,0.03797136793155635,0.026661604226765792,0.03454742193133031,0.03651309204518221,0.03809893824309671,0.038902030529805814,0.03809504309364528,0.03847161619282787,0.029793525113816166,0.03684099868690543,0.04014910309973098,0.03882653066739665,0.03604900103988638,0.038996954600266406,0.03883004574527654,0.036614101639392584,0.039371146505476795,0.03863732110418222,0.0377730470709996,0.039173897418066705,0.0395190520794316,0.0384590770636897,0.03895579654283528,0.03860896592749843,0.038258391240492406,0.039470099792818,0.04003887290864013,0.03987509434281141,0.04089277118480545,0.038860778480522225,0.0394234173909182,0.03710256544107775,0.03923915933657965,0.03802418022720105,0.03923096470650567,0.03845288925969461,0.037495045836802486,0.03796818060092298,0.04034876444229683,0.0331651253038658,0.038041789185962224,0.038661322412423,0.03931245490987915,0.03745151304699591,0.03993572376157633
min_user_avg_word_TTR,-0.03900694031439451,-0.03912122814100345,-0.03850440724451635,-0.038876851226831086,-0.03700341991683643,-0.03514725683253889,-0.03887640701678577,-0.04129097838081725,-0.03951751779789919,-0.038333577347290204,-0.039103079437602044,-0.03532420747557731,-0.03978789407363584,-0.03998408290722337,-0.03779871332174957,-0.03818242875830239,-0.03347227928310372,-0.049703149894849356,-0.03410960830955904,-0.037381434407325026,-0.03839980937167166,-0.03776247355339511,-0.03964844826239829,-0.03964034663991562,-0.03888183359007982,-0.03342790626290829,-0.039804354616845075,-0.039087964893155656,-0.03916984346855312,-0.03989711855695206,-0.0388675033494568,-0.04030225773048622,-0.037982432441806595,-0.03633904475879493,-0.03978701865475473,-0.04211181094505534,-0.03898254265350452,-0.03864189691636348,-0.03835563879996294,-0.037829917617773934,-0.03978998390621946,-0.033983503958385855,-0.039042325660745794,-0.0366402817910602,-0.037696751354747184,-0.03667468965817079,-0.037819806480535005,-0.039178498935957026,-0.03644339226842323,-0.03872471991208425,-0.03859807385605198,-0.03899424838939973,-0.03894858505568031,-0.03515100372178489,-0.03767960928583837,-0.03928253455888245,-0.03750315813978729,-0.0367157762352485,-0.04011574093715457,-0.037704637139842234,-0.03920777304356421,-0.03995199922463098,-0.038833627396406625,-0.038795826765631126,-0.044140359436796506,-0.039841494715405414,-0.03828991345874454,-0.040017664803760976,-0.03600484963938921,-0.03901925746533787,-0.03904179856531216,-0.03927909359954382,-0.03866192288061162,-0.03918901873464944,-0.03874985670688803,-0.038365775793404853,-0.04129575789157397,-0.038526728410713335,-0.03982849361134218,-0.02651733760915434,-0.03794413823308552,-0.03939554438077553,-0.03432347694941499,-0.03855471251642344,-0.03879793628200801,-0.027831304591035867,-0.03823924357478565,-0.037524408759363,-0.03834164687427305,-0.03880189647024164,-0.041670199999212246,-0.030076398232350775,-0.03847445508467762,-0.031860006984413484,-0.038633458577668645,-0.039054474064872204,-0.0350417493354846,-0.03912577308741048,-0.039061520327112804,-0.03927475017348502,-0.039151567397569614,-0.03945411264764409,-0.029624700720762908,-0.03899256490409356,-0.0371719139802118,-0.04135291342925731,-0.039772496200726155,-0.038449867981871194,-0.030645311843175725,-0.034595013403016364,-0.035964634151224334,-0.03614950761027848,-0.039051256694935546,-0.038416306304183384,-0.03926713479227478,-0.03258182816163309,-0.03717857341463133,-0.03959626388400375,-0.039025422127092264,-0.036556745661328605,-0.03913246476129076,-0.03897762314635319,-0.036217418235848786,-0.038806607598672035,-0.03867122810318922,-0.03810628883194678,-0.03925971361839452,-0.03932589607181022,-0.038503248092119816,-0.0385252125881721,-0.03874210524183595,-0.039935055472341247,-0.039678713786703596,-0.03907203717274505,-0.03940347117292785,-0.04179147690956994,-0.03899526513831744,-0.03918453239436062,-0.03780136338888653,-0.03944134992285638,-0.03821823504367946,-0.04010904474357186,-0.03892839091874558,-0.03879921387105176,-0.03842682484539669,-0.040087761237004596,-0.035378427209261654,-0.037261302426344345,-0.039046021299296144,-0.0396625331184821,-0.03769648771358805,-0.04094955226400665
max_user_avg_word_TTR,-0.04277795771722757,-0.04198603670992228,-0.043334351705926616,-0.04193788833966033,-0.04526463835756366,-0.0431491031921471,-0.045175314284936846,-0.03961977796419684,-0.03555637858235856,-0.04068887158801253,-0.03558239081389261,-0.043917294126769105,-0.042228338558711734,-0.02939669385140865,-0.04435210359142264,-0.04339948924130414,-0.034861737575958646,-0.035405094548604576,-0.04291768945363285,-0.04744202981098085,-0.043099395753119774,-0.04651882604404389,-0.041019394356405774,-0.04397544767891009,-0.042838020216835686,-0.042846054210399755,-0.038410557357958765,-0.041604026864358046,-0.043430397095093776,-0.040850880346012655,-0.03798574109557593,-0.04171371672532331,-0.03802579371950371,-0.04387880031524313,-0.03727255185532103,-0.049624685268501056,-0.0368756815762538,-0.04238127301796322,-0.03744968416472837,-0.03730126075376789,-0.04273727455258541,-0.03953033019243646,-0.04363567522129969,-0.026173996089059834,-0.04156386180834949,-0.04566561585259046,-0.04408741737182948,-0.04300653878365425,-0.043337175958338144,-0.04085572084849147,-0.04570301421722695,-0.042825057695913805,-0.04359993876158571,-0.03260821828401835,-0.04788833160658446,-0.038459267943283575,-0.04979595695464285,-0.04219852485097005,-0.043367264583692326,-0.033380054433719546,-0.04269100174028034,-0.04111803884773075,-0.0431951308670864,-0.042817744516979325,-0.024810422773262238,-0.04310697224181495,-0.0434984100128987,-0.042995135332976275,-0.04165221302885594,-0.04267756629750264,-0.04093971398980366,-0.04311938597082516,-0.04228415868383864,-0.042087674243963924,-0.04238756899910654,-0.04516423076327069,-0.04159413901360137,-0.04483208976759416,-0.04339694317262373,-0.03630289755995239,-0.037379219028344894,-0.041884401591898775,-0.017409463744869038,-0.04579958580603341,-0.04315092224319945,-0.047994898569677855,-0.04110082529622401,-0.04541048236675447,-0.04612697558289829,-0.032242817462923304,-0.03773194639707578,-0.02471923185929573,-0.045217799831994726,-0.04451713651916904,-0.03926662928197097,-0.04248459073702613,-0.040040787893148036,-0.04309766481835848,-0.043037751133912575,-0.04859504599574894,-0.04476213948428337,-0.041835364995226214,-0.04757261396757189,-0.04110480268491654,-0.044619649272633156,-0.03704857521480421,-0.04504388210381933,-0.04364636971043889,-0.05130624736535483,-0.047244007498968336,-0.04478780753233854,-0.03970312376662566,-0.041873907127633836,-0.04421417009256338,-0.0448385140219071,-0.05042412199988421,-0.04515900265523632,-0.03822554548998058,-0.043503206247151066,-0.045611165348822466,-0.04314183556457438,-0.04283204991836073,-0.03971829231716456,-0.036823624337489355,-0.04140236436136122,-0.04350125761521393,-0.04296442761287381,-0.040801881595710646,-0.041117115104026394,-0.04111572113438991,-0.04370604537794616,-0.04641679665373046,-0.04352686387388064,-0.03130818003586805,-0.04623012890641504,-0.04791244874698284,-0.042898642004140654,-0.041179629005616496,-0.04671992689734256,-0.04204469180620579,-0.04349330632542778,-0.05030334744182465,-0.045500483701920454,-0.04081677623448061,-0.04317553587421424,-0.044733496111514816,-0.0522610561385568,-0.03795657019668861,-0.045559208526357836,-0.04375521958548491,-0.04189645456410522,-0.04032869525750241
average_user_avg_first_pronouns_proportion,0.06642290058260329,0.06681373379519935,0.06694714184639665,0.06710675576571434,0.0660626057285754,0.0608569904260238,0.0634596957335534,0.0670808392344296,0.06886420047098085,0.06425253409600841,0.06636510660147137,0.06364301062592073,0.06711092015996144,0.06665059455824343,0.06748697128127076,0.0669836971764752,0.06404115887237272,0.06934353440571461,0.06742303134979166,0.06787191239996981,0.0669978582810196,0.06754771030274295,0.06598988127930021,0.06559660675852533,0.06702693426929447,0.06657875930627861,0.06713047926663278,0.06710258303907365,0.06483091184240992,0.0655195471244432,0.06027050980415592,0.06716447798438399,0.06992647108530244,0.06623103771279569,0.06604792249285894,0.07016318822400282,0.06849467469305888,0.06815926228978378,0.07165318149021364,0.0687497792984827,0.06684380007692481,0.06735640970629321,0.06654572582025571,0.06135241136024698,0.06767093051484246,0.06755790008604551,0.06594191373018811,0.06594874921074943,0.06014305881912561,0.06560496663730116,0.06678867320349444,0.06669462282722036,0.06650871236937426,0.06567144310983838,0.06738330715147113,0.06791612573553342,0.06290951245605167,0.06578601997276473,0.0672365634126398,0.06280563590915346,0.06647315244696594,0.06195225845915528,0.06670970281231411,0.06643095207015398,0.06716393006670293,0.06741108695623226,0.0660683624100339,0.06649220353727878,0.06739935026474014,0.06641476811241984,0.06634535479989058,0.06707486353811917,0.06746906554172166,0.06827247208662231,0.0658590185861423,0.06649670739436722,0.060122081696491726,0.06623187322277471,0.06664390080876806,0.01472313941700585,0.06853856565317568,0.06645702004094378,0.06459300097222012,0.06673884331741757,0.06553236892607758,0.06258954846428795,0.0667731656595831,0.06790844171867334,0.06704567390005954,0.06432020539110578,0.06201021535000392,0.07022563047534672,0.0665809050610156,0.06936740075750618,0.06833427371080007,0.0669188067386003,0.06957201013981085,0.06668757066245884,0.06736840328083069,0.06749833228893884,0.06621361596381668,0.06811966940109719,0.06476476756397395,0.06701980062193022,0.06689473906255329,0.06039547279363204,0.06407656531199528,0.06367656410989507,0.06006291665089007,0.06335908706021369,0.07476147259686199,0.06517823872959586,0.06692041149324615,0.06704536183269352,0.06893533961677653,0.06157218379997153,0.06397642033860104,0.06639699019748121,0.06507890882107942,0.06467341497595108,0.06689279819242837,0.06672288667833459,0.06263449070023117,0.06554017056836994,0.06475598073764274,0.06695851297139278,0.06697598344219582,0.0661898327248209,0.06772259733978546,0.06493994088836891,0.06733710581132296,0.06398322284866798,0.06615389295166814,0.06508893794121007,0.07137064317124364,0.06992964765427208,0.06668277003547732,0.06921947113626711,0.06625049024383235,0.0664371686923429,0.06750088844127913,0.06465169827946154,0.06643099953924239,0.06234471420238136,0.06540950806669703,0.06713036017197695,0.0680907610119845,0.06519527135857953,0.0693479460868244,0.06609138067890133,0.065053017566124,0.06445971047787853
stdev_user_avg_first_pronouns_proportion,0.02619724985529339,0.025353067327570807,0.025787424746949773,0.02685185921503459,0.027533244096180978,0.02266536580085282,0.030654591000443737,0.025567185068889345,0.028963927390770798,0.024213476458737247,0.02744336053677733,0.03125625487103353,0.026542397615485915,0.028835310744850528,0.026452098447207036,0.026744355860556793,0.028093105772913327,0.032492878415096564,0.028106533699893604,0.025140085453737363,0.026378299475441146,0.02574545082496542,0.025240260722973362,0.026718344293795104,0.025919121907968506,0.029553003827597304,0.024219395781791372,0.02657599818638006,0.026871150218796436,0.02355239007523501,0.03749594338436613,0.028269294010852812,0.02993080442946802,0.021932548068167208,0.024680622275841762,0.028419269458026093,0.025391821261132617,0.026081413340591282,0.028804623713008917,0.02837571660048868,0.02655523599666938,0.02420789868598249,0.026056044552271146,0.026354188800195563,0.0263607260716768,0.017963903548154376,0.026978102846290403,0.027149855126939033,0.022974035816246186,0.023874972500432058,0.027291433176804075,0.026331741909156336,0.027039934414084817,0.02983437147332488,0.023064101700697004,0.024053143357138478,0.023476087006629454,0.027939226462322494,0.026663181005418764,0.02476628395421695,0.02757838084138734,0.029736435759192634,0.02617744224964694,0.02618626581432838,0.019812172582308957,0.025946666950107247,0.024295280851926386,0.028431160802262424,0.02933135622267587,0.026093587350950017,0.026013610227677883,0.026547445529824826,0.026989786779684912,0.025866295306019516,0.02614696488147247,0.025545291412176773,0.022701187743317246,0.028151981665517065,0.02554062735555717,0.00046336929297500704,0.031759774371520916,0.02623616761016384,0.03083257586920756,0.02650911521800027,0.025173446595561613,0.023864052152982193,0.0266573777851218,0.025142735091498152,0.02682422360076228,0.023842470450095722,0.023270069856919602,0.010127862179383192,0.024101186698823662,0.0268594612906835,0.02813579717248592,0.026517699246545463,0.027575501791019735,0.02629651524021366,0.02564850569373201,0.02504460100753515,0.03027713889701313,0.028277275532798525,0.024156392721079258,0.026565749124895077,0.025343247082382694,0.027386844048649762,0.02507829641444332,0.023134528907138536,0.026080315561825808,0.024457334074793606,0.024616041473253428,0.02930196444876783,0.026632279647863966,0.026390262954256637,0.02588959736478462,0.027419517713800606,0.02601262909999268,0.025586075494187815,0.024667754716530307,0.0308945866377676,0.02627600574637812,0.026493362928239412,0.025700570754453884,0.022885325966705686,0.02320641754549088,0.026992649253079162,0.025866902716163445,0.02612191704907079,0.0298915718170702,0.0264823723641868,0.027115917584495598,0.030274271676241915,0.02630211292149058,0.0256182006517157,0.020800231891208113,0.02946445803030922,0.026297299685267707,0.026380088104464478,0.02670051079149803,0.02739689763423047,0.02498628211350461,0.027674875711635058,0.02563314018231067,0.024583684648135554,0.026895516077195075,0.027816101876331725,0.015387712204171101,0.03078945395763728,0.02933023704707376,0.025222680625232342,0.02536310223769928,0.02369891079864295
min_user_avg_first_pronouns_proportion,0.011030177400882265,0.012805837180115357,0.011868786753559605,0.011421434742906765,0.009467552420285184,0.020016335202576417,0.001321258552063739,0.009002449896397799,0.00957706933598421,0.009946074791367842,0.01344186304371315,0.01155327116928108,0.011749166539264926,0.015157372811701248,0.011978906240411178,0.009926515956793239,0.011392693553624898,0.015281965731390536,0.009830906753323035,0.01191516971256887,0.012371509660355804,0.011647017155932787,0.010699684537174507,0.009804416367329302,0.011600001410015253,0.011102510823015933,0.013369545892123403,0.012214637647958458,0.009579096171635527,0.010863497808702455,-0.014674284436150802,0.00915981666544836,0.013031087659645378,0.009194753054148644,0.012158354371959553,0.012180742427836845,0.019350859048996902,0.006250677839347862,0.009824311629315798,0.010166068361393832,0.012270634019669154,0.01842854673908391,0.011519930863644254,0.009705933367203002,0.012890288332246008,0.020616396114310626,0.010725544962819154,0.010728448214645062,0.008141966476981696,0.011714466657913083,0.009158980533581832,0.011374766285971036,0.010428098678128477,0.007714179763091675,0.011975824746938405,0.008929741802693014,0.014720029175750608,0.011168559278427026,0.010316760441688845,0.009155891263866671,0.011197388751898206,-0.0035321013632073593,0.011691570134613905,0.011481148271016178,0.034237171107398226,0.011781933218739358,0.010875717632463049,0.00902709684819743,0.004892799276665829,0.011823333186163229,0.011045908124245954,0.012151518706990685,0.010759237255140134,0.012533504706784042,0.009730975436559486,0.0119618195783099,0.008280974956895233,0.009780143200583145,0.009594365528540205,0.034685026124009116,0.004320187775037669,0.011269415155056285,0.007592745154149566,0.01134774289750778,0.011521400991900634,0.012541707318068113,0.011138658553533413,0.014424406941467047,0.011795256522630063,0.015821608038074652,0.009001692592070804,0.0400884848598505,0.011224399623899322,0.013209006602614055,0.011056617193181566,0.011250676700254175,0.016227492047768455,0.011350196546829262,0.012564587074771112,0.011226349709360161,0.008316579678623835,0.010551319710933326,0.015520606725831793,0.010073119017039289,0.013698553933811617,0.006431906276784109,0.009274379035569071,0.01517153216697963,0.014579686564888554,0.009572339092444508,0.0200527897886093,0.00718986181111635,0.01217612722329922,0.011167032911070188,0.013503594547123045,0.011359704749938231,0.01178462537635806,0.011715643544958566,0.010271178271904323,0.010842986051541676,0.011371581095215594,0.011016185111906055,0.00940554939009491,0.011614971785870346,0.007665231164472347,0.01083089899370887,0.011647960901978931,0.010328466692456729,0.0064500520083747796,0.008722122570863779,0.011566229153315514,0.011965662813266796,0.01131841602401825,0.009874115389781578,0.022972253128233783,0.005391084186628398,0.01137641308673613,0.01457535901740873,0.010352924740657595,0.010551689384221043,0.012566729803530415,0.010613493050086235,0.012335227146251914,0.009963944802320194,0.0092351247154083,0.0064252322851014905,0.023603747876626942,0.008921039605249915,0.008602723120623459,0.011719928552066577,0.01267780238648834,0.009559716966790607
max_user_avg_first_pronouns_proportion,0.03456325951016941,0.034371444778423264,0.03434320575392394,0.03525879143628245,0.034923850094424544,0.03301455897869737,0.035281595247642045,0.033865528600427186,0.03724015762083011,0.03189405627727279,0.035396445725718303,0.03776053265947175,0.035020260820209356,0.03512069044068113,0.0352691956128206,0.03484539917678223,0.035043156653850216,0.04361151336405775,0.03683319551457953,0.034525457939403516,0.0350401928318194,0.034189625060368184,0.03335617642681693,0.034801040430474106,0.03450186441504113,0.03810480882500408,0.03329659427873457,0.035315139969811074,0.03433703043585517,0.03138177473136591,0.03797487567636525,0.03613920474343826,0.03920086516193874,0.029899281580028584,0.03358571782402534,0.03752281813546014,0.03637785524468494,0.03473027242850122,0.03707449605576385,0.036738685911121886,0.03522630093005755,0.03483776685021417,0.03464151910591064,0.03347873808681239,0.03567649099856805,0.030208783454731006,0.03496584562569778,0.035258277794786366,0.030496378783621766,0.03253464604350226,0.03482329191202288,0.03477298440105241,0.035142012766504666,0.036599848053717944,0.0323405932492481,0.033466698871179965,0.03198122988345419,0.03613964012807047,0.035013021307557464,0.03198797990425781,0.035957514726139984,0.03380607453880176,0.03469836979789487,0.03459915090263737,0.03345998774557392,0.03467137027704745,0.03250432931024704,0.036062575756082,0.03669335497955585,0.034600146986170505,0.03427151568508294,0.03539312747852203,0.03517918219909723,0.03483530476011169,0.034065966662649605,0.03430420898909185,0.02908812475450101,0.0353902583749198,0.033934264887837795,0.010987304356076847,0.035805891274553275,0.03453945786592625,0.036709802688911504,0.034939263182976986,0.03342210407540129,0.03278127358304069,0.035045655289152114,0.03499619255597095,0.035483704119713216,0.0332664038398913,0.030470822431033242,0.026600674543031912,0.03326051689578938,0.035812571261427256,0.03666301191520259,0.034991570940898976,0.037397062275957446,0.034744645269459924,0.034457599239943106,0.03431165302283658,0.037063868978262866,0.036721022062190814,0.03318581284627414,0.035042691610402674,0.03440967657061528,0.03339035428952262,0.032943792595501564,0.03388315110607983,0.03456436528972461,0.031961452885292715,0.036044645068324284,0.03507226719185877,0.035275159878174846,0.034831968197567335,0.035529512755060465,0.03502071122768431,0.0337198836624599,0.03406901447907651,0.033152178527122364,0.03692695759603964,0.03475079322647606,0.03488065778096819,0.032967940287879284,0.03230408895138155,0.03084695571467238,0.0355005023788083,0.03447253256425651,0.034203728929654786,0.03765437296249559,0.03431074601025601,0.03569779053351215,0.039494354635519965,0.03461773786670776,0.03421308905866556,0.030962635863282996,0.03619210892779022,0.03473918190194751,0.03598515410752046,0.03467898798542779,0.03530704020132405,0.03396875605692942,0.03545351589611749,0.034394829012801734,0.03259951930362134,0.03454274985828924,0.03463208446070021,0.027634233625546237,0.0373095758038629,0.036820416213001576,0.033782380547580135,0.0336328175791083,0.03204090926662158
average_user_avg_function_word_accommodation,0.01905816789045651,0.01869244830873038,0.018727678125976047,0.019077330101094248,0.02032710545074777,0.01717915982239065,0.02432087639160069,0.01904072153119156,0.01828081671118775,0.02002185509401841,0.02160309356242031,0.020506124214798617,0.019438477694675153,0.014799331256268488,0.019324921939174337,0.019423040587278895,0.023955743322683735,0.015966946027923572,0.01723581613120465,0.0173177380811457,0.019250914736157382,0.018642240828175394,0.018506536951803595,0.019216372759005784,0.01940392012462064,0.020130248485441826,0.01705735602322036,0.01848630475268254,0.020277828446117103,0.015920730573408495,0.012942959456532212,0.018897842322053396,0.016576927975911624,0.017378218287280443,0.018909169887864872,0.011232173017796106,0.01863259996514622,0.020468094803106636,0.018378187089925058,0.01896749368719529,0.019141329035893988,0.018740598230999286,0.018277460165744865,0.015494548523513825,0.01901708414273085,0.01841771599149389,0.018999705714154498,0.019145253355425006,0.018498859720535044,0.01681869215672783,0.022687281430566815,0.019099704359607048,0.01899659650862215,0.017848746737633783,0.018853382991495818,0.018135464796452484,0.007221217996552131,0.017533827065686177,0.018277942418944478,0.025154810474281294,0.018912886700087304,0.019773664038705382,0.01898339121858903,0.01937941572729735,0.017150595887131408,0.018432440957226556,0.01905945982705043,0.01911773190236618,0.011592317974920007,0.01899507070980165,0.019591085887683036,0.019750658834629814,0.01903813424324115,0.017316144101860432,0.018142860323307197,0.01892882378035148,0.016755078760656135,0.01937191982785936,0.01829111751380546,0.018243337885420315,0.02634840615690402,0.01922881492195228,0.02160555865558121,0.01868437803178883,0.019347046574483967,0.018715313232126007,0.018198808415516948,0.018197944991165466,0.018826931407223607,0.019847598977807725,0.02020549972328725,0.00924270439652377,0.01735025456759349,0.018525365819434793,0.018713579815259923,0.01922008846353205,0.027535274907095404,0.019217039619469474,0.017744963132390927,0.019284955070952688,0.017206345010692296,0.01921351024785866,0.013940317003425568,0.019325007446574435,0.01821681677033879,0.01768116467153896,0.018408022222652667,0.01837327305400204,0.020800489832643536,0.0169448589821941,0.02037830403626256,0.020088319846928143,0.018977989255257316,0.018375158311966122,0.018971408833381033,0.019344012903576326,0.018257392617809197,0.019770364748806307,0.016760470175827852,0.01998397209550632,0.018974569290970168,0.019060310677106312,0.01783681311297106,0.021436441134291166,0.0184466077022586,0.01809401355287018,0.01889195707420538,0.01912774796183382,0.02074313150772711,0.01859008399982327,0.01907211105031613,0.01914695851343135,0.018548755985730574,0.018563447014678332,0.019279241522177103,0.01889112782572074,0.019225346913679168,0.018015655746080966,0.018786939349617164,0.019370561408849747,0.018102169609482497,0.019826701037555204,0.017663112539167095,0.022453187222500986,0.01968207795432858,0.01900385702473474,0.011594276684465967,0.0193592644198603,0.024059644245925348,0.020715086713430267,0.018448609977408152,0.02239167150198409
stdev_user_avg_function_word_accommodation,-0.0070293076735577845,-0.0087312795909513,-0.007024771574276726,-0.007601101818620986,-0.008344634452108847,-0.008164538273364573,-0.006190641663634502,-0.004039268805746097,-0.004366755307462843,-0.007556221283897567,-0.020335182488069543,-0.006254286030567963,-0.007477445516471927,-0.020984493403629827,-0.00632247598013537,-0.007135335924796645,-0.012428580133009185,-0.017735272033604685,-0.00741123684260234,-0.010729308047224079,-0.006927463653390829,-0.0056974792101967715,-0.0050754894896193475,-0.0061711739517770516,-0.0064543655750477005,-0.00511567368513615,-0.009210170256178738,-0.0077004505501339915,-0.007167882937903835,-0.008492547133195846,-0.01671460101326883,-0.0076916782008338465,-0.015115801764644776,-0.0023859782954245186,-0.006896282068391449,-0.0021843806357214023,-0.013656701634077999,0.002782812607409764,-0.005066579099341488,-0.005563478203470463,-0.006623863101941227,-0.005729282311319538,-0.0073949750671402775,-0.009156125230329559,-0.007073754087400269,-0.0017242853532042253,-0.005919418487120614,-0.008940627670997927,-0.012341737803558014,-0.0109690508101754,-0.005900932571191238,-0.006945591582954391,-0.006204346462909176,-0.00919370851266824,-0.010998498194816242,-0.0061432104312652835,-0.013243657450254657,-0.00509256520448868,-0.005862340484543767,-0.0013012340572744197,-0.0058151514038068675,-0.008476705031874823,-0.0069823727776801535,-0.006899965686449183,-0.009517329258297449,-0.0073771797966974105,-0.006424162927853923,-0.007688021418770893,-0.012543192198935033,-0.0068447239211403,-0.006682634637353656,-0.005965298413252645,-0.006941115612461236,-0.00836226015570415,-0.007734329050236632,-0.005877262764295548,-0.008698141182187608,-0.00874932537396294,-0.004433459527242747,-0.011699595238394898,-0.0004810648171906101,-0.007249609534506478,-0.014514288739609724,-0.006906257741103913,-0.006924158344857108,-0.009061010524274951,-0.008107306609148955,-0.011674416284554569,-0.006643754507821179,-0.00824001378977637,-0.0071596336859151045,-0.008994617946312664,-0.004918846175906773,-0.010107736634670437,-0.00816527330838034,-0.0069803229305679115,-0.004787207310881718,-0.006772581096113395,-0.0050278092527731785,-0.00710129677884733,-0.009773773261040234,-0.0073957390664547325,-0.004483769058537229,-0.0060462615697305135,-0.016605606423902956,-0.0051554234786665085,-0.008223176364403104,-0.014278140874445351,-0.006823649685342714,-0.009341648941391192,-0.0016775303903335294,-0.008720885037255016,-0.007497083996016493,-0.008168030475674246,-0.004095790095699294,-0.0055216272551281385,-0.007594181101603786,-0.007981721427493909,-0.0104882751953672,-0.008423676702575954,-0.0069214601297529765,-0.007089939342436458,-0.011022158880555244,-0.00272980057765455,-0.003571436639214741,-0.007608979820928171,-0.0066343941156437256,-0.006107291318809067,-0.0016177012000182268,-0.00991879160368447,-0.007733183196889516,-0.009596536132048358,-0.006932582843778293,-0.006047630512978557,-0.006577460881729596,-0.00015744727071931655,-0.006787327952662046,-0.0066224055016103865,-0.006343489270455343,-0.006036899342603021,-0.0068157224457391224,-0.007436536342850977,-0.00826421411517728,-0.008543590429163694,-0.006639768223792277,-0.009805385203346641,-0.01873074357251635,-0.0022895829285931833,-0.0016225929688313129,-0.0048014850020368025,-0.007000254298762776,-0.0065083901554868935
min_user_avg_function_word_accommodation,0.07770110872409246,0.07814210161268176,0.07676972341233139,0.07864914465755106,0.0789967290251784,0.07782121166603834,0.08333877734817395,0.0792251773338886,0.07503419340828084,0.0792435553258467,0.08274283945529493,0.0776282909929428,0.07816662304171604,0.08053417160700549,0.07655672146599321,0.07812056803944097,0.07522322394591519,0.07265704706582926,0.07924645588519122,0.0795905859705461,0.0774660114242961,0.07714393484570241,0.07618150519763103,0.0765052420995626,0.077856329426348,0.07713486976275209,0.0762616613728238,0.0784890416425405,0.07841373870967037,0.07255359257787804,0.0746910721970109,0.07871319266105657,0.07081747855048978,0.07405779952940097,0.07787762939570848,0.061553632679490294,0.07616468639607073,0.06805645311397819,0.06869424335956435,0.0765584954183633,0.07829389975815593,0.07749462425784302,0.07728819583503187,0.06702733730582382,0.07884733709313604,0.07086420353551844,0.0762943700325969,0.07868023876730212,0.08005416162950403,0.07662552179332535,0.07923872591760626,0.07752219617075012,0.07750716090417861,0.08024186520642813,0.07725751894333244,0.07332664368159825,0.0648551071197869,0.0715958776541522,0.07669638514011537,0.07403617363513011,0.0771904966483045,0.07894150061322976,0.07721048302695425,0.07795055884752,0.07412392612324603,0.07747737656199503,0.07768159970438229,0.07711123492049402,0.06886520956639741,0.0777011495735278,0.07778469348371538,0.07867711672445919,0.07678321004846914,0.07759840552413139,0.07701857442469497,0.07637764748784603,0.06878472203301,0.07738531869961092,0.07702505260327147,0.07391401403643942,0.0757795315541002,0.07787423820616333,0.08110138227302334,0.07712345278592601,0.07832319636302706,0.07829435918126776,0.07688041499482172,0.07764271697325,0.07741438173212678,0.08162824234167687,0.07917376171684799,0.05826456812431616,0.07453746811232181,0.0782018450382787,0.0779442186993151,0.07768312864390978,0.0785142656535484,0.07761602360078626,0.07249812097934556,0.08241505462830395,0.07864434484759852,0.07823027738344115,0.07133962248619909,0.07777900590028343,0.07737127393922673,0.0807504077798785,0.07756739842477169,0.07921433087723585,0.07720223815292522,0.07696587232701517,0.07097273970913277,0.07836203933755247,0.07734445270261672,0.07744435033641506,0.07258971769817812,0.07762499693921641,0.07632160737111614,0.07843584111657222,0.0754568182122113,0.07966564029696999,0.07746309260587915,0.07757967536304275,0.07638547277875,0.07903735310479816,0.07728539239948734,0.07691623803288164,0.07752330800784604,0.07684594172778196,0.07657128428990183,0.07725141408601764,0.07789305884658079,0.07740331205079469,0.07706295747434422,0.07501750269038465,0.07376582373487911,0.07586343604900121,0.07750232641101144,0.07657358544174539,0.07550321099709703,0.07721033053976578,0.07477114163040258,0.07474582440111298,0.07659366267589436,0.07390149623926978,0.07747405074993657,0.0792629798082439,0.08034716813794848,0.07310975047120925,0.07268377198698696,0.07862169573764126,0.07679661201880661,0.07079975798507722
max_user_avg_function_word_accommodation,0.02182139070344265,0.020743589621245315,0.021567110586670782,0.02183906909960513,0.02201144650526013,0.02059739777296671,0.02586823290129735,0.023298320022115106,0.022547301788915747,0.022524938862546452,0.01498289802704111,0.022952097969661578,0.021655803038987273,0.012850169854886472,0.022219053875377655,0.022054094468884542,0.02054620743016577,0.012073490741529028,0.02156459416835594,0.019147557050167713,0.021968565121675984,0.02286963913937251,0.022442198325258806,0.022564244719600588,0.022334185172766672,0.023132635372556196,0.01975221270660161,0.021630921770642225,0.022264341373345316,0.018752703305992723,0.012418761879584284,0.021501216415182274,0.012717428977245749,0.024176061045217523,0.02196234955704278,0.018725672818680407,0.017779336269215774,0.026024043997362953,0.01954154863089735,0.022716266484175573,0.022373033678484047,0.02218173595410842,0.021171333418598434,0.017717992690528137,0.022273635450052984,0.024501321143675196,0.022533987273392033,0.020727272142175346,0.01972990391987351,0.018265158692371504,0.023438725566187937,0.021892844414441587,0.022300010829122845,0.020799873214949336,0.018904007238909663,0.02053775037802118,0.01203478382483366,0.02122701629437724,0.022320877036278955,0.02595245021058428,0.023105303950665165,0.021705084401545737,0.021779027177747448,0.022104085931090485,0.0194955653737775,0.02125952491472845,0.022699556643340116,0.021760307057269144,0.015464603898756969,0.022013069476356322,0.022158843086942815,0.02287450287137203,0.021578576551665153,0.020800857226502406,0.020976299591032328,0.022617878639735352,0.01774579406061079,0.020705056365356116,0.023277620456794774,0.018043986776691102,0.024393053874147308,0.021659824931287028,0.020230609412206002,0.021734602139314458,0.021960401756939373,0.019992309904210994,0.02088023939478013,0.017400774086784372,0.022349467011919148,0.021752083328728945,0.021729426718615996,0.014964649891750333,0.021494675045500906,0.020171103325349563,0.021008970231348918,0.021937760089281194,0.022828981694564692,0.022044871801370554,0.02168246375603762,0.022348611045442644,0.019271493773666583,0.02168756820107417,0.02151652925109864,0.02245650632193702,0.015425551148712014,0.024377916282873828,0.021118453321411407,0.016980545061672573,0.023429310690376855,0.019754808726597437,0.023421153931368996,0.02158726153705412,0.02151692925190722,0.020938944887378106,0.022506358678529275,0.023670634354438794,0.02140013386572189,0.021710481750728525,0.018280525587009253,0.021741814530160868,0.021792986888764968,0.021756795857699265,0.018759855558533996,0.024665644114313805,0.023320705170856465,0.021093619936806727,0.021998609911881812,0.021885951175490394,0.0251814144332884,0.020110982302700555,0.02141120204651015,0.02061894935506235,0.021718966361775685,0.021873717504035956,0.021319771415288756,0.025975198118354553,0.022025329109611462,0.02186414348977214,0.022336132914872603,0.022830317373510853,0.020548253323921694,0.021440324990451325,0.020429588319544802,0.019708892958796343,0.022265411077680253,0.02038313103233947,0.01245803990095664,0.024435752237677237,0.02682744385170496,0.023733429545215956,0.021278874372283055,0.02176182566942782
average_user_avg_content_word_accommodation,0.013554340922335692,0.014330003881421966,0.013424094896810224,0.01406039942463629,0.015379672432106462,0.019428317476398536,0.013706606725559642,0.01529820405093967,0.01575516178968663,0.014603748840355708,0.012359056358862181,0.012349612675997382,0.013450723322186778,0.007202809998086361,0.012026070899030043,0.013588090411111826,0.012200495171819937,0.017998584386463234,0.012654670251273502,0.014565061852854137,0.013618168746941871,0.01452527288197265,0.013131094349849088,0.014353556842773263,0.013647873951751871,0.01588637009523324,0.014176384335748022,0.01482395678497831,0.01353532212423367,0.01090032931250884,0.012672504770714925,0.014269420804137742,0.010712934255724163,0.014898908742797496,0.013463595183375305,0.01430085407320941,0.015971085510860822,0.01003852173212942,0.017993920816619456,0.015786478399717196,0.01273224808416596,0.01631786068790367,0.013260504275364222,0.00635272260512907,0.016738189891860024,0.01276381297509526,0.013080998706955081,0.014081592433432924,0.01996501781407719,0.011569033183106397,0.0143174018250375,0.013785155966645765,0.019498835773313555,0.012646370853434662,0.01572294409137625,0.012427024606309362,0.007297425763173488,0.013554091895197516,0.013260173223790365,0.012965707284232625,0.013440430327863087,0.013967158244409719,0.013415286407975315,0.013930520279974722,0.01719686775909903,0.01447767161662176,0.014991083676986821,0.012567812049058638,0.01762316394537371,0.013721018087578784,0.013250065680374538,0.01405366841772107,0.012048519661663069,0.014699837046775412,0.014154192056953344,0.013543564760382213,0.013404697690201795,0.012986896693733686,0.014176909680212544,0.014174476195684531,0.015957247729849543,0.013631829878973132,0.009358903337801127,0.014135890297967382,0.01395512657744416,0.01323361853951286,0.013614022140226157,0.014288328849843476,0.014583928860943687,0.015868397022694207,0.011320644806222899,0.006914100090158672,0.01739561470441893,0.01521445807641791,0.013182531116866746,0.013792160769812212,0.01700112384860152,0.01375485921771628,0.013908533445384355,0.014306611691407336,0.012407204718774142,0.014185033564216819,0.011407989691125945,0.013339351832768197,0.013862868809611094,0.017136477373231165,0.014145911578547965,0.013530871435986618,0.011155364547049273,0.015142131016444352,0.022496341568155248,0.010979388607491168,0.01364682548289098,0.013988226439660658,0.011758629929799756,0.011758568332913496,0.013252183078918279,0.014535471695663082,0.012103856522128953,0.011981177717558474,0.013522962038629661,0.013768994933262524,0.01205568292860528,0.013779745917627949,0.012551818587235154,0.015366776127740442,0.013667057043619927,0.01339836588373545,0.013249553238414834,0.0120771145165821,0.013882507041100275,0.011423590328471298,0.01357355072639208,0.013472166869579005,0.013576035803711558,0.0126112638010456,0.013728669087629182,0.012701899512149744,0.014422914965862371,0.014324875790905646,0.01426566174966193,0.012147115470644568,0.012775436979971258,0.014319334511149629,0.014207058984485644,0.012121550349815583,0.007795939938762987,0.013661459304611902,0.014081660190400507,0.012961826777949381,0.014025695497650308,0.012143513258318535
stdev_user_avg_content_word_accommodation,-0.012008506156660105,-0.011475230820874979,-0.01196169138264034,-0.011439758666347517,-0.00796944660539322,0.009101805712680306,-0.01105725676792587,-0.01117702626365855,-0.009909426074261568,-0.011752233444908201,-0.012882157127558226,-0.012099592158408976,-0.012477510377977369,-0.010092604832026677,-0.012742884840676358,-0.012002562966124033,-0.009787646644645535,-0.004893316589805546,-0.011864988540233094,-0.01055053965632894,-0.011983390429015847,-0.01045612628943214,-0.017088526944354043,-0.010695628695981407,-0.011924163218984395,-0.009732821172085609,-0.010147726335200568,-0.010470066627037599,-0.013154589808036044,-0.014612331974325148,-0.010208958243915503,-0.01093032958781447,-0.012878490403677827,-0.009985887255973117,-0.012107952336894611,-0.011783266800021595,-0.0072478366837641596,-0.017114623385425326,-0.00562672005004119,-0.009176697958266896,-0.014160811691528363,-0.008734890477257246,-0.012685012599344871,-0.01899373037920688,-0.008208150959585284,-0.011114774633345766,-0.012194266254823491,-0.011398883082451468,-0.0026690872032227777,-0.010900717838311216,-0.011525096173507495,-0.011832381017016214,-0.005134683965008963,-0.013411985284300982,-0.009601672631291804,-0.013931841762457656,-0.013959125905810759,-0.011868678292770125,-0.012628760414955288,-0.011793485104151296,-0.012506294657229565,-0.011823910015059374,-0.012102836444453556,-0.011718349653936647,-0.005884588836425502,-0.011249025042811412,-0.010484001898916151,-0.012762122729469853,-0.008870374471532296,-0.011822513703243234,-0.01222286800741591,-0.011852134023302914,-0.012953012786041728,-0.010777979231355326,-0.010838381141093263,-0.01200539567302501,-0.012676796730917966,-0.012332144622310526,-0.011059780813509227,-0.00972567085271904,-0.00876866953129475,-0.01198561502449515,-0.01288213136177991,-0.01133644763323369,-0.012372500116132383,-0.010816098636650522,-0.01165546343634086,-0.009370957791110381,-0.011298683719677197,-0.009475956970966728,-0.013320299718721998,-0.013777248651481725,-0.008056393093666646,-0.009557004083880303,-0.01285810077560285,-0.011903828159104374,-0.010423993087187985,-0.011913421100381336,-0.01152912456798526,-0.011223182925509813,-0.012449141346340906,-0.011530130549270408,-0.013905584553810703,-0.012608487341968818,-0.011056756925045489,-0.009422616540215863,-0.011022369966663042,-0.012531310683704576,-0.011096810179646253,-0.009984577985100232,-0.002513094421112626,-0.012446901558837733,-0.011909017601319504,-0.011705747833495194,-0.013507985776490912,-0.011800394467607517,-0.011696091300313245,-0.011149944953279527,-0.013610138645532403,-0.01310885318890492,-0.012265959229855072,-0.011730951298133431,-0.016240903598173862,-0.011931144807754533,-0.012446058109790646,-0.011083408074482584,-0.011908601440973214,-0.012131012030345263,-0.012378875299046523,-0.014140069002916474,-0.011780675951322348,-0.0145389175477319,-0.011969875604698369,-0.012372918891788168,-0.012546474882769217,-0.009096977910041305,-0.011950387941799794,-0.012939584511566534,-0.010503834331260802,-0.01122865058031023,-0.011479748252818441,-0.01199033965869839,-0.012716064235953436,-0.010448009142406775,-0.011293470314599553,-0.012325279650331152,-0.013337295096054655,-0.011633086633885598,-0.009577427398863966,-0.012713801946271343,-0.01265941261521656,-0.010262793644576763
min_user_avg_content_word_accommodation,0.004741356347892484,0.004673706342699622,0.0033616106598776804,0.004719384723125743,0.0013135997730945878,-0.0035003218691145276,0.004634271172394899,0.006974150762156507,0.004853616576348661,0.008386368607601339,0.0031525009224056466,0.005714208748014074,0.006328421792971319,-0.0182322290779093,0.0006475252723838259,0.004883887071277395,0.002397687305180608,-0.0036924081383350026,-0.00015151125705038532,0.004459635179575196,0.005150261033028746,0.001598879842702989,0.03217809197756788,0.003695023928792838,0.0047035306707667495,0.002830238792320497,0.0018598653508229666,0.005178047005406534,0.008279101334871655,0.004641375359727964,-0.0046981282713831375,0.002698275541690137,-0.003909030900520069,0.00825034550667951,0.0042477440977083765,0.00400471676954508,0.00800425028895756,0.01271043521254078,-0.003828993395078713,0.003671968414215389,0.007891429034616829,0.004794566036486418,0.005262002662149357,0.018781217684041614,0.003988609017616545,-0.003643417283523725,0.0038554471895550155,0.004196910236715293,-0.0033628964224348724,-0.004605301481122815,0.007093337318917131,0.004816484620451007,0.0022412705572627846,0.014564284665271899,0.004066148260243309,0.0033595708123705477,0.004245139061480569,0.003485001471208976,0.005815150018851569,0.007447455296562889,0.004441412340822101,0.007004638452096586,0.00427434121347237,0.0050932006031891046,0.009512988320355225,0.004628254508334228,0.008163404054451782,0.005342155020615573,0.01482305682543527,0.0050857344169125745,0.003041104054405162,0.0053048596275686475,0.003257155245442237,0.006455345745471244,0.0035597796773489546,0.0044611151222392,0.0069554540364340665,0.002292905018240393,0.0024363727628207796,0.005155388224780908,0.012959525410675158,0.004073875793294958,0.014452986866296733,0.0055018960449226455,0.008129144623079218,-7.864145990820609e-05,0.00476981980919255,0.005318212623176779,0.006216934478662258,0.007892233297079207,0.003503121149336076,-0.00941256185307542,0.006564372595281834,0.0018135297110489007,0.006331548370117513,0.005041576351052753,0.012424070453229377,0.0048774251474097835,0.00340625343345638,0.00500359825827005,0.005108882753152277,0.003987741611576385,0.009366644723162381,0.005027157743392613,0.0025891437735770535,0.014647054065464234,0.0025082807561449495,0.0049523896986779295,0.002551267002551868,0.0022059288868366417,-0.00030707674171500266,-0.0044869464320164785,0.005081504324814526,0.005645003515109743,0.004223044356779681,0.0002645259613303858,0.0025466828666517024,0.005200450265500195,0.003773546195658944,0.007786901080198097,0.005028505457837931,0.004326461549745571,0.011362088000453727,0.005702592269684872,0.0020381746320060424,0.010215245043355943,0.005191124506216992,0.00435516597380867,0.00473934503004445,0.0026894161546132493,0.004108577478888167,0.008974473922344055,0.005018503007683818,0.005668643494544563,0.0012356789492270655,-0.01332020865949115,0.005026810106247074,0.00740354714147982,0.0018779408932785551,0.006153536792077061,0.0037230990354563086,-0.0030317013562652356,0.004717659660710149,-0.005098543261776904,0.004295644116284703,0.007934560455263275,-0.0008790136436264426,0.008152320506002744,0.002710728051732188,0.00476889098618155,0.010483548626608252,0.0038575559169158817
max_user_avg_content_word_accommodation,-0.009660806572974807,-0.00915739863844749,-0.009736045540095837,-0.009078326189878083,-0.005793698815537461,0.009507341806216105,-0.008489985534222803,-0.008668561277940726,-0.007490426158381526,-0.009109442401939914,-0.010482127276433523,-0.009675367498343503,-0.010016459700829471,-0.009340199781589979,-0.010672088692614642,-0.00963621954544302,-0.007446593700897442,-0.003665895936152566,-0.010081202949191875,-0.008338188500767573,-0.009607324801565125,-0.008364267879855013,-0.013103519076936826,-0.008480816843238608,-0.009568422741491242,-0.007518500478799796,-0.00837215576198554,-0.008164272973392901,-0.010463479810076134,-0.012270396758587519,-0.008342765248825903,-0.008756747334254985,-0.011161814054984029,-0.007509483944314381,-0.009875797677395699,-0.009737668114204788,-0.0049722607262588855,-0.014046255685199613,-0.004262197597946059,-0.0067546277614649805,-0.011595185613842783,-0.006565458918605792,-0.010307792196776577,-0.01596432327992223,-0.006010228711254533,-0.009691134908447446,-0.009921725633887091,-0.00911521626294307,-0.0007906220824427639,-0.009383418183060668,-0.009045869186680967,-0.009491555349419579,-0.0030343647694478747,-0.010321187308451319,-0.007380199477657668,-0.011710414220984266,-0.01343894130814402,-0.009557298202697836,-0.010212682029370937,-0.00907870457651061,-0.010050880248628883,-0.009100865342695042,-0.009782941680427865,-0.009359167900729439,-0.0032930581861642556,-0.008953672717504524,-0.008062814685005804,-0.0104097524551775,-0.005625949784024378,-0.009460877473684456,-0.009989592267710042,-0.009485141122129073,-0.01080294545900884,-0.00833052628124243,-0.008609114748368528,-0.009719688114572841,-0.010564332236582865,-0.010091344389594019,-0.00892730579288751,-0.007263559414789879,-0.005553271670150363,-0.009695535216471297,-0.008788593122261441,-0.008898578911445201,-0.009756115927598041,-0.00865050035852269,-0.009327220246673117,-0.0073334771606138015,-0.008825372456487693,-0.007083049254566719,-0.011141201152940325,-0.012196584593762558,-0.005855276212618174,-0.007391676163262818,-0.010473070846650277,-0.009526547727673213,-0.007288876578990006,-0.009568388139559384,-0.009238866284490745,-0.008945026674197682,-0.01012986638067462,-0.009193963856260179,-0.011630490692909785,-0.010223203031911507,-0.008867081141412337,-0.006343898776058903,-0.00882505176054232,-0.01015409758837418,-0.008481236863938955,-0.00780677868882463,-0.0006583049970299631,-0.010693487493886052,-0.0095377113970378,-0.0093111099198161,-0.011276090000943161,-0.009426515451693875,-0.009497121541239963,-0.008836198972027969,-0.01138399745105766,-0.01057350246657811,-0.009931077671345968,-0.009429523191578708,-0.012833463360407244,-0.009257722861406897,-0.010366393933043434,-0.00831743810858769,-0.009570606908907044,-0.009877588676940625,-0.009895010199325807,-0.011617409595470581,-0.009448493124750258,-0.011584388793458971,-0.009647678220598538,-0.010130596992730117,-0.010307344861925822,-0.008007719081251675,-0.009588704258954672,-0.01041766459304027,-0.008418746273882519,-0.008796526724935477,-0.009195098734143314,-0.010261232049701488,-0.010450862935734363,-0.008581520241670013,-0.008966551941187936,-0.010066516065845445,-0.011933746713244788,-0.009554109588662816,-0.007372242248900656,-0.010394143408446958,-0.009841402708822528,-0.007909648367279769
average_user_avg_hedge_naive,-0.01633242147566941,-0.016085305535412913,-0.016107887345935067,-0.016699067655230212,-0.017633366007531653,-0.01631167414475659,-0.015551513024702642,-0.014887886184050686,-0.016637397075522253,-0.016220452029474336,-0.016499519337053563,-0.01615750337058,-0.016418399862908675,-0.01903578168870373,-0.016190732412230166,-0.016522589253429795,-0.0082336316581809,-0.017192975331780005,-0.012691727878028709,-0.005850041731420252,-0.01619684045142813,-0.01716625015894878,-0.017309230977956908,-0.016893166847623445,-0.016475424110444135,-0.01664084390714759,-0.014479778393920173,-0.016450471932151357,-0.014688878349825484,-0.016521517286038047,-0.013216454446813674,-0.015847949185729657,-0.017181598830955706,-0.019593296846488518,-0.016054122499936995,-0.01671119217100643,-0.019197819640660405,-0.014714602815252456,-0.017331004518297447,-0.01716876488736574,-0.017140986468405454,-0.016835702475827635,-0.016085308108046877,-0.022497294737820535,-0.014818873335718649,-0.01486648109594033,-0.01568034770594794,-0.016169152717534774,-0.01897419578794167,-0.014895762750462919,-0.017893440519916447,-0.01630998582370937,-0.01635370324196332,-0.016570539125603453,-0.022940379749394318,-0.014077703934010154,-0.016283380913049754,-0.016009432038821575,-0.019355000165963525,-0.017632537541271413,-0.016118734256745863,-0.01618669815018777,-0.016220113164635157,-0.016335901797876078,-0.014661347464419858,-0.015818447536848447,-0.0163817090890951,-0.015588370381702712,-0.018934245848549407,-0.016367566459768376,-0.01674584319271043,-0.01421739668295259,-0.01656422581720078,-0.017114940871826953,-0.017011154556997733,-0.01589046254538759,-0.0163493326488419,-0.017720034260581163,-0.01767889870751626,-0.010891563569524226,-0.01638088224242972,-0.016977536849203424,-0.023442913689811964,-0.016475108432326538,-0.016675461077225978,-0.01562131902457294,-0.016369837850319514,-0.016921803168504144,-0.01689852266261431,-0.014884714468860461,-0.017988065123883058,-0.019375154014902002,-0.017068460406953135,-0.01518897557563053,-0.015878228798493276,-0.01628535756901358,-0.017869361041653525,-0.01629632756015018,-0.0161617051409284,-0.015503786702062282,-0.015439051729917448,-0.016211063165838483,-0.015460737162887586,-0.01665848015640229,-0.015353690471250193,-0.020711202503279,-0.01646349801024012,-0.017018676827790798,-0.015102264512196638,-0.012953823615381107,-0.018928646360448664,-0.014464710581176436,-0.01678042498557409,-0.015279514174154523,-0.01746824934053795,-0.014655824687952235,-0.015751829296885927,-0.015925984294927732,-0.017871970204704705,-0.015367705761681387,-0.016346849716604963,-0.01628211024359292,-0.012953930823147154,-0.01746058769255301,-0.015077271816745662,-0.016380943985322617,-0.016419753110043782,-0.016100166043187966,-0.015226931821792983,-0.013777463721756604,-0.01624073697029456,-0.015464898850015212,-0.01635934596909176,-0.016287871167163907,-0.009751143557480373,-0.019616426759539084,-0.01632358049903384,-0.016338024702652897,-0.0159042536861097,-0.01541115112191812,-0.0161727295289852,-0.01357639359221326,-0.015960454834773555,-0.017390877679460244,-0.015738999799572176,-0.017950710107785622,-0.013427319434612058,-0.019305528789666994,-0.01951224723608817,-0.01594579591330906,-0.017202555163951513,-0.02460990554988557
stdev_user_avg_hedge_naive,-0.019491551529214293,-0.019546202693990527,-0.01954856716140893,-0.019709158095773723,-0.019644542517835525,-0.01998178052912092,-0.017793272999815073,-0.019674894420006698,-0.019209184869940752,-0.02028411950337835,-0.019257930137052817,-0.018841752323857916,-0.019521413862788092,-0.01712362858252118,-0.02025183545145412,-0.019492683600600132,-0.004175278001097056,-0.021469680420708077,-0.017449796430839697,-0.009071104482242524,-0.01931122609638728,-0.021166069443075735,-0.020347701921006295,-0.020273893875667196,-0.019729892701226475,-0.01996936532836957,-0.017359449552764365,-0.01961275962452766,-0.018392283725385625,-0.019309834670995472,-0.01598010404820187,-0.01923005025760107,-0.01900201358483615,-0.02259132683163413,-0.019902955127419943,-0.021767310939025043,-0.019827692377682837,-0.01763363534945843,-0.02082217765481124,-0.018784438182319656,-0.020763487657340037,-0.021682671711304828,-0.019371173907488163,-0.024535558641745187,-0.01795401981484089,-0.01985958149357234,-0.018862514507628728,-0.019572876887938594,-0.02172183197219317,-0.016503649703296822,-0.020357014364347947,-0.019491704729854387,-0.019419268592752215,-0.017558488344173968,-0.02703591200350667,-0.0188982632482313,-0.02100345461266879,-0.01879808920223095,-0.023003148366217564,-0.018683717059922757,-0.01892438743028154,-0.01795590724339559,-0.019323033866369882,-0.01953508278454286,-0.014049704026394088,-0.019123806031100078,-0.01957197915546067,-0.018265255191444736,-0.02236456837513166,-0.01938676857120794,-0.02014596875453005,-0.017810428235120163,-0.01988558448617235,-0.01955041862706676,-0.01997385515272958,-0.019294680169249345,-0.020836003714897713,-0.019695512927147114,-0.021822700532634492,-0.014630428161899103,-0.016772402670799207,-0.019241647790316153,-0.018375522247581728,-0.019373986275657562,-0.020277224192099402,-0.01693120136822887,-0.019258358645326663,-0.017764088448904307,-0.020175922656414057,-0.01729830632616102,-0.02102107282680645,-0.018912041139664805,-0.01974114703926037,-0.016886693198380858,-0.019277677609131787,-0.01946024358595664,-0.02317846970238529,-0.019523033936772807,-0.019008368302987404,-0.01932929095694698,-0.017984008166853548,-0.019533478544789547,-0.018341024110386725,-0.020217427053492,-0.01803412946349979,-0.024052117282293416,-0.01989241563579644,-0.02173439315803635,-0.01197421427138827,-0.017501075147352062,-0.0241880991973452,-0.017147480649246764,-0.019944308576757927,-0.01846908264806138,-0.0200882686606285,-0.014246226208773563,-0.018711312342980416,-0.01899296747135756,-0.021464480281921806,-0.017562672509001308,-0.01967848697814341,-0.019422173527526395,-0.0254234171596226,-0.01867212608219611,-0.016744838194435747,-0.019833293673725192,-0.01941661065307443,-0.019187723904914473,-0.01982727287668122,-0.021544962529846765,-0.01949276922286553,-0.01812744437757796,-0.019562107547933513,-0.020212441929445196,-0.015780889990995913,-0.022481245580837205,-0.019499740446066827,-0.019061008302701687,-0.01903820927019438,-0.018384012722208826,-0.01925270557261119,-0.01828087100094459,-0.019337815898513102,-0.020271675489302657,-0.018227430091296792,-0.020271363339635074,-0.018126469207448904,-0.023167850361657076,-0.02259375871755058,-0.019198906430389222,-0.021353243211441365,-0.02818762174525544
min_user_avg_hedge_naive,0.0,0.0,0.0,0.0,0.0,0.0,0.0,0.0,0.0,0.0,0.0,0.0,0.0,0.0,0.0,0.0,0.0,0.0,0.0,0.0,0.0,0.0,0.0,0.0,0.0,0.0,0.0,0.0,0.0,0.0,0.0,0.0,0.0,0.0,0.0,0.0,0.0,0.0,0.0,0.0,0.0,0.0,0.0,0.0,0.0,0.0,0.0,0.0,0.0,0.0,0.0,0.0,0.0,0.0,0.0,0.0,0.0,0.0,0.0,0.0,0.0,0.0,0.0,0.0,0.0,0.0,0.0,0.0,0.0,0.0,0.0,0.0,0.0,0.0,0.0,0.0,0.0,0.0,0.0,0.0,0.0,0.0,0.0,0.0,0.0,0.0,0.0,0.0,0.0,0.0,0.0,0.0,0.0,0.0,0.0,0.0,0.0,0.0,0.0,0.0,0.0,0.0,0.0,0.0,0.0,0.0,0.0,0.0,0.0,0.0,0.0,0.0,0.0,0.0,0.0,0.0,0.0,0.0,0.0,0.0,0.0,0.0,0.0,0.0,0.0,0.0,0.0,0.0,0.0,0.0,0.0,0.0,0.0,0.0,0.0,0.0,0.0,0.0,0.0,0.0,0.0,0.0,0.0,0.0,0.0,0.0,0.0,0.0,0.0,0.0,0.0,0.0
max_user_avg_hedge_naive,-0.021884300083593232,-0.021962511255235365,-0.0219825585645372,-0.02209914707765538,-0.021843239547465608,-0.02237965589698028,-0.019899057483106858,-0.022102080193064755,-0.021698147547310954,-0.02252941780051259,-0.02158360765652543,-0.020986641940934428,-0.021907779783112688,-0.019013782579103175,-0.022645500384971734,-0.02188732322449548,-0.006235514621016661,-0.024032707882035074,-0.01994372015988032,-0.011361687704321454,-0.021710527904090206,-0.023611442879471596,-0.022680078887147695,-0.02271883645376768,-0.02211855990794452,-0.0224762788869068,-0.02001077373331831,-0.022021144524417488,-0.02078845968201065,-0.02168000288147147,-0.018180022611400445,-0.021670660776339834,-0.02151449020973122,-0.024990946323289093,-0.02237054577444181,-0.0244747833714068,-0.022001432938705545,-0.019735894102789805,-0.023535226349431358,-0.021103208162735983,-0.023256617889457078,-0.024071793590308393,-0.02182392233278299,-0.02664504605958607,-0.02030645956618237,-0.022647873960792306,-0.021270136957698242,-0.02198844089346272,-0.024120983627416583,-0.01879088460618184,-0.02277230252056133,-0.021903296819650284,-0.02184824472750149,-0.019626140917231492,-0.029512044909934462,-0.0214060841223592,-0.023776166317116453,-0.021142362301582177,-0.02540647596598522,-0.020854292551692244,-0.02131822593282595,-0.020106834524123984,-0.02172578073712398,-0.02194284151514037,-0.015858920923519718,-0.021582764213330087,-0.02195077551595668,-0.02063127471822935,-0.024404882746769822,-0.021791567225511992,-0.022628547429610575,-0.020278933015809956,-0.02235054477312537,-0.021920593528209333,-0.022346588088895884,-0.021712951773661414,-0.02335374968420659,-0.02213306609934066,-0.02432439405226324,-0.016580975101289565,-0.01834168330861702,-0.021788309077193875,-0.019168385318554703,-0.021719856316730103,-0.022608528707219796,-0.019330123163712937,-0.02164166875030947,-0.02022305186692665,-0.022554246393748742,-0.019702339038563763,-0.023417591206897445,-0.021120704315497136,-0.0223783729449657,-0.019289161230689897,-0.021711951828918618,-0.021861911201572708,-0.025178558576300063,-0.02193852942761897,-0.021423829714300884,-0.021779906765473773,-0.020356658961767582,-0.021937381237082478,-0.02085336478111525,-0.022705061460210806,-0.020398124068975003,-0.026064138621671763,-0.022334145360806877,-0.024153034550520907,-0.013830896845883492,-0.0198779905177243,-0.026750548956558637,-0.01947839413689826,-0.022331522196340964,-0.020823760320822844,-0.02264257014901,-0.016283736761184147,-0.02108687486018724,-0.021423281046829147,-0.02396029172976625,-0.019760894790623377,-0.02212789184261289,-0.021837287011110647,-0.026774325457813386,-0.021113151448900094,-0.01929409481268607,-0.022116315925424637,-0.021842140696394112,-0.021664113197094235,-0.022067765038529176,-0.023508497025872797,-0.02191765319302349,-0.020283900225630033,-0.0219727597441731,-0.022681628127537573,-0.017994913410633084,-0.024934572760354004,-0.021908901470598006,-0.02143192368616849,-0.021511977782613084,-0.020733261704564274,-0.021667011043760953,-0.02079939900869117,-0.02174645367611793,-0.022803355595253434,-0.02051533749943001,-0.022632660618720293,-0.020239767951140637,-0.02572313681384785,-0.024692694492793904,-0.021668356921446075,-0.023555105018984626,-0.029979252324589967
average_user_avg_textblob_subjectivity,0.024023329803101866,0.02417922890773923,0.02414533000981498,0.024760594223511626,0.024015642825038697,0.024451618018964345,0.023293463618916595,0.020588504335885962,0.02447015780014979,0.021518582147749786,0.03179790446850732,0.021752894853443512,0.023352284763063322,0.014482546058461911,0.026379424401533878,0.023593951504601737,0.024000346393402004,0.02229879575119316,0.020475944696575623,0.02052218083547765,0.02345315465655772,0.02408904151060446,0.021401822395816648,0.023102472545233108,0.024015263472835446,0.02408577438787522,0.026056562356919815,0.023880882488529466,0.024660832123780393,0.02857233284552277,0.028417570638139333,0.02209240452886215,0.0301840232364317,0.026304091098955477,0.02354904631352868,0.025041639240655913,0.02261845651452046,0.01221079360811993,0.01782666116068804,0.02654730792939916,0.023567038651614004,0.010147713694060118,0.02425284086165837,0.024511228441240825,0.02304130617037877,0.023241358636566616,0.02440590499031378,0.024253880447897034,0.022838560227380324,0.020394696387122112,0.02548328405669857,0.023856160138096244,0.024641482726189365,0.022509981262055976,0.021582829921796238,0.02086204427972829,0.018393752938551722,0.023290132145988372,0.02379090658447967,0.02107362886850896,0.02421338642729412,0.025163505960128812,0.023951945156423075,0.024077858130592905,0.028051594560633844,0.02396808203026652,0.02406253533544864,0.02334301667645988,0.022739311043668053,0.02400600248833715,0.02334851302874225,0.022706258362557335,0.023537081450803434,0.023854326342820975,0.024056174575692646,0.024235682735344776,0.024797914450128685,0.02676099779233291,0.02438826378806688,0.013773546990051918,0.02238097540347892,0.024607128382622544,0.023574761370531782,0.022862157268118563,0.02416692505813033,0.0143324009680901,0.02429879164164571,0.02393717839842249,0.023347277432243862,0.021257683139560658,0.02314695217937692,0.031068408715628385,0.017599699242398896,0.02746960018719059,0.024855252860951794,0.0238172204996751,0.021793324188042886,0.02381452140692835,0.02440782247451843,0.02480803657024218,0.024009610271233908,0.02427435130869296,0.021085020592056185,0.023797459510422978,0.025680313100876713,0.029975577667737965,0.023150519197203418,0.020110784864514192,0.033717723175871066,0.023045891762377774,0.027648069033343207,0.024607434906133048,0.02354169458749314,0.024221610473353247,0.025770158493723487,0.029008501354131914,0.02225494987193409,0.02397369968643617,0.02771879659313681,0.02514434516825599,0.023832399740357606,0.023841673472463777,0.023880458860714195,0.023338404564576153,0.02345008957960429,0.024144689436184242,0.023521766642430122,0.023919631556271036,0.022795146227072745,0.02337712199477618,0.02470151149193227,0.02233869160470303,0.02323703947877315,0.02281515833600542,0.025251974704931894,0.02026872873046524,0.023772903715548542,0.02329202720237139,0.02338201573264833,0.023072988679547126,0.024236816544517096,0.0217968650512165,0.023124273810851498,0.02503894835561283,0.02377507195930755,0.028299315564762846,0.020503113541087373,0.020649659239166816,0.020947635914657776,0.024038133623892063,0.02466340821871267,0.015634073989846113
stdev_user_avg_textblob_subjectivity,0.02041074978335211,0.01831544065646986,0.019801656904202512,0.02092314685101078,0.016616923857351796,0.022803237032763712,0.02956699285685343,0.027327943678471238,0.020621618256103126,0.018177990213816782,0.010428470565485681,0.02312926822074484,0.0200180330515988,0.017394757347802485,0.01862685249698425,0.01961493170223237,0.019411745818157876,0.02003013716613066,0.022645723102644934,0.01776438249868119,0.020323095454224414,0.019210074922693943,0.020844596914098595,0.02098278409835514,0.01964492976398023,0.02222754488382487,0.01678193981960016,0.021478834785879544,0.024008188000906934,0.015641366345765108,0.02414202067456725,0.021170499489064985,0.020725978077283096,0.012101696774748073,0.020400043865553052,0.018336182992465325,0.01843786975541703,0.02306260264701781,0.02459189014522823,0.02517297281390199,0.017643901585826877,0.009262520559168326,0.02012100789404292,0.009548266489784529,0.019232411547020795,0.013599770434799197,0.020712600560915943,0.02080464643813948,0.0151586695691774,0.02193541393209847,0.01898234553724531,0.02010224077144717,0.02110137435711984,0.021546625968149664,0.018694048758362447,0.025489687597119767,0.014774620062972359,0.017035275652158035,0.019521656172905882,0.02054312104817521,0.01651948575624096,0.023104890158992836,0.02000119750415958,0.01996720867596167,0.01728833162019751,0.019314865262107225,0.018623789954759225,0.014479797577767156,0.021844723855566135,0.020370630532704034,0.020895511251359793,0.020020060607674056,0.020037827343133828,0.02017679616230736,0.020361905416853503,0.01889879637774363,0.024445060526280052,0.01950628194092336,0.018512199927048396,0.02557969381686668,0.029358480069556492,0.018897731629709542,0.02366052470414655,0.020197380505802984,0.022030043720297682,0.018652503776029547,0.020536926257213817,0.015438049069249116,0.016756684578155913,0.013076277900335408,0.01633221203545223,0.010718951130406097,0.015069571593835727,0.01576490219196173,0.01638161860212623,0.020076869714190954,0.021818797489071444,0.01999145788043366,0.02007578026221605,0.01971115062205673,0.01858285132329352,0.019586851576139035,0.016048708939740232,0.020028232539108147,0.018556518569319246,0.02999946890140468,0.018890696844870346,0.022738910561495518,0.02437231979031329,0.02009714128199149,0.01260994241712931,0.021367701404210362,0.020465103854926642,0.01917941435703356,0.021179342671334554,0.023199158461970244,0.01749859366133842,0.019526294597533925,0.01895180522268513,0.020292090495842685,0.020267199895047744,0.020364781317827166,0.020266066075700147,0.020655262270353456,0.014572224900894083,0.018730207556304515,0.018393302893048066,0.02021690669399106,0.014319596309943151,0.017657033143909207,0.01953490220461976,0.02026415171288779,0.02061343482246364,0.0219297246829796,0.02357716217771557,0.013576194633154438,0.020102824403032203,0.02036990690349473,0.024401426628393563,0.016479918975825077,0.01988406630807274,0.015491478432420124,0.02011976337013959,0.02017512894658694,0.022067788564593967,0.02056983808952759,0.018791504875782537,0.01793288073073724,0.026041840775610593,0.016438184605175543,0.021904335657274735,0.03706096247493218
min_user_avg_textblob_subjectivity,-0.011674056780741945,-0.010805560799337706,-0.01228515023794352,-0.011790075005443854,-0.010722506340621066,-0.008843880201441591,-0.010778192279392286,-0.0166837840933337,-0.010596133189896797,-0.01177041979237077,-0.011431946284306334,-0.010703043352349513,-0.012051359988326248,-0.02804017730812902,-0.009807330200894346,-0.012265847623358351,-0.011750986152709902,-0.00904495165488696,-0.011403137086676868,-0.012890056139587356,-0.011532137628663862,-0.0127220254880266,-0.01466993250677058,-0.013003549839126962,-0.011715030932239856,-0.01246824608043973,-0.011030595201525818,-0.01232667566164632,-0.014534335777169977,-0.00760343854970354,-0.012127542333300989,-0.01331812869935457,-0.004591892323389645,-0.011154903290919404,-0.012234559078404303,-0.008315336639985106,-0.004778491754973781,-0.005985345520805759,-0.018746711591807325,-0.01282833256078959,-0.01013118119907019,-0.007204795792505353,-0.011590424770012996,-0.0018439264926941555,-0.01330160068968798,-0.0055496759731328595,-0.01216600746944677,-0.012827339464573744,-0.012290255710203923,-0.015962693404069264,-0.010175602190240433,-0.011658577821880376,-0.011607602933443761,-0.013264055718155691,-0.012934187301005203,-0.01116441051044336,-0.014090783294518915,-0.011318316151959492,-0.012857661084860628,-0.014140347545261018,-0.010370149689994682,-0.00884419981536471,-0.011374999463007497,-0.011646817631175633,-0.00537461595848477,-0.012021974960853492,-0.011978656746547224,-0.009447885008613374,-0.013984606193423822,-0.012231468337923154,-0.01379364920973435,-0.010817574567939768,-0.012042193223203337,-0.0108931917724258,-0.012694853013205165,-0.010208653332010875,-0.008415862561504905,-0.008871563466547685,-0.010959394938022244,-0.004342842434940548,-0.010294972081611838,-0.01059960344699842,-0.01410984803652119,-0.011613222411034806,-0.012131691045998316,-0.018590360021261937,-0.011298755453760866,-0.010519397543044446,-0.010165465775591478,-0.010118346436399445,-0.009791097697931971,0.000449034600801132,-0.013858156393839995,-0.009728869042700532,-0.007495380737958465,-0.011435230075318333,-0.013070882058968131,-0.011660105852394964,-0.010549415044752677,-0.011733912683899058,-0.008116062794483049,-0.0110322204302136,-0.015591683509146755,-0.011039498715736007,-0.00730539093744818,-0.010767517230736653,-0.011997496960117031,-0.008410632361817359,-0.0016435963117384517,-0.01299378149169509,-0.004478193055826966,-0.014179730813640129,-0.012505937642638493,-0.012020666817908532,-0.012272966853666738,-0.004151694730561199,-0.010364674193602569,-0.011584869597327546,-0.010244586687288604,-0.012157650687245652,-0.011643204566576103,-0.011674397435623929,-0.012020470030127843,-0.012295299166768588,-0.009037381740044485,-0.010522684053449301,-0.011002946863417507,-0.011738580298382522,-0.009513996192734214,-0.010711631852420817,-0.010538318607950337,-0.00401066632996918,-0.01231043516755742,-0.010605086093641775,-0.01995634875742642,-0.011213204475485728,-0.011655884844454002,-0.011100474630657206,-0.013309453237637988,-0.012824144898604742,-0.010877556549842342,-0.009343308612346581,-0.012114077472702479,-0.013350040917959629,-0.012594537048429652,-0.008594876673572692,-0.011121417811237846,-0.011308171748259828,-0.016391844806912772,-0.008953943752358327,-0.012420782692307727,-0.023720056411901995
max_user_avg_textblob_subjectivity,0.01444243581794304,0.0129373243722007,0.013573403929169336,0.01507038594984414,0.011414894778674224,0.02058353730089888,0.020369002342190537,0.016278666779476304,0.015259556716970574,0.011712449072383835,0.011520397788418096,0.01626888522354434,0.013482256497094957,0.002095823876041243,0.014307777833276376,0.013379290309777775,0.015849204914458348,0.01207855159658799,0.014099848692296735,0.010323144852967779,0.014290190782673514,0.012639192174913012,0.012840222296639614,0.014225422257776784,0.013698401921310069,0.015867500622248204,0.013404092487731951,0.014676182022281554,0.01750696702678008,0.014883199265905641,0.016930360852091927,0.01322437732970734,0.020778662854082627,0.008931977634466074,0.013922809350715715,0.015332955259210364,0.015223605632519038,0.014570181081806053,0.013243148942327686,0.01768237678163305,0.012485711707590361,0.0029294173359549446,0.014228983589302694,0.010863057074573045,0.012196672291182532,0.011729256000519864,0.014844515122224969,0.014156836031518159,0.010239373117573116,0.012661105767820167,0.014528216148677608,0.014107352030642825,0.015103311191295234,0.013989640219408093,0.011846139325018261,0.016722571338298096,0.007845156868856274,0.010767006136214893,0.01210111108839132,0.012294167030178466,0.011837948262641885,0.017569842038320654,0.014249662383674692,0.014058568728035653,0.016910180259585766,0.013602838580487792,0.01299540561101542,0.010610597814855245,0.01458376846537732,0.014221316691723159,0.01413164410455807,0.014500709442069382,0.013983907529691784,0.014434162632437447,0.013529418173317546,0.013784109293657951,0.019428983756139887,0.016257860085449265,0.013188831253832599,0.025069283146670153,0.02092199085719928,0.014094466284918748,0.015446319635350248,0.014044241656822547,0.015886398083956865,0.005794803597092245,0.014653314657744825,0.009419330822564256,0.011599349149395671,0.008640741302199328,0.013311615554411776,0.009375512616677049,0.008299066853857002,0.013042512024017818,0.013349942578866736,0.014152024413425997,0.014371508891855338,0.01402881673767769,0.014242047653762732,0.014355837251446853,0.01658444434255218,0.014596304174505675,0.009876912687225573,0.014836506686833572,0.015161760346990849,0.02419779217580275,0.013453839176491015,0.017155044038583922,0.02911647853442528,0.013753697231722827,0.008268478329627387,0.014731304218486285,0.014013107941084024,0.012909620854483151,0.015705717696791858,0.023724566713883236,0.012257390109228487,0.013523183562045803,0.014937480487728819,0.015712523679786195,0.014252342926877666,0.014311970603557902,0.013890006290638069,0.01357779014979303,0.011121402254917163,0.013506967265485732,0.012975215192503269,0.014313134051510842,0.009582981722667874,0.012193693333477078,0.014376141769138949,0.020156101706723002,0.014208991797535,0.015227644688767073,0.01513558444056224,0.006814731481029741,0.014085996176075265,0.014530071673211662,0.017208678028707163,0.01050395730460672,0.013584605376652625,0.011413520843598209,0.013678579145725858,0.010643034970109669,0.0151133868172241,0.016100814045521966,0.01314990153256777,0.011620805405756714,0.01366313986769595,0.01296865607236884,0.015574292407351826,0.015451439559415813
average_user_avg_textblob_polarity,-0.009609142500224876,-0.009301770688938144,-0.009488830416223663,-0.009166386529723205,-0.009019367598848332,-0.011360506090901753,-0.01096903444948776,-0.006716418971449101,-0.00850296678432853,-0.008749025874991134,-0.011555879819731123,-0.011926577911739926,-0.009806987529981583,-0.00871582724478693,-0.009355390382120216,-0.008851316008561457,-0.011923224915811824,-0.009000402853252903,-0.009996289406644921,-0.011277796974011395,-0.009543791385560753,-0.009085605179651318,-0.009395311059539082,-0.010477415240384164,-0.009355161543822967,-0.010374827346576179,-0.008968952730540873,-0.008819288714683344,-0.008294464902413866,-0.01084759435537562,-0.009833562080109486,-0.010513447824372742,-0.013046277731290022,-0.0021311036194844864,-0.0088375887322619,-0.010324960376795974,-0.01292573097645434,-0.016684660416251957,-0.019801501989324347,-0.006571469649421164,-0.009887536145918415,-0.016075548172671667,-0.009704493731785162,-0.01694989256709857,-0.011966707277047876,-0.0148423301078404,-0.008934595227984688,-0.009632062569716042,-0.0008948361961280283,-0.011126233522941056,-0.010424540642033768,-0.009480705369373014,-0.008540630149405797,-0.009348796767534412,-0.012694811121315774,-0.009352345005449967,-0.015740100369146727,-0.009441624662020014,-0.008882174210857954,-0.01060582411077947,-0.010985319439489048,-0.00942376995365565,-0.00962760790629826,-0.009526927262442518,-0.008196982156818975,-0.009535048829401569,-0.007867171518789238,-0.00988026940997915,-0.0030964302122969663,-0.008988417419295737,-0.008723400409671345,-0.009828121413383134,-0.008894765311127937,-0.008493052406747836,-0.009406451894371455,-0.00917795710591247,-0.014780957043763431,-0.009740187566598644,-0.009569655434058504,-0.022168264012597957,-0.0038757837249156126,-0.009375409752799425,-0.007906381189319491,-0.009757055834142957,-0.009774537585997707,-0.005402063346228385,-0.009965620345855353,-0.009294754039219809,-0.010742502602691002,-0.008201001590293211,-0.009125129730560271,-0.014936221838704224,-0.011485680784518143,-0.0055936271240537025,-0.010183326896991125,-0.009488521854919357,-0.007484031140808343,-0.009439750620368864,-0.009155100764969086,-0.005570025221733084,-0.007680296651836123,-0.00933811021891343,-0.007250449138527063,-0.009156636678553693,-0.012223875574953195,-0.006577192130315533,-0.010016406250711082,-0.015500622187779554,-0.0037402000050971826,-0.010113488029102998,-0.015514315823162421,-0.015033837281577162,-0.009274607417693159,-0.009250607896524297,-0.005553761378055305,-0.004618368975908862,-0.008767498014362898,-0.009196182778426605,-0.008672127277716202,-0.006172933072545956,-0.009328093002820951,-0.00957680956958801,-0.011283159830559976,-0.00899203599586133,-0.007170660004520632,-0.009522776610110379,-0.00930840773317264,-0.009229629290201699,-0.009474219865678517,-0.011690316896620416,-0.01115556048112823,-0.004677996442118436,-0.009169364715644099,-0.01109415208450536,-0.01056892507964511,-0.00724007923607191,-0.009461126877953644,-0.01006644310927099,-0.009438195144362312,-0.009354202376667007,-0.01072313446399881,-0.010816378783659635,-0.009856738165741796,-0.0033136941900434053,-0.009104070367078342,-0.010330521924973817,-0.015851426734212512,-0.013869694275082231,-0.01134830192195948,-0.0094823575503016,-0.009001604529300457,-0.01633729995892024
stdev_user_avg_textblob_polarity,-0.01951082638276677,-0.021405633725316602,-0.019069839257148592,-0.02015145583588352,-0.02383553341413751,-0.011138906710387038,-0.0189306194296636,-0.013494470532200768,-0.019620051954589848,-0.01844649582241985,-0.02801268907626554,-0.018857212725197487,-0.020316009924253118,-0.0204089285917431,-0.01615532073578215,-0.019543756055527682,-0.023378463411070114,-0.01716795644637628,-0.0216315401075976,-0.023711588736143964,-0.019474661640480683,-0.018413393297480138,-0.021326666018448476,-0.017712308318494286,-0.019506413395920262,-0.02267667267521072,-0.02166264392224682,-0.01931254014033727,-0.018406451545975065,-0.022040292719063725,-0.02710211709432034,-0.019420840324166643,-0.02363697591239771,-0.02183853173650741,-0.020037575649185187,-0.020534170814463033,-0.026431749868068594,-0.015393395710082724,-0.026491967413076176,-0.02053928804065189,-0.02086494516727789,-0.015992422955166393,-0.019365521912407053,-0.01563364425650429,-0.019022706324836332,-0.02229279017989984,-0.018591936733572227,-0.020346528851147398,-0.014498032273615359,-0.021400952299588896,-0.02138658862868599,-0.019662091965486947,-0.019496789400771347,-0.01796823655820652,-0.029724357359359323,-0.022178164569082084,-0.02646508199887407,-0.018921614694989833,-0.021333851328736893,-0.021460985563650455,-0.02219528585914447,-0.01973872014499045,-0.01918977960735066,-0.01949370766678012,-0.021401270002073553,-0.020576763150024303,-0.01823321865787287,-0.01988801803099584,-0.0066031156650212045,-0.019502247288414133,-0.01915516570185223,-0.020023211186070894,-0.017394246697545357,-0.018794857417281836,-0.020973206508556504,-0.02047082416149722,-0.018196618022217007,-0.023438776204062622,-0.020158165448849297,-0.009104405682209818,-0.021057978378576613,-0.020140850658596186,-0.017826669477430307,-0.019936686692303376,-0.019040114464676683,-0.01764861939680357,-0.019566856550568737,-0.020448437334775305,-0.020172436800961,-0.015703974372498368,-0.017793657839838446,-0.020061055808285974,-0.02105747033547368,-0.015391153941700458,-0.02057961721403186,-0.019897145955915376,-0.02106242755893743,-0.019691550294785323,-0.018661168720911822,-0.0223849931187548,-0.02335979728193631,-0.019016479255558515,-0.017441888430690743,-0.020931337805215614,-0.024536012304931538,-0.014309036684391308,-0.01916872340820703,-0.01792645765522811,-0.015467667075696866,-0.017866431184415752,-0.02895326283268581,-0.01874604794174998,-0.019817183800540338,-0.0203933954730729,-0.018559454747420365,-0.0175967129689663,-0.016159944226290582,-0.020095921844409604,-0.018791173163791135,-0.022562104072500026,-0.01994359877086234,-0.01979113186429372,-0.016665425349690986,-0.0162518161667146,-0.01880922910044336,-0.019668738553047016,-0.019746210188209157,-0.01987033818181215,-0.020470508843978517,-0.015586849095456252,-0.016578905472027276,-0.011257384663286466,-0.019923591313840083,-0.024509456158646917,-0.013483665263843248,-0.027517127398134927,-0.019763770790065697,-0.019345274694742398,-0.027198231504266007,-0.015453534646457514,-0.019682555817008982,-0.018888171151453227,-0.02006570536403928,-0.02839821951752964,-0.019530427537618585,-0.02355413189156069,-0.02595515412842528,-0.021179931933341046,-0.023746595848562844,-0.020905456207461464,-0.020428949098167636,-0.024211120654999495
min_user_avg_textblob_polarity,0.0026957319139455285,0.004064467831149872,0.0025111154743023313,0.0030213507657247353,0.006049627843843271,-0.010750647144947903,-0.0004981623045334713,0.0014576893032876952,0.0021746687408763198,0.002299589347202497,-0.004105131022872079,0.00035243701595944615,0.002969192309134337,-0.005639521673648076,-0.00035992645428025837,0.0026629195501611915,0.0023977975326685986,0.012186752459552752,0.005594634574273796,0.006338295538165443,0.0028240619176468744,0.0006393290993933513,0.0024060915162350763,0.0006553294565149574,0.002608530765725001,0.002833468295111298,0.0033129610696779046,0.0023639741566272715,-0.0022753171081732687,0.0023828705390890065,0.008101645556859487,0.0022016926989433293,0.003564699901173373,0.005219973514049243,0.003659852036043204,0.003193531220788225,0.010150988446883794,0.005245052893859085,0.0046125515268572465,0.002981181154571343,0.004137502627278597,0.003313296987201943,0.0020354487856072585,-0.004021215959893382,-0.000301070510857546,0.00862408377928241,0.002164539255491353,0.0022516039722617117,0.0010522660252323367,0.004936587534909361,0.001526194708755417,0.002817375419282595,0.0024253871194418013,0.0026706569971367564,0.006105097663059079,0.009953701524217016,0.007671386430572489,0.0036017799001424313,0.0026044080631785413,-0.0006187417464468313,0.003685652074310197,0.0038191023057888174,0.002692785528521483,0.0023826321008708507,0.007319427865498192,0.0030567408095126068,0.003426616550875866,0.004036406131736378,-0.002000394857003894,0.0025460034721208973,0.002456663344292393,0.0031729585004403927,0.003524301287222237,0.002333147812313816,0.003465702305040021,0.003983858853752979,0.0026576103009150085,0.005213871305314304,0.0017320740106290334,0.003532852601193609,0.01337146964661256,0.0035810055491937312,0.0004111341839526661,0.0030166972425348694,0.0013265077557512083,0.0032537623087128585,0.0029345718108333236,0.005054788620639977,0.002575698682845239,0.0026707977725052914,0.0004900293286683819,-0.0009222358327288412,0.0013256877805600392,0.0017035460845193084,0.005281212536563362,0.0029352982525376993,0.004967349634515909,0.0027860221430226926,0.0035036215093370146,0.004110740141396731,0.006421797842035563,0.002936798271350843,0.0013723475606227317,0.003823341265952895,0.00786455929327477,-0.000776015236950655,0.001702546663670708,0.006175420207481581,0.007831067491122685,0.0022369387567589064,0.004101971599606291,-0.0010556252908777118,0.0031446883884614753,0.00341034102593375,0.004409411221198844,0.008520182531377148,0.0016813524232775828,0.003480274348546652,0.003049747558965913,0.00624365105863756,0.0034959332065258386,0.0029460567243052085,0.0009194408057027672,0.0012855685524257414,0.005055911695354298,0.0028700901828583236,0.003089274719635773,0.0036039848259109023,0.0026275566286730716,0.0012533413870066488,-0.0008408752474842367,0.003732417529655389,0.003066133638657668,0.007174159262439172,-0.0018299689743935298,0.0022010349152693795,0.002845769078584066,0.003983410542351394,0.006809042101293885,-0.0011496480934883868,0.0041945206955812985,0.003137025968360436,0.0035154204447296923,0.009430289483177005,0.0038973565563128138,0.0033096292816860336,0.012860511666359188,0.0024134834218927023,0.0018296825400440416,0.0028787532529551407,0.0023787192740142484,0.0011678955965098489
max_user_avg_textblob_polarity,-0.027871821930227702,-0.028783687295718514,-0.027408381972501873,-0.0281341867141156,-0.030666768988538484,-0.027610691911605797,-0.03396543773396183,-0.024038268318472715,-0.0289179026483479,-0.026448629204904133,-0.03848969213858917,-0.029250132045748133,-0.02862254381286583,-0.030068857972997243,-0.025257920582884008,-0.027795119496172922,-0.0310378299431927,-0.01987179051155115,-0.02941260271751757,-0.0302072567661927,-0.028050993787132848,-0.02809873082349838,-0.03033793756864458,-0.027343639126406534,-0.027861115865814048,-0.030627076655421834,-0.028347229903534343,-0.027874541496439434,-0.029521378985131765,-0.029476295134648736,-0.03355055224593356,-0.028417314741076154,-0.03038473764130854,-0.027041689237524792,-0.02767355243153303,-0.027512701515104494,-0.02903817541835095,-0.02663955645579351,-0.03137601216353887,-0.03063682376972915,-0.0283911142180669,-0.02711545034546735,-0.028351289695718207,-0.026126557184033457,-0.028940538992040847,-0.027712915923527672,-0.027479136853398763,-0.028708029223132703,-0.02179051126565561,-0.02726249561495414,-0.030696587900983518,-0.02801545652018776,-0.028048620268278517,-0.02647467944859315,-0.03567272998171887,-0.026295841701136954,-0.030940627889423464,-0.026834107664825278,-0.029815987254688238,-0.03269469242580649,-0.029987709312744214,-0.028243270986818676,-0.027467603733013247,-0.028161261102855068,-0.02312535058913675,-0.02879440939348933,-0.02541089122285313,-0.02730574335606175,-0.015455739712031936,-0.027950805526568222,-0.026906038223322187,-0.02854781782006997,-0.02525918613356394,-0.028022777918081623,-0.028675920267310088,-0.027897889725283703,-0.02658005458598599,-0.029864947314516943,-0.02880016661500103,-0.013517597957888705,-0.023420144404111908,-0.027677506573611642,-0.02684110313079613,-0.028463650115573672,-0.027940068324725155,-0.024913771490497588,-0.027729232052999868,-0.025685937906155712,-0.02896671435351468,-0.02473216509714156,-0.027565044522533114,-0.03432978025538947,-0.029177895581179676,-0.022602271259026745,-0.026677592400826376,-0.028300191783139018,-0.02810675568291425,-0.02809819334547796,-0.026619081023216716,-0.029226264320610887,-0.028880996475926454,-0.027065764850937372,-0.023250525035647812,-0.02860459777610131,-0.029031475592999186,-0.02557753965024015,-0.02759868568747792,-0.025864325242218517,-0.01889633853272331,-0.026290669646003656,-0.041045471223779426,-0.030946601646609236,-0.02777092334246916,-0.028291123977460204,-0.02607275235338068,-0.021080513306556584,-0.02488580947657342,-0.028129589646537972,-0.025635431427492618,-0.027875721453531198,-0.027740527623032838,-0.028036882145683638,-0.024679634303313484,-0.02605047869985502,-0.024039271739695386,-0.02760139076839729,-0.027758727429125045,-0.02776523501054649,-0.029925091585164453,-0.02413319198297218,-0.02748454715131283,-0.019283506035416405,-0.028024603980848033,-0.03152555514832664,-0.02301569345210707,-0.03503195659985651,-0.028084122324796908,-0.027466115748956764,-0.03311288488555289,-0.025928843349229534,-0.027207793131765298,-0.027518385407239818,-0.027800637311619754,-0.032635541713894455,-0.027068251556680675,-0.03199887356656381,-0.025647275340427662,-0.03126697663740868,-0.03299017447680284,-0.029323008292095186,-0.028651336712476598,-0.030694953286662344
average_user_avg_dale_chall_score,0.005760219869066323,0.00504921713261118,0.005623918319926301,0.005497345098993504,0.007877673311587518,0.0025921963274554614,0.007194724397143127,0.008728231290880312,0.005659363083220653,0.007044816885283925,0.008211891470279998,0.0054211287533468405,0.0052667778555007625,0.004457763629391025,0.0065730693220816695,0.005103432315069213,0.006529912632525029,0.005355185550104934,0.00770212302657621,0.0051231811299941865,0.005684985350712691,0.004967838710814045,0.00619936558588898,0.00507943127319697,0.00577440081263811,0.007716177855131275,0.005051821084874218,0.005884917376289529,0.007139362452325012,0.006015929067617467,0.005879519301781069,0.009082578489387701,0.0006851894148518414,0.0027322977916203577,0.005942549963070148,0.00598345760071619,-0.00033878601429255953,0.006330452299868165,0.012184137483265082,0.004676508275585533,0.005950638149852113,0.0053389806007026145,0.00576928603226636,2.0289354061468236e-05,0.004764928635594728,0.006064737685751933,0.006410845930775254,0.006134791900321375,0.002458191307903971,0.005198005222892515,0.005721363247276909,0.0057211201723322645,0.005552104955718791,0.0059394215759502895,0.006995621363618622,0.008912847160810106,0.0047921113501296735,0.003956351809094559,0.0063409976655827245,0.006464794650874675,0.0024847603660984735,0.00598623725503555,0.005670385716830664,0.005733881302911108,0.004635673796050405,0.006234137380758554,0.004139809987665393,0.0020693424260235967,0.006616653809379522,0.005362785443720481,0.005630483537158901,0.006532422666323439,0.005489091912965479,0.005036572596143884,0.005916398988729879,0.0057831123301159484,0.0035226386622198174,0.005232246656898893,0.005145662101345849,0.003219012055534917,0.012989487867050101,0.0057700583450034995,0.0040293875177486674,0.005812547956832959,0.005593189594470636,0.006369316262651099,0.004273450006497735,0.003834268735753414,0.004853785079836515,0.006632787623588359,0.005843898715246941,0.00032548671990852195,0.00667226638919901,0.006433780917580908,0.005078966393520103,0.005757700934337457,0.008440823235040824,0.005983579114223165,0.005844299147076289,0.00751216998588855,0.006450437537948335,0.005609871995846846,0.0024639546457298333,0.00613741967866408,0.004584775896279674,0.005301905208707095,0.005873099663577876,0.00590533652070253,0.005668282547136049,0.005292296094292048,0.004684646974553217,0.00014926966926389305,0.005797572770095892,0.00507073230477918,0.00554403773565408,0.005488823374674453,0.006306553405715866,0.005061996982328045,0.005278208285713252,0.005148759271999186,0.005938142412768731,0.005699134031820231,0.007816692642133694,0.0054708232735246965,0.0042704024488744285,0.006658515211121988,0.005789231641678034,0.005856031523227961,0.009765693957983611,0.007243181884227629,0.005722102851351912,0.0066224859544386245,0.005844142603876192,0.00478694073963833,0.005849341919289907,0.005749817599158404,0.005790507563745644,0.006521219239504402,0.0054301241351878285,0.00631174364847375,0.005078645013665995,0.0059363033625002715,0.005849540925686075,0.005200331997340692,0.005764763252243732,0.0033790065399278806,0.00622961611620894,0.005015406593672191,0.004982523758078934,0.005736727184271859,0.005841394059464763,0.006149502825587848
stdev_user_avg_dale_chall_score,-0.010836913264023763,-0.011528196501282154,-0.010477337451353166,-0.01084616838463668,-0.00969428326487115,-0.01313009511134401,-0.01105810323696014,-0.009715540163012636,-0.010682183414756912,-0.009732943280285636,-0.00371799058108431,-0.01063894517153537,-0.011347319238464798,-0.013337396071180271,-0.00912263750710587,-0.011171933955287795,-0.009727611865084189,-0.012065248438395716,-0.012564339515950491,-0.010035675177967763,-0.01044426860278014,-0.012044226404771829,-0.009812491657861497,-0.011041078670478544,-0.010475984794832013,-0.009950729128451644,-0.011852551766921259,-0.010708258972552682,-0.00854873446148727,-0.00879651528086166,-0.013121416538953011,-0.009363225157170016,-0.017198500062377192,-0.012906274392086109,-0.010891217625072313,-0.011886788928982229,-0.02008893729290239,-0.00784841648202687,-0.01081996559880279,-0.010778032870542237,-0.010606757863099177,-0.01114740723028064,-0.010503303840994585,-0.010433316135237713,-0.011937727967951837,-0.01225049101827725,-0.008364976774468255,-0.010621840157148734,-0.015179423076136043,-0.010070113321145885,-0.010742151350814372,-0.010628329016782042,-0.011170015892830731,-0.011264408595617158,-0.008644934522372794,-0.010718712331266011,-0.012980189568484301,-0.012025265739836598,-0.010397310935949752,-0.008874187107457132,-0.011943706421922547,-0.010290905291710051,-0.01066232279445512,-0.010608393484796065,-0.00786286380507292,-0.010133834285598244,-0.011004076808114504,-0.012772403444228274,-0.013295990844384379,-0.010828452736448526,-0.010690739528467332,-0.010204495873252277,-0.010887642876071475,-0.011338088630991089,-0.010358631491950349,-0.010433496287794627,-0.014560332166148342,-0.011049267793797155,-0.011171851935472772,-0.01545550501842298,-0.00483997048916452,-0.010954101035958601,-0.01210842147607448,-0.01067283588503317,-0.011121529723878372,-0.0074218476604332164,-0.012945615642894186,-0.010728444601473153,-0.010845515399053134,-0.010033931139994151,-0.010525486246954395,-0.012893592139867694,-0.010097346266074088,-0.008427433396732317,-0.01216324342729215,-0.010614167179221236,-0.009141536694200397,-0.010234994802907377,-0.009739634584932738,-0.008683668402021734,-0.008440037432798581,-0.01155170111317829,-0.010382727695694885,-0.010854631102047497,-0.012642504425453196,-0.011296116010087958,-0.010871010867176858,-0.011098124916283545,0.0005427037063300572,-0.011665626420548438,-0.01662342327252614,-0.019553102725961127,-0.010881307829791149,-0.010856922347749412,-0.009703116911166855,-0.004950751274566096,-0.010369316668888564,-0.011550481346026577,-0.00956088039408727,-0.007902653770756555,-0.01059663258896332,-0.010767800343584448,-0.00962288693587577,-0.012087296626712185,-0.01328966137856623,-0.010198961597804666,-0.010580448793257147,-0.010700219267160858,-0.0059778786842036875,-0.009192348196822745,-0.011228663235368523,-0.008145167840534349,-0.010463285037369296,-0.012199632025329891,-0.012661859569809357,-0.013334848061025029,-0.010509744001259095,-0.010961546658004907,-0.010406441703108005,-0.010286907196115882,-0.011282671691437107,-0.009364949645176517,-0.010816921027097907,-0.007591704769006576,-0.010025302183461694,-0.012947699885802591,-0.011084156781745229,-0.010344687306477661,-0.012227297402801457,-0.01010545346879063,-0.01093788170596855,-0.014441924837290865
min_user_avg_dale_chall_score,-0.007829152683533534,-0.008225419477459738,-0.008112614374100172,-0.00792192903767276,-0.002636511961835633,-0.012716559943417874,-0.006149972583365861,-0.005288562814509249,-0.00692120740710954,-0.006105971706300957,-0.007508944102788064,-0.008420345078715832,-0.008209734875382832,-0.008904411378940755,-0.009747167735407668,-0.008123076385759088,-0.006119251452101719,-0.010087187298429,-0.005573645620007781,-0.007521960460531248,-0.008156418165294995,-0.008044733931870145,-0.006753277952563754,-0.008012702959723573,-0.008099566399022736,-0.007781874923720635,-0.010314825770915446,-0.00844430488561651,-0.008272390569137013,-0.007436103260440461,-0.0012138884332786072,-0.005907053491080624,-0.009958736917336064,-0.007925890633882934,-0.007621347764256882,-0.00624070916860642,-0.005533087533441703,-0.004207275883334336,-0.0020233179546192076,-0.008719033549821729,-0.008390733209414136,-0.00413158234063214,-0.00796319758145252,-0.010812613098480618,-0.00640055897489023,-0.007880350119231109,-0.007929372116831325,-0.007757262433811361,-0.01008402610446488,-0.0096202990591683,-0.007078436822136553,-0.00796931987819757,-0.0075939844266219286,-0.007219466436237846,-0.008487941890301057,-0.00450072488262284,-0.007828896074673217,-0.008568795696624066,-0.009559200666581363,-0.007869311883487844,-0.008779769911180646,-0.007867752659707843,-0.007746323615368547,-0.008090684571433391,-0.005578150372810457,-0.007851585454234677,-0.008470370337708477,-0.006864115139484641,-0.0026891543376037245,-0.008216413685904488,-0.00789090947543836,-0.007356383285245443,-0.00707245228885011,-0.008298097495644297,-0.008578294037754428,-0.008833527786779542,-0.008997062121834955,-0.007354300432375661,-0.00912545928540437,0.0016843846506532324,0.0021535194889254015,-0.0076289857050208625,-0.005324346533387976,-0.00679018579691069,-0.006668116024555458,-0.012004891576155072,-0.007836113939791337,-0.010010063458890023,-0.008550886224760065,-0.009210076705050451,-0.008850828300875361,-0.010376558397607314,-0.009127637608916793,-0.007016849260427239,-0.006489692100610581,-0.0079256772192539,-0.003606334092171941,-0.00799744730821028,-0.007916465814380498,-0.007061544757690051,-0.00802107682251565,-0.006615236547996921,-0.010894460743334536,-0.007368659491079105,-0.007777625729277491,-0.006662800331204597,-0.006746209958467248,-0.006321195496370126,-0.007014916359607763,-0.003908228192655325,-0.009276728155827581,-0.0031398223546098194,-0.007945493735223876,-0.008105539048664113,-0.007342499655648796,-0.0063703020611886926,-0.007464992330932307,-0.008249778998561507,-0.010459818729916621,-0.009226950432013256,-0.008269612857183507,-0.008014397632266327,-0.005262791658905678,-0.006282564954030412,-0.006725971202467805,-0.007573416139299537,-0.008093680440807797,-0.007232907035780157,-0.005872995230415698,-0.00661007796338026,-0.007415659067341071,-0.008038799823918568,-0.007994304295449726,-0.01005324491376276,0.0011485972028515458,-0.007271894096335294,-0.007970091845766598,-0.007803545894845047,-0.008822573298937432,-0.007670029723562683,-0.007343175262046453,-0.008635119451037104,-0.007547958135384347,-0.016331828876899497,-0.008243178201584562,-0.01212372623754976,-0.015240984012504202,-0.008390797622557388,-0.006034360529693409,-0.007732714678229322,-0.007570678293831658,-0.002776669932641608
max_user_avg_dale_chall_score,-0.006831326513467032,-0.007511769510566632,-0.006584508864031716,-0.006890882368152978,-0.005159084648200922,-0.0096230946606512,-0.006981667815506654,-0.005511864291613845,-0.006564473704460799,-0.005773380008287354,0.00035275040458443343,-0.007527406638380085,-0.007355203512426879,-0.008586358095287714,-0.005699897309238653,-0.007264152001628427,-0.00436597899264242,-0.009722639666244624,-0.008842749028793149,-0.006443676614589338,-0.006506788868654894,-0.008119347342444783,-0.005653382531751397,-0.007145702103791609,-0.0065337815212445916,-0.006307774349912603,-0.007881260567018412,-0.006995027486465594,-0.004599338286708791,-0.004393955622250216,-0.010381215119862373,-0.005958150822142855,-0.013105051335281014,-0.007801026981410539,-0.006652906821320441,-0.008320609767893741,-0.014895238277256166,-0.0034459270394748553,-0.006819839942588359,-0.006904245460749499,-0.006877584932925861,-0.008043782288189045,-0.006569239794192254,-0.008832066986005579,-0.008064715468645144,-0.008215139092628155,-0.004721064952723086,-0.006796666378705276,-0.010773713731119466,-0.006002419636753991,-0.006643510278307768,-0.006714213274818372,-0.007145423602799656,-0.006728001188465225,-0.0048042634233188,-0.005505496414780275,-0.009719714915449814,-0.008224532274087665,-0.007146194870250073,-0.0052385647543836365,-0.00855336509249717,-0.005925849403416273,-0.006669635877500045,-0.006717364638360363,-0.0032877388357750266,-0.006121571653785113,-0.0071274635936042375,-0.00970528342755784,-0.007471974708608276,-0.006930886568084679,-0.0067980662297924275,-0.006342498702392511,-0.006968195743098527,-0.007369914380806419,-0.0066001742254057135,-0.006619777204070089,-0.01010033788149412,-0.007161526203544254,-0.007462163307730053,-0.009567887156782194,-0.00041203705554426415,-0.007019179367407391,-0.0071091304598786586,-0.006466149254026754,-0.0069735091132548084,-0.00450629633640382,-0.008879166634301949,-0.007364771984861443,-0.006993161224092571,-0.006174871987450129,-0.006339604910840272,-0.010202298438478315,-0.006833407001022881,-0.00395629600848145,-0.007877113538880515,-0.0066944565166039225,-0.004473320826944483,-0.006344727478606963,-0.005868112444389692,-0.0048215050410247645,-0.004373417311173866,-0.007262225924406126,-0.006988253857612957,-0.006618555350890716,-0.008317189937041855,-0.007325986715973612,-0.006535886423872535,-0.006665854631579794,0.005268380596849656,-0.00767546632908969,-0.013187725206712927,-0.014724673455713337,-0.0068587055840459935,-0.007038961225325968,-0.005542622413285585,-5.0605306486635124e-05,-0.0066465911771096935,-0.007638963838443856,-0.005833459088463664,-0.0041539649198096985,-0.006721732747125927,-0.006828430162436637,-0.005441187198960404,-0.007749474200152,-0.008526651068708098,-0.0064045768687529415,-0.006677783302117355,-0.006771501743356834,-0.002506652320650043,-0.005186126864742528,-0.007252692833578,-0.003822047813843995,-0.006654331290837253,-0.008577629649249427,-0.006289780498776733,-0.009195750221970105,-0.006606486768413066,-0.006811848470690349,-0.006488887483302052,-0.006320563273549552,-0.007137081669429637,-0.006256511525748527,-0.006955906219894786,-0.005761951416236034,-0.0061649420862131595,-0.009764815512421466,-0.007079767955612877,-0.006772850857016287,-0.008135716480468423,-0.00609077225727295,-0.00695715874216671,-0.01061278736919634
average_user_avg_please,-0.001241935925172571,-0.0013621678047862533,-0.001418544417864381,-0.0015967382813457708,-0.0016588740146385667,-0.002159548554724,-0.0012632662419736485,-0.0010876803043076639,-0.0014614070946641234,-0.001038600629496957,-0.0014216068508774186,-0.0011946199677831159,-0.001475828049428204,-0.0032201324172608037,-0.0015356106256094954,-0.0015225104755843691,-0.0009637535858426881,-0.003587817605306484,-0.0008790552915993021,-0.0013403725558739001,-0.00143177714441937,-0.0012374898020197098,-0.0013218556398787262,-0.0010158783047997397,-0.0012983770566085224,-0.001947493307801534,-0.0018707460147748094,-0.001306044158212968,-0.0011200340886121669,-0.0012015135765022014,-0.0006382869637199693,-0.0012911794681803096,-0.0015707183619178733,-0.0010836367094062766,-0.001222072920203275,-0.0016890997391875518,-0.0021993225996005273,-0.0010040866162599011,-0.001414682427748532,-0.002028599679294577,-0.0020834580368468605,-0.0006702741763557709,-0.0013469641154824925,-0.0004379761862416446,-0.001803573494739909,-0.0001025744573732593,-0.001368320817372778,-0.0015060457596706642,-0.001851908816592196,-0.0015723970857275619,-0.0012926215356800124,-0.0013828554718456742,-0.001408143292528175,-0.0008506639660148755,-0.0012339116113441488,-0.0009278884921428698,-0.0022446624091446337,-0.00147871677184171,-0.0014901477894689909,-0.0008334612157772144,-0.0010224785240663782,-0.001268260321013937,-0.0013972877616703063,-0.001384102703793585,-0.00254784038373335,-0.001392705209629778,-0.0011912232000274676,-0.0012011235608491502,-0.0006487813512736518,-0.001373343726997352,-0.0013112658635146737,-0.0010910628558802342,-0.0014866549651172496,-0.0014171309703414955,-0.0013805706215392483,-0.0012118982311115868,-0.00017112358493696737,-0.001970713009924796,-0.0014915413654068644,-0.001304250891118166,-0.0013991693897373353,-0.00151059406725902,-0.0019184728379908877,-0.0013567789333207743,0.0010498953122424618,-0.0008099098403339137,-0.0014318098607610649,-0.001680129631885064,-0.0014418817947340684,-0.0015586364890789297,-0.001646807912223324,-0.0007951213796889081,-0.0016537914975861081,-0.0009947779826914114,-0.0011782119649020734,-0.0013889973658331584,-0.001684472911745445,-0.0013724251731450834,-0.001342537175317465,-0.0009269256570222564,-0.0011324291583051614,-0.0013992424751342976,-0.00025286399388590227,-0.0013595957024673754,-0.001747268041956073,-4.4846302799159306e-05,-0.001228446546289775,-0.0012426592478268711,-0.0014754213926532565,-0.0013890306280634583,-0.0029710879638047303,-0.0009404098780284309,-0.0014654524465008657,-0.0015208183018474266,-0.0009585468096976382,-0.0016226699335027146,-0.0013564408471236,-0.0015020964252926011,-0.001162079181444186,-0.0011674792509045093,-0.0013435708946174137,-0.0014218032264751773,-0.0030092273132028206,-0.0013425639180144515,-0.0009529696200032516,-0.0018332544758365476,-0.0012116165251265512,-0.0013052579861293628,-0.0015627732188337844,-0.0009559501634370535,-0.0014116407673715886,-0.0013214028116164105,-0.0013690422460757032,-0.0010222409409402526,-0.0016251465457088336,-0.0013489488315400243,-0.0013724531552835404,-0.0010859763608942466,-0.0013233554180481595,-0.0013512193046798108,-0.0013917494417686064,-0.0014392847791162306,-0.0013350763196902015,-0.001482705471465941,-0.0014936499308811336,-0.0015585341197692703,-0.0010861073581090253,-0.0017969976293470743,-0.0010082926900246373,-0.001436656248669634,-0.0031185283804871567,-0.0012531340628901982
stdev_user_avg_please,-0.004217662638304299,-0.004625974771242457,-0.004817431938906484,-0.0054225852202854155,-0.0056336005838809634,-0.0073339107680598405,-0.004290101222623856,-0.0036938045586051016,-0.004962995254091898,-0.0035271280767081043,-0.004827832080362731,-0.004056975809272138,-0.005011969376576263,-0.010935694757993424,-0.005214993327225229,-0.005170504708934015,-0.0032729446094215235,-0.012184367937378798,-0.0029853059125146825,-0.0045519572594151896,-0.0048623707922423424,-0.004202563431391096,-0.00448907309350411,-0.0034499621795081002,-0.004409338912817383,-0.006613762913349043,-0.006353126125388478,-0.004435376687653999,-0.0038036792667144517,-0.004080386772227851,-0.002167647319666937,-0.0043848956229629935,-0.005334220563302414,-0.0036800723532679717,-0.004150207101955419,-0.005736248318407381,-0.007468984969272473,-0.003409917147241162,-0.00480431647047453,-0.006889203301086517,-0.0070755044140162066,-0.002276277136151852,-0.00457434245186015,-0.0014873841393401293,-0.006125005638389457,-0.0003483468412007022,-0.00464687064096745,-0.005114589894206448,-0.006289154268729207,-0.005339921574561252,-0.004389792940201465,-0.004696230892079021,-0.004782109313288152,-0.002888887868119406,-0.00419041175688104,-0.00315114535822748,-0.0076229607234688315,-0.005021779590089651,-0.005060599769929185,-0.0028304666601626557,-0.0034723767804881386,-0.0043070613090132,-0.004745243508869269,-0.004700466540216233,-0.008652564900513568,-0.004729680984154688,-0.004045440254044515,-0.00407906226392199,-0.0022032866673981025,-0.004663928637140807,-0.004453109801668052,-0.0037052918351228384,-0.005048738002770422,-0.004812631816220891,-0.004688471451695495,-0.004115653462618184,-0.0005811423408345739,-0.006692617923605896,-0.005065332407940272,-0.004429286682950098,-0.00475163359086677,-0.005130036123431422,-0.006515208270725763,-0.004607673954443534,0.003565485257993931,-0.002750485274428869,-0.0048624818982094305,-0.005705785485611858,-0.004896686577172654,-0.005293190053885059,-0.005592623631435006,-0.002700263087699061,-0.005616340158567367,-0.00337830466609804,-0.004001253594206219,-0.0047170890026098315,-0.005720535432709395,-0.004660809192582131,-0.004559308391118698,-0.003147875532761652,-0.0038457734048126455,-0.0047518817917134686,-0.0008587359443980834,-0.004617239811867863,-0.005933790133848673,-0.00015229978612287497,-0.0041718521836948946,-0.004220119070131938,-0.005010588354374134,-0.004717201962435819,-0.010089930121244844,-0.0031936684710216993,-0.004976733426049734,-0.005164758021199846,-0.003255262195403317,-0.005510650118187972,-0.00460652580058676,-0.005101177801267599,-0.003946466034990773,-0.003964804880615097,-0.004562818942010669,-0.004828498979519889,-0.010219452833121635,-0.0045593992103563335,-0.0032363218425848043,-0.006225803402994031,-0.004114696778151629,-0.004432706816723383,-0.005307238548801874,-0.0032464438838494154,-0.004793986873697243,-0.00448753527113757,-0.004649320640862653,-0.003471569938964152,-0.005519060789430831,-0.004581082624677291,-0.004660904221011161,-0.0036880179005924826,-0.004494166398418441,-0.00458879323964451,-0.004726435159376411,-0.004887867011267179,-0.00453397103563111,-0.005035325368933436,-0.0050724931781869435,-0.005292842403733466,-0.003688462772221769,-0.006102673744110757,-0.0034242011371088434,-0.004878940419779185,-0.01059064350283986,-0.004255691948925666
min_user_avg_please,8.127424365314135e-31,4.6334985567040314e-30,7.341644948004143e-31,-9.494353143342976e-30,-2.3726301356884113e-29,3.2083585461060865e-29,9.761961109115582e-30,-3.658785411849651e-30,-1.4563111867478523e-29,-1.27919303941228e-29,1.018489532490302e-29,1.2859434238673574e-30,-6.822606827991783e-30,1.8418342133655672e-29,-1.4917386680748555e-29,-1.2971138175448033e-31,-2.8364133255963016e-30,3.756333763532865e-30,5.796278760627825e-30,-2.621518062401574e-29,5.811686200182923e-30,2.3113855634568972e-29,-3.788400497106912e-30,-5.7820268790393595e-30,4.6865579266719e-30,5.9864643426360646e-30,4.2087347074694265e-30,5.23121091494461e-30,-5.841249224829267e-30,-2.4311976652972272e-29,2.332397459150162e-30,-4.36357947499816e-30,-3.6657187596494454e-30,-7.172163112898066e-30,2.1329770430585856e-29,5.78491577395594e-30,4.859602732175093e-30,-3.2239104304070135e-30,-1.6169626330589135e-29,1.6096055806713543e-29,1.972681893787236e-29,1.842315695851664e-29,1.0787615100999005e-29,-3.7266744423893014e-32,-8.67438846952011e-30,5.067506869671695e-30,7.154251964415265e-30,-9.246871145489216e-30,-1.1627802039237936e-29,-5.11199585138704e-30,7.653741895492095e-30,-1.129076429897017e-30,-1.3116160700260392e-29,1.9603366828437138e-29,-1.0889207905565432e-30,-1.392071793452816e-29,-2.0294390492483278e-29,2.328333746967505e-29,-1.431322245719428e-29,3.662155789252329e-31,-4.029238036652536e-30,6.896562537856253e-30,1.5619965924461018e-29,1.14823943284367e-29,7.132488956043689e-30,-7.169466810975924e-30,7.970653667841014e-30,-8.214476398800438e-30,1.307735321188099e-29,8.659077326462232e-30,-8.018898212947915e-30,-1.5169587206966063e-29,4.820987836790129e-30,-1.4084036793812198e-29,-4.480897497560509e-29,-3.563769658043307e-29,-8.882196310519493e-30,-2.3920820281267224e-29,2.785482108216981e-29,-7.966609214957801e-31,-3.419498245909259e-29,-2.3687879054493588e-29,8.616225385199616e-30,7.196911312683442e-30,9.295115690596116e-30,-2.270228440545342e-29,-1.5658773412840421e-30,-6.386383695588074e-30,-1.627006357718893e-29,-3.4431775545755e-30,1.341207983621549e-29,1.5803314455166683e-29,-2.355335284787814e-29,6.669784286904656e-30,-1.679805727144269e-29,-2.2351572562580504e-29,-2.471805898174632e-29,1.6214981980779455e-29,-4.058069207920013e-29,-4.3703202298035156e-30,-2.3344196855917686e-29,3.3302891708852424e-29,2.7700072611138297e-29,4.845736036575505e-30,7.667030812108367e-30,3.703755876051093e-30,9.31716758845935e-30,-1.3465428095675018e-29,4.161260534340281e-30,-1.591992951329933e-29,-2.8965986363584027e-31,-1.592012210629377e-29,1.3202249768774502e-30,-2.619515095259411e-29,1.6668153296693771e-29,2.1090473634995742e-29,2.735879782499288e-30,-9.715353604461411e-30,1.6577441996313133e-29,-1.4390452247964207e-29,-5.4182187125446106e-30,-1.5822188568621678e-29,-2.4453147317895856e-29,1.100418592324535e-29,3.2444215843147375e-29,-4.501832356055998e-29,-1.025114731498994e-29,-2.857810407278444e-29,-1.007608028304514e-29,-3.353236626172616e-30,2.3809501530481642e-29,1.5191446511834858e-29,3.9151266874475924e-30,1.5744669888360092e-29,-1.5125868597228473e-29,1.2472514912846178e-29,2.77841394532108e-29,-1.7423503020882445e-29,-2.855191142554077e-31,-7.083185149467376e-30,7.586430643935761e-30,9.483471639157188e-30,-5.149262595810933e-30,2.7211464184247255e-30,-1.5264342960229915e-29,1.572695133287173e-29,1.4264014947115185e-29,-1.1695016994297051e-29,4.7570469626364726e-31,-6.0157384777907505e-30,1.634247854309789e-30,1.8161856413311902e-29
max_user_avg_please,-0.002707955051037301,-0.00297011231623626,-0.0030930376065438758,-0.0034815769529769267,-0.003617059605028193,-0.004708745675355645,-0.0027544643257518334,-0.0023716113804779842,-0.0031864966971364133,-0.002264596557399686,-0.0030997150290888054,-0.00260478589133235,-0.0032179405876807225,-0.007021275145993265,-0.0033482923440417856,-0.0033197283765207166,-0.0021013977757148566,-0.0078229871683116,-0.0019167190261418898,-0.0029225892893356385,-0.003121890647982857,-0.0026982605882189814,-0.0028822144397299314,-0.002215052106121669,-0.002831021019144321,-0.004246373933493941,-0.00407903178999626,-0.0028477386018277238,-0.0024421565606694493,-0.002619816926486709,-0.0013917404049460722,-0.002815327177341037,-0.0034248423253570894,-0.0023627946025624527,-0.0026646451478891837,-0.00368296469868455,-0.004795470218498724,-0.0021893411480162564,-0.003084616805253482,-0.0044232207449148905,-0.004542835584468451,-0.0014614863010668343,-0.002936961727377334,-0.0009549766632302881,-0.003932566774183039,-0.00022365648204655288,-0.002983528532946844,-0.003283828206698168,-0.004037958587319633,-0.0034285026660619503,-0.002818471505394207,-0.003015220337811486,-0.0030703586749502455,-0.0018548137120562944,-0.0026904585919025267,-0.002023196429194624,-0.004894330525040682,-0.0032242392463249746,-0.0032491637865487352,-0.0018173043096357654,-0.0022294434259464493,-0.0027653535683353787,-0.0030466889436682725,-0.0030179398404723713,-0.005555389047473459,-0.0030366970071333318,-0.002597379475095675,-0.002618966524435955,-0.0014146226883292399,-0.002994480638617571,-0.0028591241676690637,-0.002378986799314564,-0.0032415479255739673,-0.0030899556823629198,-0.0030102383803668666,-0.0026424599448041357,-0.0003731230949916269,-0.004297002881714069,-0.003252202382118343,-0.002843828507442985,-0.0030507917030176187,-0.0032937454755829244,-0.0041830968141077,-0.002958362256181988,0.002289223828880131,-0.0017659521707710374,-0.003121961983694259,-0.003663406002550735,-0.003143923136377829,-0.003398498640536424,-0.003590750306521385,-0.0017337069591711347,-0.0036059775294997962,-0.002169044318864997,-0.002569009380339658,-0.0030286123111888837,-0.0036728762227107234,-0.0029924777957224726,-0.0029273090917320155,-0.002021097034068572,-0.0024691831494835555,-0.003050951060651008,-0.000551352381060766,-0.002964504025723836,-0.0038097966439561166,-9.778424935124111e-05,-0.0026785423970181674,-0.0027095322058611013,-0.0032170539008191616,-0.003028684837172479,-0.006478251007630022,-0.0020504984416958565,-0.0031953173059274965,-0.003316038709183374,-0.002090044761862994,-0.0035381191199412767,-0.0029576250827040573,-0.0032752169573087783,-0.0025338329661893037,-0.0025456074426938027,-0.002929563044889269,-0.003100143212444383,-0.006561411210787431,-0.002927367402325909,-0.0020778840869864635,-0.003997284092565801,-0.0026418457044640204,-0.0028460244081872713,-0.0034075184925331133,-0.0020843829549898833,-0.0030779846759991947,-0.00288122707914607,-0.002985101558141178,-0.0022289253924365135,-0.003543519200893184,-0.002941289262932051,-0.002992538808832438,-0.0023678960501783124,-0.002885484601891305,-0.002946239871963083,-0.0030346130216757725,-0.0031382605241468686,-0.002911041214081157,-0.003232936328900317,-0.003256799962726778,-0.0033982754313647244,-0.0023681816805093507,-0.00391822855628907,-0.002198512199811594,-0.003132529196020032,-0.006799734598683034,-0.002732371812788067
average_user_avg_please_start,0.0,0.0,0.0,0.0,0.0,0.0,0.0,0.0,0.0,0.0,0.0,0.0,0.0,0.0,0.0,0.0,0.0,0.0,0.0,0.0,0.0,0.0,0.0,0.0,0.0,0.0,0.0,0.0,0.0,0.0,0.0,0.0,0.0,0.0,0.0,0.0,0.0,0.0,0.0,0.0,0.0,0.0,0.0,0.0,0.0,0.0,0.0,0.0,0.0,0.0,0.0,0.0,0.0,0.0,0.0,0.0,0.0,0.0,0.0,0.0,0.0,0.0,0.0,0.0,0.0,0.0,0.0,0.0,0.0,0.0,0.0,0.0,0.0,0.0,0.0,0.0,0.0,0.0,0.0,0.0,0.0,0.0,0.0,0.0,0.0,0.0,0.0,0.0,0.0,0.0,0.0,0.0,0.0,0.0,0.0,0.0,0.0,0.0,0.0,0.0,0.0,0.0,0.0,0.0,0.0,0.0,0.0,0.0,0.0,0.0,0.0,0.0,0.0,0.0,0.0,0.0,0.0,0.0,0.0,0.0,0.0,0.0,0.0,0.0,0.0,0.0,0.0,0.0,0.0,0.0,0.0,0.0,0.0,0.0,0.0,0.0,0.0,0.0,0.0,0.0,0.0,0.0,0.0,0.0,0.0,0.0,0.0,0.0,0.0,0.0,0.0,0.0
stdev_user_avg_please_start,0.0,0.0,0.0,0.0,0.0,0.0,0.0,0.0,0.0,0.0,0.0,0.0,0.0,0.0,0.0,0.0,0.0,0.0,0.0,0.0,0.0,0.0,0.0,0.0,0.0,0.0,0.0,0.0,0.0,0.0,0.0,0.0,0.0,0.0,0.0,0.0,0.0,0.0,0.0,0.0,0.0,0.0,0.0,0.0,0.0,0.0,0.0,0.0,0.0,0.0,0.0,0.0,0.0,0.0,0.0,0.0,0.0,0.0,0.0,0.0,0.0,0.0,0.0,0.0,0.0,0.0,0.0,0.0,0.0,0.0,0.0,0.0,0.0,0.0,0.0,0.0,0.0,0.0,0.0,0.0,0.0,0.0,0.0,0.0,0.0,0.0,0.0,0.0,0.0,0.0,0.0,0.0,0.0,0.0,0.0,0.0,0.0,0.0,0.0,0.0,0.0,0.0,0.0,0.0,0.0,0.0,0.0,0.0,0.0,0.0,0.0,0.0,0.0,0.0,0.0,0.0,0.0,0.0,0.0,0.0,0.0,0.0,0.0,0.0,0.0,0.0,0.0,0.0,0.0,0.0,0.0,0.0,0.0,0.0,0.0,0.0,0.0,0.0,0.0,0.0,0.0,0.0,0.0,0.0,0.0,0.0,0.0,0.0,0.0,0.0,0.0,0.0
min_user_avg_please_start,0.0,0.0,0.0,0.0,0.0,0.0,0.0,0.0,0.0,0.0,0.0,0.0,0.0,0.0,0.0,0.0,0.0,0.0,0.0,0.0,0.0,0.0,0.0,0.0,0.0,0.0,0.0,0.0,0.0,0.0,0.0,0.0,0.0,0.0,0.0,0.0,0.0,0.0,0.0,0.0,0.0,0.0,0.0,0.0,0.0,0.0,0.0,0.0,0.0,0.0,0.0,0.0,0.0,0.0,0.0,0.0,0.0,0.0,0.0,0.0,0.0,0.0,0.0,0.0,0.0,0.0,0.0,0.0,0.0,0.0,0.0,0.0,0.0,0.0,0.0,0.0,0.0,0.0,0.0,0.0,0.0,0.0,0.0,0.0,0.0,0.0,0.0,0.0,0.0,0.0,0.0,0.0,0.0,0.0,0.0,0.0,0.0,0.0,0.0,0.0,0.0,0.0,0.0,0.0,0.0,0.0,0.0,0.0,0.0,0.0,0.0,0.0,0.0,0.0,0.0,0.0,0.0,0.0,0.0,0.0,0.0,0.0,0.0,0.0,0.0,0.0,0.0,0.0,0.0,0.0,0.0,0.0,0.0,0.0,0.0,0.0,0.0,0.0,0.0,0.0,0.0,0.0,0.0,0.0,0.0,0.0,0.0,0.0,0.0,0.0,0.0,0.0
max_user_avg_please_start,0.0,0.0,0.0,0.0,0.0,0.0,0.0,0.0,0.0,0.0,0.0,0.0,0.0,0.0,0.0,0.0,0.0,0.0,0.0,0.0,0.0,0.0,0.0,0.0,0.0,0.0,0.0,0.0,0.0,0.0,0.0,0.0,0.0,0.0,0.0,0.0,0.0,0.0,0.0,0.0,0.0,0.0,0.0,0.0,0.0,0.0,0.0,0.0,0.0,0.0,0.0,0.0,0.0,0.0,0.0,0.0,0.0,0.0,0.0,0.0,0.0,0.0,0.0,0.0,0.0,0.0,0.0,0.0,0.0,0.0,0.0,0.0,0.0,0.0,0.0,0.0,0.0,0.0,0.0,0.0,0.0,0.0,0.0,0.0,0.0,0.0,0.0,0.0,0.0,0.0,0.0,0.0,0.0,0.0,0.0,0.0,0.0,0.0,0.0,0.0,0.0,0.0,0.0,0.0,0.0,0.0,0.0,0.0,0.0,0.0,0.0,0.0,0.0,0.0,0.0,0.0,0.0,0.0,0.0,0.0,0.0,0.0,0.0,0.0,0.0,0.0,0.0,0.0,0.0,0.0,0.0,0.0,0.0,0.0,0.0,0.0,0.0,0.0,0.0,0.0,0.0,0.0,0.0,0.0,0.0,0.0,0.0,0.0,0.0,0.0,0.0,0.0
average_user_avg_hashedge,0.011454861042647377,0.012577149488898187,0.012494786944145521,0.012679538058780478,0.011557656900641445,0.021614417166178634,0.010086414906117785,0.00963110400274606,0.0143515849690118,0.009200192921203791,0.015749330950935548,0.012094573397413579,0.011914918687614347,0.005487276619279134,0.012434910047328777,0.012724484042389081,0.006533937733871454,0.012633054218469938,0.012564495700850314,0.018328999828799892,0.012246754941180852,0.012111171357051084,0.011150956883889843,0.013400160098389468,0.011862726054686384,0.0124136032589288,0.012930146980439821,0.012821649520970153,0.013149464755713684,0.013343110456046227,0.024084551740334754,0.011649984518792608,0.014331173923243117,0.014186370615955183,0.011972905569677394,0.011314442766000911,0.009009498670135053,0.008058208025281424,0.009613836449072585,0.013522014799922077,0.01196466586865134,0.013968995478128118,0.011870440315740761,0.013769279844540306,0.014737128581040072,0.011662098571054453,0.011253760560018337,0.011037936327958135,0.017841519499698952,0.007358505368095028,0.013172635131376297,0.011944011756709642,0.012621060777155668,0.006332506168300834,0.010869596710611799,0.00945930136928663,0.00656489042366953,0.010015177631192659,0.013298650765558926,0.013207888228182616,0.012391335184814056,0.01543197627006613,0.011704630227312919,0.012041640239431547,0.012634080950250575,0.011378624131380816,0.012518415398286145,0.011735487871064407,0.013852950170254548,0.012308751716105381,0.014414895550718045,0.012912359892404109,0.011494950205381941,0.013002745495994457,0.011910680216400023,0.011293517388462336,0.009106307175521846,0.012689617880829297,0.013826286993524525,-0.007591180896591636,-0.0010661610213000116,0.012059910254786047,0.013394864465951596,0.011940741592084834,0.01135714308060757,0.011353361277578985,0.012542277326450952,0.00985520085651851,0.012041581568127464,0.0102748859206001,0.01227741216343105,0.02352207845102735,0.013332076442642435,0.009079913182338367,0.011124117127647033,0.011960770097956808,0.008467674528910604,0.011828159246585108,0.011793180679875503,0.00906409694764498,0.011347501984117896,0.011591945772542678,0.012152644109322203,0.013125265387913443,0.010456434862981218,0.009957744777408684,0.014372781378002585,0.010835064027476323,0.017189061671020047,0.01266114607041504,0.0019223462631117235,0.00800190711568528,0.011880290676828428,0.013582803737954475,0.012765377044962192,0.015805254950574055,0.01080688459804795,0.011173600908631544,0.013544120808620134,0.009371587651168824,0.011403209151240445,0.011776870931733425,0.013356466018532655,0.012372546834903048,0.01177324294553464,0.01275970238414747,0.011763133873338404,0.011732380751203838,0.007627571010816429,0.013588242687732307,0.011361119527590563,0.008530499241821303,0.01199761832337817,0.013510432323147737,0.005828569276730619,0.012388968502912535,0.012007496119234335,0.009407691237545885,0.012593861959317852,0.014382146056563835,0.010263973009447435,0.010331907808880393,0.010774217805328059,0.01415921333141117,0.010076496348422488,0.012945270545479915,0.0015917895402958512,0.014822669195125392,0.012019279496651953,0.0131548225886961,0.011542498555078187,0.02192059711650593
stdev_user_avg_hashedge,0.01580878636529226,0.015529711679241439,0.016569505320183177,0.016054142299242246,0.015662290928631608,0.019700396025760063,0.016313820604282495,0.015441995645732693,0.015488215401751217,0.018583494395586916,0.01983965633765302,0.02128429736696,0.016883755595719554,0.013768170182381474,0.016766280108469644,0.01631487993228436,0.025001799185217194,0.019903234101750118,0.012212201031766222,0.017539347060936992,0.01629774364433581,0.01589814743528555,0.017748447129643883,0.015358550241772899,0.016423231290257308,0.012788873031425984,0.016740031470964613,0.015045304469927984,0.02050962452139728,0.01791294193812218,0.01967472011388914,0.01554353787696604,0.019445166241661635,0.019005002323611426,0.016154671384914214,0.016038922020834165,0.01056410116204409,0.012743720830129276,0.011889183533034673,0.013800132792890968,0.01617226146754355,0.009486788114124109,0.015695213386880198,0.017557014914035482,0.01349808014422375,0.017803723723545696,0.016217237898591818,0.015226395734172012,0.012691455404724494,0.011013934285344503,0.015450170958356395,0.016035321463348233,0.016332861618375206,0.012475765038215191,0.01607966531727512,0.016562226053427692,0.019481991599307857,0.01431806931818861,0.015326110488611678,0.020377974557391133,0.01663045945369616,0.018919069303894406,0.01599379269656117,0.016209903034683025,0.0023468336686233216,0.0148879663421908,0.014687278345068243,0.017179019740736875,0.013539254753281636,0.016325820249966684,0.01871142794417279,0.017539215237038615,0.017070617656716604,0.015617790682640544,0.016939994886100783,0.015781979779458305,0.019800764604104473,0.017908854880259763,0.014983597088901816,-0.005867543158909694,0.014230502580809209,0.016746851875350147,0.018433423888309153,0.015997772215775027,0.016233078522583298,0.004442733754060211,0.016326330135290845,0.009070529945338725,0.01521595110832424,0.01580455271394479,0.018987038205364293,0.027614426229717926,0.013330992569294965,0.011122116561552646,0.01608983027898496,0.01584065468275234,0.01514962431263072,0.015982105191939044,0.016344164447464993,0.010649527670371108,0.016425639991083592,0.014045708682450211,0.008256505673957106,0.01658459854070618,0.016574832506038382,0.01401517791903603,0.017292989128780255,0.014267377496413795,0.00940171445830014,0.013651224366558823,0.013587656166282611,0.01307254652451071,0.016445100492705814,0.016176237510670172,0.016907359441263967,0.011684170128771721,0.01568564358976603,0.016517295312626367,0.01610883575528872,0.016276602673702227,0.015784643718729865,0.015768892388588477,0.014680911535094595,0.015297733797007393,0.016718622721491706,0.015688351614698927,0.015848999785349534,0.016841099218973445,0.010724712727060166,0.015683739326845438,0.015314741460480294,0.01646896032910621,0.01564376151142462,0.01413335183089934,0.02121145365552772,0.015073152060181295,0.01604311833667437,0.015782945317629235,0.01564147611667108,0.017857666831906448,0.014838474564523578,0.017122348762464705,0.015543006938950159,0.017237256118690134,0.016558547029399566,0.017424104153655518,0.012747486396804286,0.021307574528981015,0.014238204134458534,0.01715552626411885,0.015774672054850874,0.018494222295806925
min_user_avg_hashedge,0.0005601316632734468,0.0017752960561157813,0.001657521781560034,0.002289199574179907,0.0033159152163327,0.00789639754961852,0.004180300718704821,0.002327287324118018,0.0005451770288679176,-0.00418374590053954,-0.005395957223467057,0.0032260632872928435,0.0007672498938022104,-0.0149581648069725,0.0008019829820502429,0.001876459792841581,-0.00041724447842464603,0.005446124653616408,0.00045113933243842025,0.002830944953145228,0.0016143021082626538,0.0017682602838826247,7.795517333954866e-05,-0.0004513210060815929,0.00033698276773438344,0.003436218596863494,-0.0035835841160146223,0.0028201181389489495,-0.00607522550088996,0.001027635367067077,0.006916305568597691,0.0018798116973025233,-0.003398202341996082,0.005812360982191534,0.002105237999644306,5.1120722084188434e-05,0.003126646879675339,0.0017391113129330768,-0.0008162740827447577,0.0016205617663731329,0.0024124466976210637,0.008709726763931903,0.001512757308003189,0.007967476542575253,0.0003068698912371253,0.005672758561408425,0.001149570945105467,0.0016139667577338146,0.0033163633589420585,-0.0017158352146795473,0.004752477442528132,0.0013452094050307624,0.001339473899829675,-0.0008731938321375025,0.003354346721891976,0.0007939069414409153,-0.005294406221441182,0.002506848260861393,0.000995115543616398,0.0008834775895866492,0.0013822164890050503,0.005068580218603895,0.001175279659622698,0.0013517198188623732,0.020205887478776746,0.0008574048392062158,0.0032293728410991204,0.0025725057986211164,0.0067600758081533974,0.0012414501661446899,0.0001798872804694828,0.0016287082240106412,0.002444523217029858,0.0016955096223917124,0.0011836794725901094,0.0018837695638375708,0.006715517260928695,4.492080065645991e-05,0.0029356195404600357,0.009820882328170766,-0.001217360758360089,0.00027950245549369923,0.003605576607457287,0.0008957746405196827,-0.0007433343979276977,0.0003903258121011211,0.0024442952979986977,0.001924300471519735,0.004096567931258944,0.0012710730425886507,-0.0024820065902767807,0.00853195938642615,6.186331978122201e-05,0.003264445410096602,0.0002341064125795586,0.001398349687740337,0.00130797976514508,0.001221264446488752,0.0020344432611100645,-0.0005647431829374702,0.0019286807839534372,0.0018183585849677816,0.0035878697734622426,0.0005143590249152633,0.00544896457951889,-0.0016790384694465822,0.005740518488776353,0.0025879834380862013,0.004679437390372803,0.004501281283004924,0.009079384616105406,0.001586837591029129,0.0017321410595480102,0.0023077053860453,0.001233427407819532,0.004098626570566722,0.0020058095606636205,0.0012003583864790817,0.001676846633902605,0.0012212728253954176,0.0019098781989509168,0.0011815312433751148,0.007981029838039189,-0.00028389801104659884,-6.981995283229098e-05,0.002736313074844794,0.0008251874490523559,0.0004005045505743911,-0.00375869707622501,0.004404248082052732,0.001275247030252705,0.0004994788980701437,0.0014010914554431955,0.002997383774355291,0.0022511366926185675,0.003341658932943122,0.0013446134046654883,0.0008507496688298592,0.001142877393514416,0.0011077226309729443,0.003420982577399336,-0.00027678020788127894,0.0015279259481194712,0.00043394098961346307,-0.003312675037727999,0.0017970275891337553,0.0018212174904091568,0.00024076568998651453,0.005815125311834788,-0.0008183874404792844,0.002533520278657696,0.012455705512016073
max_user_avg_hashedge,0.021150162745045074,0.02111069188617065,0.022119532679334128,0.021913741217969122,0.021029153223695536,0.026872264628983653,0.022257099179800528,0.022721339717909766,0.021549072189399804,0.023039954693591005,0.023086533619820764,0.02670244853295664,0.022198110780519864,0.01837953360908547,0.021707231474749393,0.021909434220227116,0.027526075331920193,0.021060421964667085,0.019210893282087853,0.024100399439379198,0.021972357714598902,0.02159488414966251,0.02354798416581374,0.02112520059727478,0.021609048697571378,0.019300074889284247,0.02130948626208184,0.021321736115273326,0.024686461599633794,0.022732069843865284,0.025607663812775523,0.021367247807635416,0.024242516233472268,0.02411200762798418,0.021689300730781614,0.02123785550042138,0.01677128903081184,0.01816679085662963,0.018762319347164685,0.020271080670001707,0.02177585264301463,0.01667485581960765,0.021280642137092746,0.023980415416827033,0.019419884282528978,0.0228497768579455,0.021460653566357624,0.02068472025927285,0.018528869671147648,0.01701537662652619,0.02176792154868284,0.02153134991130747,0.02199349068816038,0.019118334942810462,0.020450877513138666,0.020870292508761767,0.02242609415696266,0.019167200157659915,0.020402717650423178,0.025300328211925738,0.021580579293869168,0.024992885591755512,0.021355603642816454,0.02170272648844032,0.012095779557498116,0.020783226591314492,0.02054816787480576,0.022020806692441226,0.022145796432447396,0.021764764618867716,0.023877332009317766,0.02313291200052088,0.02255074823092545,0.02148049355029656,0.02203306502322279,0.02091597334874067,0.02598423293055279,0.022642927019493456,0.020851388933858687,-0.0048195201514315104,0.01893489806118908,0.021801423697003754,0.024707646378439994,0.02154361545659349,0.02143616612412746,0.012281321789041386,0.022145368536894992,0.015232823054304291,0.021433355677558878,0.021832617930621846,0.024531190986936777,0.027484606687437085,0.019311650589938206,0.017993176683709117,0.021235019908278252,0.021389566767511678,0.022853602144142154,0.0214286209538208,0.02143536876863511,0.016552884764568357,0.02262977856714595,0.020140334270559133,0.015015406970773516,0.022601956084687375,0.021933540071723004,0.018844810982094368,0.023376339771396002,0.017490739914387956,0.015190405923851687,0.020624371292848248,0.021606711949521285,0.019570002707006436,0.021866824061871636,0.021884733139518407,0.021965517783839848,0.0170305875212113,0.021086998136986314,0.021812145631499393,0.021058242785917464,0.021870902943662972,0.021342660240461123,0.021262170586680482,0.02154325336477238,0.021048047311642948,0.023127420245346936,0.02140189127348706,0.02123158094397936,0.022267861944725627,0.016186873115234188,0.021648091429845744,0.020912436419195744,0.019064433383767797,0.021213215353883548,0.020824524418601945,0.024847767424955196,0.022914857167634323,0.02150927575265857,0.020882426275430584,0.0215831902511755,0.02342316644299648,0.020517024027625383,0.020554160650025872,0.020995279862960105,0.021170951643328783,0.021046229884753326,0.023348822713163422,0.01939089968879612,0.025895363685525086,0.021123170334727458,0.022281582056877122,0.021625663619641404,0.02574695606706171
average_user_avg_indirect_btw,0.0,0.0,0.0,0.0,0.0,0.0,0.0,0.0,0.0,0.0,0.0,0.0,0.0,0.0,0.0,0.0,0.0,0.0,0.0,0.0,0.0,0.0,0.0,0.0,0.0,0.0,0.0,0.0,0.0,0.0,0.0,0.0,0.0,0.0,0.0,0.0,0.0,0.0,0.0,0.0,0.0,0.0,0.0,0.0,0.0,0.0,0.0,0.0,0.0,0.0,0.0,0.0,0.0,0.0,0.0,0.0,0.0,0.0,0.0,0.0,0.0,0.0,0.0,0.0,0.0,0.0,0.0,0.0,0.0,0.0,0.0,0.0,0.0,0.0,0.0,0.0,0.0,0.0,0.0,0.0,0.0,0.0,0.0,0.0,0.0,0.0,0.0,0.0,0.0,0.0,0.0,0.0,0.0,0.0,0.0,0.0,0.0,0.0,0.0,0.0,0.0,0.0,0.0,0.0,0.0,0.0,0.0,0.0,0.0,0.0,0.0,0.0,0.0,0.0,0.0,0.0,0.0,0.0,0.0,0.0,0.0,0.0,0.0,0.0,0.0,0.0,0.0,0.0,0.0,0.0,0.0,0.0,0.0,0.0,0.0,0.0,0.0,0.0,0.0,0.0,0.0,0.0,0.0,0.0,0.0,0.0,0.0,0.0,0.0,0.0,0.0,0.0
stdev_user_avg_indirect_btw,0.0,0.0,0.0,0.0,0.0,0.0,0.0,0.0,0.0,0.0,0.0,0.0,0.0,0.0,0.0,0.0,0.0,0.0,0.0,0.0,0.0,0.0,0.0,0.0,0.0,0.0,0.0,0.0,0.0,0.0,0.0,0.0,0.0,0.0,0.0,0.0,0.0,0.0,0.0,0.0,0.0,0.0,0.0,0.0,0.0,0.0,0.0,0.0,0.0,0.0,0.0,0.0,0.0,0.0,0.0,0.0,0.0,0.0,0.0,0.0,0.0,0.0,0.0,0.0,0.0,0.0,0.0,0.0,0.0,0.0,0.0,0.0,0.0,0.0,0.0,0.0,0.0,0.0,0.0,0.0,0.0,0.0,0.0,0.0,0.0,0.0,0.0,0.0,0.0,0.0,0.0,0.0,0.0,0.0,0.0,0.0,0.0,0.0,0.0,0.0,0.0,0.0,0.0,0.0,0.0,0.0,0.0,0.0,0.0,0.0,0.0,0.0,0.0,0.0,0.0,0.0,0.0,0.0,0.0,0.0,0.0,0.0,0.0,0.0,0.0,0.0,0.0,0.0,0.0,0.0,0.0,0.0,0.0,0.0,0.0,0.0,0.0,0.0,0.0,0.0,0.0,0.0,0.0,0.0,0.0,0.0,0.0,0.0,0.0,0.0,0.0,0.0
min_user_avg_indirect_btw,0.0,0.0,0.0,0.0,0.0,0.0,0.0,0.0,0.0,0.0,0.0,0.0,0.0,0.0,0.0,0.0,0.0,0.0,0.0,0.0,0.0,0.0,0.0,0.0,0.0,0.0,0.0,0.0,0.0,0.0,0.0,0.0,0.0,0.0,0.0,0.0,0.0,0.0,0.0,0.0,0.0,0.0,0.0,0.0,0.0,0.0,0.0,0.0,0.0,0.0,0.0,0.0,0.0,0.0,0.0,0.0,0.0,0.0,0.0,0.0,0.0,0.0,0.0,0.0,0.0,0.0,0.0,0.0,0.0,0.0,0.0,0.0,0.0,0.0,0.0,0.0,0.0,0.0,0.0,0.0,0.0,0.0,0.0,0.0,0.0,0.0,0.0,0.0,0.0,0.0,0.0,0.0,0.0,0.0,0.0,0.0,0.0,0.0,0.0,0.0,0.0,0.0,0.0,0.0,0.0,0.0,0.0,0.0,0.0,0.0,0.0,0.0,0.0,0.0,0.0,0.0,0.0,0.0,0.0,0.0,0.0,0.0,0.0,0.0,0.0,0.0,0.0,0.0,0.0,0.0,0.0,0.0,0.0,0.0,0.0,0.0,0.0,0.0,0.0,0.0,0.0,0.0,0.0,0.0,0.0,0.0,0.0,0.0,0.0,0.0,0.0,0.0
max_user_avg_indirect_btw,0.0,0.0,0.0,0.0,0.0,0.0,0.0,0.0,0.0,0.0,0.0,0.0,0.0,0.0,0.0,0.0,0.0,0.0,0.0,0.0,0.0,0.0,0.0,0.0,0.0,0.0,0.0,0.0,0.0,0.0,0.0,0.0,0.0,0.0,0.0,0.0,0.0,0.0,0.0,0.0,0.0,0.0,0.0,0.0,0.0,0.0,0.0,0.0,0.0,0.0,0.0,0.0,0.0,0.0,0.0,0.0,0.0,0.0,0.0,0.0,0.0,0.0,0.0,0.0,0.0,0.0,0.0,0.0,0.0,0.0,0.0,0.0,0.0,0.0,0.0,0.0,0.0,0.0,0.0,0.0,0.0,0.0,0.0,0.0,0.0,0.0,0.0,0.0,0.0,0.0,0.0,0.0,0.0,0.0,0.0,0.0,0.0,0.0,0.0,0.0,0.0,0.0,0.0,0.0,0.0,0.0,0.0,0.0,0.0,0.0,0.0,0.0,0.0,0.0,0.0,0.0,0.0,0.0,0.0,0.0,0.0,0.0,0.0,0.0,0.0,0.0,0.0,0.0,0.0,0.0,0.0,0.0,0.0,0.0,0.0,0.0,0.0,0.0,0.0,0.0,0.0,0.0,0.0,0.0,0.0,0.0,0.0,0.0,0.0,0.0,0.0,0.0
average_user_avg_hedges,0.012633252768546512,0.01316350113768264,0.012422062320820137,0.01216009373730465,0.013726105485262572,0.008744576106351844,0.014190191512143197,0.014199375891818427,0.013248678296814661,0.014902642125925738,0.011025220856967654,0.01577706254424117,0.012743540336213843,0.015745081990406605,0.01139761592185148,0.01290354242235913,0.009560396017813059,0.014278966118371546,0.01910954398225169,0.012989477525620675,0.01224448255813513,0.013091092842524129,0.011847400213808586,0.011521408935228926,0.012577093555404928,0.012769714338449811,0.013539045558521916,0.012906914720574182,0.013016696404907938,0.010711706306398061,0.024743616451282743,0.013095304256994806,0.015442197023687449,0.007912925004652217,0.012443090296123355,0.012852767472218292,0.007828040149932453,0.011397636916984534,0.01753335829914317,0.015018709124356183,0.0137033716827016,0.01934108397292643,0.01227341507383297,0.012069393728341496,0.01487745097232978,0.010944539505197418,0.012285120852544532,0.011669081961235115,0.010506139297082,0.012450870542173819,0.013508958681054655,0.01247762301210609,0.012323033069938299,0.013914247011798556,0.01665157694616985,0.010230012207899982,0.00667970500642618,0.010987069563981752,0.013243913076255446,0.012278088093094523,0.01329567317992787,0.014902768081461338,0.012457555583468902,0.012575544116914016,0.030208391128161927,0.011642868671462532,0.012622176491630749,0.013556724286981705,0.013750951618917175,0.012526243390573434,0.013046602624479698,0.01146364539979839,0.011583890530218039,0.012843320589589396,0.012345703291035896,0.012310608108179584,0.010821007616773182,0.014514907219414962,0.012902342404410547,0.0039859133964855326,0.0151447822079976,0.012907442874961289,0.013147202529028068,0.012867226021340258,0.013193332261073484,0.005561384354512679,0.012744114357416798,0.00882235006010975,0.01236668526793245,0.013783240037216607,0.011316430335757327,0.023972361370821173,0.012907881043254958,0.013290913773537024,0.013621702055197926,0.012686374419094149,0.003122989760133088,0.012396926639863574,0.01247171344836696,0.011052525606411602,0.01022448652871532,0.012260863553156892,0.011895049096996034,0.013204329792390293,0.011560212490429145,0.013176079037209739,0.010968878293785674,0.015611416559360956,0.01450225340204169,0.016997534849153475,0.011419568989611353,0.011725052290616048,0.012031109540711765,0.013083896831695987,0.01200636289173218,0.01408504635576176,0.012688853156168044,0.01181603763984422,0.009036481729835146,0.008637226374786155,0.012347933627393323,0.012484108695759093,0.012997268428937538,0.01351950832378672,0.012666497316579928,0.012556426138225368,0.012835757875291879,0.012646900397554974,0.012007686293417356,0.01214960685740065,0.012380038679910825,0.00017565402204867964,0.012463866526973871,0.015282697564444989,0.007478307033839029,0.014143932597593528,0.012464392282113525,0.013130762936507378,0.011390486717338737,0.012130581398984154,0.01281946243706733,0.009594333755664862,0.0126480789486915,0.015057461053496549,0.01217650796684917,0.014468018286538868,0.011853957577460807,0.006526445136298534,0.012844958449652336,0.012743912371019754,0.013032309328259606,0.013444605988819023
stdev_user_avg_hedges,0.029767001275229778,0.02962858528155668,0.029398798657036936,0.028062229961869384,0.026979163628089983,0.025518149786732145,0.03032292054584144,0.026014906402273035,0.02867484405304356,0.03178282597809658,0.023835909540317092,0.03750265449673845,0.030607519412025424,0.029036475468926765,0.030322866468722405,0.030067342178952544,0.02823167176825986,0.03608370774491512,0.02958981360138034,0.029904829002835035,0.029503212388041933,0.029878511921353212,0.0284157577890245,0.029837712779306358,0.0300795534957801,0.027767947917001976,0.030809911573219384,0.029879215950905487,0.02939371680182566,0.02989211931351691,0.03285854714697713,0.02918906819230524,0.03578536557919369,0.028565366442536773,0.02910717137757897,0.030523513226965438,0.023780030223001503,0.031435652722470696,0.029232365311684598,0.029007218924368295,0.031073505281393965,0.023577909547077947,0.029745047679479625,0.03213388756476239,0.028423928486082273,0.026063209084698405,0.0296354067441232,0.02935847405289287,0.024649380179294897,0.031710008228386675,0.030047666586445282,0.02980148704298166,0.02939372929778561,0.03206918258306224,0.03206966603738007,0.027644037821816944,0.031260823841308835,0.032302344523209486,0.029648932224350125,0.031095095487312704,0.030796900802183568,0.03498268514201473,0.030064535534937677,0.02987063127910311,0.024394212931229405,0.0286765565535349,0.028949613538286383,0.031191303725710322,0.02656199666657907,0.030169361347279718,0.02965121212259192,0.028802058029841142,0.029850863555091027,0.030108104186742084,0.030381151577698162,0.03025088970980349,0.02732650581739872,0.030679743285111537,0.030796355103775198,0.025685965132313388,0.024356529645256586,0.02989852344778903,0.03233949711241877,0.029995770289123085,0.030044341596240455,0.0162662017632971,0.029538360274969463,0.030601527963124958,0.03058012523293376,0.02908881981860651,0.027880263561481794,0.04312251871495507,0.030927285914937735,0.027484864662942893,0.029804925890491593,0.030006716913152886,0.020157790912216412,0.029843400641145913,0.030369908988640625,0.027215636478119046,0.025190236061990078,0.028775728439863806,0.03629661622985952,0.028124691811440082,0.030866908931142294,0.03020183772495917,0.029331284269539577,0.0309470092792739,0.038126630127285684,0.027350701843718628,0.014615570391456788,0.02392319475783445,0.029561826674053982,0.030085018895358875,0.030893623481543685,0.03658682587663828,0.030805888468429583,0.02890324668462273,0.028789130657094486,0.02778285758906136,0.029710693244683326,0.029757734807759888,0.034302753551735524,0.028693180288767862,0.028176865224804577,0.02851479520218265,0.030140270674507915,0.028849806245411648,0.026186862443705564,0.032527142085905805,0.029455341406336523,0.02922037464911336,0.030390766479655395,0.031568698451804114,0.02592306169982013,0.02907669313425312,0.029853171153643828,0.03174685923397719,0.031113887184677783,0.03047508116016395,0.029537380491635977,0.027531000112296887,0.03108886761082643,0.031804704712606074,0.030735510225306725,0.02905456305033121,0.03718317117182538,0.022607001329322623,0.03167667911540696,0.029732708403859706,0.029777049696153936,0.03731557431402779
min_user_avg_hedges,-0.06530709310369173,-0.06505004500812142,-0.06503306474939974,-0.06433464604152438,-0.062053905864140245,-0.05859580090375439,-0.06210788533321126,-0.06135899020950421,-0.06540609788446573,-0.060333361619157005,-0.06887740129859354,-0.06168811429170712,-0.06524590030960446,-0.05972845876754838,-0.06453922928089846,-0.06530207031896551,-0.05755452680517238,-0.05785394551283367,-0.06449663111123097,-0.06212157341508815,-0.06473173703672216,-0.06482360882165963,-0.06538404872431963,-0.0652534170457453,-0.06487547617991919,-0.060047111817379,-0.0675586875774557,-0.06539550451003892,-0.0645559658620183,-0.06501215027143545,-0.0581894893354545,-0.06524592592263222,-0.06627257925447037,-0.06398171746602917,-0.06492482529295912,-0.06725529470240738,-0.054803532539420156,-0.06887826223010717,-0.06140278421411625,-0.06228011833798185,-0.06388141980640699,-0.0647901690334627,-0.0651558425445231,-0.05937348673339419,-0.06255948917770614,-0.06251907101891988,-0.06489347661390184,-0.06492009262076685,-0.05697920925591846,-0.06518320916401414,-0.06357396211454405,-0.06516974521645723,-0.06521993676978341,-0.06140192530923879,-0.062093496380834806,-0.06394678228253002,-0.08299160023923838,-0.06153809818742206,-0.0655683884243473,-0.05884681497421919,-0.06595128628381607,-0.06310145596528212,-0.06475758494234567,-0.06500702560475952,-0.004304060920259342,-0.0659858908644219,-0.0651936667651864,-0.06560302980275715,-0.06178214439306033,-0.06531689567692026,-0.06455263653870638,-0.06435676526274843,-0.06420027678229362,-0.06558194928971851,-0.06408879637272263,-0.0642221098075142,-0.05094126424059139,-0.0638228410543695,-0.06541596061323525,-0.06794181119454445,-0.060706628817687666,-0.06463264633120919,-0.05795735446879722,-0.0655896260578496,-0.06529546145911189,-0.07117678503249386,-0.06261859496553368,-0.06719103144721146,-0.06305645663787493,-0.06401952438281994,-0.0665598006773906,-0.0504307163922025,-0.06536628840869857,-0.06217087589058169,-0.06275941959224669,-0.0651466379557207,-0.059132290085052046,-0.06554471430759798,-0.0633720105465949,-0.06482638347568048,-0.06157140611796798,-0.06608013546859565,-0.06453524127617448,-0.06717227745808516,-0.06063324745292551,-0.06434310124572071,-0.0673638910745505,-0.0706330496148878,-0.06894792696504407,-0.06336386704742739,-0.05081146434908078,-0.06579185487816273,-0.0647990642860715,-0.0650978766815284,-0.06592237778153921,-0.06782641936705786,-0.06386401047708935,-0.06369819375587618,-0.06930318498608733,-0.06355587237888966,-0.06509615434880418,-0.06515238961168554,-0.06787893408480233,-0.06076216724803392,-0.06423523493599614,-0.06267300397435034,-0.0657170102391651,-0.06543497248352662,-0.060974398178792855,-0.06947276905430075,-0.06498186560535771,-0.06228521319232419,-0.06538619957674988,-0.0657451486401792,-0.07032595336325229,-0.06723883273043732,-0.06513214284650105,-0.06465242943907851,-0.0651840628698968,-0.06547629193273095,-0.06378089059781239,-0.0644015113200893,-0.06688861191377224,-0.060967667674907175,-0.06725509813499826,-0.06445375687949007,-0.07006147566869088,-0.06594126914175422,-0.05993686197908592,-0.06663315074254195,-0.06353499686347384,-0.05606052203853376
max_user_avg_hedges,0.033256658038731346,0.033216838377946055,0.03298110584981336,0.0318695723899725,0.03127779428785069,0.028897233377398704,0.03432877190067233,0.029620079354769346,0.03241793810193339,0.03610071766570691,0.028242379858116375,0.04057271198909715,0.03400661715299344,0.03510060682890881,0.033363887244606205,0.03357082224528446,0.03251472922971676,0.035947667003948136,0.034337357283491896,0.03341677375859373,0.03300725994833585,0.033279547143633556,0.03221882487419371,0.03338041580513523,0.03366517510150018,0.03199682718082515,0.03377339807263054,0.033270337453681055,0.033445628994511103,0.033252636187162475,0.037681942923430044,0.0328089038386868,0.037712232259540054,0.03039127045672992,0.03296286427723846,0.034406724922528775,0.027037232141267426,0.03326755522057311,0.03329749148745414,0.03285551980099227,0.03466335216783845,0.027160862832993578,0.03333266548550961,0.03569072077146977,0.03254616510712556,0.028797250357949625,0.033161071259592986,0.03301725235422655,0.02894661652547461,0.03522588122750142,0.03397769596978274,0.03328382836025903,0.03293798479117929,0.03609096867124871,0.03582713036054951,0.030574982247966037,0.031630455997197084,0.03509152090258247,0.032806233459621296,0.03511784413960045,0.03386878296291042,0.03784624773438389,0.03358581317892102,0.03340107099995095,0.034617113374112704,0.032306651335833145,0.03212934930096288,0.034315463876595294,0.031989676778669957,0.03360213002146846,0.03345954653040047,0.03233612456866597,0.03313621197972126,0.03321911292926616,0.033794114874206686,0.033456135631950476,0.031822053895506505,0.03425535677207535,0.03433155523145823,0.03091149702361341,0.02797564207609849,0.0334755473588706,0.03554729563284348,0.03352365527967615,0.03361306869310586,0.0206709532121161,0.0333455419289568,0.03265706759365926,0.03448749902587615,0.03287841801950012,0.031587064139959084,0.04079486976023541,0.03357909224435473,0.03248852348878042,0.033627806849121145,0.03346580929787937,0.023947845477260508,0.033266582958013505,0.03329806928701052,0.031346499550158106,0.029988636190151158,0.032550079418091196,0.03898108114889956,0.03201388110983274,0.034029986370313715,0.03318991375329368,0.032684084429252754,0.03215567629513218,0.04114051206004411,0.03312127072398849,0.02047689522268517,0.028423575731008257,0.032941566728466154,0.033488220194022734,0.03335041970895939,0.03947915917870018,0.03417715227591067,0.03248691901235767,0.03135254568960618,0.031376571201799854,0.03320515931609275,0.03325505968153761,0.03655605195076904,0.03306551631208457,0.03355058915457397,0.03232279900697959,0.033611743816865436,0.03259616937769236,0.030919320453904532,0.03489716191383349,0.03301525541747703,0.029078378537738814,0.03375489355990407,0.03458467296654201,0.02798198960408363,0.034090527360506204,0.03332573468779119,0.03454181557038314,0.03412125374658085,0.033886433964262115,0.03315844155558745,0.030731784837771454,0.03433197240692151,0.03520375514763879,0.03370579823405939,0.03120175031125467,0.039476449675643836,0.02575977509199117,0.03496068146511099,0.033195455922379775,0.03343508907917127,0.03852675608869978
average_user_avg_factuality,-0.03429288319809788,-0.03437169457331397,-0.033879208906266174,-0.03456103542346251,-0.03203066021950817,-0.02420367210414034,-0.0346403178100893,-0.032321489603732344,-0.034598790585916146,-0.03489812588401447,-0.033960675337232085,-0.033265179344588544,-0.03477459732670863,-0.033109388772054354,-0.03362701283404471,-0.034353450485416354,-0.03278818907731608,-0.0392344159083239,-0.032188673411503416,-0.03358692631613819,-0.03418774763906228,-0.03457003157452064,-0.03426562998209341,-0.034617194079346304,-0.03407695492448922,-0.03527530162417641,-0.03459346430392914,-0.03443295833744623,-0.032273799446205724,-0.03430405403611164,-0.03665524969733994,-0.03491137447655809,-0.030059719205309275,-0.03292235453097251,-0.03386996671356295,-0.03605082764889571,-0.027576420108452692,-0.03690369141151539,-0.03616279473922593,-0.03472703883919303,-0.03589372256911345,-0.02981015527681383,-0.034385587288323846,-0.0377643856106605,-0.035616686710892936,-0.029005600282199912,-0.03385996355059738,-0.03449956953964105,-0.034015675659602986,-0.03514679946155494,-0.03508173811726551,-0.03441828839955655,-0.03451776964438382,-0.03475517281656514,-0.03322868244274519,-0.026296390507602713,-0.034762473506074275,-0.035871498039306546,-0.03434313433046569,-0.03282330376208832,-0.03517408195571433,-0.035388185025777175,-0.03436309189761605,-0.03427641486601443,-0.026911853415432955,-0.03504586940037782,-0.03473790201373867,-0.03455600108511431,-0.02955248870044992,-0.034308117247097106,-0.034807690042801626,-0.03380087777673645,-0.03407987994182732,-0.03406757659647458,-0.03432467439766848,-0.0339987557030135,-0.03398877933073679,-0.03523592089193421,-0.03579607053899321,-0.03033060593752808,-0.031395841830628095,-0.03454079780600679,-0.03403189469075022,-0.033979021717027096,-0.03484937441755866,-0.027743426142967178,-0.03419723230208288,-0.03555750707425861,-0.034769316705461475,-0.033202365922136344,-0.03440761506725992,-0.027408434757208965,-0.03738246204843096,-0.030979862100538717,-0.034433879960740474,-0.034453147787927275,-0.03235240448614771,-0.034431134479476544,-0.033544351153547806,-0.03463743423100635,-0.032505109664714704,-0.034982409881234404,-0.03463025961490172,-0.034045786050788944,-0.0329588738219614,-0.038203267096256474,-0.03329566409045836,-0.033736520766025166,-0.03382884450838912,-0.022865328553570895,-0.03502652019913207,-0.03186708801809498,-0.0345591564523697,-0.03444333556192728,-0.029445743400154257,-0.03403615823681486,-0.03396969863978254,-0.03445212141840806,-0.035292439146517966,-0.028354620163784167,-0.03465662944345979,-0.03425102745458712,-0.034334436701193544,-0.031187695577131736,-0.03372240584309573,-0.03490383110095116,-0.03447043817076986,-0.034236237907488934,-0.033909529634737264,-0.03276945241796654,-0.034441715711194726,-0.03211602811455752,-0.034474185590292195,-0.034606474525276806,-0.03589698016588205,-0.03522709903660083,-0.034455321748936854,-0.03444448195428692,-0.03560372958904208,-0.03436938639173821,-0.03371728610711769,-0.03442600061054641,-0.03436770108560242,-0.03236228271803812,-0.0336653550191552,-0.03523045887607416,-0.03350006704463785,-0.03426048906450146,-0.03276124480588705,-0.034140591382617144,-0.03588494281617106,-0.03210934918869231
stdev_user_avg_factuality,-0.03325778164226253,-0.033419055632592995,-0.03294754337988435,-0.0337118694405477,-0.03035664698108629,-0.02463805296782106,-0.03365983873836412,-0.031125578694305493,-0.034434124020750356,-0.034233807831514876,-0.03245604324536985,-0.03170345800707859,-0.03370847960556113,-0.03280056990507475,-0.03226731765476566,-0.03484508413210596,-0.03372256245891276,-0.038276595446991094,-0.031096275414065556,-0.0324587832416448,-0.033438687421490414,-0.033681803185764914,-0.032707788641419086,-0.034386945135755145,-0.033188944695877826,-0.03562172197352878,-0.03361542586829643,-0.03355518690699376,-0.030840003701610854,-0.03352240662112651,-0.040113162592358545,-0.03423246620234546,-0.026210598681348226,-0.0318150151332846,-0.032623867132361754,-0.03625376300883457,-0.026097366351218995,-0.035645496598683275,-0.035134305519208375,-0.03425341750975632,-0.035393768100690684,-0.027352605269366885,-0.03370605765103932,-0.03634220539934151,-0.03514885779043949,-0.030585879120468815,-0.03242505197070552,-0.033535874935863255,-0.033291029085892945,-0.03390019660396808,-0.03450508777999914,-0.03347686387687931,-0.033654611987531835,-0.03400081672601542,-0.032196341936390066,-0.02383265621021779,-0.03278572208284776,-0.035561393793816266,-0.032741430996497484,-0.032330704342212434,-0.03502020406513504,-0.034714946863641134,-0.03347134402253064,-0.03330359128017104,-0.026337073406942222,-0.0340160959052681,-0.034096075305328835,-0.033922808756917486,-0.02731184342982266,-0.033445634943367976,-0.03415111362505138,-0.03325201645573317,-0.03340831616882699,-0.03321828660959937,-0.03334216056650166,-0.033295796877234204,-0.03262798808317139,-0.032959658156712576,-0.03539609851895461,-0.029050715989938684,-0.02759362058390773,-0.0341497791991901,-0.03315070459822923,-0.03308801213036125,-0.03249860244393567,-0.026615505175871475,-0.0334050700055793,-0.035961678181763344,-0.034468999661469296,-0.033294096286737865,-0.032858079268974424,-0.03114617787493718,-0.037410803812619,-0.029514794381374457,-0.03345295493950553,-0.03351959671426731,-0.03225275121027904,-0.033470635599814974,-0.0325281938126871,-0.034923525207211065,-0.030939340933050043,-0.03413921466861745,-0.035463924110507763,-0.03241027596753587,-0.03113114047599022,-0.03851922550691636,-0.032156634071927606,-0.0318358860597299,-0.031937402838690475,-0.018993289229982002,-0.03297948392451472,-0.02999421909100561,-0.03358233803784977,-0.0331421015338176,-0.02982035273870421,-0.032259178912119844,-0.03272775802680694,-0.0337495048019797,-0.03455935463346844,-0.02490206045052266,-0.03380326981006429,-0.03332944908263893,-0.03054799591950228,-0.03835126687469558,-0.0339801344085964,-0.03392647375999587,-0.03353853397059089,-0.03335942521774205,-0.0321222804115779,-0.03235417184228241,-0.03353923865895838,-0.029870330331385468,-0.033294723790683475,-0.03368711279056913,-0.03278454090220844,-0.03381549845301674,-0.033515044955236405,-0.03348246330503146,-0.03513912476096481,-0.03356627708706448,-0.03298749554362364,-0.032944086596176286,-0.0332864041318177,-0.031016202679355856,-0.0322172064102634,-0.03290666529655289,-0.03222835298560164,-0.03331979704880699,-0.03016375993849466,-0.03311948892935042,-0.032058743860462285,-0.030875832010465204
min_user_avg_factuality,0.0,0.0,0.0,0.0,0.0,0.0,0.0,0.0,0.0,0.0,0.0,0.0,0.0,0.0,0.0,0.0,0.0,0.0,0.0,0.0,0.0,0.0,0.0,0.0,0.0,0.0,0.0,0.0,0.0,0.0,0.0,0.0,0.0,0.0,0.0,0.0,0.0,0.0,0.0,0.0,0.0,0.0,0.0,0.0,0.0,0.0,0.0,0.0,0.0,0.0,0.0,0.0,0.0,0.0,0.0,0.0,0.0,0.0,0.0,0.0,0.0,0.0,0.0,0.0,0.0,0.0,0.0,0.0,0.0,0.0,0.0,0.0,0.0,0.0,0.0,0.0,0.0,0.0,0.0,0.0,0.0,0.0,0.0,0.0,0.0,0.0,0.0,0.0,0.0,0.0,0.0,0.0,0.0,0.0,0.0,0.0,0.0,0.0,0.0,0.0,0.0,0.0,0.0,0.0,0.0,0.0,0.0,0.0,0.0,0.0,0.0,0.0,0.0,0.0,0.0,0.0,0.0,0.0,0.0,0.0,0.0,0.0,0.0,0.0,0.0,0.0,0.0,0.0,0.0,0.0,0.0,0.0,0.0,0.0,0.0,0.0,0.0,0.0,0.0,0.0,0.0,0.0,0.0,0.0,0.0,0.0,0.0,0.0,0.0,0.0,0.0,0.0
max_user_avg_factuality,-0.03436824418958974,-0.03453765962275329,-0.03403407710870601,-0.03480902462471473,-0.031509985574492846,-0.025350115930008847,-0.034716867228186496,-0.03221382384028296,-0.035327419887637705,-0.03544212680990986,-0.03374490318379576,-0.03299890188598719,-0.03483744093463961,-0.033763527740323256,-0.033499128829448686,-0.035916444599474955,-0.03454435708430893,-0.03948280037494155,-0.03213986360321644,-0.03364087666573433,-0.034502418042631586,-0.03478435569862619,-0.0339074547002183,-0.03537462475900961,-0.03427555688956886,-0.03645552136281639,-0.03461375677435184,-0.0346642344803078,-0.032023570069110316,-0.03462510579361694,-0.04032583646602986,-0.0352738284319588,-0.02777565480758307,-0.032877955276538494,-0.03378592900882284,-0.036987625389797274,-0.02726307587425358,-0.03681878427381367,-0.03608753964820308,-0.035180020797816305,-0.03650378459010037,-0.02867628788532394,-0.0347458622184452,-0.037675556498825924,-0.03617712940088195,-0.030954616273877706,-0.03363967839937124,-0.03464775937354807,-0.03428246448230775,-0.03503245798236274,-0.03559742266404787,-0.03458521603667429,-0.03474115897313744,-0.035096537834408394,-0.03333378141182013,-0.02509357545376474,-0.03403968899668701,-0.03650074183441439,-0.033959141553106864,-0.03325581636591636,-0.0359489340330389,-0.03578493777987396,-0.034565112324726296,-0.03442012320098638,-0.026952876081990203,-0.035114851199491995,-0.03516857115826137,-0.03493241596989844,-0.028710310945842293,-0.034524981711524586,-0.03519391398854826,-0.03425156200344377,-0.034479791503414695,-0.03434483501413683,-0.03446635166199104,-0.03433592721596407,-0.03370426120005461,-0.034454160921188325,-0.03635656290464751,-0.029761671236665094,-0.02928844811686399,-0.035100931566030794,-0.034170990643887476,-0.03416004576788429,-0.03375033973609923,-0.02759529159326389,-0.034483477238353356,-0.036804444676190706,-0.03545885779803086,-0.034020494833639635,-0.03408059857667143,-0.031106010114981597,-0.03816365049350795,-0.030821978698523555,-0.03457374474780053,-0.03462804769043992,-0.0331869615799012,-0.0345839880156464,-0.03364568912350911,-0.03580014083145742,-0.03224306649778219,-0.035226921059469805,-0.03631797687635671,-0.033637029067940125,-0.03240635750241428,-0.0394068303833015,-0.03329947453343792,-0.03307505300210932,-0.033339696972188936,-0.020731328579127534,-0.03412118419790264,-0.031359204678050895,-0.034680645404370436,-0.03436412065240497,-0.03057082509438388,-0.033598792073872556,-0.03391380927788943,-0.03483940367902177,-0.03572542714885171,-0.02651911674002976,-0.034905952226499164,-0.03444174688860725,-0.03208658823013141,-0.03706698997968718,-0.0347575301186826,-0.03502360104733342,-0.03464245795491263,-0.03443598881735966,-0.033361388341508126,-0.03350425967087037,-0.034653695836282666,-0.031294498233142856,-0.034469832490910776,-0.034807996041526054,-0.03454175976901553,-0.0351099326766217,-0.034625950373477286,-0.03455675491846183,-0.03615225693789642,-0.03465051176975713,-0.03405876845496807,-0.034446837664559145,-0.03443006610274301,-0.032252323595762536,-0.03344557347886174,-0.03433655178098264,-0.03319850464159872,-0.03442134015451273,-0.0319347092059797,-0.03425884380641362,-0.033527667805942275,-0.03170904328982403
average_user_avg_deference,0.002179377734607746,0.0012509294665715865,0.0021849513921420455,0.0021138471577891327,0.0038410975707477805,-0.008394777051932855,0.0043923594559093365,-0.0004051602496889673,0.0018655859146670221,0.00301711548447795,0.0051926578207833335,0.0015710025372061148,0.0030065922285569084,0.007352746400513898,0.002420610578537435,0.003009405848625071,0.002813156262754449,0.0047822813563650635,0.0008790069570694461,-0.0009945468471497694,0.0023348755692146027,0.004818184251298298,0.002517458691151421,0.002277329781450038,0.0024137738590375487,0.004584986533748293,0.0023565450983959856,0.0023258347362568772,0.004333583624493679,0.0016341282583438588,-0.004528235750418767,0.0021617802079560294,0.003789866240953007,0.005830651772461965,0.0025816640250032417,0.001390049015983056,0.003351276952850797,-0.004395545169220647,0.0012699680412496042,0.001609949596757915,0.002763313264058558,-0.01198444481296677,0.002594129756055011,-0.0016898048234862111,0.0012831031315056942,-0.0002495202922096051,0.0016943853420883451,0.0026680776599280736,0.00819280418746882,0.000794230596221572,0.004239134957778182,0.002368633449383836,0.002546466605364589,0.0010357049085245422,0.00031225930010639336,0.002137908524780331,0.00351800576683897,0.00406638427352724,0.003865926990119284,0.008595508131240838,-0.0003242056845445644,0.005549672992143068,0.0012587618603664003,0.0025717625463044444,-0.0057771137976784966,0.0022078384762982614,0.0008652500060977522,0.00016478287386543014,0.003425920956952759,0.0024794283959675787,0.0022509156770313937,0.0013772618170469833,0.0009720400323925352,0.0012650166915744512,0.0026358935445587317,0.002678190657771664,0.0053074365949028375,0.0026707777608395225,0.0022177047625876137,-0.008232867792869136,-0.005140846697290036,0.0022643236676929065,0.0037843430203345525,0.002017419975818847,0.0018761642396654381,0.005329742478943557,0.0023404001351084863,0.004126019665995122,0.0019179474848451204,0.001277875407896754,0.002680202661187823,-0.007272214389422261,0.0008919167734995539,0.0017942768763983923,0.000247585266106385,0.002382407433726346,0.008372251276127693,0.002359091400460943,0.001847562028225995,0.001167797180457144,0.0015561573807117857,0.0013895926660386915,4.8234185485669656e-05,0.0026101412198738672,0.003394196908742861,-0.0024061731117296665,0.002653525511463025,7.063294164040904e-05,-0.004245361712761207,-0.002963836597568055,0.01154574377321562,-0.00037941941734767615,0.0030301089196946174,0.0021831070122988235,0.003192748226305041,-0.0018675349422634692,0.0037650952264783096,0.002740007459055973,0.0025116470994298312,0.0027091475940565525,0.002269980271109891,0.002245994076218779,0.0029714591780280724,0.0006497091677172412,-0.0012768862698439819,0.0017111731371364809,0.0017342517953446122,0.0017212349661442153,0.0010046700737523975,0.001831669052131028,0.0020428243466839996,0.001905675344336803,0.002232437309526117,0.0003174938476246461,0.005685816438136723,0.0066593958070688165,0.0023900405185009153,0.0017190866231456218,0.003986365977650832,0.0037459226551249305,0.001546425233293517,0.0014924365500078966,0.0022862700149160614,0.00876154072082261,0.0016239877827310019,0.0012538442714683656,-0.002864769278421206,0.0027147472617963346,0.007468474954990749,0.0022300883743211295,0.0029526939773832153,0.00799859178733359
stdev_user_avg_deference,-0.012600465096365681,-0.012995991893864405,-0.012691937835325042,-0.012852737497715427,-0.008848846436387905,-0.030141577782985658,-0.011720725854083618,-0.010502948999593337,-0.012666672147238038,-0.013274880697166161,-0.015248364361223479,-0.009674922961779863,-0.013159702803670681,-0.03300948653124508,-0.012881425481993825,-0.012684344387382043,-0.01654396942538685,-0.007791819730700096,-0.00974142256193155,-0.012726018134134789,-0.012553475550755477,-0.012160298726963937,-0.014448088608928399,-0.011271492973328696,-0.012699767103851223,-0.011781921900146954,-0.013667212752042864,-0.01249768147264474,-0.012497771336430895,-0.014865671908652928,-0.0011406772842545015,-0.011610669041593257,-0.013827111005398917,-0.010596051797291076,-0.012013729374483424,-0.014309789650945426,-0.012478383668071715,-0.004468491389621229,-0.013844586260522013,-0.011482327136207737,-0.012134217029128012,0.00034284682257797183,-0.012836122904424773,-0.008201577193616992,-0.0085969729899069,-0.011032233775691014,-0.01282944819213878,-0.013005950671485328,-0.0076651166110766125,-0.019015929287593745,-0.01391976759680303,-0.012640396380195165,-0.013053516307603728,-0.018110023617957167,-0.014471500438884972,-0.011267944572399533,-0.010035827211782703,-0.012765045475276553,-0.011477625388680104,-0.007385966232571702,-0.013968508540360837,-0.011602829681269067,-0.013240180214846915,-0.012428043674627312,-0.010451840906649607,-0.013801527000097083,-0.013023454539475083,-0.013701695673645965,-0.01107160039189838,-0.012721984900425282,-0.0126406424276845,-0.012263911761266469,-0.014302783200153251,-0.013398559142305429,-0.013659964743605289,-0.012380324638100258,-0.009051801517070572,-0.012836867480087805,-0.011903727469164856,-0.0008492423726197927,-0.01613542451095487,-0.0126992389629542,-0.012258365430949505,-0.012843148297191881,-0.01120979000930368,-0.015007338676966703,-0.012667020299870355,-0.013182811724048185,-0.014030690215500661,-0.013220118181213412,-0.015893239160329992,-0.010116880474562072,-0.015702158040593536,-0.017538260404540627,-0.014406363868440044,-0.012545399518763364,-0.01672849863631329,-0.012626721567842204,-0.011955030742971419,-0.014877006220549577,-0.014957895417167119,-0.014367648112280654,-0.017201385472200206,-0.012018355041847922,-0.01217657416416626,-0.008216889567226056,-0.012251660489355928,-0.004967614148540685,-0.01639743727556927,-0.007797207346958761,-0.0048983845142449335,-0.013955207588638337,-0.012504703202505348,-0.011953806510891719,-0.012696675953293313,-0.013658294628154839,-0.005723209176973918,-0.012673441254935747,-0.013981135520289827,-0.016236021538713542,-0.01297933648973737,-0.012962399572011611,-0.009654191847982715,-0.014180691103009433,-0.01952678223603527,-0.013131292278488485,-0.012408476307214894,-0.012833328838520588,-0.013245605809408156,-0.011740536917524323,-0.0132861339840037,-0.012184145011158908,-0.012541671516227777,-0.01546831657949671,-0.013087088048432581,-0.018846433917821273,-0.012582818722835377,-0.012785894813846507,-0.012778755445272235,-0.012407304707850828,-0.013439302842905763,-0.009118145957802762,-0.01194410547679773,-0.009538270177757244,-0.013945996323547243,-0.010530493462056312,-0.02601142001589294,-0.013798641096396735,-0.00977127862463345,-0.013128317110710979,-0.011387798120466596,-0.003467322288580363
min_user_avg_deference,-8.127424365314135e-31,-4.6334985567040314e-30,-7.341644948004143e-31,9.494353143342976e-30,2.3726301356884113e-29,-3.2083585461060865e-29,-9.761961109115582e-30,3.658785411849651e-30,1.4563111867478523e-29,1.27919303941228e-29,-1.018489532490302e-29,-1.2859434238673574e-30,6.822606827991783e-30,-1.8418342133655672e-29,1.4917386680748555e-29,1.2971138175448033e-31,2.8364133255963016e-30,-3.756333763532865e-30,-5.796278760627825e-30,2.621518062401574e-29,-5.811686200182923e-30,-2.3113855634568972e-29,3.788400497106912e-30,5.7820268790393595e-30,-4.6865579266719e-30,-5.9864643426360646e-30,-4.2087347074694265e-30,-5.23121091494461e-30,5.841249224829267e-30,2.4311976652972272e-29,-2.332397459150162e-30,4.36357947499816e-30,3.6657187596494454e-30,7.172163112898066e-30,-2.1329770430585856e-29,-5.78491577395594e-30,-4.859602732175093e-30,3.2239104304070135e-30,1.6169626330589135e-29,-1.6096055806713543e-29,-1.972681893787236e-29,-1.842315695851664e-29,-1.0787615100999005e-29,3.7266744423893014e-32,8.67438846952011e-30,-5.067506869671695e-30,-7.154251964415265e-30,9.246871145489216e-30,1.1627802039237936e-29,5.11199585138704e-30,-7.653741895492095e-30,1.129076429897017e-30,1.3116160700260392e-29,-1.9603366828437138e-29,1.0889207905565432e-30,1.392071793452816e-29,2.0294390492483278e-29,-2.328333746967505e-29,1.431322245719428e-29,-3.662155789252329e-31,4.029238036652536e-30,-6.896562537856253e-30,-1.5619965924461018e-29,-1.14823943284367e-29,-7.132488956043689e-30,7.169466810975924e-30,-7.970653667841014e-30,8.214476398800438e-30,-1.307735321188099e-29,-8.659077326462232e-30,8.018898212947915e-30,1.5169587206966063e-29,-4.820987836790129e-30,1.4084036793812198e-29,4.480897497560509e-29,3.563769658043307e-29,8.882196310519493e-30,2.3920820281267224e-29,-2.785482108216981e-29,7.966609214957801e-31,3.419498245909259e-29,2.3687879054493588e-29,-8.616225385199616e-30,-7.196911312683442e-30,-9.295115690596116e-30,2.270228440545342e-29,1.5658773412840421e-30,6.386383695588074e-30,1.627006357718893e-29,3.4431775545755e-30,-1.341207983621549e-29,-1.5803314455166683e-29,2.355335284787814e-29,-6.669784286904656e-30,1.679805727144269e-29,2.2351572562580504e-29,2.471805898174632e-29,-1.6214981980779455e-29,4.058069207920013e-29,4.3703202298035156e-30,2.3344196855917686e-29,-3.3302891708852424e-29,-2.7700072611138297e-29,-4.845736036575505e-30,-7.667030812108367e-30,-3.703755876051093e-30,-9.31716758845935e-30,1.3465428095675018e-29,-4.161260534340281e-30,1.591992951329933e-29,2.8965986363584027e-31,1.592012210629377e-29,-1.3202249768774502e-30,2.619515095259411e-29,-1.6668153296693771e-29,-2.1090473634995742e-29,-2.735879782499288e-30,9.715353604461411e-30,-1.6577441996313133e-29,1.4390452247964207e-29,5.4182187125446106e-30,1.5822188568621678e-29,2.4453147317895856e-29,-1.100418592324535e-29,-3.2444215843147375e-29,4.501832356055998e-29,1.025114731498994e-29,2.857810407278444e-29,1.007608028304514e-29,3.353236626172616e-30,-2.3809501530481642e-29,-1.5191446511834858e-29,-3.9151266874475924e-30,-1.5744669888360092e-29,1.5125868597228473e-29,-1.2472514912846178e-29,-2.77841394532108e-29,1.7423503020882445e-29,2.855191142554077e-31,7.083185149467376e-30,-7.586430643935761e-30,-9.483471639157188e-30,5.149262595810933e-30,-2.7211464184247255e-30,1.5264342960229915e-29,-1.572695133287173e-29,-1.4264014947115185e-29,1.1695016994297051e-29,-4.7570469626364726e-31,6.0157384777907505e-30,-1.634247854309789e-30,-1.8161856413311902e-29
max_user_avg_deference,-0.010717025566682494,-0.01100423766193957,-0.010750320027580654,-0.010947788543352457,-0.0065981785113827796,-0.025649181506773106,-0.009439744889089871,-0.00851056249219195,-0.010660708521785675,-0.01174779498729676,-0.012176600834784054,-0.008252714659806669,-0.011213637767618068,-0.029852072750769554,-0.011328060980117089,-0.010759510055702772,-0.014612463014257695,-0.0048762652462731905,-0.007883157481795713,-0.011003178825442966,-0.010630834801599612,-0.009748876807211218,-0.012051325241176688,-0.009705309933013672,-0.010808196787325225,-0.009770180813912,-0.011764475909021216,-0.010378495408167373,-0.010661038482312053,-0.01351498955195126,-0.001017437663070081,-0.009692464980062633,-0.011299025411973678,-0.008953487983356653,-0.010033038692681517,-0.012850730185121697,-0.010339331768502241,-0.0038130819984389074,-0.01131439444755376,-0.009886432939671355,-0.010364850094748305,0.0037454687425676828,-0.010952910275443276,-0.00826498708240327,-0.007521964091831323,-0.008462141438943156,-0.010826254293723723,-0.011074843321609712,-0.005351351103187182,-0.017016989256838987,-0.011548582770731244,-0.010727079348788002,-0.011027227603579666,-0.015856676371520682,-0.012297258505264998,-0.009178814319373063,-0.007932059786160274,-0.010635133487262402,-0.009445995427726984,-0.0052592820021180806,-0.011899273022109,-0.009287693476115012,-0.011667652661020027,-0.010498583721415794,-0.010077820184347185,-0.011702197875742077,-0.01086928855081883,-0.011525548412806005,-0.008581751896375361,-0.010798836243130928,-0.010867176368522236,-0.010362122347089109,-0.01227851972356862,-0.011473439670722303,-0.011815438421702053,-0.010545556389633799,-0.0071254294095171415,-0.010705548568927227,-0.010150349196758963,-0.001563355576889039,-0.013098656482540716,-0.010756690548656224,-0.01085086601165913,-0.010981573352179919,-0.009426377569589441,-0.011907473031614404,-0.010764114787271049,-0.011008340413379909,-0.01216677568002237,-0.01034222114406131,-0.013832051283028883,-0.008606698778988772,-0.013191618277956247,-0.015077035094953797,-0.012717624773798786,-0.010636165644924669,-0.014031676612728045,-0.010718870519989616,-0.01026096181255319,-0.012859453589683476,-0.013094854835354545,-0.012327364865243974,-0.015647517826585237,-0.009729570392239123,-0.01038720713711527,-0.00879279890199525,-0.010158836592521626,-0.003953574908469912,-0.01701660483534966,-0.006519085870403573,-0.0017618494530615945,-0.012124005969220444,-0.010457534373715067,-0.010150502378189628,-0.010487437482408192,-0.013940394488010162,-0.004444000986617614,-0.010644468174699197,-0.012155174821409282,-0.0140509749542801,-0.011010458777007851,-0.011038054953434146,-0.007997755022702908,-0.012515970299374856,-0.017549253949034616,-0.011259426534546924,-0.010545591223431561,-0.010808118354263558,-0.011594736366915603,-0.010080764119134056,-0.011493003223411496,-0.010911560031614045,-0.010689719559999235,-0.013075033099821262,-0.010664509071160563,-0.015693149894076976,-0.010687890101682602,-0.010954936738160163,-0.011288964722527849,-0.01041938487863723,-0.011357694704378488,-0.00790055896313278,-0.01011443814951082,-0.006980369139924253,-0.011899083891340142,-0.008629388440670634,-0.02377327668701749,-0.011381241723599958,-0.007291717601479182,-0.011059419804220788,-0.009466532123953264,-0.0008569988545812464
average_user_avg_gratitude,-0.010948549343623068,-0.011341961548265899,-0.011129545463235784,-0.011277705606661095,-0.011920753593261819,-0.00992612301702996,-0.01132637387283841,-0.009711490599932994,-0.011445104958001686,-0.012614297441024078,-0.0101337479561478,-0.013780880032496005,-0.010492770591374503,-0.007151654558262428,-0.011404870583536633,-0.011843062884465913,-0.01542462722549728,-0.004302985359637004,-0.0116262578693915,-0.010469028602524431,-0.011017715502279639,-0.012207545500165257,-0.01142629104817748,-0.010187864666494933,-0.011560774071251353,-0.012532623533747157,-0.006741266727987972,-0.009906553909112732,-0.012057117540297903,-0.00824505540780996,-0.011675644655729199,-0.011217738337316804,-0.007608108957963697,-0.01071250972928977,-0.010788363826250298,-0.010350514636739382,-0.01196258622943993,-0.010257652619650788,-0.00951459709720394,-0.011033540251454147,-0.010225961378105834,-0.01217688160727077,-0.011010097468197994,-0.01650964879042192,-0.012297934803677791,-0.016495335485765726,-0.010758375878429951,-0.011772482924121051,-0.011626166498877901,-0.012848544446668015,-0.012547315191048247,-0.011075448448411395,-0.011284538458800371,-0.010661146831138375,-0.013499058062240853,-0.01486433323041674,-0.013024993707859558,-0.012662150665835257,-0.012094099647318855,-0.012149197047593832,-0.011622099865585905,-0.014119628774703824,-0.011268066948565981,-0.011022585446191946,-0.019219715109785304,-0.002093823858959072,-0.011567241325688588,-0.012801480752806583,-0.008049889292397222,-0.011010737568307317,-0.011941361075630135,-0.01012875823446845,-0.011604989315781106,-0.011748174205442025,-0.013152960814649832,-0.01160673323343682,-0.010737860155100601,-0.013204589161847042,-0.010118834615116834,-0.016626492516507278,-0.014425345870364585,-0.01120205303450534,-0.01381599748044441,-0.011059097691628309,-0.01006106874490485,-0.010609199570615804,-0.010809339774462627,-0.011347666527780818,-0.008808977820940344,-0.009331116751117263,-0.01110352483865221,-0.019303339734761414,-0.01340581558924989,-0.01211924239678096,-0.01340181236821247,-0.011081820955588715,-0.012515775028579269,-0.011147986825514149,-0.010745389027190314,-0.008006989883487478,-0.009712019584083922,-0.0107288920902339,-0.013801778064832048,-0.011499553604854388,-0.012745019903769955,-0.009921037224839134,-0.012041042341377277,-0.016148315322527477,-0.011903489291233287,-0.011287564189867847,-0.014551629554999503,-0.01241877623699876,-0.010726169540072515,-0.011149838992932492,-0.010156635120504458,-0.012518281691390142,-0.01280744194699198,-0.011788789141815015,-0.009767316831038077,-0.011549947315186881,-0.01121576260943239,-0.01121994544309101,-0.01281817751913868,-0.008698174943648156,-0.012024916331763684,-0.012008182268500707,-0.010770680310449546,-0.010663277757811757,-0.009987925510535563,-0.013702897345684792,-0.011491433621314339,-0.013171651690353406,-0.011451116446900608,-0.011692899105640704,-0.0026617613698358463,-0.012580236771858284,-0.01122485838929063,-0.008314057823778375,-0.010357724774361598,-0.01152253646475106,-0.011629603500220145,-0.015395108407513033,-0.011805779544792238,-0.014766812758032714,-0.011024647585008743,-0.00659164733571801,-0.000787008098902627,-0.012590252976133351,-0.011511855878931323,-0.010929945765086312,-0.010565203495777414,-0.024862274469964238
stdev_user_avg_gratitude,-0.010579714792456148,-0.010838536726588074,-0.010605487763434123,-0.010400166227178187,-0.01205897277297843,-0.009323780296784448,-0.009012432883543461,-0.010318115521898359,-0.011070004564763786,-0.011447764835361009,-0.011768013922636733,-0.0034717739470934176,-0.010369985867013069,-0.009361329325003328,-0.009936058692404092,-0.010915692492811956,-0.013673757071419265,-0.006917331980875401,-0.010036045960611797,-0.009630803718938385,-0.01036858761917276,-0.011668994610671795,-0.010755351024213572,-0.010758599686028394,-0.011007552712632006,-0.012672572258237832,-0.009831422367396724,-0.009831403403911807,-0.011827070236626418,-0.010941255331627524,-0.010374922106516544,-0.01076502608548644,-0.009028230228666211,-0.011861430278194827,-0.010343761043686249,-0.011040420327437336,-0.010471685360559271,-0.010800985335976144,-0.019237702665670642,-0.010306675637121617,-0.010992437644905506,-0.009979056360289095,-0.010696008155832642,-0.009324532616047303,-0.010341348687563893,-0.014503271479222868,-0.010475490584336977,-0.010892959396648926,-0.015591314092657448,-0.012087343644511753,-0.011591118843335798,-0.010689358332947641,-0.011116739962012762,-0.008098266872878901,-0.012430094625885398,-0.010927746055604117,-0.012395847614676318,-0.011271671323776815,-0.010760206177833471,-0.010445232386080767,-0.010844600294548288,-0.011362911827470887,-0.010753254039356775,-0.01060433301811501,-0.01334914352282571,-0.0067952016049187824,-0.0111675135058386,-0.011207968701203493,-0.008949122529064402,-0.0106589688868679,-0.011801490062706253,-0.009925393284529304,-0.011039461065898537,-0.011525592708795877,-0.011486780046621507,-0.010649400217203304,-0.008138465179549963,-0.012093397078120436,-0.010698639326984626,-0.009592772317376262,-0.010196528554829163,-0.010913863070669508,-0.009512758714290238,-0.010624101027415955,-0.009047111067363745,-0.0052206157547390105,-0.010420572750332282,-0.011048617828651814,-0.008724349415546092,-0.010129212201353203,-0.011264675985694646,-0.014242706190958285,-0.014370997214841665,-0.01202045247684165,-0.012075223678327529,-0.010742563913146697,-0.01141466461006328,-0.010759768461488222,-0.010353004745998387,-0.010213302302782865,-0.013309797116232168,-0.011358288788168958,-0.01210636151365643,-0.011269455346659999,-0.01116018985195174,-0.008991755221268027,-0.011410146206418713,-0.014914396950344855,-0.008333549844634917,-0.010508566691661562,-0.01158102006140942,-0.01153254952035999,-0.010412947805416583,-0.010658685518468429,-0.01008480604126303,-0.0090365356460522,-0.011250843940936502,-0.011286206063686022,-0.011052679752316262,-0.011401065141616675,-0.010970477042318943,-0.010902516409450554,-0.009355046631920216,-0.008379306872429569,-0.011460760825990852,-0.011573036515904144,-0.010595685482826113,-0.011000623651469454,-0.010843405301981607,-0.012502028995485883,-0.010878121198792157,-0.009129045799713824,-0.010724020637462275,-0.011443473240920411,-0.008188922424174423,-0.010816680616272183,-0.01076609662895519,-0.010201711145567286,-0.01100051511722551,-0.010662534961844647,-0.010918680384331513,-0.012679929597202922,-0.010423828823448958,-0.010412202551193881,-0.010123963316658461,-0.006124104524452674,-0.005705590710294592,-0.014376673423753743,-0.00910462544009154,-0.01094943951897646,-0.008347529498907446,-0.01377523829178539
min_user_avg_gratitude,0.0,0.0,0.0,0.0,0.0,0.0,0.0,0.0,0.0,0.0,0.0,0.0,0.0,0.0,0.0,0.0,0.0,0.0,0.0,0.0,0.0,0.0,0.0,0.0,0.0,0.0,0.0,0.0,0.0,0.0,0.0,0.0,0.0,0.0,0.0,0.0,0.0,0.0,0.0,0.0,0.0,0.0,0.0,0.0,0.0,0.0,0.0,0.0,0.0,0.0,0.0,0.0,0.0,0.0,0.0,0.0,0.0,0.0,0.0,0.0,0.0,0.0,0.0,0.0,0.0,0.0,0.0,0.0,0.0,0.0,0.0,0.0,0.0,0.0,0.0,0.0,0.0,0.0,0.0,0.0,0.0,0.0,0.0,0.0,0.0,0.0,0.0,0.0,0.0,0.0,0.0,0.0,0.0,0.0,0.0,0.0,0.0,0.0,0.0,0.0,0.0,0.0,0.0,0.0,0.0,0.0,0.0,0.0,0.0,0.0,0.0,0.0,0.0,0.0,0.0,0.0,0.0,0.0,0.0,0.0,0.0,0.0,0.0,0.0,0.0,0.0,0.0,0.0,0.0,0.0,0.0,0.0,0.0,0.0,0.0,0.0,0.0,0.0,0.0,0.0,0.0,0.0,0.0,0.0,0.0,0.0,0.0,0.0,0.0,0.0,0.0,0.0
max_user_avg_gratitude,-0.01165283799208159,-0.011981139131064633,-0.01174228565898022,-0.011656035069936718,-0.012874209093422097,-0.010397360625176613,-0.010650776767477138,-0.01110457434615299,-0.012171104977793373,-0.012786286583608353,-0.012212162324706267,-0.007548292292996247,-0.011372663622146149,-0.009593064233291359,-0.011346988515576265,-0.012181237772799752,-0.015246081453106703,-0.007089466143094803,-0.011561468966992276,-0.010955602667951985,-0.011560916941315039,-0.01281804094121462,-0.011933820738331418,-0.011601719787905624,-0.012166892091489911,-0.013642088626159971,-0.009913222172955701,-0.01087006164053206,-0.012923515087722172,-0.01112316569472107,-0.01170776372039634,-0.011904855745757852,-0.009469457124189125,-0.012496724259610008,-0.011471894131210286,-0.011946359767912881,-0.011909899223611868,-0.011620592226398404,-0.01739279419355151,-0.011477847793592674,-0.01186347638102539,-0.01163156453666977,-0.01178409323154062,-0.012697443681324062,-0.011870030206817535,-0.016310768413409345,-0.011486974527934455,-0.012159278876816266,-0.015306956790996529,-0.013251561644152036,-0.012848480253529623,-0.011796760587982739,-0.012166784662845981,-0.009652998320397944,-0.013870716251270537,-0.01297153874498991,-0.013848637663561515,-0.012677579518592354,-0.01212711755937667,-0.011935702396584291,-0.012052595672920958,-0.01307872692848018,-0.011898638963509078,-0.011730034640828394,-0.01549564970309152,-0.006267394949956996,-0.012284801571067636,-0.012630666508225141,-0.009651713184465654,-0.011755827325700862,-0.012853272437505774,-0.011020445932746037,-0.012246801751501061,-0.012621327807427479,-0.013013615851338313,-0.011939363176485394,-0.009970644424443726,-0.013388906478344741,-0.011509004118341753,-0.012519738787404247,-0.012159210458751648,-0.012003305615653541,-0.011713927924140765,-0.011739300040954262,-0.010111456330988321,-0.007718482280191695,-0.01150270760359032,-0.012364202413568615,-0.00979354171758336,-0.01074181004456869,-0.012163593567444762,-0.016890441664689674,-0.015031503713047258,-0.013205396028458456,-0.013487696141079895,-0.011838648693315267,-0.012960481885791537,-0.0118735198479651,-0.011453647815534746,-0.010629986115612703,-0.013341963639512778,-0.012168384523450045,-0.013647168266404832,-0.01235510282680412,-0.012577784217049068,-0.010516285196218667,-0.012580306199299264,-0.016311413697931692,-0.010293155918856505,-0.011812311407051308,-0.0133085223173697,-0.012738036916992122,-0.011485131766861782,-0.011800812948916464,-0.01126428757016448,-0.010956249499801937,-0.012729564476231178,-0.01246182154385053,-0.01175032199963115,-0.01230143329509352,-0.012056484692682187,-0.01199681738493628,-0.011089928172820302,-0.009417808031736915,-0.012587951205282279,-0.012642874455062174,-0.011653412916002746,-0.011890944644118582,-0.011523414952178842,-0.014119119089471374,-0.012068679238825689,-0.011295998162295458,-0.011921096616595506,-0.0124121801785741,-0.007416334979395884,-0.01241672102113706,-0.011901902435719442,-0.01058288094001908,-0.01191739790626228,-0.011921047637422539,-0.012145938438047163,-0.014673117789445425,-0.011857591219877294,-0.012696475374388278,-0.010894344308503785,-0.007062109178244675,-0.005013866857048819,-0.01488244988422371,-0.01067495002496014,-0.011905763081968545,-0.009538493992171883,-0.018011198359142715
average_user_avg_apologizing,0.002313047403040512,0.00221792508648422,-0.00028241208833812426,0.0025466463007738803,0.003249885070185112,-0.0039939168971283865,0.0003553204210346621,0.0013675500541543923,-0.0003523038155419907,0.0025931552237021867,-0.002530953813747178,0.004606119958216759,0.0023310430182037264,0.0019898012190702414,0.002117062159464271,0.0021860643317823183,-0.0017821226860399728,0.0008148454618510919,0.0013166722165012558,0.00283117492266444,0.0023200690846598045,0.0016564056478853345,0.0038812827909013243,0.0015563704477225635,0.0026645049963597914,0.002115474918481421,0.002150694857122687,0.0028979939513711986,0.0008768536244328565,0.0012294391101148657,0.0013320684683401042,0.0025406622550284957,0.003224544970191619,0.0009553498004472669,0.0022963090951840575,0.0019456404805077215,0.0013689915289005457,0.004290547200089471,0.004633439059880638,0.0013313019079597066,0.0025699604018765672,0.005718860570773523,0.002277940824210416,0.008192248518617943,0.004859344248676772,0.00036360946822642376,0.001709034599891801,0.0022604205936526114,-0.00328665721290599,0.003041015601951631,0.002146819795453737,0.002352289636025559,0.0022218545629047485,0.002693647628792985,0.0035292598168564105,0.002777584071354571,0.006821115949886498,0.002714265926403817,0.0019628761324605015,0.0007300562809245577,0.002214290906783282,0.0013175587657608418,0.0023957684863318215,0.002493211490799817,-0.0021970964879255914,0.0019202788557347548,0.0019467275819512958,0.002938566515236632,0.0012002105475868007,0.0022068469291362516,0.001659904634826865,0.0025779672131013634,0.0020166777997683355,0.0007156604424139327,0.002769637853391376,0.0023036129378634094,0.002558999961286135,0.0033841170614549495,0.00182667197636391,0.004503861867694718,0.0014643396748056986,0.0023140339000568095,0.00485904065827961,0.002493784452865166,0.0016507428112464044,0.0008129746257378029,0.00178874008854445,0.0007895377155000272,0.0031043635573375084,0.0013813184405589481,0.004307245330788379,2.430941443232887e-05,0.00354413249118576,-0.0008347730822124248,0.0023227230396421113,0.002364787763827006,0.0047265033153964554,0.002473693430132852,0.0019195052134333354,0.004539738867420213,0.0024083471949165837,0.0019405708089009401,0.0034441890000047794,0.0015904480128782683,0.0008294954816998662,0.01047715522442329,0.0024848976442617653,0.004204673781933716,0.006075357497940781,0.0015803275342678134,-0.00249375812516784,0.0011841347259058952,0.0021121338922198253,0.002338643874314981,2.529351506293069e-06,0.0055101420933455665,0.002064506825847785,0.0023054415017309563,0.002121719299062014,0.0039448536755474885,0.0025221070022300746,0.002326139405506881,0.0017038591081681067,0.0010271488830540382,0.0018957241171275235,0.0016421119296325419,0.0038243146026676732,0.002055641537126545,0.00291970816239,0.001985723912784101,0.0023079802832960458,0.008524498442042483,0.0024361395454376945,0.0012748233310377385,-0.0009117822353140043,0.0044335946312689094,0.0024023333489358928,0.0033724976653651357,0.0015474468945999688,0.002494421466786887,0.002583982755300791,0.0003858491829283623,0.0034802631076560316,0.0016538498377570675,0.0019743757572382578,-0.0026970974555576522,0.004367686956658421,0.00043105335955112827,0.0002641801763512818,0.0027538764789697707,0.002350005946999568,0.0035873706359407197
stdev_user_avg_apologizing,-0.006494712161119919,-0.00697808498919218,-0.007597273417265941,-0.0059135292733647595,-0.0055748922383447785,-0.005994608673592512,-0.012015516302491015,-0.007879319578082654,-0.005910461487500868,-0.009391100428899107,-0.008710421243114299,-0.005686285520631669,-0.006750004207186593,-0.004130677341852245,-0.0060780586536311,-0.006832045603093566,-0.009968914652739658,-0.009265940192724732,-0.006874275507395808,-0.006970304533277139,-0.006484410486781842,-0.006872768000296374,-0.006141195806863545,-0.007274310130617609,-0.006559744131860836,-0.006947991608746036,-0.004366111980091155,-0.005391912109658714,-0.008602536567757318,-0.007838070160101927,-0.004497191499564027,-0.006325950067918712,-0.001626251335992905,-0.0046480113554288605,-0.00697895807369949,-0.007110155694177372,-0.005627364392077763,-0.0066832720630496546,-0.0038672521407959806,-0.0039055599812602287,-0.00801962463115679,-0.0009127749113371896,-0.006866900738718519,-0.002444279585824636,-0.0039137097165708274,-0.007103098283262919,-0.007121312899751869,-0.00710867807329672,-0.009866514150540047,-0.004913508021275218,-0.0065890933732900515,-0.006718383161486032,-0.006691082667201168,-0.00531742931104772,-0.005661104875997174,-0.0055323468577231135,-0.002724850878689608,-0.007676085036725469,-0.006770572599607652,-0.008731456416985178,-0.006571664178263039,-0.008704357041693726,-0.0066175065987056185,-0.006672978760456052,-0.004247846467377384,-0.006986195619151757,-0.006800629888443759,-0.005654002230190171,-0.007542533209238799,-0.006948850070407152,-0.006195524870646968,-0.006761303687901123,-0.007210405754891305,-0.009131008329273823,-0.006141714419247229,-0.006712368415864989,-0.004708297309870527,-0.005719849566736752,-0.0062330369240444425,-0.009906262761607384,-0.005605128936227251,-0.006197947381736846,-0.005937348116363772,-0.006559136083875018,-0.006714647980272626,-0.0027781388377412074,-0.006854185530762213,-0.005444621230259909,-0.00623980873713202,-0.007988521084180272,-0.00475690482957304,-0.00583648816307559,-0.005445271627671902,-0.009965094139143836,-0.00766211419851078,-0.0068762251962659875,-0.01088025495501314,-0.006674181948063805,-0.006562057290108441,-0.0052793608754045296,-0.008315876631270784,-0.007515805001565012,-0.0034094159629237415,-0.006589736424656769,-0.00790860136935164,-0.002564793333557835,-0.006621671645204959,-0.0056719963590141625,-0.0036945661777511383,-0.006647404427812002,-0.00769122910933157,-0.006597390862168723,-0.007119374009619534,-0.0069133143879282245,-0.00821318766260012,-0.004922767481698516,-0.00752708479057438,-0.006951308040851306,-0.007301349444212039,-0.006861160025742748,-0.006508796303862144,-0.006757501572669989,-0.015579688978252357,-0.004801835153566401,-0.006350220217011044,-0.007473292288092077,-0.0046766664321484805,-0.006892542443388255,-0.008429277582171655,-0.013398820808198847,-0.006148815271873911,-0.004625645576623109,-0.006798048003423587,-0.006418785968898494,-0.008112653022423564,-0.003759654705572997,-0.0067570677538617025,-0.005269550068256526,-0.007561139076226434,-0.006952857669034281,-0.00671604164977343,-0.010414429508242978,-0.00625891378603107,-0.006666900623810765,-0.006723902184236487,-0.004951319858471923,-0.007859904436041662,-0.008009281313143633,-0.009050352133492949,-0.0064029694954762795,-0.006280655558603248,-0.002833068580696094
min_user_avg_apologizing,0.0,0.0,0.0,0.0,0.0,0.0,0.0,0.0,0.0,0.0,0.0,0.0,0.0,0.0,0.0,0.0,0.0,0.0,0.0,0.0,0.0,0.0,0.0,0.0,0.0,0.0,0.0,0.0,0.0,0.0,0.0,0.0,0.0,0.0,0.0,0.0,0.0,0.0,0.0,0.0,0.0,0.0,0.0,0.0,0.0,0.0,0.0,0.0,0.0,0.0,0.0,0.0,0.0,0.0,0.0,0.0,0.0,0.0,0.0,0.0,0.0,0.0,0.0,0.0,0.0,0.0,0.0,0.0,0.0,0.0,0.0,0.0,0.0,0.0,0.0,0.0,0.0,0.0,0.0,0.0,0.0,0.0,0.0,0.0,0.0,0.0,0.0,0.0,0.0,0.0,0.0,0.0,0.0,0.0,0.0,0.0,0.0,0.0,0.0,0.0,0.0,0.0,0.0,0.0,0.0,0.0,0.0,0.0,0.0,0.0,0.0,0.0,0.0,0.0,0.0,0.0,0.0,0.0,0.0,0.0,0.0,0.0,0.0,0.0,0.0,0.0,0.0,0.0,0.0,0.0,0.0,0.0,0.0,0.0,0.0,0.0,0.0,0.0,0.0,0.0,0.0,0.0,0.0,0.0,0.0,0.0,0.0,0.0,0.0,0.0,0.0,0.0
max_user_avg_apologizing,-0.004079994771484174,-0.004643465316901676,-0.005854851696503663,-0.003712413169718721,-0.00338220305549767,-0.005224986526548663,-0.009080538394750329,-0.0055230272991296445,-0.004251109194609671,-0.0065213229910373,-0.006982617392775659,-0.003212720683503697,-0.004401321328693851,-0.002403642750998942,-0.003815422713808919,-0.004466984372591672,-0.00760883057582008,-0.006472409914797628,-0.0044872984335343116,-0.0047005887348215295,-0.004178943318801561,-0.004717202731393072,-0.0034469465092015353,-0.004992423893819422,-0.004209321266326652,-0.004643851403207708,-0.00247763040378322,-0.0031014278090942754,-0.006373530785368401,-0.005681601927364652,-0.003258877381171253,-0.003997650176413338,0.00030039048416717357,-0.003026113039981064,-0.0046224287500706,-0.004884497846454412,-0.0033088341731444468,-0.0037151477236727383,-0.0017673537178918477,-0.0021104514160838733,-0.005493051067070533,0.000827020893379873,-0.004501797722502169,0.0005028903995600471,-0.0016991779399791662,-0.005744009899178526,-0.004847925015995202,-0.004764347843845008,-0.008052198307240096,-0.0024332922514121733,-0.004233145507410634,-0.004371016862907237,-0.004372897153666991,-0.0029347917784177113,-0.0033456942256677516,-0.00321683548181938,-0.0004920247419444874,-0.005180572868150334,-0.004502311859747352,-0.006285695130093009,-0.004293923829534454,-0.006090869817612256,-0.004291657151996128,-0.0043106120400763556,-0.002674630144897633,-0.0046034354579146935,-0.0045090954255892456,-0.0034760462620370526,-0.005354156206652046,-0.004613436346904467,-0.0040549833327163986,-0.00435244744823234,-0.004942141910760612,-0.006669212270229949,-0.003827085263571453,-0.004383161254390838,-0.002535095800701395,-0.003396254805131905,-0.00416488483575536,-0.006359309548493188,-0.0035458200325728054,-0.003968498186252953,-0.0030712316569741615,-0.004201283021766334,-0.004288668796082452,-0.001152751152863304,-0.00456797026026977,-0.003469459952660018,-0.004050054093376855,-0.005549494724774259,-0.002255695042510209,-0.004207837222979007,-0.003102368594542761,-0.007697877871924597,-0.00518815886938186,-0.004472955694928809,-0.007574337877466395,-0.004311398863199024,-0.004282478313661422,-0.0026291713162876424,-0.005685259861889171,-0.005136424132774404,-0.0014257498616316207,-0.004393311854724225,-0.005723642830161655,0.0010031169921373706,-0.004328403952604898,-0.003105673709591349,-0.0011195170272195543,-0.0048879111520229055,-0.006296986794236831,-0.004568487950530784,-0.0047329573930730865,-0.004639179640350965,-0.006110336799766656,-0.0023249207845018934,-0.005156554391794615,-0.004632226374184265,-0.004905349795754118,-0.004210833101948277,-0.0041766734058781615,-0.004367668503692253,-0.01293903872563844,-0.0030458194575388488,-0.003998730073242128,-0.005246160030749663,-0.0023831586006951688,-0.00454979261875497,-0.005841595182819167,-0.010606528747449813,-0.0039515820764355,-0.001401389004816846,-0.0044169738991045576,-0.004119598090941427,-0.006679428072465035,-0.0012260171339088235,-0.004394918794704264,-0.0028885484597479345,-0.005292770823894205,-0.0045836088998789755,-0.0043499196933587825,-0.007917182242959675,-0.003807611727602759,-0.004455173254707422,-0.004410865409093004,-0.0027842968900447605,-0.005037111511493638,-0.0057827766768264776,-0.006168351085150181,-0.003995977409370813,-0.003989201543140317,-0.0012553761004121238
average_user_avg_1st_person_pl,-0.042738407950813614,-0.043316057940401956,-0.04372350507547982,-0.043254154702243044,-0.04033606208984905,-0.043811822447926425,-0.042236642070963046,-0.04262320730485763,-0.042892893080762495,-0.04304093302596349,-0.047011271438854724,-0.04432937368761643,-0.04239683778363927,-0.04307591854313741,-0.043614235818652966,-0.04315755499481023,-0.045189165622934874,-0.041972106560730874,-0.04057601837508387,-0.04316589256460679,-0.042935451610234376,-0.042916409348125836,-0.04075167106915794,-0.04263510607255077,-0.0424746406305296,-0.042492691791176554,-0.04131884332683433,-0.043046601739089765,-0.04278716964599582,-0.04308725761951916,-0.04074483784112966,-0.0427386983818039,-0.044955604619614224,-0.03757464803944373,-0.04298621831212679,-0.04133385867731964,-0.04108477995453901,-0.03760047554180397,-0.043890019847712215,-0.041696521137164926,-0.04252703649273769,-0.04544359209243829,-0.04296315088458218,-0.0387471125535101,-0.039287081539725384,-0.04692053688659472,-0.04325383462825144,-0.04298032722482657,-0.040538255195961465,-0.03889916246282156,-0.043192202155060234,-0.04292213146729209,-0.04241632811344861,-0.04042465506658513,-0.046217737020324036,-0.04386755594898794,-0.03555900902313514,-0.041690472591955303,-0.04227147129413161,-0.04174837515168591,-0.043859921854094826,-0.04098804525985994,-0.04279174818550068,-0.042885739870425606,-0.040373489211642646,-0.042646525550009654,-0.04188192524760724,-0.04245972939840668,-0.03981414053016114,-0.042664465459434975,-0.04325301054650229,-0.0427034313932157,-0.04355446029215103,-0.044341048056214916,-0.04279503629402621,-0.041365698227889124,-0.03980926592269603,-0.044779816969446724,-0.04223389768050184,-0.037251506014767524,-0.041083557156694046,-0.043082142874135795,-0.03618718729360193,-0.04219139212030922,-0.0435748102190642,-0.04391353419399626,-0.04216584363317659,-0.03950464110978411,-0.042621498389019304,-0.04092101028647403,-0.041946582179848965,-0.03478216230353792,-0.04263360437952154,-0.04437489719823429,-0.04277062010413732,-0.042733518220231255,-0.041472765512832,-0.042974026285718295,-0.04468795950698122,-0.043174357295357034,-0.04598431977792348,-0.04289087561390618,-0.040669005348986736,-0.04488445591800068,-0.04176877929443836,-0.036614430017203936,-0.043440161637576406,-0.0426659434681248,-0.038829924807686635,-0.041308060769233525,-0.046679874399577076,-0.046966783778846936,-0.042705600616672265,-0.043659792099321054,-0.0430044159123151,-0.04112208846277075,-0.043693009118926464,-0.0435700271559679,-0.04397403304304534,-0.045752812943030956,-0.04319123079552145,-0.04269297819896145,-0.04013154348300333,-0.040823708890371097,-0.04130314289728667,-0.04248117689751649,-0.04290317420301974,-0.04223406558364952,-0.0437530741748777,-0.04125352257920489,-0.04300277066934912,-0.0384354563468724,-0.042972140373968744,-0.04294705488697441,-0.045291352966707596,-0.043831590858606495,-0.04287297484527671,-0.040675768986828745,-0.042788998074119344,-0.04182158545946451,-0.04535281801822375,-0.04605998257991612,-0.043550336494788774,-0.04521874498988531,-0.043908470260347894,-0.042598298767808414,-0.036540053527243835,-0.033763378193456185,-0.042801897404610365,-0.042514790712523925,-0.04322974664834854,-0.03353004624257727
stdev_user_avg_1st_person_pl,-0.027118793514750578,-0.02684476326446571,-0.02805211850310739,-0.027057366777254715,-0.025645945590515494,-0.035770326010928846,-0.029007017414828983,-0.025692099203426286,-0.02847713600742979,-0.03016129399515549,-0.029690749763303374,-0.02509801994512417,-0.027319448028598963,-0.0390485712541421,-0.026020392725288707,-0.027215984762979834,-0.028175337866848057,-0.023203824946678848,-0.024480102790538062,-0.025824913532149718,-0.026472130679482276,-0.027873917599121587,-0.02757791809739589,-0.02607216653631881,-0.02667098558526288,-0.027368240712815427,-0.02848223864326847,-0.027032132565834047,-0.026022883119405878,-0.029367668628738634,-0.017603375920697578,-0.027206600584392837,-0.018836044354765352,-0.029848720257499607,-0.027363910405457013,-0.03187443006619051,-0.02628248763587035,-0.025973062761973007,-0.025673397240801508,-0.026205367460398653,-0.027537279503647625,-0.024686192874065867,-0.02700522035913758,-0.015574601909257805,-0.02433519798237054,-0.020276438779515783,-0.027879889151410202,-0.026489176680728872,-0.032499493467566865,-0.025366914343819335,-0.02636900084750486,-0.027032213505639724,-0.027553703297550892,-0.02838455443839368,-0.028310170764666163,-0.028948614250701114,-0.028099922344298867,-0.026816918491864745,-0.027842873667805516,-0.027353890159933857,-0.027719618160247195,-0.03155356654966418,-0.026852966140835537,-0.026912416033292846,-0.03840973447861038,-0.02739098127814248,-0.028921115195786502,-0.027830881880142294,-0.022870706863150146,-0.027354136412190977,-0.026851951577814115,-0.02697746245682991,-0.028379918819935644,-0.025891575093880653,-0.027354602456970276,-0.026132555271315288,-0.02447255370044136,-0.029613754688412566,-0.02816108501617235,-0.03230228886305325,-0.022358281914496174,-0.027618950332264126,-0.02493062802378565,-0.027192567530408135,-0.029361894649823184,-0.02055770579752568,-0.027416743729148457,-0.021876328527448797,-0.028000936747069775,-0.028451191532595142,-0.027105010179121626,-0.019892373669857993,-0.030857712517624637,-0.026807709487659863,-0.027206599366620215,-0.026903815344411885,-0.021164401229425117,-0.026957243444050212,-0.027211252775395135,-0.02726178247347149,-0.027752534226719725,-0.027270054469278642,-0.028347626892935955,-0.02796536813151155,-0.02612068704675963,-0.023376579723747216,-0.027819636910721795,-0.025115942208418437,-0.024739617901674164,-0.014767267261634843,-0.020871690925790623,-0.02786386202961537,-0.02714812350644899,-0.02699764173454486,-0.027394018492735497,-0.027201908853435815,-0.026667936295038382,-0.027508891244056262,-0.024879159234353278,-0.033021630456003065,-0.027202564244979036,-0.026741459040501955,-0.027801873410454734,-0.02658987084946093,-0.029080211248820136,-0.0272154859982211,-0.026655251976726156,-0.02632245547064556,-0.026402897893922105,-0.026140280700902373,-0.026887822803055107,-0.021138913424593078,-0.026557909515518226,-0.026740049123097843,-0.03397501274923296,-0.033184949184676966,-0.027068215794637272,-0.026349345364537067,-0.027686041615697037,-0.027303649887520147,-0.02821353295625412,-0.026379517182635648,-0.025801136832693826,-0.018102129553481717,-0.028132773183348017,-0.023529363553624782,-0.02823126884253476,-0.03159894329228006,-0.025181556174076206,-0.026929998095835926,-0.028918603753563834,-0.027841298266967577
min_user_avg_1st_person_pl,0.0635563037268122,0.06298962156242323,0.06262891128942157,0.0626763956247642,0.05908487198638669,0.03970658192324383,0.06291761703816215,0.06244755110774262,0.06646279109006785,0.06690108767266953,0.0672378162127306,0.061566723680377196,0.06392629726455015,0.0680616803996777,0.06388442237005827,0.06305059062429723,0.059662233447233176,0.06938846453968725,0.06040012086678742,0.06234447587664831,0.0629443442099307,0.06102193312182715,0.0647682211839862,0.06305068032471238,0.0630450730998401,0.06316467899040419,0.06494635603602468,0.06397220198116704,0.06422830641299855,0.060280615561410955,0.05677028678425977,0.06508765377782917,0.05735834188245229,0.06118733013209129,0.06317647388142393,0.06446985686121032,0.06213249838067892,0.06308071945232653,0.061438719454485834,0.0653859951448115,0.06304935235521981,0.061107154610641014,0.06349530408501275,0.06530278134601991,0.06534968317205152,0.03922639755116631,0.06298687577504902,0.06327046559385596,0.06456375410128277,0.0649981897821794,0.06343373082037551,0.06339266228099323,0.0638536658129631,0.061904580974388355,0.062378506880481015,0.06213690877788512,0.06879983669512156,0.06068540137274167,0.06464201533270744,0.06586094834155895,0.06133104407860095,0.06397275189403075,0.06331657131579162,0.06364068008964621,0.06391586741081222,0.0631016928176974,0.06323248327309564,0.06298693144902347,0.06719477644837918,0.06325441664170542,0.06445135649021723,0.06267779084152468,0.062201151801713254,0.06240422368874894,0.06287407770852252,0.062212246047688755,0.0648100713681444,0.06811982030597835,0.061694946933404916,0.06753709411280234,0.05894822770570368,0.0635769705751888,0.0653789199745487,0.06290315047590005,0.06483384409909929,0.061011893202556615,0.06397011121004809,0.05966443853035248,0.06318815869122368,0.0665130099192082,0.06561561394771477,0.054504008533846696,0.06291692367689317,0.06226066679297212,0.06411066748657693,0.06356087658955052,0.05742867937094988,0.06332180638261267,0.06342725028642544,0.0626235157808132,0.051378583828236915,0.06347908062587929,0.061681224911635975,0.06342616294207233,0.06182559878049832,0.06254905970859044,0.0627941178214497,0.06338477814766828,0.058207730817492635,0.06268964722399137,0.05543443235088092,0.06280004711227183,0.06402299008901219,0.0633838645272572,0.05834089233102388,0.061432527498535644,0.0641450665068988,0.06389394756314215,0.06273666293569446,0.06055831136156861,0.06318647242735173,0.06340970875775759,0.060874506489971135,0.0574534611038719,0.06251801574938382,0.06197278369166324,0.06323431101012326,0.06362580862059752,0.06397360677316502,0.060209709111704326,0.06406944696610394,0.059891047081850696,0.06411938500151579,0.0632231801386524,0.05727832182208458,0.06125260713981173,0.06343333877306313,0.06224901585677567,0.06340583303311911,0.06410971572156048,0.059085994007595774,0.06347446361295998,0.062198940960386626,0.06373321896729091,0.06207849813607713,0.05864791907153278,0.04887345606859058,0.0737802431582373,0.05845797165678346,0.06446131180232892,0.06476327448785149,0.06014510248429255
max_user_avg_1st_person_pl,-0.007701914760420887,-0.00773818576637754,-0.008889665304013068,-0.008015831395733464,-0.008026448792380634,-0.020308769290838774,-0.009947860984396503,-0.006774276696492294,-0.008187223571839417,-0.009684722288590207,-0.011783845027621717,-0.006342255911520924,-0.007681344986849085,-0.0169898091006285,-0.006898179785587813,-0.00808823313266639,-0.010164826473779379,-0.0023842981182364232,-0.005563750207222448,-0.00758971133420383,-0.007389457435941862,-0.009509395424341014,-0.0077613069170921626,-0.007277446288961421,-0.0075508269011434846,-0.007621861280245333,-0.00828886699757413,-0.007646576247753026,-0.0065344444491564745,-0.010713842557059783,-0.0022241384197034405,-0.007471734642942772,-0.0008520491199690461,-0.011331827563379138,-0.007909857027050516,-0.01070430350730635,-0.005085318929575658,-0.006176375493661923,-0.008527755259887327,-0.006642366509457236,-0.008266875388775553,-0.008554928459227588,-0.007619035733622673,0.00245458560633005,-0.004618212233571627,-0.008175339308933442,-0.00867186818449641,-0.007298022156764989,-0.012283932005857093,-0.00466265812692407,-0.0077330549678699765,-0.007729589187806408,-0.008035008444581201,-0.008765555400999204,-0.010877017702912557,-0.00907693316985737,-0.007045461832272225,-0.007405951684764708,-0.008246046547823606,-0.007630677725379455,-0.009178572653951021,-0.010889513558846958,-0.007532788573009937,-0.00765389837428676,-0.016235196116161858,-0.00817047110847166,-0.010090792490692557,-0.008528928014618735,-0.004126100549642206,-0.007988391660443564,-0.007637383398226904,-0.007752711522750125,-0.009307411568941416,-0.007647136250774028,-0.007966688422084084,-0.006686131632243834,-0.004427166419097541,-0.009609673415716627,-0.009365214486599945,-0.009174531645446037,-0.006923204756181243,-0.008186527999935998,-0.004972264325603331,-0.00769122512803504,-0.009597564983208177,-0.0011436813365143803,-0.0077385059201658685,-0.0036268109959857364,-0.008220148144709206,-0.00728252360132491,-0.007067774371761067,-0.004574701869622444,-0.010835861174219634,-0.00818653793226519,-0.0076225555487105506,-0.007562779443450818,-0.003673459699105178,-0.007694139853194762,-0.007762692939103781,-0.008048059081469026,-0.010962988319848757,-0.008087525641358577,-0.009526024793892609,-0.008721493299977257,-0.006833762650564026,-0.004672112030266545,-0.00855804034639514,-0.005147814159435384,-0.004358342732604719,0.0014352712668946428,-0.0070675267594503145,-0.011239176295053577,-0.007679004385189285,-0.008150269276052724,-0.008663501487303325,-0.006407636287381764,-0.00741825753734828,-0.008086502007838376,-0.006155464609746158,-0.013902261327858283,-0.00803807299182288,-0.007370280266398278,-0.008983436888542294,-0.007355593954742275,-0.009095932618932896,-0.008282334674824528,-0.0075486528093089734,-0.007048495666802449,-0.007069116835638961,-0.007726353544216155,-0.007397172635922416,-0.0016241584952233403,-0.007214894818858569,-0.007193140317264799,-0.019617886367609787,-0.013712902750838717,-0.007744272392213856,-0.007635799470868315,-0.007909880087561234,-0.007608846345770913,-0.009526519699349815,-0.007491351375346986,-0.006904538292275153,0.00027259166306848204,-0.008763761863418387,-0.0065864064403459675,-0.010593066541757373,-0.0097659437713484,-0.007617415891921053,-0.007325845228847823,-0.00917369555013096,-0.007366976291644879
average_user_avg_1st_person,0.07593394635017295,0.07553840059424706,0.0757691528774317,0.07577783839485247,0.08073553242677682,0.06022995516241346,0.07939642376259162,0.07616863704275309,0.07525246644398711,0.07670848479647972,0.07681879820981624,0.07525189586846748,0.07533986959012777,0.07991074926017236,0.07409592756701637,0.07614647095339626,0.07815488774117715,0.06875471921447901,0.08220220404022721,0.07725179996267448,0.07541614820473437,0.07773229045366735,0.07385069310256448,0.0742606635644384,0.07609282312105291,0.07609751620936944,0.07251876496615245,0.07616016192563832,0.07669104546654715,0.07414427244891794,0.06929924857603564,0.0763599370706148,0.06911837448591522,0.07506600749831144,0.0758505725279987,0.07313923974285699,0.0787055233963972,0.07395299877211736,0.0661152446313411,0.0739886684262902,0.07643950067982966,0.07845024268660489,0.0762240013780235,0.06483401438062578,0.07352641490862163,0.07528027114999891,0.07723573051078567,0.07631615502609039,0.07486139571747324,0.07669894420921974,0.07551368702790022,0.07600551690549773,0.07584308511231072,0.07327652965993066,0.07847558918917516,0.07799440072193939,0.0756566075030577,0.07564326876383148,0.076047061133798,0.07608917444718913,0.07456043906392731,0.07902341723253745,0.07614475062694528,0.07599091030015791,0.07817068964378339,0.07536754626777915,0.07467103223418724,0.07400554523446098,0.07533920900116088,0.07590436594997936,0.07392227122339608,0.0761133516114228,0.07523750468160117,0.07674402571422631,0.07838251146772816,0.07714100930028665,0.07161688010240913,0.07543074394263749,0.07462044229631767,0.08176598591455553,0.08661036131579879,0.07514857106159704,0.07938596200376542,0.07732356253311681,0.07604003001212711,0.08320236124125231,0.07579444048995597,0.07237526294680134,0.07534819903802628,0.07587973488453298,0.0727536893950046,0.07277916491007055,0.0772126037525003,0.0770769258790528,0.07524025271433009,0.07604275740406172,0.07091724772954851,0.07603221217467566,0.07504358411702569,0.07710015062817643,0.07741767465526041,0.07508142189551079,0.07016022033025399,0.07456771793469316,0.07608219328014408,0.07260341967313774,0.0759489340248582,0.075880348845839,0.07180001028801282,0.07807968998988933,0.06457948280872267,0.0757638213270147,0.07449929859968576,0.07616729538522451,0.07413727116775348,0.0724414081562315,0.07774700440337647,0.0751400105732429,0.07454753148673181,0.07585523516335571,0.07577626913875699,0.07597857867350889,0.07550431475689204,0.07483253940039043,0.07348519952932009,0.07706651907406198,0.07599255758329751,0.07567379332975502,0.07605754102360482,0.07631109184658827,0.07712346443097315,0.06321140283225381,0.07615759531686188,0.0742324817113476,0.07044304147763411,0.07421591823709613,0.07589593619401923,0.0744085914174408,0.07568378444681084,0.07529130003203255,0.07607354893255605,0.0786695701144508,0.07664104081052474,0.07175786985642789,0.0764760006328061,0.07658100311777798,0.07264722984092564,0.07543448500202714,0.0783354408408515,0.07562353919756928,0.0755015868151078,0.07666763631435108
stdev_user_avg_1st_person,-0.0120061369525364,-0.01250826844303558,-0.011146017622862376,-0.011248397662925728,-0.01162251879323309,-0.008217567975600634,-0.011314281153552208,-0.009539256398911207,-0.009348507669015856,-0.01194264170281132,-0.013619078073597364,-0.015565432509536025,-0.012216581488358759,-0.003041786333842323,-0.012974320816665054,-0.012010384899926636,-0.013597132744114023,-0.02309254913018536,-0.008362162435139816,-0.012288637822218357,-0.01197398552379808,-0.008163854964589407,-0.014682159906627483,-0.009586730356376586,-0.011820655544693349,-0.007926680632329612,-0.0076993413096272025,-0.012183827847496732,-0.00997442469820203,-0.014416558690847417,-0.015987594708980576,-0.010297542054479452,-0.011575303373725308,-0.010379517855909836,-0.011931441976596593,-0.009426116226239798,-0.008713153829456508,-0.005953891671935109,-0.006772889809856075,-0.014324693297878829,-0.011038756681040084,-0.006891409202827276,-0.011298211406185737,-0.018727133034410946,-0.017634807576743496,-0.008675064776459754,-0.010737347443428209,-0.011467623861282816,-0.008741870653993448,-0.010609894428136214,-0.0116595584252938,-0.011697852659013056,-0.011654003399187611,-0.011943731776592895,-0.013183350227832274,-0.009659810179752367,-0.010763886253347638,-0.01298302673617644,-0.012503270815318664,-0.010568412464678205,-0.010811186088012455,-0.00961952240315643,-0.01131372160308776,-0.011937887421001074,-0.00706339025330403,-0.011362811009930479,-0.013345762379583228,-0.010773402331216467,-0.01056931698119614,-0.01215107715520903,-0.012498542343355876,-0.011480202962463706,-0.01176588176280261,-0.011197765861913546,-0.010327144743150513,-0.011199363087034512,-0.014122585499947883,-0.011055074456873894,-0.011294947316705856,-0.01020424098230874,-0.021225417036206378,-0.011163484132865435,-0.014632286287006111,-0.011394372891579803,-0.012890026652834079,-0.0036244822725840812,-0.011228751615712544,-0.012974279070298272,-0.011987621529633717,-0.012886231068418595,-0.011446607037296566,-0.008338530155873495,-0.011199691984373629,-0.006575341604385931,-0.010830756213169162,-0.011796389295974598,-0.01714137985171763,-0.011796269232398281,-0.012146487672251072,-0.013624977671410955,-0.011114018646742857,-0.011251310997366135,-0.01338180849638417,-0.009961688718384739,-0.012029700019332889,-0.014770946496889557,-0.011495361343698503,-0.013433048202092825,-0.01415955030925695,-0.005370114707361004,-0.011478785309399412,-0.010713337593647516,-0.012767899303898569,-0.012145049424681099,-0.015772918942030634,-0.014339496873577103,-0.007400867132664711,-0.011861440961720315,-0.011392052265116517,-0.012989837229987108,-0.011076977439358504,-0.011794913515097406,-0.012518078577308803,-0.015373407609008285,-0.011565141224698195,-0.010426988597587254,-0.011848280639658693,-0.011468818154177815,-0.010650243793214133,-0.011231096748850774,-0.009197504724167185,-0.019919742922837727,-0.011394923625016384,-0.012597547774785499,-0.015815785351176333,-0.008283949207987876,-0.01162927974496011,-0.011982554785638692,-0.008089095429464389,-0.012099508178426333,-0.01222336908638498,-0.009597320890907377,-0.01174848740557538,-0.017779614108187125,-0.011846071219202503,-0.01252425097452114,-0.007661642678148591,-0.014168734360449436,-0.00976338622990539,-0.011301811927120793,-0.013086262071776102,-0.004075056971888245
min_user_avg_1st_person,0.008797435062830638,0.009226446375003965,0.009215846645966372,0.009288489740169966,0.014934958070195771,0.0018086977747888006,0.010878443268067138,0.0024116329770116794,0.007546688860888355,0.007242706572757896,0.014934515235659189,0.012128437618070205,0.008645046955501393,0.009204463963744743,0.009017511079603635,0.010334128086944581,0.01325929185771265,0.00922062486110884,0.004134719877694205,0.008189588236636038,0.008808407767482127,0.007649628292789646,0.009292261744403337,0.005949534553795724,0.00867405346744265,0.007411358188495755,0.004731744353708029,0.009424149853322336,0.008234182942839148,0.012524633932694536,0.028353184800782465,0.009178503588782805,0.00670233455968129,0.00673547361558386,0.007729805187593775,0.008847879096169043,0.015427444134434587,0.0023678313611661915,0.011357648737552684,0.008213940488925806,0.009441374616416573,0.01543997796889543,0.008841093779879242,0.013785005703288484,0.009073229924116105,0.009247379599688563,0.007783004272690363,0.00923138549802685,0.0059824931672483,0.00531491788152245,0.009309636523396132,0.00870073670845791,0.009499771822313059,0.01243369271421341,0.010601300431154544,0.004905375461903422,0.005497424316598502,0.009450220416565465,0.008858228311689916,0.011570237540016516,0.0044472344709601905,0.007133967259898869,0.008666478176904868,0.008824239735897351,0.00485269797600246,0.007947728004926963,0.007561610159594704,0.00341763920341812,0.01831946789708295,0.008525505071343736,0.009227081657865767,0.007996628946830751,0.00976741290990818,0.009798336979532975,0.009408054411667512,0.006918679331522305,0.002741531694990698,0.01059752546297253,0.006491827526356794,0.018885754808430258,0.05131906296125017,0.008597904926942117,0.01687907238663503,0.008528254784774335,0.010675332938220535,0.009538510781724255,0.008645411523409127,0.01425345792649045,0.009216297141435473,0.0073966438181286625,0.006660250459557425,0.0003260829128530554,0.013459230409175803,0.010209643375163809,0.00807697100208474,0.008551472029398613,0.015301329207143975,0.008693657830749331,0.008981383471865959,0.011961440956881567,0.0095105841503416,0.008888366726691445,0.008083158214853028,0.0068756758076315054,0.008881862849356575,0.012634819161891749,0.008219179623205411,0.008242153361314421,0.003250047919019481,0.01469031574213556,0.020220847626773057,0.015700849360832388,0.008419994410188017,0.009370654957277083,0.008174937336769024,0.004866857411296666,0.00923867506190287,0.008640423432313232,0.005328570260430428,0.009059067628460423,0.008550914243907188,0.008622392161953363,0.00478783665150241,0.013846466446446092,0.007931804196653656,0.007112977367379476,0.009730836071123135,0.008787923910562698,0.008241814655763334,0.003551688537708887,0.009037090879417797,0.007584699478160309,0.008878889097363181,0.006302122794925418,0.012810071920583253,0.008455395937057887,0.008336417761393305,0.0082169141842637,0.0032074082103095243,0.008297875091363566,0.0104106475405196,0.011795605789460133,0.009021303308733646,0.013673106720001986,0.0077298361444490355,0.008374269977017427,-0.007897467451599333,0.008693770235468818,0.00388401929871711,0.0068309385424164416,0.009547832348600988,0.011512736169754217
max_user_avg_1st_person,-0.003882574747147132,-0.004192676676880017,-0.003314686631858285,-0.003170895379173467,-0.0012827267729532531,-0.005772014034816135,-0.001610774922940799,-0.0026123610266564432,-0.0018801012907797357,-0.0039176098533728505,-0.003432260722642926,-0.00727431198652533,-0.004319986559617512,0.005710406139784158,-0.005028227131400375,-0.003843894544868323,-0.0033798824519637163,-0.013340669839055807,-0.00041529863762472356,-0.004387591262992069,-0.004086928290513473,-0.0006092703141545898,-0.006449857761604736,-0.0030210314407957267,-0.0038530770525626312,-0.0002713380251230038,-0.0014368203525052196,-0.0039003863740290183,-0.0026720251414511353,-0.0061627945527320885,-0.004225977101887508,-0.0022722766596500335,-0.005009116471044779,-0.002766058784831101,-0.0038697428483114417,-0.0023573173565611272,0.0002185311305032689,-0.002139719962353544,-0.0007973465094591372,-0.005439933059771104,-0.0031070824965934284,0.00197801617573567,-0.0034023573298207974,-0.010086224666999263,-0.009053698771902784,-0.0015915134050837505,-0.003109760700594476,-0.0032333069386364204,-0.000421607769912285,-0.0029854633896506944,-0.003631624628929171,-0.0037841676165569667,-0.003471512738314397,-0.003053905521747429,-0.0036661921584624658,-0.0005018112056598351,-0.005372435026949431,-0.00483220032626467,-0.004650245677952428,-0.0024319837872483355,-0.0040521486959686865,-0.001462703867987451,-0.003510953678476491,-0.003967859453539975,0.0037581395193109716,-0.0037204937251694836,-0.005596027147531551,-0.004495349983193778,0.0013300336021148662,-0.00430549928320949,-0.004724889966276317,-0.0038258312411625674,-0.003969633498409918,-0.003171304059917595,-0.0016353902234283058,-0.003572728652107009,-0.0071822836862010485,-0.0027697387291288093,-0.004027222341065268,0.0008094693990835806,-0.0006424179600084861,-0.0035067004942582,-0.0036385121685837355,-0.003534344171876721,-0.0040313384952732935,0.005338557587573879,-0.0034120780420835196,-0.0038506612334763546,-0.004216408001537728,-0.004293361425888564,-0.0046803778130024435,-0.004670992316253289,-0.0030346797662054725,0.002033684091910945,-0.0029906721442604037,-0.0038718471489290794,-0.007732905184979941,-0.0038832930859177047,-0.0044594660906705766,-0.0047147141198709865,-0.0030161847633477998,-0.00337991128735266,-0.0070619029643231405,-0.002673786329737287,-0.00355272438643316,-0.004301927738411211,-0.0037833195622994113,-0.005188747682714283,-0.00956384995632744,0.0035767594881305114,0.001813011610965514,-0.0011282238910160676,-0.004876032699229149,-0.004075322261765924,-0.008168751821673013,-0.008977432025594471,1.3408775149624519e-05,-0.003938955840192375,-0.00408890078047857,-0.005392402731408145,-0.0032466559562455985,-0.003867733028111456,-0.004495747058826431,-0.0058064822938754795,-0.003825455875459422,-0.0025299000563036855,-0.0037356870284977924,-0.0036601710241336077,-0.0024009369283917604,-0.004208610574478001,-0.0014331930181037348,-0.01576190926747769,-0.003590717194396617,-0.004709051124491564,-0.006058913590968513,0.00022668268148631938,-0.003861416118471429,-0.004240668053853843,-0.0021622482494830855,-0.004406196809854347,-0.0037433472402490387,-0.0013674290786836116,-0.004047856770075279,-0.008250373803048217,-0.0038062346038761005,-0.003058252157705244,-0.0022850448182860014,-0.005761712052197854,-0.002653083799133142,-0.004560346976006522,-0.004368046278267784,0.003590292022671049
average_user_avg_1st_person_start,0.022837782362931283,0.022763339949462766,0.023692865143954252,0.02272073039658904,0.02351252593793008,0.018795994648718374,0.019315060419144468,0.022077422897995472,0.021238624020092006,0.02055187199301455,0.020953276000600762,0.025689478513443952,0.022429324095161872,0.02407410405282532,0.022535898330164453,0.02272128310372501,0.016987637282459677,0.0206892964698909,0.022018517630726694,0.02402408716825742,0.02228153510204164,0.02300270829964903,0.024247568492610536,0.022236258511316553,0.022482531497208663,0.021382227007655553,0.02270187305896468,0.02284653990595461,0.01960887891145646,0.022905857083198207,0.009791897563053514,0.021098309553402184,0.02454134054625629,0.02291886275634855,0.022851136160915022,0.01828470857384261,0.02302165197302197,0.020267379546249367,0.027981371985331058,0.02243131341312489,0.02206260352130348,0.016878443713859374,0.02248110344929042,0.02456295537620197,0.02349437958737931,0.02395631281802134,0.022357912782732327,0.022434075594615743,0.018130076823679987,0.023222852196155136,0.023501927184048664,0.022719005653423493,0.022298210898036158,0.023703171069013866,0.022200791018225884,0.02100676637407148,0.029922210368799072,0.024377395512229873,0.023846583861246964,0.024370317640740297,0.019402598608847466,0.02293266233574892,0.022835645611600695,0.022843890591637342,0.03201722402134425,0.02177025511934395,0.025452793130693,0.019946098109354073,0.018022452282907452,0.022928306047748488,0.0216966394834746,0.02166507647763552,0.022847027794381827,0.022654783099753835,0.02326335678898977,0.022605706457741626,0.018786617493456056,0.023275632558553833,0.021289848622745366,0.007279917906733092,0.022199189375519852,0.022447122044800823,0.0235486804874665,0.02271090547064874,0.02277090976320341,0.026824851642806537,0.022433784892757356,0.023472964506585307,0.023597857642226397,0.02058274553034943,0.020311417503513004,0.010870796851404825,0.024737792093470018,0.026802603665037075,0.02316960680303605,0.022311271057248352,0.01925418830364497,0.02275728363387465,0.02250336832211144,0.024258612076019117,0.019574145754872183,0.023254072778093784,0.025290438782288475,0.023087866767502085,0.022718352226787034,0.027417385406774332,0.019902944114433524,0.022676861629220484,0.028006616116715358,0.016972124993589632,0.021778634518588014,0.02057229596141074,0.022666835612620496,0.023691716095522765,0.02207572532589503,0.025397645888116265,0.020207505882385318,0.022447083660329912,0.02427106958599281,0.02032476095414705,0.022524295343389712,0.022783409682383793,0.021863003146265138,0.022385922057926923,0.02642463535577765,0.023184964492442648,0.023732805892028145,0.02243275043714906,0.023996316327271887,0.02075789952314925,0.02196610068190694,0.02303445132132074,0.022954098092252323,0.022972189445324646,0.017658809890459107,0.026548794176019654,0.02273976824480367,0.02265711340772352,0.02344883286338496,0.020657754360083814,0.02425239325177713,0.02477361972060523,0.024315389074926457,0.021974623482112012,0.023226298183243288,0.022121665362784954,0.03425247308378088,0.01966982072409098,0.020453151341567125,0.02193399984294901,0.02332739693066549,0.026851723232041727
stdev_user_avg_1st_person_start,-0.0032324362068986883,-0.003231260559379057,-0.0023817247824506225,-0.0023559796834243625,-0.0010577414627431494,0.0006145567708682907,-0.0019875988504597817,-0.0013778982376406717,-0.002122888037959416,-0.0033530634997738272,-0.004959335801642062,0.0031528590576699617,-0.003333870221236086,-0.010559058397317172,-0.0033563864965412615,-0.002040277114980459,-0.012376167651892556,-0.005905740257226622,-0.003475564882369557,9.826540481211541e-05,-0.003006563564968439,-0.0015047308855204227,-0.0003984479548745721,-0.0023905963135063425,-0.002986643421758575,-0.00033491123605714586,-0.005804805499287077,-0.0014638708190087748,-0.00472005290811957,-0.0021056702108684846,-0.005902636076946833,-0.002671901973465638,-0.0064442711292610885,0.0034236769651850955,-0.003053536533455135,-0.00326920854168747,-0.0051882270732897555,-0.0028702453001564054,0.0047102195451939055,-0.005145330849299322,-0.001348857276483332,0.005965755968263187,-0.0029865807961786542,0.000921847850449381,-0.004244006269595042,-0.000568213518784103,-0.0023476018760259262,-0.003008513360083345,-0.0037298715327629345,-0.009030166894730157,-0.002393843097898595,-0.0027585325862691306,-0.002760320196648061,-0.004055740606068066,-0.002884177341224983,-0.003452964144458745,0.0037282861006010474,-0.0013722442051244104,-0.0019948633490899453,-0.0007035909560899958,-0.0034410432941375784,-0.008021937406189728,-0.002978370051939375,-0.002495525441730169,-0.0011914782764625236,-0.003200718086364741,0.0007653722054231939,-0.0026369254892571106,-0.00527338647325893,-0.00255350656090547,-0.003562822031200065,-0.002397117165010598,-0.0027721016691477805,-0.0012176573601497005,-0.003586315589069358,-0.0025825377350771747,-0.0013416746811101589,-0.0027873252539610807,-0.0019983653115055195,-0.010490175267379444,-0.0006771387304283802,-0.00319408217651493,-0.0054069436097325336,-0.003222760586385426,-0.0027178958685682027,-0.004655527665249381,-0.0024041594326288697,0.00029087925434775593,-0.002882892419072061,-0.004602221326660026,-0.005313520042182147,-0.008839631791864613,-0.002165126223090064,0.000150787639885748,-0.0035745267440281643,-0.0028389465460524985,-5.6592239786548964e-05,-0.002815368824273518,-0.004388929965268231,-0.000624705079788815,-0.0029081478766661345,-0.0019913921699406274,0.00010036496629451568,-0.0017421365925909716,-0.0027637271779631586,-0.0010392032482929245,-0.004667398708960392,-0.005381698331322652,-0.013068372714711077,-0.0047004741894212925,-0.0025722237091897015,-0.006007345632052453,-0.002921651644721404,-0.001332938156198506,-0.0030393124763523982,-0.0116633723245241,-0.002414606353916757,-0.0023764496802196897,-0.004619120770267405,-0.004180144171349348,-0.002643623783069502,-0.0029717616236669166,-0.0016128444650363653,-0.0034602355230298676,-0.0016948553527386173,-0.0016484214327914192,-0.0023761210211663483,-0.002662326160448652,-0.004751017817633199,-0.0022162159520053622,-0.003358139614088783,0.002459549071717036,-0.002671376198026606,-0.002104270262997217,0.008538701443955,0.0005032032466812876,-0.0026812438851396784,-0.0041737894684930835,-0.001721015752251988,-0.00667852010559802,-0.0037507405142231534,-0.002824453990086322,-0.0019960556053010303,-0.002172341203311633,-0.0022830749900612114,-0.0038629565119366847,-0.005044908582136142,0.001494006205859785,-0.0021777061868792744,-0.00357158311112463,-0.0030365201144392394,-0.001109460418160332
min_user_avg_1st_person_start,-0.006078638927215288,-0.005819197783299167,-0.003752806496069819,-0.005199597664247229,-0.0019374133497069039,-0.014591593032033874,-0.0017373186967796946,-0.004563583795407212,-0.006430941000178849,-0.007567426715219783,-0.0002332529824813287,-0.008508430012725002,-0.006785433395443708,-0.0016969374129426184,-0.0054126600463461315,-0.007170633111818248,-0.0031623622107961914,-0.012017190604280852,-0.008678025869052808,-0.005815087548548373,-0.006302334219053891,-0.005490975267522527,-0.00890741623771385,-0.005724057380035728,-0.007225389904275901,-0.008503883118338856,-0.003648203357151339,-0.00976877234730571,-0.005868076682390359,-0.003644375104577072,0.0076339818808696175,-0.006889187771644517,-0.0008126440762464696,-0.0039769198800614115,-0.007970430235914908,-0.01514306070442855,-0.007833940108691272,-0.007708764223920214,-0.0006721725190010665,0.0016615403210036668,-0.011556648824439044,-0.002233987029842935,-0.0060836516621825525,-0.012394655512238253,-0.0068844987388103455,0.00011287837910627704,-0.00632208724421893,-0.0067685218237351595,-0.0010807732484930449,-0.004749688223741312,-0.003443345005850371,-0.006304178143409023,-0.005880335433812134,-0.010109680831528425,-0.0062322114548102455,-0.012961253104354399,-0.010123175494734191,-0.007270561014998953,-0.004628575757360651,-0.009184651646002242,-0.005523063151497537,-0.0046238264104640475,-0.006193954704067519,-0.006056364546194079,-0.005134100129527787,-0.006643954710828029,-0.005437235978179914,-0.0047633371386159844,-0.00577794798507123,-0.006074266945483029,-0.005068988006132657,-0.0058865684921007265,-0.006001310380116932,-0.0057467005106648355,-0.007486951467841204,-0.006391233100663977,-0.008894196817178297,-0.003632075644567939,-0.006091379247683963,0.00736568033353828,-0.003661171229232787,-0.004966268367777181,-0.002736532577913094,-0.006364401881595677,-0.005896362602796439,-0.005102177049367952,-0.006310211780003702,-0.01350682502601698,-0.0060780910408996,-0.010461045216012085,-0.013616931809436066,-0.0004773343890444974,-0.0032864942632774407,-0.007111202229128649,-0.007801326860484724,-0.006935668778983391,-0.011386454633873618,-0.006327713533341295,-0.005613788932374951,-0.008411401324377298,-0.007525136561878157,-0.0064317014950413115,-0.008482625424892764,-0.006731238888756801,-0.006198263227110126,0.0013013415473540667,-0.007259043988413941,-0.005044520549190197,-0.0008178953405172905,-0.0009410208071088076,0.0007644635604427347,-0.0028510829986097865,-0.006230668416542313,-0.006680521212240672,-0.008917305026149036,-0.001845763112085579,-0.004726681737220389,-0.005617280017303659,-0.0070675050809145355,-0.007943290146132664,-0.006541740374658602,-0.006180621901285809,0.001218898478121541,-0.005995741662529765,-0.010457530131901852,-0.004978876344220423,-0.006821781941873209,-0.006493738060892599,-0.0035504451403184116,-0.0052404646756951095,-0.006890043556049186,-0.009825240736508343,-0.0061309376379725215,-0.00650335218340958,-0.0050275087125834575,-0.011799666605238754,-0.006422532610923699,-0.00779866016826755,-0.0037247925080645897,-0.005486922719770693,-0.007547060083523549,-0.005603085325291017,-0.007562402607885085,-0.003971507521479461,-0.007473986492322654,-0.0005686519070529795,-0.013670571650687554,-0.004457851000010045,-0.013185815865105272,-0.0072747891346743475,-0.002555666586351489,-0.0023513567978409437
max_user_avg_1st_person_start,0.007736868066425405,0.007820398578102057,0.008898492532636628,0.008565164434018226,0.009875903967443884,0.009036133414919155,0.00826636480906458,0.009516775699162604,0.008583711940775852,0.007216091446629259,0.007151943903861642,0.012925026741907094,0.007173453866830888,0.0028432864367172834,0.00801986573401343,0.008652593387910364,-0.00093735523098883,0.003666861391458159,0.007184611116370358,0.01055893742699325,0.007720365049155891,0.009705391648212021,0.009953586469858033,0.00912244574592715,0.007683644403093764,0.01016022811473781,0.0070788240315508575,0.008938293187983906,0.005696158191284182,0.008780109528010668,0.0031142516192344087,0.007590062136279216,0.005219643859032868,0.01397210659173484,0.007658767179580332,0.0047733866381496825,0.00623180686505329,0.007299731833408735,0.017117441699845835,0.0070512956084364115,0.008065517467603235,0.01761908077142284,0.007814097743872647,0.009184624286183296,0.007624614308631013,0.011186854804889327,0.008364907478855377,0.007383321020262935,0.008055516942651027,0.0030322835516452496,0.008555024592566827,0.007985994140301145,0.008061349676999827,0.0069043251491868775,0.008136709919625807,0.005859283547195566,0.014546899447856747,0.008754175660789145,0.009226734986391687,0.009577023506497482,0.0066754770372574644,0.0037928365044413498,0.0077147934963308126,0.008246470565316471,0.015497792970537782,0.007566225033774629,0.012872393893330922,0.007934249539779021,0.0062618148131711425,0.0081664856598403,0.007705005959511182,0.008185871637974185,0.007817698681659541,0.00932951344408432,0.007104048348445044,0.007966402698879313,0.008979315730009775,0.008178220390289457,0.008646066373826583,-0.006379783376792866,0.008925893665403162,0.007702178032328073,0.005827253035526531,0.007360500792186078,0.008429344818034933,0.005621183411973949,0.008263086478944633,0.008657868130305092,0.007849110736198118,0.005710009550465127,0.004207383750692037,0.0009129393583289665,0.010112570279072525,0.01055635337533236,0.0070326246852444995,0.0077381879120161905,0.008282584355258651,0.007921341302252928,0.006616411548507581,0.010035699838331994,0.006304844752249577,0.008645068100569527,0.012323299212587126,0.009049149924269381,0.006978657593773384,0.010664719679996331,0.005706237758617084,0.0033018458486235303,-0.0010306854423923041,0.005795574446612512,0.009387503446843016,0.005806903010616999,0.007990456019547898,0.009232403161216618,0.007227503388337777,-0.00040224654339331275,0.008368361964583381,0.008501032733819901,0.005707833228335395,0.005850019825914623,0.007937720896481017,0.007838756260373829,0.010223074283356542,0.007064402282792538,0.007643375151239533,0.009018288869769337,0.008574795359995521,0.007829520962108611,0.007123640330623611,0.008095493335029047,0.006981117082848539,0.01104480554032266,0.008069263333925755,0.009060264287897808,0.016872575032445648,0.010462809382702313,0.00802502053370224,0.006458429561075187,0.009313977487005498,0.004914200416869991,0.006906282562427297,0.007867636119861379,0.008479054415343615,0.007601366430655747,0.008489560478529463,0.008265648723706132,0.005814254091165703,0.011552339698956067,0.008552556922354156,0.007090352211181301,0.008715772815636905,0.011309152095354408
average_user_avg_2nd_person,-0.0491073890717712,-0.04896708488424334,-0.048299165696561494,-0.04922964045316361,-0.047154063018739284,-0.03863653903802987,-0.04880399541184592,-0.04817072647405225,-0.04762644910883751,-0.047767647112059095,-0.04742181110574887,-0.04485031566144737,-0.04835389573593134,-0.04795636022646113,-0.050522481359803806,-0.04833101804431007,-0.046134104993909075,-0.0522711555423228,-0.04375392419450441,-0.04727893656336479,-0.04918637679390684,-0.047555654025998734,-0.046089379482729856,-0.0502230413770323,-0.049153907252670444,-0.04848334621463815,-0.05007526086333136,-0.04830534099411056,-0.048693527517997506,-0.04402607513001665,-0.04505950590235816,-0.048752601114714716,-0.04962211802585612,-0.046965279343273415,-0.05009112503460388,-0.05135606312029517,-0.047919199870162896,-0.05116098024396688,-0.04665242257519121,-0.05101745991568089,-0.04714333931920378,-0.049425298055328463,-0.04896350437666849,-0.04698718070409645,-0.04932537357869926,-0.04394937913744291,-0.048904808253389435,-0.04870192959878191,-0.04760128986596255,-0.05029545816539642,-0.04838137068342732,-0.04896483235505078,-0.048706209185477765,-0.04813760745405092,-0.0485849965040032,-0.0463737702399304,-0.04797444258862067,-0.05014499690902018,-0.04808862513593833,-0.04669430223807538,-0.04874961997726181,-0.04981359104924954,-0.04902391491107795,-0.04871946682519057,-0.04741095045028405,-0.04992308835591792,-0.0493504349445149,-0.0489177194047718,-0.053645342335504706,-0.04899344208157103,-0.04893430960786346,-0.0485666037896688,-0.047566421442375745,-0.049388728156652045,-0.04927405286663378,-0.04872735710186191,-0.04846695802438626,-0.04842951804939778,-0.04925607846028783,-0.0431703887231185,-0.03877304279917769,-0.04924543845039999,-0.049545248812463805,-0.0487794325671506,-0.049414128842770313,-0.03854868488113723,-0.04808288022574911,-0.046208439860937374,-0.04888713771781587,-0.049273689384107436,-0.046601587369671384,-0.041845125522891935,-0.04718843884936896,-0.04637835741530981,-0.048297265839794074,-0.04913324347827224,-0.04571418946766749,-0.04909930025870811,-0.04875318187745717,-0.048316330217804494,-0.04584308950293124,-0.04981377027986419,-0.05018582242690531,-0.049088168017955416,-0.04821152634366188,-0.04838633966544166,-0.0496423242459538,-0.04890639025085422,-0.051650561824321636,-0.04787771929227809,-0.040204389917351174,-0.04647035754591163,-0.04949983702146957,-0.04856487140894286,-0.04919085003716659,-0.051405158729085305,-0.049587377296809725,-0.04942730063700586,-0.047973324478887094,-0.04721996758825111,-0.0489109640779791,-0.04888234773320643,-0.04866641058075521,-0.05035406185989307,-0.04916069926099042,-0.050119645677197254,-0.04920825820086569,-0.048733075001830245,-0.04969679842990852,-0.04911329933159408,-0.046647363399947885,-0.049482987717006044,-0.04814388207236686,-0.04700700741500353,-0.04575672143480437,-0.04642739919134519,-0.04892812030255195,-0.04906445423181171,-0.04905943844733107,-0.049255009460240265,-0.04807310445582567,-0.0430457068043179,-0.049003002817955,-0.045876281813989145,-0.049274966070144983,-0.04900713944295187,-0.05125591874165397,-0.04800242310815399,-0.0488344107631315,-0.04836482501939428,-0.049278909128401785,-0.045710678360237
stdev_user_avg_2nd_person,-0.03141466866360585,-0.03180773383742745,-0.030451322177256383,-0.031522101445631855,-0.030034489011714766,-0.021724901209771982,-0.031786777632717346,-0.03319170586126211,-0.030453174598999773,-0.031569320687765925,-0.026395780186320987,-0.028037660451549384,-0.030746154491920953,-0.029781030626912515,-0.03047716277314286,-0.0314109691361704,-0.029350623004267794,-0.0381980021335077,-0.030566463458442727,-0.03315846985412512,-0.03159102543355879,-0.030393484341909645,-0.03121510821209885,-0.0320516602081202,-0.03140426112823311,-0.03165974354055972,-0.033518387262930494,-0.03143004705573225,-0.0321901544347753,-0.0297490723513861,-0.03468284117169289,-0.03117295360014143,-0.030039011079369446,-0.029928797820045296,-0.030339259130501256,-0.031258409709782574,-0.032605594717735824,-0.03247878666879749,-0.03231281944855885,-0.0326125648178747,-0.03265433173867193,-0.032913803656185056,-0.03215988486580436,-0.02621110707182158,-0.03318674705928748,-0.02999994544577457,-0.03063991727138103,-0.030863392514943667,-0.02861694362334238,-0.03230780088894128,-0.030877915127331675,-0.03143380519601799,-0.03213082284823705,-0.03102087577669438,-0.03310148412937805,-0.03227999905321122,-0.031845061670147994,-0.032553887046426526,-0.02999186517250719,-0.029713153038722434,-0.029372321210726755,-0.032628420628554373,-0.03130792783091696,-0.03133883383547684,-0.030151892119202488,-0.03250644442916575,-0.032180565847240106,-0.029411798835170214,-0.03160848574919561,-0.03169261461852407,-0.031641650361991625,-0.03241420049141205,-0.03045939414908173,-0.032132746893892006,-0.031603799268973526,-0.031039509228113653,-0.03255626877897493,-0.03075566800262856,-0.03220633248974487,-0.020824837370428513,-0.025360167863605204,-0.03188633677541139,-0.030527508228895647,-0.03115389190231703,-0.030644630648971626,-0.019877057703535782,-0.031309935922185075,-0.029600397665086535,-0.03156646222255102,-0.033801426963624676,-0.028419437383300872,-0.028727316496112876,-0.031134711481386544,-0.03011078816153835,-0.0320348002939492,-0.03159792484090894,-0.03149019717760063,-0.03148295279188787,-0.030788663221340384,-0.03055854471674778,-0.030495372400240132,-0.03276006580452477,-0.03518800206861829,-0.03080376050280713,-0.03070817948235592,-0.03683261574868944,-0.03159621022490999,-0.028943745118464058,-0.03292104248972559,-0.03079592126531041,-0.019951416700579698,-0.028075708280697734,-0.03105200107808421,-0.03114526468660526,-0.03154399400985152,-0.03207738091147824,-0.031847424232017946,-0.03236077165478206,-0.030650033048300517,-0.030530965279391087,-0.03137861216461684,-0.031342736862861736,-0.028881654879272314,-0.032042417634142756,-0.03336989842466618,-0.032605754719597424,-0.03189566961993125,-0.03183402722397103,-0.03078424229854288,-0.03227410774637653,-0.02845204741249285,-0.029180944565401344,-0.031161727529159272,-0.03137716969385991,-0.026197819450495954,-0.027857017704313414,-0.03138747833577031,-0.031198490946237785,-0.03202678602861626,-0.03138264037207889,-0.030832319835069552,-0.025355957815867337,-0.030793453104508206,-0.023004030569570302,-0.031864074919864906,-0.031374564997443274,-0.03419729198152665,-0.033204918314685326,-0.03184296879271975,-0.03089499434618056,-0.029813243461136663,-0.029913970358056492
min_user_avg_2nd_person,0.016460851879449786,0.01556768900997721,0.0163704300178483,0.016087950127825105,0.012829709774730576,0.003255121111904649,0.016904394481517343,0.015269741378391722,0.015990900270156136,0.017830732085405643,0.016426903919289467,0.018168222139760645,0.017101532532718615,0.024057552138926457,0.01750500732672452,0.016991593551227317,0.018566064703612675,0.01651516029694225,0.012003042599187733,0.015129053470037223,0.01712896661951183,0.0161392347178273,0.016151948208385287,0.01834659393097096,0.016020092734675525,0.021551118478570393,0.01567806714677107,0.016168306742611573,0.01679396733751764,0.015386770759689165,0.02129993087525011,0.015843112957302397,0.021157833209008856,0.01562002871600685,1.0664885215292928e-29,0.014812901436185858,0.00988807395896737,0.017150045005223005,0.01733137842325188,0.01724456079761855,0.01894319125886978,0.01336847809416339,0.016063606649461645,0.014306864154210753,0.01831747177276921,0.009477554855606554,0.01700381626556585,0.015428223738346314,0.014357814921356115,0.016767664347137768,0.01629612215991365,0.016448889640118276,0.016608369306292205,0.020156347044040953,0.013860574652286272,0.00929427985325348,0.012237948396182604,0.017113208029703963,0.015673779854879152,0.014081114008344362,0.016012703368514878,0.014759951399249599,0.01656409380560068,0.01653180956783508,0.005873885580653678,0.016368912026071276,0.015452538496435068,0.016767832574960024,0.015194634594947843,0.015763910376631905,0.016420347685790097,0.01664139170582743,0.015304013106243339,0.01665229906001555,0.01578742189143667,0.01634761168695939,0.016948676758440296,0.01755773012872823,0.017190335350529207,0.011236768197466563,0.013444615957039148,0.01685613572850708,0.02469499619874377,0.0159296478761595,0.01475900391383966,0.014776616918093378,0.016702531173703298,0.01672572724016963,0.01674898576171238,0.013215378748811676,0.014610169917414416,0.015430786603088026,0.021278933764299703,0.018262628240988423,0.01578825904157582,0.01633216552887676,0.018505198735430377,0.016386800239060098,0.017037601981422658,0.01406076749601272,0.017958893386590884,0.016566430871182678,0.023346670929991646,0.015207619957450989,0.016891281488842377,0.023793890987098405,0.014732455871272828,0.014583465258095823,0.026068422523842852,0.01488794153074014,0.01771547613290836,0.01845553875013506,0.01609858245193764,0.016041341492087996,0.019381216822996098,0.022662957603226046,0.016987332345614847,0.016008385096230343,0.019998468797961334,0.02025372841449212,0.016620445652544995,0.016196706094602588,0.01425935880966073,0.018023985854999626,0.01574238529902938,0.01696297640826657,0.016686588938148197,0.01596888676270434,0.014794578031169972,0.015067967493562893,0.01750148564072149,0.017902883630832762,0.01664820273145514,0.01753218037472156,0.019655304053418702,0.01311514450344889,0.016441661686762594,0.016699088251370738,0.01780254162691542,0.01604381157131093,0.014592820553258671,0.013473732575743247,0.01583932531016133,0.011979793036818353,0.01709576641446912,0.01952931135979818,0.007474884496705165,0.017456318634242574,0.016021914132685357,0.01705236214876317,0.015746417427152114,0.019397244289306833
max_user_avg_2nd_person,-0.0366658029283585,-0.037000272958998756,-0.03581973553162468,-0.03685025146166747,-0.034994425518912194,-0.02693347627610096,-0.03715480728300936,-0.03817436546787625,-0.035782851521327486,-0.03626343601812847,-0.032620630660326784,-0.03306921460568784,-0.03599697679573076,-0.03415920845688159,-0.03620352371141547,-0.036467042279554766,-0.033827047865597544,-0.04396066482909252,-0.034662708160124275,-0.037856201547023335,-0.03681693602393456,-0.035629380220109585,-0.035630725810757,-0.03723440774926247,-0.03674487413634107,-0.03661523817029187,-0.0388862409494119,-0.03653514312321586,-0.037276623981760806,-0.03385851416433479,-0.03827792975584919,-0.03662912970734586,-0.03552777629424844,-0.034889502618074,-0.03662794216166923,-0.03790927652905035,-0.0367555827805844,-0.038163609263141454,-0.03750359973195544,-0.03775067455734964,-0.03734785311701913,-0.03834267345946342,-0.03731836905919106,-0.030997458030877743,-0.038150968926977016,-0.03536100763925516,-0.03610638377387826,-0.03629222976832347,-0.03379972537427868,-0.03753004864386827,-0.036296723765629785,-0.03670710680106904,-0.037372849248204124,-0.03557030992674304,-0.038093214240816096,-0.03735136379970384,-0.03714192734348476,-0.03777563300180596,-0.035388044367656135,-0.03470847727551067,-0.034904930360015705,-0.03771753616905055,-0.03659768940755322,-0.03655826861051474,-0.0352050556565215,-0.037704959583810205,-0.037314890202963726,-0.03511022150738283,-0.03486407919860686,-0.036923170052263005,-0.036917760059860555,-0.03753761381644616,-0.03581772390032989,-0.03725736132724629,-0.03693248336660654,-0.03634741436727435,-0.03713886790783312,-0.035967037676769766,-0.03739352418117383,-0.02718136690612903,-0.031489151936358956,-0.037216324164898486,-0.03458029447051829,-0.03641202604671996,-0.03611523722418566,-0.025056948544709457,-0.0362364950130232,-0.03493194242802829,-0.03667693029261807,-0.03882666076511425,-0.03389692021389833,-0.032832148179231316,-0.03611238111588255,-0.03510967640544852,-0.03723829515826315,-0.03685662253831788,-0.0361825025754655,-0.03680119537372099,-0.036129590888545504,-0.03615599960870422,-0.03509105736241715,-0.03794524438015405,-0.03876409046636884,-0.03616055368302344,-0.03590576048812291,-0.04041737663811069,-0.03693877030311838,-0.035071135930647264,-0.03766469687130724,-0.03564258871943146,-0.026273174313236884,-0.033376538310022956,-0.03647622813098327,-0.03634362144762654,-0.036881279240918226,-0.03732564500500375,-0.0369472021868629,-0.03753442263693482,-0.03549944731853828,-0.03541400492423456,-0.03665839664105325,-0.03661656936376344,-0.03447568885338072,-0.037527804877089885,-0.0382544323169318,-0.03800184020357134,-0.03708935662004601,-0.037079639841863694,-0.036468475623847724,-0.03722621923671452,-0.03383505787176646,-0.03475257737075445,-0.036285446191722685,-0.035870377314069585,-0.03234726864051092,-0.033397019627918884,-0.036673718162304914,-0.03623947941475532,-0.03711344851918708,-0.03665315995599112,-0.03626310795096099,-0.030934257701073227,-0.036076117870118676,-0.02983716819174255,-0.03682909059233927,-0.03627695112074854,-0.03964352476315587,-0.03837473673432186,-0.036437893753207634,-0.03627012880454378,-0.03560352671773268,-0.03345379169908015
average_user_avg_2nd_person_start,-0.0036611199275152625,-0.004832000419786357,-0.003882958973023642,-0.004531961953358329,0.00038066137632916273,-0.0003310108471870931,-0.003479992861028708,-0.0029300666621609375,-0.002644560577959361,-0.0040010612484154655,-0.003938824049866482,-0.0031119274716854863,-0.003919285688733429,-0.0019062326707931167,-0.003784282543518659,-0.004321254250618669,-0.006413536483308721,-0.006248368289108635,-0.001203239013419486,-0.004040935286690469,-0.00419729535106187,-0.0035016329499176126,-0.0035565292294844706,-0.003322706130945676,-0.0037126210083885834,-0.002816147962638924,-0.004800910501073807,-0.004498779142133496,-0.0029131013693745986,-0.00672007497389716,-0.010138979845621236,-0.004070114175792084,-0.006545307496422291,-0.003226708407750371,-0.003726067770252719,-0.0008423566975657697,-0.006565318755664242,0.0004016820190245224,-0.002593520649527402,-0.005322314715485214,-0.004551159483185523,-0.00288374230327395,-0.003841124856196318,-0.0018357864611753044,-0.004837758040113972,-0.00432069997357906,0.0009573630004401567,-0.0036664331268186807,-0.0034583872912460414,0.0002599506235190078,-0.00465505265286242,-0.003773351264668709,-0.00422079550031145,-0.0031282602917941356,-0.005172033132347848,-0.009088735122588187,0.0012125794341614942,-0.0019644054850672813,-0.00304575069776969,-0.00395221006678396,-0.0028596513961571847,-0.004918080422664291,-0.0038426721426955777,-0.0037705086820885364,-0.00888005843600748,-0.0038725388139920144,-0.003194324477798459,-0.0019101794224582174,-0.005675014233350546,-0.003906263578955422,-0.0039782711259096675,-0.0055357160942447,-0.0036564417566524285,-0.004931942632887533,-0.003938343473004336,-0.0030585736535887944,-0.0034803480543300377,-0.005859558589019723,-0.0032748283907388168,0.00030061312233587833,-0.008503731182905832,-0.004211314885153404,-0.003674503716246151,-0.003305401403561269,-0.002491680027184989,-0.0033310384777721805,-0.003490262547501553,-0.007207255057144992,-0.004059415965506619,-0.0032472432398077287,-0.004642834608133078,-0.006059501819560528,-0.0015064779733267733,-0.010241753863764934,-0.004682198207389348,-0.0038253970116656974,-0.01057505364294918,-0.0038419215700756905,-0.004486268268067497,-0.00452730783512199,-0.0034302227049063864,-0.004157688890871028,-0.0024848301895140823,-0.0036081233104522385,-0.005325185326650709,-0.006735337401683427,-0.0029320189745738233,-0.0036511699549530326,-0.007103780742231183,-0.004954002365607488,-0.0029945724414377336,-0.0015231657789112805,-0.0040741645157582685,-0.0031895711048048553,-0.0060239880685723415,-0.006493448477284047,-0.0036494290539046516,-0.004228808739947848,-0.003884221909380252,-0.0020897158407050167,-0.0038585917488717127,-0.0037999890072383372,-0.002949677913237506,-0.003707105599658966,-0.004991745621152758,-0.004118049658670494,-0.003973634767317448,-0.0035830465653931423,-0.0003289754096895501,-0.0049555953177649985,-0.004089286452426556,-0.0029991260583774964,-0.004020921246500856,-0.004664827450439802,-0.007231739885530251,-0.006736026914870107,-0.0038074868311976226,-0.0026807598705783824,-0.003379602229267245,-0.004050135546507379,-0.005144705386186819,-0.00097873859684875,-0.003047898298014636,-0.0065347395736574145,-0.007307820037587015,-0.005629881491099029,-0.00443544358484788,-0.0035672037846451116,-0.0014110770150909972,-0.0032049951755249604,-0.0017512245236930013,0.002310428175795109
stdev_user_avg_2nd_person_start,-0.018111858754376257,-0.018579917661184314,-0.018758835948713373,-0.019278797268010073,-0.017482323945149595,-0.009754687559463009,-0.019488896947855522,-0.01824131530637492,-0.017817917102557576,-0.017036166255440664,-0.0222067571349543,-0.01789113597223478,-0.018031661971270305,-0.023750428901287077,-0.017557196135207342,-0.01841535553576353,-0.020478440272490663,-0.017581623288237244,-0.01652563826289124,-0.018584754623951656,-0.018379748598940027,-0.019401612297184147,-0.018854292637491422,-0.017778808622882922,-0.018388013895904828,-0.016586978991527442,-0.019909335438529147,-0.018855182173328145,-0.01882877456327068,-0.018667939045991167,-0.018842402992566135,-0.017714437184837506,-0.018807064356518716,-0.018244530964913776,-0.018430495465559818,-0.01808915782132755,-0.015405383471986299,-0.017082767117063684,-0.017710864195322754,-0.01964762638065682,-0.019989099030647633,-0.016459392240257324,-0.0182253047023646,-0.01718556580390094,-0.0189268331054643,-0.017727491822215617,-0.017860723389280284,-0.01855563463108783,-0.017692993290524348,-0.01707326807017919,-0.01846930850758415,-0.018408720869054193,-0.018758571804871275,-0.017271813759384663,-0.020053400133823847,-0.018439734587771983,-0.018442203815285024,-0.0162384923410448,-0.01826550533325763,-0.01620596570959054,-0.018015643881581327,-0.018027207904511844,-0.01838013208602232,-0.018537809091855924,-0.017104926418266435,-0.018323936838076406,-0.017963328452146557,-0.017045642676054504,-0.019320908554445196,-0.018493274361209226,-0.01816495140114393,-0.017855438802456464,-0.01881571750819442,-0.018539215949838067,-0.018469788759955568,-0.017940702916093447,-0.017265546330130062,-0.020369637706811848,-0.018225142300260903,-0.00937922161874509,-0.020308011946912584,-0.01831310600169711,-0.01936774783366526,-0.01830009645503493,-0.016828199550531803,-0.020166060958896857,-0.018145086895113814,-0.01887752654111764,-0.020898810765639996,-0.013379628216775435,-0.020865616116942962,-0.01712663383100468,-0.014436254398153277,-0.032737363924407355,-0.018670288658150395,-0.01834682788542755,-0.016276137016853844,-0.018450003799809375,-0.018371622976258287,-0.019807045080829963,-0.020420139213231183,-0.019023073716112796,-0.013182541360586799,-0.019171593888095254,-0.019170050001267723,-0.021729231129376116,-0.01794923216568084,-0.017367208851902034,-0.026004365581688126,-0.021077215990949076,-0.018261226555729204,-0.017237929272114375,-0.018273325075115837,-0.01882898745093296,-0.01826798904071105,-0.022758781130673932,-0.01897238102622954,-0.018153858957935372,-0.019703163672117503,-0.019352137219852218,-0.018676989391141784,-0.01836452364280164,-0.01592561564249225,-0.014119080994867715,-0.016479079842564963,-0.01791437890687732,-0.0186978656267051,-0.018290416174063403,-0.017472127148991247,-0.019457263383035626,-0.018974953928642332,-0.016908994468505516,-0.018198855770216658,-0.016364731959125675,-0.023999511777793987,-0.02389064139692307,-0.018462734173202894,-0.017959879128791673,-0.019387625506018424,-0.01845655246984723,-0.018815342900990406,-0.01830406983117499,-0.018375423674878287,-0.019310777528324538,-0.01593075098149302,-0.016914980834985258,-0.012562361538432048,-0.01809270600678428,-0.01601022831934675,-0.01801119982017873,-0.01614678553559956,-0.008291428831759859
min_user_avg_2nd_person_start,0.01670043053947222,0.01683425668316188,0.01671475187130605,0.01690090812876473,0.01314955192194374,0.010073999537825184,0.014705908084795705,0.017970950822339897,0.017544673696332027,0.01637175475133841,0.018232312392489725,0.018359936628961335,0.016883315009442037,0.016772412273687046,0.016604790069453687,0.01641093299483878,0.011721550299631109,0.01716233253690318,0.019047439402913494,0.01910732750575011,0.017157342403904128,0.01663480233483979,0.01841901270883137,0.016392392497040973,0.017042227609724393,0.016896009167657308,0.021824636759358973,0.018148213893232224,0.01754149775137894,0.017149281451812458,0.013276246362444644,0.017578263294961503,0.017378811170128943,0.017314925097106845,0.017471627074998906,0.0238703833929482,0.01876325397110312,0.01856078263448984,0.019246542867804025,0.017186513668613377,0.01879473757194929,0.017939088962720808,0.017209302738872296,0.026281432405716173,0.01551234793593515,0.016559310433253236,0.0149464613304133,0.0172680207460259,0.015233426264776901,0.014255675985555053,0.01692178779037462,0.01703084652272027,0.017138463924740867,0.01059792962924995,0.019963413475291937,0.013523681788654185,0.027017946228702898,0.015597099285676196,0.01816829259961382,0.018099375462241246,0.015881217288447026,0.01265961227846082,0.016924830268973137,0.017333677471916022,0.0033675777555437535,0.016178020493501154,0.0165480391384384,0.01591439394055742,0.01589257865156007,0.01701287886993096,0.017631360829692546,0.018255946603623098,0.017501003247223715,0.016966439984077042,0.017114059948118567,0.01706561333507584,0.021239020273258965,0.01522171190235004,0.018265849220934164,0.017014029903708223,0.009411152642190827,0.017497182338007324,0.017632342034724493,0.016904111944095256,0.016455395133803088,0.014856695452462668,0.016291242112345478,0.019420292440630343,0.017929193713479282,0.012268923853602037,0.017339654569879896,0.01595098547850029,0.017498887080959785,0.017037498528797494,0.016889852210941414,0.017044868816271236,0.02280847312624332,0.017146870535522378,0.01652914321375756,0.018349198344808852,0.018889588145617423,0.01716106955705808,0.01364262586928899,0.018647429446613108,0.014193928365909013,0.02589082910470205,0.016228259752554965,0.017303193734824977,0.011344697941549579,0.016781140960920257,0.01824140566294974,0.014186938775084285,0.017236368080536493,0.01718966233222722,0.020912433139246036,0.012150780738506244,0.016534509550491173,0.01756636111005033,0.017427051993660698,0.013232494218624578,0.017343967598544237,0.016908492093622763,0.01652121295492239,0.01971099696482228,0.01510684178756643,0.016551768141036313,0.01757863511420684,0.016991606193591732,0.01384585957398653,0.018171799174856937,0.01725666001003495,0.013789117102691184,0.016417960237359048,0.012328979501781405,0.01802922707197797,0.019871594583746783,0.017239312757876532,0.015917610382367636,0.020559422058634674,0.01726332388173707,0.016736670489371934,0.01892677837182752,0.017887287923977445,0.013657539203575705,-1.5264342960229915e-29,0.014775274380622769,0.012919519063967828,0.016219825301163265,0.010889964984213962,0.01636609924144429,0.01562536233249068,0.018353607489830705
max_user_avg_2nd_person_start,-0.012795608392632146,-0.01328069689042775,-0.013415616374606715,-0.01389434123928268,-0.012646031733070872,-0.00707904855879792,-0.014621533824322843,-0.013072353777890053,-0.01247826359960946,-0.011716804550735345,-0.016556097175174967,-0.012350891702189316,-0.012613254573836417,-0.017008898410859452,-0.012326246868071655,-0.013151768932129746,-0.015933161500723388,-0.01216113487941535,-0.01128564189336155,-0.013408915792954001,-0.013061626260834997,-0.014174604136822535,-0.013193135734127467,-0.012640785647670221,-0.013021760691433354,-0.011172126991501675,-0.013910862052720763,-0.013312268762440817,-0.013595938235301136,-0.013125361786887035,-0.015088666398594082,-0.012356125984932614,-0.0132723043950657,-0.013178588684184363,-0.012949839538765327,-0.011547149234126239,-0.00980726126553391,-0.01133201286437534,-0.011529953589830451,-0.01413267334012645,-0.014213836087863464,-0.011521226907709067,-0.012843285588266147,-0.009766739043066148,-0.013771301910402869,-0.013192524669899622,-0.012948516507053812,-0.013113709372197566,-0.012531759054917019,-0.011517700940389992,-0.012894224655380104,-0.013038679758147412,-0.013390926465475442,-0.012856214911512207,-0.014361243866798478,-0.014198976008004658,-0.01123685062244081,-0.011053044675867478,-0.012663931179564103,-0.011001675819526931,-0.012801937843775413,-0.013362731610066781,-0.01301152584763041,-0.013129835709366409,-0.014409385644307183,-0.013112658959442792,-0.012702798688759795,-0.011809808976954297,-0.01387367779704848,-0.013144797593094726,-0.012776604760468066,-0.01303117147546938,-0.013523071318229524,-0.013173088457491712,-0.013106969066926134,-0.012638808465046924,-0.011248481790297622,-0.014968931352678707,-0.012680414061194622,-0.004940501414979122,-0.016025884885756656,-0.01292594036448267,-0.013507565949893621,-0.012956328566284278,-0.011597391834680818,-0.01536441190803164,-0.012906814952966653,-0.013259161508685205,-0.015144628645102024,-0.009210572436790672,-0.015120507171105954,-0.013088020670473311,-0.009217414618765376,-0.026841467156838647,-0.013329564507581129,-0.012978995915723556,-0.010730462189516305,-0.013060319357449772,-0.013069137965304942,-0.014235683251035766,-0.01456608770671002,-0.013635159618332778,-0.008638557929282743,-0.013520939130109835,-0.01418022794563282,-0.015008889400613783,-0.01278921029082725,-0.011958058423676598,-0.020796664027895494,-0.015934282765633894,-0.012509765003151076,-0.012235363799898421,-0.012892096331651209,-0.013232351700795387,-0.013549847857546154,-0.017675257130379804,-0.013582934609146467,-0.012693904649084875,-0.01404131363488827,-0.014542640594465674,-0.013233937677832942,-0.013011001765182287,-0.010770576446918973,-0.008907662685763847,-0.01168074994548243,-0.012757388933769253,-0.01320245064510661,-0.012980644409376681,-0.012330881512036184,-0.01402450817027441,-0.01350716722905959,-0.012530863888823126,-0.0129423168960511,-0.011835631110562978,-0.018206892487832513,-0.01763257836431829,-0.013060234287988953,-0.012736935430674537,-0.01326272834438822,-0.013072768295908626,-0.013444379153078584,-0.012755912617933251,-0.012818532110871982,-0.014195432276357703,-0.013423211133773266,-0.012003095565164447,-0.008208844743713408,-0.012810481057391514,-0.011553365553824474,-0.012838114129844577,-0.01095192815703493,-0.003018742890532832
average_user_avg_indirect_greeting,0.006236921981043879,0.006301652034770603,0.006006715535562224,0.005972668914683958,0.00871940344932746,0.0011222380901306202,0.006568722816436473,0.006057628298375774,0.005250796099065902,0.0056107970888074135,0.003742679568953002,0.008289194844214398,0.006070664882042916,-0.002227880541125475,0.006263087301321991,0.00628765007119059,0.004057163733748554,0.0022757477164784953,0.004443536556621907,0.006265997126433173,0.006066441903411556,0.007065624183027785,0.007321791972247315,0.005737592606277887,0.006082705969079921,0.004048651483991826,-0.0005893741017247035,0.00627386420275243,0.006134597527115779,0.006112030408728668,0.00938119202447751,0.006013287845741986,0.0035578293065908983,0.003587897422697094,0.005985806078088882,0.005856576399164845,0.0066756640785095335,0.006577910312042207,0.004000454887588312,0.006574574166185511,0.006191192076458201,0.007469321380627449,0.006456457483148539,0.008811639024427434,0.005871762133464254,0.004522403084301158,0.0063419432552581645,0.0060217833988972305,0.0014856328839509543,0.0044936512061508616,0.006983872385434749,0.006165488659286034,0.0057783179518948015,0.0062394020595862324,0.0059408256683365435,0.00626576378971766,-0.01033328877082623,0.0072728667674406364,0.006510897532640823,0.006618057044028263,0.0060889801684858,0.007272632562162271,0.00613331290879124,0.0062490222062432325,-0.0015542924432939173,0.005647941717718187,0.006585036053219966,0.006012051186159302,0.011617899080851774,0.0061836768830546,0.004834403591823794,0.0059076375342417345,0.006861216043345822,0.006814778973015757,0.0057460269940466215,0.005223528655208755,0.0048487522757632556,0.006734805732988686,0.005773745411436521,0.011860730192071779,0.00830713451488229,0.005568974371551242,0.006381478173729549,0.006169377544717956,0.006202856410291153,0.007744095078687466,0.005998959082168693,0.005709518716292562,0.006549505796163998,0.004524537444212997,0.005424565499231839,0.008649639083404853,0.005767034055476817,0.0066397765313061085,0.005628466050927955,0.006211154150499255,0.00846413302569062,0.0061944234709771446,0.006863644904610602,0.0066690028229521355,0.006962591827595385,0.006052323071942917,0.005352639394563733,0.006358446406362871,0.00688262062563242,0.0076353788889916285,0.006557588241976002,0.005623416632631507,0.009793305246297616,0.007634194043157325,0.006704986669114366,0.005409629578649159,0.005947023669374199,0.006569513153062479,0.005666669252440363,0.00787013411521458,0.006326055905648251,0.006097204835698125,0.007954749393405573,0.006918697896760815,0.006264639408424018,0.006198181743070896,0.00632318076945709,0.005848010324321061,0.007137875098739987,0.0062950634415043045,0.006140244491796199,0.005957526928572767,0.006946717399712922,0.0070905744448757435,0.006484187753985829,0.007332485600014545,0.006058659551092649,0.00753788653370384,0.004953231468366537,0.009739678196002029,0.00618776661439566,0.00620236599177833,0.004519772493658443,0.005950379517524111,0.007428121221630664,0.00870625691443121,0.008514328205143192,0.010685242403033864,0.006861991398006456,0.004934083805618619,0.0021997102559460704,0.011033525541064439,0.007219636758065937,0.005893959367670407,0.005691200961002103,0.007050148441486112
stdev_user_avg_indirect_greeting,0.00623692198104386,0.006301652034770577,0.006006715535562198,0.005972668914683952,0.008719403449327461,0.0011222380901306011,0.006568722816436461,0.0060576282983757545,0.005250796099065896,0.005610797088807405,0.0037426795689529868,0.008289194844214358,0.00607066488204289,-0.0022278805411254875,0.006263087301321971,0.006287650071190592,0.004057163733748549,0.002275747716478475,0.004443536556621894,0.00626599712643316,0.006066441903411529,0.007065624183027787,0.007321791972247282,0.005737592606277867,0.006082705969079888,0.004048651483991799,-0.0005893741017247091,0.006273864202752404,0.00613459752711578,0.006112030408728648,0.00938119202447751,0.006013287845741981,0.0035578293065908926,0.0035878974226970744,0.005985806078088829,0.005856576399164846,0.0066756640785095335,0.006577910312042187,0.004000454887588278,0.006574574166185506,0.006191192076458175,0.007469321380627422,0.00645645748314854,0.008811639024427415,0.005871762133464242,0.004522403084301152,0.0063419432552581445,0.0060217833988971976,0.0014856328839509417,0.0044936512061508425,0.006983872385434736,0.006165488659286029,0.005778317951894802,0.006239402059586226,0.005940825668336517,0.006265763789717647,-0.010333288770826237,0.00727286676744063,0.006510897532640813,0.00661805704402825,0.00608898016848578,0.007272632562162251,0.006133312908791235,0.006249022206243217,-0.0015542924432939195,0.005647941717718195,0.00658503605321994,0.006012051186159279,0.011617899080851772,0.0061836768830545764,0.004834403591823778,0.005907637534241726,0.006861216043345806,0.006814778973015741,0.005746026994046622,0.005223528655208732,0.00484875227576324,0.006734805732988684,0.005773745411436498,0.011860730192071747,0.008307134514882266,0.00556897437155122,0.006381478173729525,0.006169377544717929,0.0062028564102911314,0.007744095078687452,0.005998959082168678,0.0057095187162925646,0.006549505796163995,0.004524537444212985,0.005424565499231828,0.008649639083404837,0.005767034055476807,0.00663977653130608,0.0056284660509279775,0.006211154150499239,0.008464133025690608,0.006194423470977116,0.00686364490461059,0.006669002822952112,0.0069625918275953705,0.006052323071942893,0.005352639394563716,0.006358446406362838,0.006882620625632397,0.007635378888991607,0.006557588241976011,0.005623416632631515,0.009793305246297615,0.00763419404315734,0.006704986669114347,0.00540962957864915,0.005947023669374182,0.006569513153062442,0.005666669252440344,0.007870134115214571,0.006326055905648236,0.006097204835698101,0.007954749393405564,0.006918697896760819,0.006264639408424014,0.006198181743070855,0.006323180769457076,0.005848010324321043,0.007137875098739968,0.00629506344150429,0.00614024449179621,0.005957526928572739,0.006946717399712892,0.007090574444875727,0.006484187753985807,0.007332485600014536,0.006058659551092631,0.007537886533703807,0.004953231468366532,0.009739678196002001,0.006187766614395644,0.00620236599177829,0.004519772493658437,0.005950379517524091,0.007428121221630647,0.008706256914431188,0.008514328205143177,0.010685242403033856,0.006861991398006428,0.004934083805618597,0.0021997102559460674,0.011033525541064421,0.007219636758065917,0.005893959367670373,0.005691200961002103,0.007050148441486097
min_user_avg_indirect_greeting,0.0,0.0,0.0,0.0,0.0,0.0,0.0,0.0,0.0,0.0,0.0,0.0,0.0,0.0,0.0,0.0,0.0,0.0,0.0,0.0,0.0,0.0,0.0,0.0,0.0,0.0,0.0,0.0,0.0,0.0,0.0,0.0,0.0,0.0,0.0,0.0,0.0,0.0,0.0,0.0,0.0,0.0,0.0,0.0,0.0,0.0,0.0,0.0,0.0,0.0,0.0,0.0,0.0,0.0,0.0,0.0,0.0,0.0,0.0,0.0,0.0,0.0,0.0,0.0,0.0,0.0,0.0,0.0,0.0,0.0,0.0,0.0,0.0,0.0,0.0,0.0,0.0,0.0,0.0,0.0,0.0,0.0,0.0,0.0,0.0,0.0,0.0,0.0,0.0,0.0,0.0,0.0,0.0,0.0,0.0,0.0,0.0,0.0,0.0,0.0,0.0,0.0,0.0,0.0,0.0,0.0,0.0,0.0,0.0,0.0,0.0,0.0,0.0,0.0,0.0,0.0,0.0,0.0,0.0,0.0,0.0,0.0,0.0,0.0,0.0,0.0,0.0,0.0,0.0,0.0,0.0,0.0,0.0,0.0,0.0,0.0,0.0,0.0,0.0,0.0,0.0,0.0,0.0,0.0,0.0,0.0,0.0,0.0,0.0,0.0,0.0,0.0
max_user_avg_indirect_greeting,0.006236921981043853,0.006301652034770569,0.006006715535562184,0.005972668914683938,0.00871940344932744,0.0011222380901305938,0.006568722816436452,0.00605762829837574,0.005250796099065882,0.005610797088807368,0.003742679568952989,0.008289194844214351,0.006070664882042889,-0.002227880541125481,0.006263087301321971,0.0062876500711905705,0.004057163733748526,0.0022757477164784814,0.00444353655662188,0.006265997126433167,0.0060664419034115215,0.007065624183027765,0.007321791972247282,0.005737592606277859,0.006082705969079881,0.004048651483991799,-0.0005893741017247095,0.006273864202752404,0.006134597527115766,0.006112030408728654,0.00938119202447749,0.006013287845741959,0.003557829306590885,0.003587897422697081,0.005985806078088821,0.005856576399164846,0.006675664078509513,0.0065779103120421865,0.004000454887588292,0.006574574166185492,0.006191192076458159,0.007469321380627421,0.006456457483148525,0.008811639024427408,0.005871762133464214,0.0045224030843011385,0.006341943255258123,0.006021783398897204,0.0014856328839509408,0.004493651206150842,0.006983872385434714,0.006165488659286015,0.0057783179518947885,0.0062394020595862125,0.005940825668336503,0.006265763789717639,-0.010333288770826244,0.0072728667674406226,0.006510897532640803,0.0066180570440282326,0.006088980168485775,0.007272632562162244,0.006133312908791231,0.006249022206243205,-0.0015542924432939338,0.005647941717718187,0.006585036053219936,0.006012051186159279,0.01161789908085176,0.006183676883054576,0.004834403591823766,0.005907637534241707,0.006861216043345795,0.006814778973015719,0.005746026994046611,0.005223528655208721,0.0048487522757632235,0.00673480573298867,0.005773745411436498,0.011860730192071737,0.008307134514882254,0.005568974371551218,0.006381478173729518,0.006169377544717913,0.006202856410291113,0.007744095078687436,0.005998959082168671,0.005709518716292534,0.006549505796163987,0.004524537444212974,0.005424565499231811,0.008649639083404822,0.005767034055476796,0.006639776531306083,0.005628466050927963,0.006211154150499231,0.00846413302569059,0.006194423470977119,0.006863644904610586,0.006669002822952104,0.0069625918275953574,0.006052323071942892,0.005352639394563695,0.006358446406362817,0.006882620625632385,0.007635378888991598,0.006557588241975972,0.005623416632631486,0.009793305246297599,0.007634194043157313,0.0067049866691143364,0.005409629578649137,0.005947023669374167,0.0065695131530624385,0.00566666925244035,0.007870134115214573,0.006326055905648216,0.006097204835698104,0.00795474939340555,0.0069186978967608025,0.006264639408424002,0.006198181743070859,0.006323180769457068,0.005848010324321036,0.0071378750987399564,0.006295063441504285,0.006140244491796194,0.005957526928572742,0.006946717399712914,0.00709057444487572,0.006484187753985788,0.007332485600014519,0.006058659551092627,0.007537886533703814,0.004953231468366516,0.00973967819600198,0.006187766614395639,0.006202365991778314,0.004519772493658427,0.005950379517524083,0.007428121221630644,0.008706256914431177,0.008514328205143166,0.01068524240303384,0.0068619913980064225,0.004934083805618585,0.00219971025594606,0.011033525541064418,0.007219636758065909,0.00589395936767038,0.005691200961002096,0.007050148441486077
average_user_avg_direct_question,-0.03239886946612382,-0.032726569651359456,-0.03269338419922787,-0.03298480484987814,-0.03014031954914176,-0.02217790190921131,-0.031559047114151945,-0.03292505276976117,-0.03352338638003535,-0.034508470432378015,-0.03306629039274005,-0.03250297419317795,-0.03166957323726063,-0.028557497555593073,-0.032507890412811574,-0.03254050967594479,-0.028571029261875325,-0.024357522162340946,-0.035389737659128,-0.03673807523398549,-0.032616290607773164,-0.033197346026742985,-0.031095022401236173,-0.03297924720149438,-0.032499979251070565,-0.03227205139162181,-0.029968691147385776,-0.03234101347156765,-0.03387279005523022,-0.031764378299833966,-0.031060762304440125,-0.033155999385308776,-0.034108735168759244,-0.031471370928255055,-0.03295031937123792,-0.035027040479553656,-0.03238840346520839,-0.033001795103354055,-0.038253651994525746,-0.030840686109731206,-0.03172189976126484,-0.03489637950890181,-0.032576445437621365,-0.03530359393725247,-0.03431427015006434,-0.038614986203385285,-0.03251476951772493,-0.03237153843210083,-0.02327411909104037,-0.03101919576002805,-0.03293832243006914,-0.03257833426701459,-0.03266848837719029,-0.011697630195019819,-0.03496276021813744,-0.031656845980797335,-0.03694444465704446,-0.03088444986604802,-0.031785956510459325,-0.029578057248243302,-0.03256272245241218,-0.03234346187632395,-0.03270376499156084,-0.0325275825838702,-0.027114214987410575,-0.03251371921359002,-0.03190747592638698,-0.033404684717985945,-0.02703038083913086,-0.03273420260272254,-0.03269686657270131,-0.03312569812745927,-0.033016675836187614,-0.0362866738578561,-0.031687770945492424,-0.032915131998597746,-0.033623897720100646,-0.032490974219779985,-0.03423879946917465,-0.024937741323080763,-0.03187390430712814,-0.032319767701437005,-0.02723064936239584,-0.03263265113189723,-0.032067459718402566,-0.028813104510366734,-0.03255334411907952,-0.02962429657758483,-0.03253609509908832,-0.03133666702047001,-0.03363583991355381,-0.03497469674445799,-0.03215753870315052,-0.03140845803490762,-0.032731131876521276,-0.03244721262826036,-0.031954908585989046,-0.03258546171466721,-0.032574466699158804,-0.03327508944879135,-0.03104002771495515,-0.032459474287750256,-0.03259918261786089,-0.03277935700850196,-0.03201835494958545,-0.030617530452899222,-0.0342595187819837,-0.03263858863509803,-0.029755867585632315,-0.032895940667258025,-0.024870954563150124,-0.030813894686647806,-0.032240910530968364,-0.03366469571262427,-0.03171624456520219,-0.030396462550359337,-0.032672964503256505,-0.033177065808192296,-0.033140392233860866,-0.028406521536728388,-0.03186072032963563,-0.03251593926523745,-0.03349413800064492,-0.032920477432611964,-0.0307832789130699,-0.03352506219730872,-0.032462410472617116,-0.0323580566668855,-0.03350265213029606,-0.03323664876378346,-0.03242428165702544,-0.02930654036628079,-0.033070758848463944,-0.030955252740714638,-0.029665593935949416,-0.03225240469728555,-0.03265994078681308,-0.03054379501964074,-0.03385053105904072,-0.03226950007133626,-0.03179456389697213,-0.03224695159636683,-0.03307156569979681,-0.032711133544702536,-0.03148618111678671,-0.029518284907513594,-0.026172331455745473,-0.03542143441121907,-0.033697450433145176,-0.03245692974651111,-0.03261094104802768,-0.03282794751360015
stdev_user_avg_direct_question,-0.03655293284122603,-0.036967019040209916,-0.037055622203522626,-0.03720319532230587,-0.035307775084999944,-0.029671686788790282,-0.03590607457417189,-0.0374297376592012,-0.03744959039639247,-0.038776306631768315,-0.037140234844947405,-0.03700561134126847,-0.035877826958751184,-0.033161769768139,-0.03690624332064938,-0.03678987577219239,-0.032743608467433835,-0.028875140872130486,-0.0405870843317024,-0.04165347502541991,-0.0368145979852668,-0.03774921497054716,-0.035293531326129945,-0.03733511790287236,-0.03677606534397622,-0.03562137846796848,-0.033084959880678104,-0.03632582354751253,-0.037647649998417895,-0.03560980814301144,-0.03377528886106459,-0.03764888575353769,-0.03849546929720342,-0.03582868603820798,-0.03734867734338643,-0.039680490726493704,-0.03513140418869845,-0.03528976401142223,-0.04565618380975526,-0.034536823880462766,-0.03577374983839986,-0.040096831497180324,-0.03675624722944918,-0.04131886390417341,-0.03875008280331577,-0.04496201218147449,-0.03713281107298617,-0.0367680052542725,-0.026198177425228113,-0.035323648015098456,-0.03691766886632969,-0.03679361955650787,-0.036778672171120505,-0.01374605474309252,-0.03940731019914814,-0.03670402616032417,-0.04232735453871542,-0.035631531419791355,-0.03586633093742902,-0.03332181749963804,-0.03698261798543514,-0.03631824740442405,-0.036877630371504905,-0.03673658564511144,-0.029801330242836783,-0.03664250659779616,-0.03619179276224911,-0.038061924113452786,-0.030081372621797053,-0.03701292307328911,-0.03680747903789479,-0.03748537581670815,-0.03980386421251702,-0.036037840518687414,-0.03594784918911962,-0.036869367041649115,-0.036818703172793864,-0.037248833594402925,-0.03888125255401016,-0.028515126157391532,-0.03665381674871452,-0.036554571140007625,-0.030123549284068282,-0.036733185512354403,-0.03603041637012743,-0.03255518003966666,-0.03695146795151961,-0.03275820618182124,-0.0370377183929948,-0.03514442331670409,-0.03866726682290163,-0.03902225982529048,-0.036751806879653515,-0.035781713545967486,-0.037231438945432384,-0.036571657662689896,-0.03754688185154666,-0.036770899848265634,-0.036665732523050595,-0.037953745277346275,-0.034882021590631446,-0.03671996494670742,-0.036891899335398826,-0.03717960712984786,-0.036807016049060365,-0.03626754331945628,-0.03853437457011867,-0.037171668344625236,-0.032395322479495316,-0.036627912881239386,-0.029417208734967032,-0.03513228002346094,-0.036553552512110794,-0.037949588503135775,-0.03786141186226062,-0.03336689363908081,-0.03691055464557291,-0.037518991667289725,-0.03761262080901159,-0.032469881831594785,-0.03611390931342727,-0.036660044537264125,-0.03777597357250825,-0.03739527960154288,-0.035817749730772265,-0.03781629382982598,-0.036549797731191734,-0.03676100626812939,-0.03835026280099116,-0.03742689487638229,-0.03643801535959283,-0.033198439578071476,-0.037359549437976536,-0.03518639949975448,-0.03278531672072674,-0.03745704822018695,-0.03686336883688829,-0.03482293420744454,-0.03772850419069429,-0.03664634861099983,-0.0362815669819304,-0.037872303652538575,-0.03741105410784708,-0.03525021796459379,-0.03554729030630527,-0.033815845854888754,-0.03271306223357469,-0.040772008348946946,-0.03735177614427837,-0.03644451599482708,-0.03664296747188772,-0.03967196935941583
min_user_avg_direct_question,0.0,0.0,0.0,0.0,0.0,0.0,0.0,0.0,0.0,0.0,0.0,0.0,0.0,0.0,0.0,0.0,0.0,0.0,0.0,0.0,0.0,0.0,0.0,0.0,0.0,0.0,0.0,0.0,0.0,0.0,0.0,0.0,0.0,0.0,0.0,0.0,0.0,0.0,0.0,0.0,0.0,0.0,0.0,0.0,0.0,0.0,0.0,0.0,0.0,0.0,0.0,0.0,0.0,0.0,0.0,0.0,0.0,0.0,0.0,0.0,0.0,0.0,0.0,0.0,0.0,0.0,0.0,0.0,0.0,0.0,0.0,0.0,0.0,0.0,0.0,0.0,0.0,0.0,0.0,0.0,0.0,0.0,0.0,0.0,0.0,0.0,0.0,0.0,0.0,0.0,0.0,0.0,0.0,0.0,0.0,0.0,0.0,0.0,0.0,0.0,0.0,0.0,0.0,0.0,0.0,0.0,0.0,0.0,0.0,0.0,0.0,0.0,0.0,0.0,0.0,0.0,0.0,0.0,0.0,0.0,0.0,0.0,0.0,0.0,0.0,0.0,0.0,0.0,0.0,0.0,0.0,0.0,0.0,0.0,0.0,0.0,0.0,0.0,0.0,0.0,0.0,0.0,0.0,0.0,0.0,0.0,0.0,0.0,0.0,0.0,0.0,0.0
max_user_avg_direct_question,-0.035529955268571355,-0.035943982023436356,-0.036037142793396204,-0.03618949251104239,-0.03416124030561197,-0.02864311758902492,-0.03494436473255629,-0.03638174141989382,-0.036407611277194954,-0.03765778669058776,-0.03611367894306802,-0.035964358286065326,-0.03483360105447172,-0.032097977165057315,-0.035850489634044025,-0.03577631867004853,-0.03164779141780399,-0.027822334827518322,-0.039457178704646,-0.040688474793985074,-0.035801951829217846,-0.036760788312524814,-0.034282972948611226,-0.03627400823645988,-0.03575317008155694,-0.03459753947076447,-0.03199936443237753,-0.03530901412328884,-0.03661530492332072,-0.03462808195685177,-0.03290047549558759,-0.03661395147731227,-0.037534709054271545,-0.03490228323277068,-0.036323432837175956,-0.038662419826055575,-0.03426088510540924,-0.034247536690187555,-0.04468779864487276,-0.03355047729522173,-0.034760402731577406,-0.03912865916895221,-0.035734791527933664,-0.04027930874339887,-0.037657044987401536,-0.04402377186068801,-0.03608856937599368,-0.03573058009234813,-0.025282781203463556,-0.034237872974400216,-0.0359251600737605,-0.03577144268520609,-0.035763212224044785,-0.012821647281037744,-0.038397177725751075,-0.03567545092593337,-0.04125199644772097,-0.03459302148996977,-0.03483346574985808,-0.032316529417995885,-0.03595267756878417,-0.035337602745145864,-0.035859640093625314,-0.03571632045382099,-0.02873166538334479,-0.035618134430612125,-0.03515656855664649,-0.03701702874299688,-0.02913515926394953,-0.03599493934672515,-0.03578739802508102,-0.03646417847258334,-0.038827585609063645,-0.03595718694615134,-0.03493989030514388,-0.03584876522227807,-0.0358500146827103,-0.036256768977398414,-0.03786177579248058,-0.027285274863459556,-0.03566533040577393,-0.03553691987132855,-0.029200324533025235,-0.0357021356356767,-0.03498244324375496,-0.03157377383681953,-0.03593798454919474,-0.03191447107806577,-0.03600493417513164,-0.034109418787511794,-0.03761119523472605,-0.03837667404004324,-0.035778017209469534,-0.034762952219425686,-0.03624982863561767,-0.035550707557888056,-0.03651227364721972,-0.03574834024617832,-0.03564441550697538,-0.03693764045430323,-0.03387587383336842,-0.03570067672154867,-0.03592311128626001,-0.03614843365461333,-0.03579601344937864,-0.035198371614055916,-0.037500581334050216,-0.03611222074248596,-0.03145833999054269,-0.03567962307824936,-0.028324379746504116,-0.03420449098566589,-0.03551708217733074,-0.036956471674563784,-0.036820787030012125,-0.03241152660645992,-0.035880980382339014,-0.0365075560076786,-0.036590508306296454,-0.031437990879348975,-0.03509342685003448,-0.03563999568558378,-0.03670277059405171,-0.03634258776074194,-0.03480736528505915,-0.03681442394462399,-0.03553326391530487,-0.03574346636514668,-0.03721009915512766,-0.03641762530802436,-0.03543638499256512,-0.032211271414037186,-0.03634025704934375,-0.03411745000568286,-0.03172979155396772,-0.036445371548608,-0.035842282191276845,-0.033805144755792535,-0.036737338858956144,-0.035616340901680824,-0.03525336981641774,-0.036809520606149296,-0.03640520450161795,-0.03436178525712204,-0.034529501558080884,-0.0327046962531584,-0.031664907615720994,-0.039679685180025195,-0.03622726316108061,-0.03543203202709338,-0.03559241976720735,-0.0384550527339064
average_user_avg_direct_start,-0.02363128869181995,-0.0233176285995564,-0.023651940217758027,-0.02373060497187221,-0.022086790771883157,-0.024531391442888316,-0.02369549179101584,-0.023658423545200605,-0.023793833314563383,-0.023192167735154916,-0.02631262482168904,-0.019605643098946003,-0.024118815283587915,-0.019810182310735593,-0.023213094928855458,-0.02404634635190587,-0.025414439534742223,-0.028052211415050293,-0.02543326664065493,-0.02425954919860291,-0.023677062279509643,-0.02400536720223241,-0.022231173447515865,-0.023852752530648624,-0.02334988884557827,-0.025045968723217606,-0.026003573606683147,-0.022993358320561874,-0.023278611809979255,-0.024131290770004542,-0.022319661718506363,-0.023177947563665154,-0.02616985872442431,-0.024379415048002482,-0.024119693087660564,-0.023645451957458177,-0.02357519097727125,-0.0241710599530889,-0.028375968825818824,-0.02235094420628063,-0.025031564812186494,-0.026000519260515557,-0.023590872177857745,-0.019299550843276496,-0.021554899035449257,-0.022424330036573438,-0.023423428550318887,-0.02332214201733493,-0.02413589472303504,-0.022932141222915883,-0.02617327839967381,-0.023643300621748787,-0.0236345556356593,-0.01979028039760546,-0.03125269087783811,-0.023093939022144773,-0.024774915205186696,-0.02310934298903071,-0.0241441572908044,-0.023869351093600548,-0.02282650479938534,-0.019564614616024916,-0.02350005825000349,-0.023622109186475636,-0.01505658986425615,-0.02503766472681586,-0.022975261326442863,-0.022256363903784805,-0.02285781588120315,-0.02377989903742319,-0.02530473717359442,-0.02314890062298083,-0.02412249747981269,-0.02285238910501662,-0.019498800411785124,-0.023689373718278763,-0.026743692611394455,-0.024428364236171583,-0.025613775492048362,-0.02203394171478077,-0.02134306570171211,-0.02411831959233104,-0.018217335137838412,-0.023548090764920624,-0.024804029551496156,-0.02284700348903159,-0.024293475819831406,-0.021034910644539672,-0.023262813682516738,-0.023062569787828852,-0.02329398241238219,-0.011158336291595943,-0.023809182778410768,-0.023417998874460073,-0.023520038323626046,-0.023619976703719486,-0.02006028670202962,-0.02351166230340052,-0.022783265796006254,-0.023988411360617926,-0.02409433272880868,-0.023298453873220243,-0.020071610994960628,-0.025185801383669236,-0.024203447522417675,-0.024804848687954323,-0.023625266212087624,-0.02459369333259097,-0.017312407877010893,-0.02210693236165613,-0.022220719311273437,-0.02110468421662648,-0.023810390437545244,-0.02386113913393299,-0.022554452551202187,-0.016288597766665837,-0.023963926268785636,-0.023466853829252662,-0.023604450157578366,-0.02305470607661194,-0.023713660481772304,-0.023455682546667654,-0.02266070284361552,-0.023163206668746075,-0.024274538231386335,-0.02384516275932645,-0.02390381441981499,-0.02495361273381514,-0.020396210504450757,-0.021377734538444684,-0.0232551807097472,-0.01943781888007253,-0.02399770006568047,-0.022920999795697866,-0.025533902802417935,-0.019959896809504593,-0.02359582135723206,-0.02274410640751363,-0.02525224463468741,-0.022985368728190386,-0.022593921483797352,-0.018578926881623884,-0.0232316113142272,-0.02102441559684793,-0.023369544180518242,-0.026977693953126995,-0.02112397187843048,-0.02511516107067065,-0.025118780991204515,-0.024478919542486294,-0.02476824951855263,-0.020244358013407366
stdev_user_avg_direct_start,-0.011955730213037634,-0.011441472901900234,-0.011831106507206817,-0.012175079084685455,-0.003933355953946496,-0.007954814449791693,-0.01396653965510803,-0.009762043363770586,-0.013270770520282874,-0.012056256182862332,-0.01253917165913595,-0.009390610505831721,-0.013693804475031024,-0.014636941105131777,-0.012842009025848129,-0.012549144575715626,-0.010682419469924652,-0.010342395628280035,-0.010720154182180105,-0.008825195284609772,-0.012055543834140026,-0.0123194235040535,-0.009439392532759078,-0.012326471257037695,-0.01175438578286475,-0.012566947858338562,-0.01513214743044578,-0.012062054387751054,-0.011117854288204006,-0.012897594605026288,-0.005428922158057473,-0.010992913568509042,-0.015245581528436707,-0.010585673317848172,-0.011467734853287882,-0.012125165939917665,-0.01588151423750912,-0.014042997643865473,-0.016634226553710572,-0.009870816231001795,-0.01345678048737141,-0.010684205717023498,-0.011718845797227092,-0.0077738153160191595,-0.01073653003914674,-0.012209210713746433,-0.011013556636917728,-0.011051364588631511,-0.00616200592721214,-0.013454022724756385,-0.014451227787381924,-0.011987914546323225,-0.01147764409960773,-0.01172086833337631,-0.008494507842667528,-0.012503896841106645,-0.01264170396608333,-0.010362341575386562,-0.01228006891209475,-0.007747286830366918,-0.011047976967859193,-0.009720515122450316,-0.012062503866535738,-0.01194125572279571,-0.0024859184571766092,-0.012818275006947679,-0.010995923539239491,-0.010517675537934786,-0.004482436903393627,-0.01198765828583137,-0.013204650829215252,-0.010595584842685656,-0.011195549880190165,-0.01317262594629355,-0.005370957768372065,-0.013481263312080256,-0.02439418917503821,-0.010428811244889527,-0.013501798375379615,-0.013840909661340516,-0.0026912900023326313,-0.012012633928456789,-0.007295035876058259,-0.011462588510954701,-0.012935184207726597,-0.012909392773823558,-0.011874754979253804,-0.014345191205964045,-0.012911009413727713,-0.011790946032685268,-0.01148448402466282,-0.005438884251390752,-0.011188193352706235,-0.013662161638347815,-0.012702475500106624,-0.011868187910735569,-0.004714496857640657,-0.012017276172391768,-0.01201783921171692,-0.012854495531707935,-0.011458541823265523,-0.011194470890493023,-0.009285159876913793,-0.011958110028206442,-0.01147938690273325,-0.01801831841955681,-0.012087302963409619,-0.01394264309255711,-0.012288974495360976,-0.0065011247805301375,-0.00476002887013241,-0.010224258448237942,-0.011933848135750021,-0.011704852285908899,-0.012911171376097163,-0.010642806947301221,-0.013180864652748071,-0.01206505391757989,-0.01159906709937114,-0.01226325152820661,-0.012005142934143809,-0.011973348266697006,-0.011348411572286821,-0.012005015935785849,-0.01297448418546791,-0.011596995550651593,-0.01212589695460983,-0.011409322226174985,-0.008634123147245557,-0.010303300447606635,-0.012246183849340028,-0.012710145968612377,-0.01231404497610107,-0.013063622366459096,-0.013048127489945143,-0.008083172898172852,-0.011967484947292656,-0.011128108886452926,-0.014543403696853885,-0.012814363750332299,-0.010324263608429952,-0.006254174220225266,-0.011714260583615257,-0.007000776712970983,-0.011743004915891564,-0.009622493023123116,-0.01024031751290828,-0.01262458932366441,-0.011306690853547356,-0.014085811426032322,-0.012568974657467077,-0.00029306445255268803
min_user_avg_direct_start,0.0,0.0,0.0,0.0,0.0,0.0,0.0,0.0,0.0,0.0,0.0,0.0,0.0,0.0,0.0,0.0,0.0,0.0,0.0,0.0,0.0,0.0,0.0,0.0,0.0,0.0,0.0,0.0,0.0,0.0,0.0,0.0,0.0,0.0,0.0,0.0,0.0,0.0,0.0,0.0,0.0,0.0,0.0,0.0,0.0,0.0,0.0,0.0,0.0,0.0,0.0,0.0,0.0,0.0,0.0,0.0,0.0,0.0,0.0,0.0,0.0,0.0,0.0,0.0,0.0,0.0,0.0,0.0,0.0,0.0,0.0,0.0,0.0,0.0,0.0,0.0,0.0,0.0,0.0,0.0,0.0,0.0,0.0,0.0,0.0,0.0,0.0,0.0,0.0,0.0,0.0,0.0,0.0,0.0,0.0,0.0,0.0,0.0,0.0,0.0,0.0,0.0,0.0,0.0,0.0,0.0,0.0,0.0,0.0,0.0,0.0,0.0,0.0,0.0,0.0,0.0,0.0,0.0,0.0,0.0,0.0,0.0,0.0,0.0,0.0,0.0,0.0,0.0,0.0,0.0,0.0,0.0,0.0,0.0,0.0,0.0,0.0,0.0,0.0,0.0,0.0,0.0,0.0,0.0,0.0,0.0,0.0,0.0,0.0,0.0,0.0,0.0
max_user_avg_direct_start,-0.008589530244286527,-0.008118143402199981,-0.008515839721530565,-0.008795453199868023,-0.0010843427929160265,-0.004919309477434018,-0.01009746999687967,-0.006823700920722171,-0.010031935132090029,-0.008212653120333816,-0.009226587325428708,-0.005762446734622024,-0.010324607714348757,-0.01074273659296901,-0.00926788118445452,-0.009175748035224175,-0.007256712710251382,-0.006609183579807507,-0.0071771534527286275,-0.005508380372118616,-0.00872981894662104,-0.009078948714767165,-0.006210732520488373,-0.008938567605724958,-0.008426840161206515,-0.008993566520897127,-0.011996668791974696,-0.008587991775410066,-0.007854737219076199,-0.009602253336462434,-0.004236297197807545,-0.007696624054434574,-0.01229431434289811,-0.007726540901322673,-0.008002171022282262,-0.008556772981493687,-0.011940197086644013,-0.010938625928992002,-0.013535947015648534,-0.00673241765734434,-0.010079175237370317,-0.00838781519452549,-0.008350620838681643,-0.004864543673554505,-0.007424889247716698,-0.009398910827808317,-0.007823775228082962,-0.007734233296524428,-0.003519814697988486,-0.00950850786741201,-0.011074738638233982,-0.008641644323001081,-0.008146742561576215,-0.00822280628494293,-0.005019114157529111,-0.009164664850508755,-0.009108867403642723,-0.008109053993541619,-0.008861375300324935,-0.004967243498491633,-0.008044730157850701,-0.006134233405945336,-0.008698101668227797,-0.008616448707330766,0.0011324719603722968,-0.009530655735446661,-0.007575694424373544,-0.00725565771420293,-0.0013241495110222629,-0.008719782100435124,-0.009848022454632092,-0.007376086334837221,-0.008247276629193702,-0.009892066213098284,-0.0020903100237777954,-0.01003373703536946,-0.02005940484750058,-0.007505700270042265,-0.01029416106126535,-0.010924144691445635,0.0005150602911276544,-0.008893967814642662,-0.004039946789519288,-0.008082654965081945,-0.009682418694263688,-0.009522101000380652,-0.008822015457634651,-0.010981659720774539,-0.00924603772178402,-0.008896721741833775,-0.00823540335811866,-0.006455011744232032,-0.008034517236400234,-0.01006599707740574,-0.009779176990683328,-0.008523626190544423,-0.0018292151625300245,-0.008622339180761142,-0.008717896762568263,-0.008796396979077914,-0.00798117528727366,-0.007937665479702113,-0.005985524758741138,-0.008657475970532048,-0.008219959634332854,-0.014532922876009671,-0.008578209329921014,-0.010436186530061708,-0.00730100955442365,-0.0034783607168400246,-0.0020921825578068065,-0.007119971897410303,-0.008544086826464422,-0.008375949753604651,-0.009765799629713662,-0.006305419296198354,-0.009828139239118561,-0.008803177586805655,-0.00835751767605773,-0.009009937848573967,-0.008629610849836173,-0.008544748509923629,-0.007927356508845454,-0.009304961975808674,-0.010306250219702703,-0.008183075663867338,-0.008711775679067182,-0.00859479530054737,-0.004960857833878703,-0.006868782769063945,-0.00884818915546907,-0.008749978817604885,-0.00896711392173124,-0.009507352655893338,-0.00934173081557275,-0.004058613796811359,-0.008621824486059852,-0.00793426370108047,-0.010800359183864659,-0.009455155503437906,-0.007079733372042173,-0.002687229027171365,-0.008280317957762965,-0.003459894159590235,-0.008500084360156012,-0.006650688749826867,-0.0061734554529277764,-0.009493061717813618,-0.007216827595746591,-0.010757668239587778,-0.009274713804106403,0.0019546855540691407
average_user_avg_haspositive,-0.010049406186635915,-0.009388832599471063,-0.00956634305433536,-0.009322364704847713,-0.007321460228072619,-0.015311855697202469,-0.0065035667703091105,-0.011337398766601486,-0.011037772798185633,-0.010964936472548833,-0.009711367562444343,-0.013782383636177344,-0.009685708973918478,-0.007754662187093139,-0.009514741500150189,-0.01012486417651123,-0.006356202358172604,-0.012898761393005739,-0.00636212351202458,-0.008828676160642278,-0.01009568785136451,-0.00939278523285051,-0.007593254709369485,-0.011722846479476415,-0.009968459282212024,-0.009475602850452701,-0.010184564224967121,-0.00985131268960549,-0.007321689227156633,-0.01217805668298212,-0.009163289156099331,-0.010412505438549095,-0.011674805145445367,-0.001914592311117332,-0.009897910963070189,-0.010044411021674478,-0.007577451691225587,-0.01675032519283433,-0.011152184942063834,-0.009875549390650105,-0.011662877596435655,-0.01627920776058099,-0.009801384624595129,-0.012948914005894424,-0.011143112265704868,-0.0060131347966340285,-0.009802317630524054,-0.010003787363516252,-0.007285526268724056,-0.009127949853504659,-0.007371407144728494,-0.010041723812793736,-0.010280515426072924,-0.0075452494746967675,-0.005976510123336531,-0.010550251159699037,-0.012538865962045022,-0.01146187838239599,-0.009129943061516769,-0.007282393141311745,-0.008021054782908604,-0.010287273150631208,-0.009839185427125294,-0.009960858694886884,-0.010921733062184042,-0.010568881638973212,-0.008660483646197713,-0.009788225472732826,-0.0037787985638103507,-0.009873294177377846,-0.00850233792850122,-0.010835910059526178,-0.00858282432147445,-0.011107094098149153,-0.010243543426782083,-0.009423418381536423,-0.005976850789473796,-0.010489863013448116,-0.010658174685508821,-0.021761120850990596,-0.007174792803496288,-0.010084326284884962,-0.008714141227636692,-0.009906555470938026,-0.010501688948201695,-0.008501529918048024,-0.010086814601864898,-0.00884935285731735,-0.011272441955818915,-0.01194789718217119,-0.011168131269925788,-0.006735240722645133,-0.009785070899301224,-0.0066832214895605445,-0.010994099860624596,-0.010139986594563761,-0.010128722185754252,-0.01006699587724861,-0.009957877039276562,-0.00950567768987623,-0.013155931381963514,-0.010614379939714378,-0.00937069833685297,-0.009136736291369138,-0.008978524788405644,-0.014800108143894132,-0.010845413281096917,-0.012746953703310068,-0.019151518845965707,-0.005119993147064707,0.004413267625203752,-0.01292251153708559,-0.009694255386563284,-0.009348619476622865,-0.007240327237516154,-0.014739580736372784,-0.006999115150916382,-0.009804667226726654,-0.011485704765234948,-0.014627701220116264,-0.010053633238778559,-0.010120578498399485,-0.012769040818119328,-0.009499898742230131,-0.009881547966407798,-0.009812904210288523,-0.010508112201322344,-0.010238357948144204,-0.009974941097697471,-0.010615051793534697,-0.009216898566660008,-0.009903659003171729,-0.009847737605213812,-0.011804542744180873,-0.001552819974920322,-0.011056884630020837,-0.010092520326261158,-0.010535215964888335,-0.009222732293237518,-0.011284990930102793,-0.011124091250337828,-0.009726118221906558,-0.010544045813313927,-0.009875748857276052,-0.010099016620589733,-0.006808632940777999,-0.014400902151659383,-0.009344425208589451,-0.009026019411843764,-0.012478473497584238,-0.011002037080507612,-0.0022174003660160833
stdev_user_avg_haspositive,-0.04040963965099056,-0.04067747490014126,-0.040333200803414626,-0.04054478550988631,-0.04474359217848264,-0.05378892574769905,-0.04191474574843918,-0.04395365090707611,-0.040236096405617754,-0.03709391239796845,-0.04172310467359028,-0.04558599364998913,-0.04079196843026976,-0.04476284506925629,-0.04080870655364164,-0.04069818127826117,-0.04692546516671526,-0.046305758651752474,-0.041263785810319385,-0.045992253288039485,-0.04100980118612187,-0.04029476657055066,-0.03824495035649039,-0.03803986590389266,-0.040319223774987485,-0.04106310612480674,-0.0395086244984411,-0.04078958204111982,-0.04207828933957969,-0.039937543182625636,-0.02876085439448792,-0.0388700917900519,-0.03322704979995484,-0.040640516328646875,-0.04070124981971819,-0.0370147743767031,-0.05120471289343398,-0.03460798132363061,-0.02218921052601871,-0.041020044957478755,-0.04005128605285205,-0.039494044338980745,-0.04050229151581744,-0.03644452351456675,-0.0434662350136587,-0.033027360016742995,-0.04131691791649864,-0.04048915502696469,-0.042653103477635936,-0.0397713367766238,-0.04018332651823658,-0.04048385516673768,-0.041390735856848625,-0.03680840267841118,-0.046387111909210035,-0.041675168126161496,-0.03950242891511706,-0.03862865348260016,-0.04114891705345583,-0.045475844601585304,-0.03941426626832304,-0.038491203457444986,-0.04056321170387005,-0.04066351218862032,-0.039232374520612644,-0.039034183708876624,-0.04041116289556617,-0.03857436090784045,-0.043711440817673704,-0.04053568342526883,-0.03860366311426512,-0.043294366017634464,-0.038203803586531415,-0.040782314974962146,-0.040881932291064176,-0.03951387457250141,-0.03262763562142674,-0.03841953755582258,-0.04017309549870926,-0.03959942798589291,-0.04182101982102719,-0.039376966843525055,-0.04648745307786127,-0.040832115897066174,-0.040581889054717275,-0.04079278074841278,-0.04069117552488526,-0.04503332687879807,-0.039209640805818825,-0.03784992443679229,-0.038820227478518814,-0.03220421059967839,-0.03533872124293141,-0.03632895582177148,-0.04074220950931143,-0.04051326437028588,-0.03633274710125701,-0.04043055630647075,-0.04076717513086729,-0.047019098199491176,-0.040991382535383564,-0.039720041833848155,-0.03291650103069724,-0.041304364212348475,-0.0354703028474377,-0.03525740587868752,-0.04053380113280955,-0.03503213432673591,-0.03960519959028356,-0.03902732436916179,-0.04872043846446088,-0.03882226431570729,-0.04118528562744141,-0.04026458151030893,-0.04211242686588499,-0.034571090156090147,-0.043207226853796146,-0.03959941050807456,-0.037645416791992535,-0.038145320496465386,-0.03971983634983977,-0.040639283616104444,-0.040627020262804486,-0.037608209070037014,-0.04100980348143474,-0.04083630537542416,-0.040308643453440145,-0.03986608637601184,-0.04085559717642104,-0.03773144232647727,-0.03905769673939033,-0.03762713449387368,-0.040603530699924194,-0.03615310833889662,-0.04123095202864894,-0.0407700467597035,-0.04041865595513656,-0.03945453730681663,-0.040153427260273156,-0.03996674743169382,-0.03935691260763645,-0.04194538996767055,-0.04163251384574413,-0.034427327345565924,-0.038806445967530516,-0.04155246127008416,-0.027715728470504568,-0.034368584297499845,-0.03915569085112022,-0.04230615398958548,-0.04270074144629547,-0.02771990005905895
min_user_avg_haspositive,0.02599514618421279,0.026800064214054474,0.025611110541487982,0.025644657005347616,0.025378490101672917,0.033644178454215454,0.02233216304046744,0.025849838728664254,0.023548195928429543,0.019686418675001132,0.02375942263681814,0.027217767168355486,0.026570333744437638,0.02342884292946248,0.02691068819277857,0.02564551047792982,0.02646589137404528,0.0276407457262487,0.029966996220856003,0.027862538144282918,0.025853808866298726,0.022400205957165648,0.028319942578984,0.021945567557558842,0.02543176101206757,0.024436802198108114,0.02667056851810605,0.026729834630277262,0.026537326083923007,0.02428085106276213,0.019054809241207938,0.025210785511427067,0.028762178695381512,0.023398867664478296,0.02653029505362052,0.02649501330207924,0.03138738848071001,0.027745421170990776,0.019284946236119586,0.025805655926016843,0.02287204087610483,0.02487775437623872,0.0255842332594409,0.02775285151182081,0.027581168347881702,0.016904597758850122,0.026353155629899788,0.026044751752187546,0.023368830107934353,0.025559598785030307,0.026413899635700865,0.025688797857146273,0.02500193566164269,0.027242757852807706,0.02565792994079279,0.027287815188917288,0.02474305890910278,0.026294191204427376,0.025467080661042765,0.03138430879581222,0.02862097921830506,0.026517377180201383,0.026069423020700408,0.025749141621234664,0.021857303194128458,0.025163689453952226,0.02564702033562788,0.026162186969933388,0.03100675314001017,0.026003835447029996,0.026718791993391167,0.02679635208910321,0.02725977563862278,0.025523413589122367,0.024879101511239194,0.02409126471245467,0.02056183317833997,0.024166470939490897,0.02549066281724968,0.03438786963076093,0.027088760474868533,0.025221153851589646,0.02961586333490038,0.025821583138438006,0.02655817289678089,0.030795050965398314,0.026131713426541536,0.03066293922884009,0.02396277562131844,0.025331768948939404,0.025192018304044557,0.02222739748593001,0.025626166122956026,0.02174779891088255,0.024349732024888243,0.025756234276553658,0.019438538694707443,0.025614167021023482,0.02641408185997043,0.027931915934742445,0.024279118358993337,0.02545570190006052,0.023711260691046426,0.026701174337961396,0.02268266643381102,0.013841377255500392,0.024671659686676936,0.02487816193790911,0.024600794575083015,0.028800266764771952,0.01859899455897647,0.02015158389400131,0.026134259764185562,0.02572259708028367,0.02969432840988564,0.02611851669770437,0.029895639491464877,0.025038530992300523,0.023613704489603884,0.01917927033402935,0.025224713409415754,0.025767879722770008,0.026040375190845812,0.02488305175835698,0.026892936425090608,0.02428409992649205,0.025251480890063842,0.026070718412876455,0.023969945234244706,0.023977390885620863,0.024843232534367158,0.02473464350183135,0.0256585379090914,0.022846631842341113,0.02289320108509964,0.022544706846694143,0.025742053558008748,0.02541671564523652,0.023098340810219876,0.02482669380174315,0.025758346281770546,0.025964148868622135,0.027085589560131896,0.02011960577338625,0.024529367669145638,0.028053698902872817,0.019423685127672008,0.016848013013098382,0.02452089888859104,0.02569636974836909,0.027596624496599158,0.03529076157574109
max_user_avg_haspositive,-0.03910048115866666,-0.038682870326862205,-0.039050928870342866,-0.038960894914703885,-0.04065438531579251,-0.04964559170995377,-0.04057860263590966,-0.04296352920809137,-0.04010000450739594,-0.039340156300933946,-0.0408857278079723,-0.04426864997610077,-0.03888006437107862,-0.04086904709035966,-0.04044349804523015,-0.039977430066349705,-0.045060112633420434,-0.039990838481975745,-0.03637746883756377,-0.04258848271541322,-0.03974916604447767,-0.041180656636677866,-0.03461370314280969,-0.03905334038399871,-0.039313826359769745,-0.03938434359363448,-0.03810187835410404,-0.03924538961967711,-0.040582896363444726,-0.040424297117722024,-0.03502397401959159,-0.038787828288071466,-0.03085938483010104,-0.039727062526212685,-0.038919236661870214,-0.035227172632058684,-0.04447744344540902,-0.033286165621332936,-0.02666868176486223,-0.038686728523068946,-0.040018211891490865,-0.037232739148487376,-0.039531707470148836,-0.03375550573684811,-0.041973860866136525,-0.03887877116588358,-0.03937804572929496,-0.039043414122585426,-0.041265395208464034,-0.03733203664659536,-0.03814669820773414,-0.039260288772087946,-0.04060446423806741,-0.03388839195364361,-0.043315294494229856,-0.041089880859868505,-0.03731348735724581,-0.03686732467238557,-0.03947715621157236,-0.04115314524586716,-0.035843444917288435,-0.03709500731227372,-0.03933379363018482,-0.03936633153326657,-0.037663175146830076,-0.038094931161137886,-0.03876881039181939,-0.03671458283964333,-0.03450381557736427,-0.03898413996001139,-0.037456785377104646,-0.042399435505092856,-0.03618544193417233,-0.04011890397789817,-0.040012085644335116,-0.03980957474958909,-0.033728971206902415,-0.03774201023112369,-0.03959102543314453,-0.030419990150562154,-0.03808447162050993,-0.03847571759142879,-0.040761757262994504,-0.03918773814576449,-0.03918874339045414,-0.03385073722142889,-0.03930092753610523,-0.04077169304352879,-0.03808824408892709,-0.03685746189645284,-0.03843022731002164,-0.040390729701413525,-0.03451286410669659,-0.03622184663062204,-0.04057748411227085,-0.03925734100243559,-0.03918231192549496,-0.03925844012632766,-0.03955652960346267,-0.044056094251568007,-0.03905411072198358,-0.03866214370343617,-0.03500966125659196,-0.03855216682098664,-0.035355442517689094,-0.03910106458043198,-0.04032438869955818,-0.03336889343433801,-0.037459647069812,-0.03505847688865231,-0.04446508468639452,-0.04197855367523585,-0.03943094563809026,-0.0384338737748231,-0.03846715247683863,-0.033560911063664364,-0.039527465153308086,-0.038482419070996976,-0.03728090852550829,-0.04059392721344618,-0.03879997207251869,-0.039402684241005966,-0.03915508806153108,-0.037478629077238784,-0.040188186358526626,-0.04020945926076415,-0.03943779210249405,-0.03861769552006593,-0.03829072182193809,-0.037570592619957544,-0.03825143123978987,-0.03777193489571104,-0.03943960044370991,-0.037128105614123705,-0.03911951396307044,-0.041544012322508754,-0.039251877798100555,-0.03824912968191458,-0.039139778894183734,-0.04014905282424856,-0.03824792689903632,-0.040213228495971726,-0.039457541836203536,-0.035577756472830874,-0.03830870756943053,-0.03825565350312587,-0.030532712176679168,-0.03698399772626659,-0.03801014418484541,-0.04208665075343947,-0.040179170008073764,-0.01990077836562061
average_user_avg_hasnegative,0.037142534264470534,0.03696537691446734,0.03667653278718826,0.038255442513659275,0.039395987501534585,0.03794822184604142,0.033697724837160235,0.037423276581146414,0.03859867333242595,0.037001146066770026,0.03967456593387071,0.03632731860920619,0.03705875816627429,0.039971913540845894,0.039213267597746994,0.03685265282909385,0.03805240343378651,0.05219473198818425,0.03361658725339404,0.03764399604397112,0.03735645519317678,0.036753188905358836,0.035092708513422194,0.03737823675645477,0.03727414641635899,0.04111258645861893,0.04080323734752513,0.036311609299314075,0.03666215206652688,0.03713162983974578,0.03590199536375463,0.036966562389865745,0.040146074973043205,0.03526179426168753,0.03692636905863767,0.04090364954607114,0.0356371767082321,0.027249957240325685,0.03709913607621534,0.03380355562974261,0.03564162645403036,0.03504033762823402,0.036963820727475526,0.03178563803448707,0.03766076009399864,0.038652046122665866,0.03822384498764346,0.037178404539356315,0.03494065090868387,0.03635087205082215,0.03730331376819404,0.037258272726674105,0.037154756036089025,0.0358246989244065,0.03905460241114075,0.036004736472751236,0.03527244021994088,0.03616142564565977,0.03697133438730029,0.03731422570437062,0.03828824407832606,0.03549101595349802,0.03694476956674565,0.03654852042797438,0.04036111256127054,0.03701617874709373,0.03661223541749689,0.0369564043258637,0.033012563685275255,0.037187780502219506,0.037733054744613116,0.03882958504884848,0.037171238177772445,0.03521827142819514,0.03812159673275459,0.03803706171928739,0.035523847391084405,0.0372472486657579,0.03652290484699206,0.03700069789502013,0.03710761148200625,0.037950329400149814,0.03719418672045921,0.03706322922112246,0.03723400101848269,0.03447244853874067,0.03706981351071474,0.038435960019199765,0.037372835829320654,0.03591097093785658,0.03775207712946463,0.03353002583516722,0.039855165083442376,0.03568473188775818,0.038600084960637326,0.037052987890642944,0.03711329473833974,0.037239984047994314,0.03703357515850186,0.03595236833260391,0.03903161906655126,0.036834232062826926,0.03622202959360826,0.03763084728135297,0.03717362812070714,0.03337376139204685,0.03826482851616969,0.04047504331347283,0.03483293364371906,0.03420908508087411,0.03382430507127962,0.03673127558963495,0.038589446179764134,0.03632543349449888,0.036715608599952564,0.03750455107644124,0.034911506539240515,0.037118091329997216,0.03584858365212101,0.03703557932963589,0.03706326004931999,0.037265875787992536,0.03726405372687682,0.03923918060829619,0.03570755191410605,0.03738489302762865,0.03683350305113995,0.037431752041910946,0.03687482937096872,0.035628238608934264,0.03776428591213905,0.04224993974730926,0.03720653144284629,0.03697877436680549,0.03941011312620131,0.03658507012740429,0.037280196742708716,0.035997942616896234,0.03576092422741852,0.03746037012674295,0.03696748420695897,0.03562655410360441,0.036285854102292785,0.037756112956108485,0.038065944817890995,0.03762806143089537,0.02488056501698002,0.03771759955696423,0.03311584430418631,0.03769544691864748,0.0380084510018957,0.03420113832354013
stdev_user_avg_hasnegative,0.03374762615793013,0.03405767554125947,0.033698446293615646,0.03360210872377168,0.034518229371920665,0.03804090777471466,0.03027094488635436,0.03571240393203817,0.034073548821549296,0.031163672973054786,0.04139779290765573,0.03226998282087061,0.034058313780918545,0.03338295485178799,0.03371465906874454,0.033841148601415,0.030718404220254295,0.048706621668520425,0.026031437759718404,0.035024929799214455,0.03351146396305796,0.033403244337950416,0.03451559369375793,0.03208266173581716,0.0335217446050885,0.03298123368426201,0.029061102785734195,0.034174216185136067,0.03620624365901611,0.03782351363898034,0.042095500403041025,0.033184063934576985,0.04109861480503464,0.029134502542736446,0.03355977924079796,0.03367677579481464,0.031577584990812,0.018045226512538357,0.03448969938484187,0.0336623236448721,0.03228031406108609,0.03906057387940917,0.033103284716440105,0.027151341570009563,0.033404967661364,0.031039729060200822,0.0323133240539529,0.03325962514563579,0.02814370182999207,0.0333035723295456,0.035275926761386175,0.033603205470920904,0.03378180199516751,0.033023304960915476,0.035076099215696654,0.03283128169264467,0.02977840556629776,0.030967214346857546,0.03320411397452322,0.03295504240346497,0.03669718033575754,0.03365223397097043,0.032334960772232975,0.03364319720069553,0.022310526006436807,0.03492736125618971,0.0338789192620565,0.036936890689864665,0.03441712202627671,0.03386186379691582,0.03317531713184135,0.03423432770223245,0.033521353696452136,0.03330164642638262,0.0330912107252845,0.0337746419929269,0.03946269194546946,0.0336738394931562,0.032176947770511555,0.03509079390292845,0.04034437768086975,0.0333381908253383,0.0311631686177506,0.033528095677723184,0.03356323849300247,0.03544232211475443,0.033040958782018626,0.036656403691442616,0.03242525633583375,0.03530133618027198,0.034700858575701765,0.022846651330258844,0.031848409923271995,0.034301648675646265,0.03193346155706989,0.033505257310682456,0.035186751222783974,0.03369314347770022,0.034057149867793096,0.03552536458671535,0.03556987306126311,0.03409339673749798,0.03136391632732996,0.034780309093473176,0.032202249949009394,0.03258719332031841,0.034814992339804715,0.03408761835871435,0.03397512608961586,0.039642431132519855,0.022500562602581237,0.03183030617394238,0.0351156222158314,0.033562669373771115,0.03536778223913296,0.03312046505724134,0.03127579854386067,0.032603427397954285,0.034863911769868,0.03300236535877264,0.0336484586814432,0.03385889802312995,0.030572135419498166,0.028716778130310625,0.03626927298032249,0.03391787378300817,0.034261428776155164,0.03403832779169744,0.029838129161618286,0.03281242775605222,0.033779230949887426,0.0316465561547784,0.03361670917186958,0.032214638950949046,0.04419770586886886,0.03839947562348703,0.033499269747022956,0.0353243160618465,0.031027472155537177,0.03422408688253478,0.03412016013446023,0.03303778572476129,0.03427623149539209,0.03870319697209704,0.03370560843951651,0.03546617584693852,0.033221474579517435,0.03170185651034199,0.03133335240994267,0.0340591567685941,0.03321389202960626,0.011191360803611647
min_user_avg_hasnegative,0.02497961528521395,0.025805339870415826,0.023243854103900136,0.025597834982539883,0.027854410921959075,0.012626922936846776,0.024012937769527856,0.025372023735899814,0.02590266832616664,0.02738260861800175,0.023584663327595644,0.02320463794509351,0.02533258300191497,0.02722021769214517,0.021624999057983877,0.026083577768030546,0.026626994340048348,0.03005994261290803,0.022726083524273792,0.02344360873227637,0.02581739640690632,0.023594701298712946,0.02455160041742717,0.02714863715431362,0.025095964953071884,0.02808573835323996,0.03445524503837017,0.02450282315931573,0.019163925493041814,0.02325558950321519,0.027263736638008358,0.024171366804045812,0.022234012199768685,0.021686427915433806,0.024995851766530394,0.03009156720657554,0.02961834753466473,0.033090435712865525,0.019980927469024287,0.02504003841949004,0.025986460076558457,0.026918700461708342,0.025217864119447125,0.023838691363961453,0.025597670242010997,0.020901175653655277,0.028340587640287608,0.02513146232451635,0.022819213601062354,0.02401166510233974,0.027164484345641192,0.02536121108403731,0.02511193998331469,0.024385399394451734,0.02391235660696578,0.024986547033438434,0.027518397276335926,0.026415940714843933,0.024498445021299692,0.024872209874138823,0.024754271099255844,0.02514818910164218,0.02530727581092359,0.024759139018481844,0.029991695219663723,0.024991059845004635,0.02724418568284504,0.020944834346160394,0.023260872919704266,0.025470768987907816,0.025009204264449976,0.02560805331100617,0.02472204309855613,0.02554576765903901,0.023652220866014567,0.024742884305059915,0.022271736487400298,0.025139005477657662,0.02462641417409949,0.026954061258478712,0.017661410200684357,0.027104574801775014,0.027672936195759792,0.024533699657410632,0.024294639330957046,0.019596029025335214,0.026069721796481104,0.02959971721798874,0.02620863988242792,0.0237455667212324,0.022416222886550652,0.03715180138458357,0.024220762303355393,0.026062155412558657,0.026712564918663702,0.025682388226403348,0.018687260911655172,0.025228089911421114,0.025411672835039634,0.020182585873706027,0.024769920558573615,0.025369651557948722,0.021628432871735468,0.02411952499099817,0.025146393063131767,0.026099925456135816,0.02497369552695477,0.027362226954436446,0.02479463417003107,0.0190207021537945,0.023431137525296585,0.0287212744716129,0.024769877476848563,0.024775674869498658,0.029457434797985703,0.025086499166927536,0.025014705079311923,0.028523088944072326,0.0247282328247107,0.02533055457334715,0.02486889502710268,0.025452415658026566,0.028566282533075374,0.03173082372582397,0.02259595580212978,0.02456039093280604,0.02450774298747646,0.026019968218439236,0.025207694856582516,0.028387679949294434,0.02472002697321657,0.024149275541821384,0.025171755997666183,0.02714462594381982,0.018100409258332374,0.02059225475808736,0.02546948672973852,0.02331091163100635,0.02490319963126715,0.024405047355295154,0.025556115104454942,0.024794446329039724,0.024661833330423814,0.023135635885689575,0.025617848426798387,0.02687487430276414,-0.0036819831359048705,0.025290053314917727,0.02850612854003289,0.026255115810242747,0.024494500504670773,0.03424363331119121
max_user_avg_hasnegative,0.035108213380184224,0.03545428273970355,0.0344567610190851,0.034966682285416724,0.037596765035162,0.03470640464759542,0.03154550310379071,0.037231439360412434,0.03582895886082129,0.03348941489116116,0.04154974750608924,0.03298801187552454,0.03553548523134949,0.03664964170479908,0.033566250302040225,0.035211390967439395,0.034250084177358926,0.049988950587207315,0.027194141179541633,0.035188167376917684,0.03503305589743852,0.03452854998813032,0.03547784735404996,0.03400314633990948,0.034838305808128384,0.03569892308283115,0.03316060175091402,0.03478012195438993,0.035867110362891794,0.03870116702283412,0.04196384069386899,0.03400186398438331,0.0416956092792672,0.030407849052984118,0.0346354862946647,0.03613924689993772,0.03568369800890622,0.02307533104047671,0.03469447544188614,0.03435637281940337,0.033732502073419685,0.039507084002759374,0.034491790790175336,0.027958324471335817,0.03422814801057311,0.031868681381145465,0.03476748909134262,0.03449457975577294,0.03028725344205624,0.03476987881883168,0.03718111513493578,0.034987116193892255,0.034917357207532335,0.03430131286693563,0.03589744116615626,0.03394988151763785,0.03000376500831492,0.03326124581385939,0.03440714047634379,0.03454968436173886,0.03747498836404724,0.034741170168428856,0.03392024391208265,0.03485824838604441,0.028187900707954818,0.036106655428682494,0.03525985320612217,0.03667696540497225,0.03729448940330644,0.035228437375723246,0.034545214527322295,0.03553764734048596,0.03461251115071698,0.034373891731423745,0.03379020123911681,0.03528292967715983,0.03996306682529917,0.03508659254140504,0.03309781250272685,0.04028444287902331,0.039852795335081535,0.03515387631420347,0.03507651233383438,0.034999070953747796,0.03525373607787158,0.03555504989629771,0.03475398767123818,0.038288394372909346,0.03389174276791944,0.036063817856431715,0.035490076188979106,0.02903993582225368,0.03402141814364882,0.035547339473317105,0.03414852002051275,0.03494693979854754,0.0359397515123986,0.03500756513948668,0.03556592496442387,0.034766978560928884,0.03700627012312814,0.03549200298280478,0.03138598770795727,0.03582373233819304,0.03408136604202085,0.033788900928078625,0.036136786060416606,0.03732173446976304,0.03456612260029049,0.0381837134999063,0.02655769577407598,0.03473085773132767,0.036501999449747066,0.034603922641962076,0.037888014956840785,0.03445424093714643,0.03290435245212339,0.034857157263902774,0.03577759474867496,0.03479994258840171,0.03484066785887935,0.03526265810556169,0.03397458466185167,0.03311684191413283,0.03611835152482904,0.03483236876298354,0.03518081031390788,0.03557405613331561,0.031755111504829577,0.03504945503812651,0.03533964739461591,0.034706285280829745,0.034935544884006096,0.03435939124466973,0.04288226531695669,0.03640423241839241,0.0349300085585673,0.036374349998629235,0.03255825665058629,0.03542648327311443,0.03556215255990104,0.03421217479269561,0.0352014883816769,0.038459758005457555,0.03547205065728548,0.03568638560928091,0.02421479648394355,0.03305387285939189,0.03275565364250854,0.03576332762798073,0.034979017285786666,0.017798179793990086
average_user_avg_subjunctive,0.0,0.0,0.0,0.0,0.0,0.0,0.0,0.0,0.0,0.0,0.0,0.0,0.0,0.0,0.0,0.0,0.0,0.0,0.0,0.0,0.0,0.0,0.0,0.0,0.0,0.0,0.0,0.0,0.0,0.0,0.0,0.0,0.0,0.0,0.0,0.0,0.0,0.0,0.0,0.0,0.0,0.0,0.0,0.0,0.0,0.0,0.0,0.0,0.0,0.0,0.0,0.0,0.0,0.0,0.0,0.0,0.0,0.0,0.0,0.0,0.0,0.0,0.0,0.0,0.0,0.0,0.0,0.0,0.0,0.0,0.0,0.0,0.0,0.0,0.0,0.0,0.0,0.0,0.0,0.0,0.0,0.0,0.0,0.0,0.0,0.0,0.0,0.0,0.0,0.0,0.0,0.0,0.0,0.0,0.0,0.0,0.0,0.0,0.0,0.0,0.0,0.0,0.0,0.0,0.0,0.0,0.0,0.0,0.0,0.0,0.0,0.0,0.0,0.0,0.0,0.0,0.0,0.0,0.0,0.0,0.0,0.0,0.0,0.0,0.0,0.0,0.0,0.0,0.0,0.0,0.0,0.0,0.0,0.0,0.0,0.0,0.0,0.0,0.0,0.0,0.0,0.0,0.0,0.0,0.0,0.0,0.0,0.0,0.0,0.0,0.0,0.0
stdev_user_avg_subjunctive,0.0,0.0,0.0,0.0,0.0,0.0,0.0,0.0,0.0,0.0,0.0,0.0,0.0,0.0,0.0,0.0,0.0,0.0,0.0,0.0,0.0,0.0,0.0,0.0,0.0,0.0,0.0,0.0,0.0,0.0,0.0,0.0,0.0,0.0,0.0,0.0,0.0,0.0,0.0,0.0,0.0,0.0,0.0,0.0,0.0,0.0,0.0,0.0,0.0,0.0,0.0,0.0,0.0,0.0,0.0,0.0,0.0,0.0,0.0,0.0,0.0,0.0,0.0,0.0,0.0,0.0,0.0,0.0,0.0,0.0,0.0,0.0,0.0,0.0,0.0,0.0,0.0,0.0,0.0,0.0,0.0,0.0,0.0,0.0,0.0,0.0,0.0,0.0,0.0,0.0,0.0,0.0,0.0,0.0,0.0,0.0,0.0,0.0,0.0,0.0,0.0,0.0,0.0,0.0,0.0,0.0,0.0,0.0,0.0,0.0,0.0,0.0,0.0,0.0,0.0,0.0,0.0,0.0,0.0,0.0,0.0,0.0,0.0,0.0,0.0,0.0,0.0,0.0,0.0,0.0,0.0,0.0,0.0,0.0,0.0,0.0,0.0,0.0,0.0,0.0,0.0,0.0,0.0,0.0,0.0,0.0,0.0,0.0,0.0,0.0,0.0,0.0
min_user_avg_subjunctive,0.0,0.0,0.0,0.0,0.0,0.0,0.0,0.0,0.0,0.0,0.0,0.0,0.0,0.0,0.0,0.0,0.0,0.0,0.0,0.0,0.0,0.0,0.0,0.0,0.0,0.0,0.0,0.0,0.0,0.0,0.0,0.0,0.0,0.0,0.0,0.0,0.0,0.0,0.0,0.0,0.0,0.0,0.0,0.0,0.0,0.0,0.0,0.0,0.0,0.0,0.0,0.0,0.0,0.0,0.0,0.0,0.0,0.0,0.0,0.0,0.0,0.0,0.0,0.0,0.0,0.0,0.0,0.0,0.0,0.0,0.0,0.0,0.0,0.0,0.0,0.0,0.0,0.0,0.0,0.0,0.0,0.0,0.0,0.0,0.0,0.0,0.0,0.0,0.0,0.0,0.0,0.0,0.0,0.0,0.0,0.0,0.0,0.0,0.0,0.0,0.0,0.0,0.0,0.0,0.0,0.0,0.0,0.0,0.0,0.0,0.0,0.0,0.0,0.0,0.0,0.0,0.0,0.0,0.0,0.0,0.0,0.0,0.0,0.0,0.0,0.0,0.0,0.0,0.0,0.0,0.0,0.0,0.0,0.0,0.0,0.0,0.0,0.0,0.0,0.0,0.0,0.0,0.0,0.0,0.0,0.0,0.0,0.0,0.0,0.0,0.0,0.0
max_user_avg_subjunctive,0.0,0.0,0.0,0.0,0.0,0.0,0.0,0.0,0.0,0.0,0.0,0.0,0.0,0.0,0.0,0.0,0.0,0.0,0.0,0.0,0.0,0.0,0.0,0.0,0.0,0.0,0.0,0.0,0.0,0.0,0.0,0.0,0.0,0.0,0.0,0.0,0.0,0.0,0.0,0.0,0.0,0.0,0.0,0.0,0.0,0.0,0.0,0.0,0.0,0.0,0.0,0.0,0.0,0.0,0.0,0.0,0.0,0.0,0.0,0.0,0.0,0.0,0.0,0.0,0.0,0.0,0.0,0.0,0.0,0.0,0.0,0.0,0.0,0.0,0.0,0.0,0.0,0.0,0.0,0.0,0.0,0.0,0.0,0.0,0.0,0.0,0.0,0.0,0.0,0.0,0.0,0.0,0.0,0.0,0.0,0.0,0.0,0.0,0.0,0.0,0.0,0.0,0.0,0.0,0.0,0.0,0.0,0.0,0.0,0.0,0.0,0.0,0.0,0.0,0.0,0.0,0.0,0.0,0.0,0.0,0.0,0.0,0.0,0.0,0.0,0.0,0.0,0.0,0.0,0.0,0.0,0.0,0.0,0.0,0.0,0.0,0.0,0.0,0.0,0.0,0.0,0.0,0.0,0.0,0.0,0.0,0.0,0.0,0.0,0.0,0.0,0.0
average_user_avg_indicative,-0.012722479975670838,-0.01279729048951556,-0.01292344279537596,-0.012689877257175627,-0.012438337894239622,-0.006403147834732995,-0.013376915274750288,-0.012635789865172598,-0.011758435003342723,-0.01318593031961545,-0.01486219847237781,-0.012638717115570812,-0.013035549883543019,-0.012271591031253866,-0.012404147240108212,-0.01249745819670877,-0.01174807174696419,-0.013381218557006278,-0.012607386631990378,-0.012490390753616697,-0.012905156899245786,-0.01255235852159067,-0.013209502329557971,-0.011864578321121519,-0.012962551111349275,-0.013478337910761161,-0.012404930973419862,-0.012655588145695245,-0.013549066225948533,-0.0128091480304648,-0.008440530363135511,-0.012744300677380974,-0.01027111446758445,-0.012115464826997883,-0.01305949234679913,-0.013211719606595276,-0.006713039560537279,-0.01286275147815902,-0.011782657356349976,-0.013038604458230053,-0.013165165102896625,-0.013600043648217083,-0.012859524124499203,-0.013485728715557399,-0.01283751104021982,-0.009371467697009861,-0.012693056558261358,-0.013157666983931456,-0.01304614473375635,-0.013514409605673646,-0.013250550600698269,-0.012866099367828232,-0.012759876617801147,-0.012193813660583397,-0.013175808594951882,-0.013891555940135327,-0.009067415189207059,-0.011336978190336165,-0.012799748064754,-0.013834540329790642,-0.01208564991737126,-0.013918243536103131,-0.012852848834765422,-0.012847322671770614,-0.014605365363781044,-0.012719082416176567,-0.01313832563996633,-0.012893746455185845,-0.009041368480852085,-0.012716637860612164,-0.01332306640226897,-0.013005960978255664,-0.012513054751875845,-0.012096198625164754,-0.013032479262917611,-0.012921183810635724,-0.012569879890562692,-0.012799306111705589,-0.012055495819917782,-0.009803474535161137,-0.018203165829545346,-0.012593385653312021,-0.01103003147027698,-0.012839032527468541,-0.012475998393627018,-0.011904527799863222,-0.008715078060561035,-0.012252853225207014,-0.01266388535827767,-0.01344425855317611,-0.01349414540948038,-0.008961130999581284,-0.01274125199982427,-0.013164252481226086,-0.011208861324295686,-0.012865003769897389,-0.014735433709035723,-0.013011733483710002,-0.012885353714456649,-0.013428383847038991,-0.013555856593706584,-0.012777527873704472,-0.012639681947694034,-0.012248162947580223,-0.011467981317007195,-0.014232900537485466,-0.012808922496146354,-0.01280862121231245,-0.017612256386015754,-0.012193489793912294,-0.012890496816445364,-0.012106061983854988,-0.013022399776665982,-0.01245771546443428,-0.013364319135248777,-0.014784644297758944,-0.012873625529380832,-0.012564174081222108,-0.012901086194803277,-0.01336290526951878,-0.013019549010051715,-0.012800752725107592,-0.0127279836056136,-0.010864237965420699,-0.012199460068886406,-0.012827696731554875,-0.01283705309258638,-0.012734976643987303,-0.015017737978645123,-0.013226500055546871,-0.012593691030152544,-0.012669330716378635,-0.01306979514014877,-0.01205738205406695,-0.015892852815612618,-0.013864651501550028,-0.012943853339157162,-0.012643045865031398,-0.012908926618608662,-0.013252615682169113,-0.012890207182002417,-0.012546849026412923,-0.012385339373599875,-0.014710976619968416,-0.012298753289783958,-0.010828987122527299,-0.012386924346919551,-0.013220471500647434,-0.012037930027789332,-0.013144389769157973,-0.012419225569533898,-0.005833943668468422
stdev_user_avg_indicative,-0.012722479975670834,-0.01279729048951556,-0.01292344279537596,-0.012689877257175627,-0.012438337894239624,-0.006403147834733012,-0.013376915274750285,-0.012635789865172595,-0.011758435003342723,-0.01318593031961545,-0.0148621984723778,-0.012638717115570809,-0.013035549883543017,-0.012271591031253873,-0.012404147240108208,-0.01249745819670877,-0.01174807174696419,-0.013381218557006278,-0.012607386631990378,-0.012490390753616697,-0.012905156899245786,-0.01255235852159067,-0.013209502329557971,-0.01186457832112152,-0.012962551111349271,-0.013478337910761157,-0.012404930973419862,-0.012655588145695241,-0.013549066225948531,-0.0128091480304648,-0.008440530363135522,-0.012744300677380974,-0.01027111446758445,-0.01211546482699788,-0.01305949234679913,-0.013211719606595273,-0.00671303956053729,-0.012862751478159016,-0.01178265735634998,-0.013038604458230052,-0.013165165102896625,-0.01360004364821708,-0.012859524124499203,-0.013485728715557402,-0.012837511040219822,-0.009371467697009864,-0.012693056558261355,-0.013157666983931456,-0.013046144733756357,-0.013514409605673643,-0.013250550600698264,-0.01286609936782823,-0.012759876617801143,-0.012193813660583398,-0.013175808594951882,-0.013891555940135329,-0.009067415189207055,-0.011336978190336168,-0.012799748064754,-0.013834540329790639,-0.01208564991737126,-0.013918243536103127,-0.012852848834765418,-0.012847322671770613,-0.014605365363781047,-0.012719082416176563,-0.013138325639966326,-0.012893746455185845,-0.009041368480852088,-0.012716637860612163,-0.013323066402268966,-0.013005960978255661,-0.012513054751875845,-0.012096198625164756,-0.013032479262917607,-0.012921183810635724,-0.012569879890562694,-0.012799306111705589,-0.012055495819917784,-0.009803474535161135,-0.018203165829545336,-0.012593385653312021,-0.011030031470276983,-0.012839032527468538,-0.012475998393627017,-0.011904527799863222,-0.008715078060561035,-0.012252853225207016,-0.01266388535827767,-0.01344425855317611,-0.013494145409480376,-0.008961130999581296,-0.01274125199982427,-0.013164252481226083,-0.01120886132429569,-0.012865003769897385,-0.01473543370903572,-0.013011733483709998,-0.012885353714456645,-0.013428383847038991,-0.01355585659370658,-0.012777527873704472,-0.012639681947694032,-0.012248162947580219,-0.011467981317007195,-0.014232900537485462,-0.012808922496146354,-0.012808621212312448,-0.01761225638601574,-0.012193489793912295,-0.012890496816445364,-0.012106061983854988,-0.013022399776665982,-0.01245771546443428,-0.013364319135248773,-0.014784644297758939,-0.012873625529380834,-0.012564174081222105,-0.012901086194803273,-0.013362905269518777,-0.013019549010051711,-0.012800752725107589,-0.0127279836056136,-0.010864237965420702,-0.012199460068886406,-0.012827696731554874,-0.012837053092586377,-0.0127349766439873,-0.015017737978645118,-0.013226500055546875,-0.01259369103015254,-0.012669330716378638,-0.013069795140148766,-0.012057382054066952,-0.015892852815612604,-0.013864651501550028,-0.012943853339157159,-0.012643045865031394,-0.012908926618608658,-0.013252615682169113,-0.012890207182002414,-0.01254684902641292,-0.012385339373599872,-0.01471097661996841,-0.012298753289783958,-0.010828987122527296,-0.012386924346919547,-0.013220471500647434,-0.012037930027789336,-0.01314438976915797,-0.0124192255695339,-0.005833943668468429
min_user_avg_indicative,0.0,0.0,0.0,0.0,0.0,0.0,0.0,0.0,0.0,0.0,0.0,0.0,0.0,0.0,0.0,0.0,0.0,0.0,0.0,0.0,0.0,0.0,0.0,0.0,0.0,0.0,0.0,0.0,0.0,0.0,0.0,0.0,0.0,0.0,0.0,0.0,0.0,0.0,0.0,0.0,0.0,0.0,0.0,0.0,0.0,0.0,0.0,0.0,0.0,0.0,0.0,0.0,0.0,0.0,0.0,0.0,0.0,0.0,0.0,0.0,0.0,0.0,0.0,0.0,0.0,0.0,0.0,0.0,0.0,0.0,0.0,0.0,0.0,0.0,0.0,0.0,0.0,0.0,0.0,0.0,0.0,0.0,0.0,0.0,0.0,0.0,0.0,0.0,0.0,0.0,0.0,0.0,0.0,0.0,0.0,0.0,0.0,0.0,0.0,0.0,0.0,0.0,0.0,0.0,0.0,0.0,0.0,0.0,0.0,0.0,0.0,0.0,0.0,0.0,0.0,0.0,0.0,0.0,0.0,0.0,0.0,0.0,0.0,0.0,0.0,0.0,0.0,0.0,0.0,0.0,0.0,0.0,0.0,0.0,0.0,0.0,0.0,0.0,0.0,0.0,0.0,0.0,0.0,0.0,0.0,0.0,0.0,0.0,0.0,0.0,0.0,0.0
max_user_avg_indicative,-0.012722479975670825,-0.012797290489515549,-0.012923442795375955,-0.01268987725717562,-0.012438337894239617,-0.006403147834732998,-0.013376915274750276,-0.012635789865172593,-0.011758435003342721,-0.013185930319615454,-0.014862198472377807,-0.012638717115570795,-0.01303554988354301,-0.01227159103125387,-0.012404147240108201,-0.012497458196708769,-0.011748071746964187,-0.01338121855700627,-0.012607386631990375,-0.012490390753616687,-0.012905156899245788,-0.012552358521590666,-0.013209502329557966,-0.011864578321121503,-0.012962551111349271,-0.013478337910761137,-0.012404930973419862,-0.012655588145695233,-0.013549066225948514,-0.012809148030464793,-0.008440530363135515,-0.01274430067738097,-0.010271114467584452,-0.012115464826997865,-0.013059492346799127,-0.013211719606595274,-0.0067130395605372855,-0.01286275147815901,-0.011782657356349964,-0.013038604458230045,-0.013165165102896621,-0.013600043648217073,-0.012859524124499202,-0.013485728715557399,-0.012837511040219815,-0.009371467697009861,-0.012693056558261353,-0.013157666983931445,-0.01304614473375635,-0.013514409605673634,-0.013250550600698258,-0.012866099367828222,-0.01275987661780114,-0.012193813660583393,-0.01317580859495187,-0.013891555940135318,-0.00906741518920705,-0.011336978190336165,-0.012799748064753994,-0.013834540329790635,-0.012085649917371263,-0.013918243536103122,-0.012852848834765406,-0.012847322671770613,-0.014605365363781032,-0.012719082416176551,-0.013138325639966324,-0.012893746455185835,-0.009041368480852092,-0.012716637860612166,-0.013323066402268964,-0.01300596097825565,-0.012513054751875839,-0.012096198625164749,-0.013032479262917613,-0.012921183810635709,-0.012569879890562677,-0.012799306111705572,-0.012055495819917782,-0.00980347453516113,-0.01820316582954535,-0.012593385653312007,-0.011030031470276976,-0.012839032527468531,-0.012475998393627008,-0.011904527799863222,-0.008715078060561033,-0.012252853225207014,-0.01266388535827766,-0.013444258553176101,-0.013494145409480362,-0.00896113099958129,-0.01274125199982426,-0.013164252481226078,-0.011208861324295688,-0.01286500376989738,-0.014735433709035711,-0.013011733483709995,-0.012885353714456645,-0.013428383847038981,-0.01355585659370658,-0.012777527873704475,-0.012639681947694027,-0.012248162947580224,-0.011467981317007197,-0.014232900537485466,-0.012808922496146347,-0.012808621212312445,-0.017612256386015733,-0.012193489793912292,-0.012890496816445357,-0.012106061983854994,-0.013022399776665975,-0.012457715464434277,-0.013364319135248765,-0.014784644297758935,-0.01287362552938083,-0.012564174081222098,-0.012901086194803265,-0.013362905269518777,-0.01301954901005171,-0.012800752725107584,-0.012727983605613585,-0.010864237965420697,-0.012199460068886397,-0.012827696731554868,-0.012837053092586367,-0.0127349766439873,-0.015017737978645116,-0.01322650005554686,-0.012593691030152543,-0.012669330716378633,-0.013069795140148756,-0.01205738205406695,-0.0158928528156126,-0.013864651501550024,-0.012943853339157162,-0.012643045865031389,-0.012908926618608658,-0.013252615682169105,-0.01289020718200242,-0.012546849026412916,-0.012385339373599872,-0.014710976619968405,-0.012298753289783946,-0.010828987122527296,-0.012386924346919546,-0.013220471500647422,-0.012037930027789332,-0.013144389769157962,-0.012419225569533895,-0.005833943668468426
discursive_diversity,-0.07451129765036595,-0.0743340189457361,-0.07404004689701457,-0.07410940178955171,-0.07871941405993375,-0.038881072233343535,-0.0766780785454928,-0.07552044997664276,-0.076733074832929,-0.07841300283433515,-0.08073724462851804,-0.07234866487815024,-0.07467337114542022,-0.06561524938939478,-0.07407563848771224,-0.07545586739856906,-0.07278134616162386,-0.04358346232262053,-0.07585477983072185,-0.07884134045917866,-0.0746437820266288,-0.07421406992062235,-0.07326291720604348,-0.07336312427285907,-0.0746443713159132,-0.0779135957980385,-0.07617082692205712,-0.0741305061089349,-0.07352748512148163,-0.07368689403592571,-0.07601223543347882,-0.07689179306158078,-0.07756905090434578,-0.0652959690030892,-0.07380929589483656,-0.07346672747350241,-0.08014825907132041,-0.07096202826242667,-0.0703415170398098,-0.07780789857254068,-0.07063269350833658,-0.07122171954186779,-0.07411205165684187,-0.06185370674923792,-0.07882798411882891,-0.06779441608940727,-0.0725300492982135,-0.0751106415141665,-0.0848942610912545,-0.07487784142549304,-0.0770619375224154,-0.07468388654162447,-0.07505631006210273,-0.06711132670341627,-0.07217240338426774,-0.06983405772026124,-0.07100002003989493,-0.07718716508783353,-0.07493601060397967,-0.08277345537666225,-0.07504979451791031,-0.07289954854951722,-0.07487595284194098,-0.07503556203310094,-0.08581090205601992,-0.07552702292452054,-0.06993324647728492,-0.07407947761906898,-0.08340343990806984,-0.07553582652309548,-0.07524115975728969,-0.07628128521755198,-0.0729512099045946,-0.07294649718805885,-0.0732079125030029,-0.07403216890266673,-0.07646998527328834,-0.07405870766532727,-0.07257853275127345,-0.08080040306296538,-0.0727316317406964,-0.0748473521013743,-0.08203496358929488,-0.07576324622810746,-0.07537604735652947,-0.08081855907273487,-0.07484028830310253,-0.07461555392200402,-0.07375023268081371,-0.07610115207407048,-0.0719359936783764,-0.08564494263415379,-0.07438598424084844,-0.07647336337595584,-0.07301463158962236,-0.07485139464301786,-0.095839379168287,-0.07464804161710319,-0.07510143842453142,-0.07246383297642739,-0.0743712723003297,-0.07442512835265931,-0.07149682884164972,-0.07538531407628202,-0.07484043353831314,-0.07262915900486885,-0.07227274839808834,-0.06879319181702181,-0.07571584311902955,-0.0758865666127616,-0.08123848230449535,-0.06279750693139262,-0.07537724267098449,-0.07490868967241643,-0.08045791097834357,-0.07692768803136513,-0.0763926496360965,-0.07507138562363697,-0.0702289455439181,-0.07085625342271715,-0.07307453155376115,-0.07478483549793526,-0.07420937414341,-0.07662097573482739,-0.07196122993279425,-0.07520895066563202,-0.07429230721528705,-0.07542915379426114,-0.06933363915574066,-0.07521863275040082,-0.07553508658699169,-0.0726218799530708,-0.07542974623699981,-0.07287752697901634,-0.07764701767865768,-0.07022110325698253,-0.07476714125196475,-0.07340846620645429,-0.07746096579736177,-0.07674401832123477,-0.07263790024510486,-0.07332357797658924,-0.07456229809608937,-0.07194517297930564,-0.07239697341308737,-0.06800989636637168,-0.06631894830048408,-0.07238828535212274,-0.07374975194983277,-0.07330742234781198,-0.0741219593600054,-0.07688253996872121
variance_in_DD,-0.028824838128905066,-0.027807198082626834,-0.028605634193776788,-0.025854902466082914,-0.03407971356357142,-0.048555496400378956,-0.024261982424754025,-0.031713323165106305,-0.0267540423733353,-0.028612548875033603,-0.026325889262177996,-0.0315410856733212,-0.02884611385767584,-0.02405138305484797,-0.025806767170171187,-0.028540357116402473,-0.03170433583778733,-0.00018201184472295753,-0.03070098222997974,-0.027619411886076743,-0.029146162027914965,-0.028953472056605437,-0.029199497493144922,-0.03117991643633115,-0.02788420912974628,-0.027559676750991156,-0.025870282460807918,-0.028950151840901564,-0.0276592911837892,-0.026769328767119387,-0.05294266034917762,-0.028715339182942126,-0.026685361758286532,-0.04567199575778333,-0.028937122413722555,-0.026770592718626363,-0.031200092788681574,-0.028630325045080965,-0.021019285816202396,-0.02730543723139297,-0.027115739131699998,-0.03222473951262488,-0.029230423618344673,-0.022305095653710125,-0.025030355428318045,-0.023203130298997756,-0.027912118588883747,-0.028639560656435963,-0.026638323606369738,-0.027325336926029762,-0.031685526410297024,-0.02861647902469433,-0.02961595731125677,-0.017548757599921673,-0.029127662347124876,-0.03205036349590758,-0.03378903325001736,-0.03204794904685669,-0.028039765904832814,-0.03958664050850215,-0.028581383389423825,-0.02318814375303741,-0.028425200263059693,-0.028834197372278433,-0.010842756966154651,-0.02805788814018452,-0.032075398754890835,-0.029528429749718192,-0.027336829595468057,-0.02841959067893007,-0.030241549952214522,-0.029077845248247434,-0.029162681290214425,-0.02576589765014512,-0.02936270049399202,-0.02952509355880651,-0.034286398743594085,-0.030132168443772745,-0.02331535146132592,-0.037103440819555245,-0.02727159636494669,-0.029739877615252312,-0.02515559317030805,-0.030269820174962502,-0.02922127679132073,-0.023611349898803306,-0.028066889385888576,-0.029932493156098864,-0.02451667472144082,-0.031247775652784474,-0.028841521600595447,-0.024548864291740725,-0.0331685218965212,-0.018770167557881686,-0.02657465553891606,-0.028570193330994104,-0.02782419422716549,-0.028681102342824318,-0.02935359762598575,-0.02259072782912426,-0.02728542828671182,-0.026482883906168195,-0.03138702266700325,-0.028674758045262247,-0.02777376892630953,-0.017391860837107958,-0.0307867683783897,-0.03297905423553248,-0.016886943666317652,-0.020495331732412823,-0.028406889467270425,-0.028960624738818594,-0.027705115492803536,-0.027936818719298345,-0.026799728795272763,-0.0181949355243044,-0.03105040457962273,-0.02855847200395669,-0.030308305620105412,-0.03464044030517998,-0.028228389659097824,-0.028336582467047816,-0.02522289851943341,-0.03322509392916052,-0.02507783981260233,-0.024825864947300613,-0.027855805590859106,-0.02979862946488681,-0.027105942602042733,-0.025869340571148418,-0.029141388614856528,-0.025179297118349642,-0.028514427665618507,-0.03134882534844759,-0.03547441327594723,-0.019765956839933676,-0.02873949584204532,-0.03149622249254017,-0.029562818057178933,-0.028895246230280985,-0.02571363119494885,-0.031635345898618834,-0.02958204023644064,-0.036546932955391756,-0.029095091782781177,-0.03335347461661641,-0.013583572226149008,-0.031209123716669,-0.022928697497035848,-0.02940461555502504,-0.029271677920394378,-0.015724700920135667
incongruent_modulation,-0.04150933811876384,-0.04163277346074685,-0.03980723561382862,-0.039519442377012035,-0.034210990767193056,-0.024484377032911432,-0.03954818488919273,-0.03862316520270107,-0.0382584969034832,-0.039750948097277576,-0.03863675043430379,-0.04551056520175559,-0.04188796643069846,-0.027941620431853234,-0.039822534300451,-0.041113011664765955,-0.04446403917964993,-0.008939134515672121,-0.038078814365520186,-0.03754856530465285,-0.04098378342551671,-0.03993159125198005,-0.0452542028325594,-0.03798856748119919,-0.040499163720584715,-0.036405821429839974,-0.0411018327748147,-0.04215213377636152,-0.03878462911010513,-0.042659426765632176,-0.04239054027117386,-0.03855994817289489,-0.04796703368554509,-0.05622223850144258,-0.03997131637580973,-0.0389834727693505,-0.04495540808701429,-0.04398518999259208,-0.042322880578898964,-0.043362654293613655,-0.03826518206330329,-0.04301041878845251,-0.040418864454154525,-0.04589329505273669,-0.04547208610931506,-0.0336815310439693,-0.039677366011974295,-0.04064255103759078,-0.02547653479790195,-0.042305812856062164,-0.040580720679737586,-0.04069012711528746,-0.04005454918378856,-0.04704607604781609,-0.034528569898848005,-0.05262011008938996,-0.03529319607981515,-0.03997747332320953,-0.04091363140777521,-0.0439209569396021,-0.038179302506718506,-0.04423257695262761,-0.04078271040193072,-0.04077832264605462,-0.04707109344841706,-0.040047337203053784,-0.04410503035664195,-0.03786508832510736,-0.03823553109052951,-0.03987345127232015,-0.041218122307408414,-0.04080064795202544,-0.0411031530527047,-0.040424060410915286,-0.037751479527028106,-0.04297317017710096,-0.04664601259311561,-0.042272103769868716,-0.036616134172319674,-0.03237205229177527,-0.03513244486766476,-0.04065730359673711,-0.0498145092178864,-0.0413760484403604,-0.04055213509756779,-0.041864122928614494,-0.040428234876339494,-0.04569501353168158,-0.04110246592745018,-0.04314735184142053,-0.04052010127139469,-0.05798031539404849,-0.04068297151054382,-0.051457106795698045,-0.04017929763950609,-0.040864630879958716,-0.043223622543105265,-0.04082401255768087,-0.04170376421256582,-0.037724990204866624,-0.04363834846328501,-0.04112960599637806,-0.04198138458732956,-0.039448594563718534,-0.04484575777419293,-0.04131199040458665,-0.04225405735007129,-0.042642102916025035,-0.04551524716165831,-0.03234816644880663,-0.03321359496030296,-0.038040476429182006,-0.04025417665631512,-0.040030203322075956,-0.044536633440091455,-0.04315524928967661,-0.04253532460542898,-0.04039502390603867,-0.04079326383323513,-0.03477170321014061,-0.040848292993263674,-0.04129054442690348,-0.04075123638613112,-0.041891124220193865,-0.04542916746970492,-0.0380423961978084,-0.03979703569222679,-0.04010124894982329,-0.033209252528569815,-0.042684315126055784,-0.04061383906097297,-0.04416672008365974,-0.04050571267897251,-0.04488019617532004,-0.041399227644973245,-0.044075974642835795,-0.040900760304091496,-0.04427207386015761,-0.041487955789073945,-0.039465722569236764,-0.04038210872457032,-0.03917414329579092,-0.04201172905356962,-0.04014695726720363,-0.04042906054871251,-0.04262048068071057,-0.05141871483213837,-0.027758919688358544,-0.03407855042741792,-0.04233470806714089,-0.0400702778968845,-0.026971405987945587
within_person_disc_range,-0.08122435323679232,-0.08106892137295828,-0.08075499149983101,-0.08011449232545764,-0.08630986868691852,-0.10291603211261835,-0.08934209566660353,-0.0809918386382392,-0.07962904033780896,-0.08205076072475816,-0.07700978223709308,-0.07685188798060698,-0.08135914532469687,-0.06355895679432931,-0.07960314668124371,-0.0823768304132878,-0.0746370098921695,-0.039987583680231864,-0.07703110293520901,-0.07998833111479252,-0.08150234803122407,-0.08134145806992804,-0.08115789550831067,-0.08045913798410344,-0.08102004077637126,-0.07712216832644987,-0.07594191074252582,-0.08052034411198274,-0.0714613970625193,-0.08035386536273179,-0.07904869161871743,-0.0806824275023508,-0.08140580766080754,-0.0768415911543364,-0.08203616557933162,-0.0789031655534868,-0.08626374031502142,-0.08462155492749728,-0.07224572370757913,-0.08045708843511928,-0.08245468236853985,-0.08216403421267983,-0.08057021705783866,-0.07000847955823747,-0.07712230581592248,-0.08312966274528875,-0.08050433460313632,-0.08030485107208452,-0.10000838931470135,-0.08073969001275509,-0.08249413235295838,-0.08106166536635259,-0.08074196010921242,-0.0768447968332354,-0.07839208113048769,-0.08142749926186825,-0.0747731393077397,-0.08562107051977234,-0.08142292640467369,-0.08451674887317669,-0.07769669252476497,-0.08283840145478097,-0.08084495420578329,-0.0810737099973326,-0.07205260650865221,-0.08240915742169222,-0.0802848602320274,-0.08117266795598538,-0.08656165276558363,-0.08151707991898784,-0.07987051752966966,-0.08286166941506168,-0.08456752189007963,-0.0815868039735706,-0.08123705786271533,-0.08123641957737629,-0.08413865148531624,-0.07951593123198433,-0.0815239797475979,-0.08332912884736515,-0.07572046696808135,-0.08113286697010569,-0.07627534916824513,-0.08212615661889164,-0.08022648992724589,-0.08926560120545302,-0.08181620737598028,-0.08592076270106423,-0.0809185918434258,-0.08126609555791384,-0.08153238510023392,-0.07829482278859382,-0.08275495683507458,-0.07740660795057003,-0.07973116191545727,-0.08116049725552388,-0.09642962958811754,-0.08101606099485091,-0.08141466990316809,-0.08095569436790741,-0.08469848939835324,-0.07943974420365778,-0.08174767464430428,-0.08217353837679822,-0.08212497447008052,-0.08293290411451244,-0.07823314496206214,-0.07779036369881165,-0.07786291457715505,-0.07520663046392057,-0.08857382863854049,-0.06655220620349564,-0.08035600558387469,-0.07967954770927915,-0.08717759635124024,-0.08043159099542954,-0.08239048100628926,-0.08038934384807209,-0.08385605449310833,-0.08608737440684106,-0.08098738971593974,-0.08127713508177084,-0.07498859857814044,-0.08227118837769896,-0.08350384550127896,-0.08116733804816392,-0.08173439374282229,-0.0820187928086824,-0.07801266836788927,-0.08018191024803191,-0.08010466839636668,-0.08295332190854893,-0.08127343939676891,-0.08325372011231082,-0.059091075358258395,-0.08332952941836332,-0.08105219383714153,-0.08191441811817184,-0.07994824226182043,-0.08204157593020481,-0.08211475405252844,-0.08430801560078134,-0.07988695312488339,-0.08025169320742885,-0.08061402386990729,-0.08047915929525545,-0.0894258121408562,-0.08688772507997251,-0.08168134675817688,-0.08002599829691043,-0.07795663665794263,-0.08492563248181065
