,0,1,2,3,4,5,6,7,8,9,10,11,12,13,14,15,16,17,18,19,20,21,22,23,24,25,26,27,28,29,30,31,32,33,34,35,36,37,38,39,40,41,42,43,44,45,46,47,48,49,50,51,52,53,54,55,56,57,58,59,60,61,62,63,64,65,66,67,68,69,70,71,72,73,74,75,76,77,78,79,80,81,82,83,84,85,86,87,88,89,90,91,92,93,94,95,96,97,98,99,100,101,102,103,104,105,106,107,108,109,110,111,112,113,114,115,116,117,118,119,120,121,122,123,124,125,126,127,128,129,130,131,132,133,134,135,136,137,138,139,140,141,142,143,144,145,146,147,148,149,150,151,152,153,154,155,156,157,158,159,160,161,162,163,164,165,166,167,168,169,170,171,172,173,174,175,176,177,178,179,180,181,182,183,184,185,186,187,188,189,190,191,192,193,194,195,196,197,198,199,200,201,202,203,204,205,206,207,208,209,210,211,212,213,214,215,216,217,218,219,220,221,222,223,224,225,226,227,228,229,230,231,232,233,234,235,236,237,238,239,240,241,242,243,244,245,246,247,248,249,250,251,252,253,254,255,256,257,258,259,260,261,262,263,264,265,266,267,268,269,270,271,272,273,274,275,276,277,278,279,280,281,282,283,284,285,286,287,288,289,290,291,292,293,294,295,296,297,298,299,300,301,302,303,304,305,306,307,308,309,310,311,312,313,314,315,316,317,318,319,320,321,322,323,324,325,326,327,328,329,330,331,332,333,334,335,336,337,338,339,340,341,342,343,344,345,346,347,348,349,350,351,352,353,354,355,356,357,358,359,360,361,362,363,364,365,366,367,368,369,370,371,372,373,374,375,376,377,378,379,380,381,382,383,384,385,386,387,388,389,390,391,392,393,394,395,396,397,398,399,400,401,402,403,404,405,406,407,408,409,410,411,412,413,414,415,416,417,418,419,420,421,422,423,424,425,426,427,428,429,430,431,432,433,434,435,436,437,438,439,440,441,442,443,444,445,446,447,448,449,450,451,452,453,454,455,456,457,458,459,460,461,462,463,464,465,466,467,468,469,470,471,472,473,474,475,476,477,478,479,480,481,482,483,484,485,486,487,488,489,490,491,492,493,494,495,496,497,498,499,500,501,502,503,504,505,506,507,508,509,510,511,512,513,514,515,516,517,518,519,520,521,522,523,524,525,526,527,528,529,530,531,532,533,534,535,536,537,538,539,540,541,542,543,544,545,546,547,548,549,550,551,552,553,554,555,556,557,558,559,560,561,562,563,564,565,566,567,568,569,570,571,572,573,574,575,576,577,578,579,580,581,582,583,584,585,586,587,588,589,590,591,592,593,594,595,596,597,598,599,600,601,602,603,604,605,606,607,608,609,610,611,612,613,614,615,616,617,618,619,620,621,622,623,624,625,626,627,628,629,630,631,632,633,634,635,636,637,638,639,640,641,642,643,644,645,646,647,648,649,650,651,652,653,654,655,656,657,658,659,660,661,662,663,664,665,666,667,668,669,670,671,672,673,674,675,676,677,678,679,680,681,682,683,684,685,686,687,688,689,690,691,692,693,694,695,696,697,698,699,700,701,702,703,704,705,706,707,708,709,710,711,712,713,714,715,716,717,718,719,720,721,722,723,724,725,726,727,728,729,730,731,732,733,734,735,736,737,738,739,740,741,742,743,744,745,746,747,748,749,750,751,752,753,754,755,756,757,758,759,760,761,762,763,764,765,766,767,768,769,770,771,772,773,774,775,776,777,778,779,780,781,782,783
High,-0.18219061416485197,-0.18543421078741634,-0.18553703915417075,-0.18306548782220144,-0.18286525472262072,-0.18226237184234617,-0.18252737058390753,-0.18156519980630212,-0.18166520724582128,-0.18162170458249016,-0.18851607596136027,-0.18675076408804647,-0.18310834692228914,-0.18377586639720875,-0.18338038153498906,-0.18289862866711978,-0.18229803106255146,-0.1846198646782347,-0.18376300574418553,-0.18510574684657544,-0.18243126537347265,-0.18717896977626095,-0.18216649788056286,-0.18226946506534203,-0.18303852851340405,-0.18258085607199825,-0.1824943185594166,-0.18649758941741665,-0.18243013319502638,-0.18221284525355522,-0.1835711081252114,-0.18177713589238723,-0.1814761069515846,-0.18420657888082267,-0.18622357634462147,-0.1827382540628271,-0.18256807510734888,-0.18258938063473915,-0.18310385620777173,-0.18268717293859785,-0.18640900120969545,-0.18269753654284898,-0.18194465710644725,-0.1816582054574865,-0.18577520780689258,-0.1876972001307757,-0.18282864516691452,-0.1797532440659093,-0.1824976795118975,-0.18281210270223713,-0.18595927234345055,-0.1790111832069433,-0.18489968554081102,-0.18402188665800476,-0.18255672032081088,-0.18234870423037366,-0.18286252296764627,-0.18370975670872478,-0.1823613718447392,-0.18234081114703118,-0.1843418827815891,-0.18365376772196565,-0.18224109402665936,-0.18223009224885753,-0.18253341449383143,-0.18270799039917898,-0.18398297631438598,-0.18137530618274164,-0.18251445925134477,-0.1828419894863439,-0.18238103423637703,-0.18213371627852962,-0.18255051146945106,-0.18344747585537874,-0.18312075568557434,-0.17940025649742114,-0.18198861879790837,-0.1829855122345156,-0.18385869205167227,-0.183053531946835,-0.1828545446703482,-0.18170775776059506,-0.1860594256646055,-0.18387937453982955,-0.18372025727468513,-0.1822733828544856,-0.18196027711582285,-0.1831215669215575,-0.1827443979603377,-0.1847531106512345,-0.17799163162423262,-0.18412980159161682,-0.18212436820280167,-0.17986322677939573,-0.18149288634028993,-0.18201536246178782,-0.18130350320189173,-0.18323124238170313,-0.18309151113970365,-0.18260291123340155,-0.18274733306714003,-0.1826109182059263,-0.1825695370607631,-0.1817876370879849,-0.1852986037561269,-0.18429155973481998,-0.18245783420741124,-0.18286860756348783,-0.18334879991033634,-0.18363859275504132,-0.18310344466893916,-0.18226573689376976,-0.18249010366327617,-0.17934142551731008,-0.18282037261711545,-0.18247793316533995,-0.18509933373196436,-0.1826427540922282,-0.1810297773927836,-0.1822597040685589,-0.18659009367829543,-0.18383482251868,-0.1847181458666313,-0.18338803387700464,-0.1822053942068461,-0.18283986232350824,-0.18298870369212406,-0.18476288960257434,-0.18323074080784976,-0.182843302638468,-0.18498325217313794,-0.18792647247357053,-0.18434984267674162,-0.181098818362355,-0.18365359933863895,-0.1834112368340852,-0.1829563164041243,-0.1817714760380543,-0.18202409472558076,-0.1842118408510852,-0.18248103238097169,-0.1790914258050771,-0.18311996126734162,-0.1904752601916261,-0.18258668758484278,-0.18388638625852852,-0.18286855229235643,-0.18217613946993594,-0.18260829261575837,-0.18263307610192472,-0.18376850977579712,-0.18457889960872226,-0.1820766279227947,-0.1825001828232972,-0.18315547141394356,-0.183531158632197,-0.18206062600710574,-0.18217562763239686,-0.18312053158099745,-0.180094215777784,-0.18561874762942523,-0.1818607888734893,-0.18232829451297403,-0.18327963198016198,-0.1834264947495796,-0.1826635324125182,-0.18294202777912036,-0.18257786788734134,-0.18216235695357838,-0.18247134221403102,-0.18306120656836555,-0.1864440006057551,-0.18518050888057264,-0.18432736731896782,-0.1822155970594248,-0.18337914091112703,-0.18268523508933499,-0.181839027647267,-0.18282720921157564,-0.18266780307001582,-0.182112604086961,-0.1823272220566266,-0.18230721565921806,-0.18151163542089796,-0.18271232973467846,-0.18363189317846085,-0.18177670933826776,-0.18366308233424625,-0.18223197803991276,-0.18254670025107225,-0.18130789227337277,-0.18249794100123898,-0.1847502141812068,-0.18318963736495217,-0.18190876314816412,-0.1835901888599876,-0.18179003213715755,-0.18283512726489062,-0.1840911953558575,-0.18359410190526446,-0.1817341749836336,-0.18106026960164745,-0.1830426435063121,-0.18407379395079856,-0.18285588385343035,-0.18262556853699863,-0.18435897818769326,-0.18167507699858565,-0.1834797382049431,-0.18244886451267436,-0.1696353223250073,-0.18312882150798893,-0.182314773806317,-0.18259471419649353,-0.1796781109999876,-0.18322005160795507,-0.1761499011971932,-0.18196428082153435,-0.17932226334552023,-0.18425656947992824,-0.18266029043779441,-0.18258871316741554,-0.18182420628335505,-0.18483119056137703,-0.18179978275915604,-0.1774982353161521,-0.18408235179427082,-0.18292174830496347,-0.1826846049370237,-0.18241686838479018,-0.1791989797514972,-0.18270514200884366,-0.1788065440231493,-0.17997857696482292,-0.18298255643633346,-0.1822509654856876,-0.18472724802343937,-0.17484459894283258,-0.18277340047108073,-0.18208735607897847,-0.1844532108707804,-0.1736913201119942,-0.18410275585296762,-0.1864614889983433,-0.18302331631165028,-0.1842131797436573,-0.1847492096818955,-0.1826504351180113,-0.18200245297837173,-0.183710750104882,-0.18180976634720442,-0.18386976080994882,-0.18270531547513627,-0.1846275036042691,-0.18315634279018891,-0.18187951377774433,-0.1823727615765965,-0.1836188369730169,-0.18248402982340156,-0.1829065599086442,-0.1819419728206057,-0.18861850033240274,-0.1826653262420988,-0.18258856101258228,-0.18284237768830933,-0.1828786765308849,-0.18393033750864565,-0.182661210210597,-0.18454596130180978,-0.18435375157894407,-0.1816765717771838,-0.18238524768103723,-0.18252344698871487,-0.18135347854570483,-0.18370274461523348,-0.18255533229785745,-0.18732296340149088,-0.1826083577367818,-0.18109262790384303,-0.18271471727457403,-0.18238435174908385,-0.18149890292950974,-0.18235216680116606,-0.18295271737153648,-0.18330847746015524,-0.1842749561375327,-0.1829927156584464,-0.18243022142383128,-0.18237771253073615,-0.18279568647588632,-0.18234232943883108,-0.18271962581101592,-0.186397681857486,-0.1847321955782977,-0.17861695428460003,-0.1817584646935975,-0.18158378525033428,-0.18401052515424057,-0.1827354062205131,-0.18277813362220055,-0.18271520819091447,-0.18411127241683192,-0.18249754014173822,-0.1832612350039575,-0.1825627289497619,-0.18236696732556296,-0.18223895079124586,-0.182584557146318,-0.18189051904490577,-0.18274054855444216,-0.1821946594680557,-0.17882396153624455,-0.18148695038146187,-0.18383169362300741,-0.18226247362473946,-0.18270172516434213,-0.1824021560358068,-0.18343807619048408,-0.18256515643394663,-0.18314089444578108,-0.1873226741562617,-0.18269593241529977,-0.18319586730751208,-0.18225056794327396,-0.18242554573971945,-0.18289035832457892,-0.1836855313834815,-0.181018127861937,-0.18207225351915562,-0.18346343096164347,-0.18262204397550874,-0.18275900343579737,-0.18246745138959714,-0.18243778093602867,-0.1866917600508995,-0.18008996499062357,-0.1824129575999028,-0.18472598615240393,-0.18317548080575796,-0.18257069766870454,-0.18273185641242276,-0.18242114659055017,-0.1824903835740671,-0.18175811223602933,-0.1841942028730627,-0.18237969003416152,-0.1828972066028529,-0.1835133788262479,-0.182980937969432,-0.18809592867735855,-0.18242525100220255,-0.18356985615931204,-0.18266748537401925,-0.18423871618532456,-0.18265369983502402,-0.17960065824640817,-0.18154820740767086,-0.18339166761350173,-0.18550171930049428,-0.1823981973930218,-0.18359969845601704,-0.18250528804886662,-0.17810561754202917,-0.18201317319360213,-0.18176329023991272,-0.18281193344026617,-0.18362863682598587,-0.18230896293242407,-0.18156879682129737,-0.1823052519317452,-0.1842864432772632,-0.1826767460935403,-0.18222911092197674,-0.18237824427300398,-0.183277026254371,-0.18254257825550987,-0.18236684968667177,-0.18264827947665868,-0.18216839681928834,-0.1824047832493139,-0.18302183391629412,-0.187546637945702,-0.18237580299854547,-0.18428736177075658,-0.1820497914136071,-0.18329059262516423,-0.18679534041893442,-0.18457419560930916,-0.18354941245012057,-0.18245727349954277,-0.18196593527149516,-0.18195515862149098,-0.1831493879774638,-0.18232337271448398,-0.1839418334957147,-0.18015026658086544,-0.18219286883503563,-0.18298122193005573,-0.1818881660570788,-0.18213347397479088,-0.18253987807435137,-0.1831845469634259,-0.1758346993895282,-0.1830310525773344,-0.1840588407966218,-0.18263831623828508,-0.1846533805413852,-0.1824006987771231,-0.18437096366697633,-0.1826657350265296,-0.18175176159485903,-0.18254648268181337,-0.18329752370235897,-0.1815894457272317,-0.18140321897247377,-0.18270831653725164,-0.1830921789003797,-0.18359988982419553,-0.18264826166777376,-0.1859735788334537,-0.18164820043018548,-0.18351338723513153,-0.17729368814806432,-0.18272855546829794,-0.18155441403905428,-0.1809822699900289,-0.18292826362655493,-0.1820930897707543,-0.18233535963644426,-0.18559602757239,-0.18304880479770913,-0.18283802936051904,-0.1817084245290111,-0.1814987406022813,-0.1817416244640633,-0.18307555887275828,-0.18307733330824652,-0.18164090743651504,-0.18463616079088388,-0.18550644981256742,-0.18307147301832177,-0.18138228052002137,-0.18244717383752213,-0.18265551678236897,-0.18269638167963673,-0.18262041933376164,-0.18195533575114936,-0.18613869805762098,-0.1835592895048031,-0.18181642858178204,-0.18207244917138807,-0.18243722815137828,-0.18581412506365025,-0.18238916325310656,-0.18206831657372594,-0.18256372633034693,-0.18266520534615818,-0.1814558150889548,-0.18225632733695657,-0.18263729311848684,-0.18411898260013657,-0.18054267801836812,-0.169846368020604,-0.18288000862139098,-0.18219812257699478,-0.18309766987915577,-0.18264907179751225,-0.18243268829217557,-0.18139474732426547,-0.17233880225514733,-0.1857955266117224,-0.18255811903271169,-0.18252125572275565,-0.18251283336721447,-0.18400264853200643,-0.18189825359815048,-0.18299503603477,-0.18280926033492065,-0.1836775088791604,-0.18450275068148178,-0.18449070562072506,-0.18098913037455464,-0.18216883867250763,-0.1820627362775801,-0.18369316788864665,-0.1836880429598383,-0.18342895591680294,-0.1824038878092811,-0.1821691024219496,-0.18325199049983537,-0.18269157477752954,-0.18358449523777523,-0.18298468393627204,-0.181855765669876,-0.18186508110324312,-0.18177544036095244,-0.18322016014755413,-0.1836003348772009,-0.1814992744602278,-0.18255065391586556,-0.18256008283381497,-0.18193707485056482,-0.18248842657010353,-0.17538637558461362,-0.18302514351121574,-0.18210598247267418,-0.1813436513666256,-0.18364122833361401,-0.18150024513424726,-0.18396000891865394,-0.18427242183441875,-0.18225134996621783,-0.181965691847262,-0.18253543066165817,-0.18377877180546615,-0.184349345771501,-0.18826237707177515,-0.18431148199107822,-0.1832929157284778,-0.18340334098785327,-0.1827828306663253,-0.1823119717431137,-0.18258392465055767,-0.1831106225683906,-0.18492696589592444,-0.18219748716833997,-0.18708886847919573,-0.18217809444589936,-0.18520938855770197,-0.18209109808775062,-0.18281716258345865,-0.18487304989331305,-0.18206951726587822,-0.1815908926056061,-0.18301439745117337,-0.18417682092374502,-0.1823880690707737,-0.18243067067999247,-0.18690257558854054,-0.18315940218680857,-0.18278569590136154,-0.18294052300672206,-0.18646795424135842,-0.18212895454608527,-0.1833921124175965,-0.1828827079733145,-0.18244625526659164,-0.1860472374708032,-0.18399151155983495,-0.18144295231008284,-0.18171111897928993,-0.18201459791991628,-0.18164087046016492,-0.1837487304124967,-0.18262099303500057,-0.18167775111339002,-0.18259244698863916,-0.18373501198845857,-0.18465561243515258,-0.18217215582836777,-0.18380927034203492,-0.18691996569252478,-0.18253405072152154,-0.18286053752566914,-0.18199077044553874,-0.181745904009076,-0.18292905335284754,-0.18211314459388855,-0.18179069501913556,-0.18187104063991558,-0.1834584399444632,-0.18750315331120165,-0.1859083580378766,-0.181926844240517,-0.18739105552767216,-0.19012465548312182,-0.18246692655263358,-0.18250979904523956,-0.18340564052545813,-0.18266162453854565,-0.18351479525193765,-0.18539837294807046,-0.18408568382762622,-0.1852139211764938,-0.18235337167378582,-0.18448396773316592,-0.18203898481397274,-0.18238988154786043,-0.1822213580769713,-0.18181936321866304,-0.18267655491020604,-0.18447951118443426,-0.1848101989046993,-0.18200512063266042,-0.18254160400236427,-0.18259689009973698,-0.18266948250892562,-0.18396614646592332,-0.18342720759811842,-0.18189173590181004,-0.1826281336328233,-0.17881133221694862,-0.18251242793256373,-0.18602631801033123,-0.18255472701887895,-0.18211185009205078,-0.18278774646180035,-0.18273790750656307,-0.18345848208136795,-0.1825405060061353,-0.18201170273131437,-0.18236342735378935,-0.1822417725344257,-0.1817969606314618,-0.18227723801819742,-0.1811745013470737,-0.18352494682530562,-0.18302043319157615,-0.1861168338765287,-0.18248816904324083,-0.18427604379071527,-0.18304339969664496,-0.17787101562914884,-0.18327959515427153,-0.18184922736496636,-0.1869828143848321,-0.1832666560114911,-0.1825137143434423,-0.18444556704265155,-0.18354085653727475,-0.1858102186116044,-0.18553297570931837,-0.1837620595604632,-0.18659565079236054,-0.18247322560556517,-0.18271146707431676,-0.18234990036276386,-0.1820090979931173,-0.1845188356167335,-0.18509455048213164,-0.18252071315603025,-0.18242592371082705,-0.18263197799148137,-0.1825486342208686,-0.18242776097958208,-0.18623244839247927,-0.18325043592481016,-0.18171586175526705,-0.18206502878779124,-0.18258128392321016,-0.18471904133399622,-0.18273745417508933,-0.18353925854614866,-0.18220112895026083,-0.18278021544528822,-0.1825751263094946,-0.1829066899922792,-0.18253790968927225,-0.18126374079861451,-0.18696072064534372,-0.18438118146619395,-0.18242841157146913,-0.18253815874019938,-0.18224221209079824,-0.18283078025765967,-0.18244013156363384,-0.18186239996403414,-0.1823902085010921,-0.18371710434397126,-0.18282069481838426,-0.1819784694836991,-0.1839900962553383,-0.1830602888743428,-0.18248186844641626,-0.1821776621374176,-0.18059146001996496,-0.1836473540923964,-0.18261798261701867,-0.1749998870884854,-0.18206127962723637,-0.18335093364038177,-0.172646975255129,-0.18248785281475483,-0.1824651848139084,-0.18239607441504074,-0.18532043934688675,-0.18234031615992907,-0.18552098146452262,-0.18293042269387083,-0.18529635643698908,-0.18176765370758682,-0.18295170811408626,-0.1841005347159682,-0.18661246226132397,-0.1834048192116104,-0.18560431026536683,-0.18261447530615074,-0.1825202471528472,-0.18202518912755639,-0.1823548361087173,-0.1824819118979895,-0.1817220513942728,-0.1839098795312671,-0.181974426397378,-0.18279802080582822,-0.18234995478501353,-0.18262652983881064,-0.1821565035462483,-0.18301124245538367,-0.18216354867023232,-0.1818333613305373,-0.14079345933895243,-0.1828263788343333,-0.1811171041599961,-0.18212901589233718,-0.18306487326288895,-0.1818026060458966,-0.18022272663206523,-0.18372873664681788,-0.1822311656546902,-0.18472561280976865,-0.18245609433619173,-0.18144399648704115,-0.18094859166440924,-0.182392008986463,-0.18398111829351854,-0.18424170652279187,-0.18416485137822464,-0.1815911590312406,-0.1874567341462214,-0.1822644585714387,-0.1824938516093707,-0.18533892553916606,-0.17751176557748277,-0.18280527085661052,-0.18249236926722184,-0.18215310051918276,-0.18283772162237422,-0.18303644225036028,-0.18423560598236724,-0.18253189004595857,-0.18291999045569926,-0.18280129319753666,-0.17504171058220624,-0.18268126974138094,-0.18100094700149522,-0.17543796649323304,-0.18221724088238006,-0.1820702696255867,-0.18371695776173094,-0.18211201901545535,-0.18502051675517783,-0.18324452946214725,-0.18343465433490752,-0.1837609482209414,-0.1818530349008359,-0.18214725436349438,-0.18250450840925772,-0.18428787670688945,-0.1830196064744641,-0.1837362841060441,-0.18300169809245223,-0.18169275621439168,-0.18348367064272694,-0.18306315333453235,-0.18309216070580167,-0.18431650786554665,-0.18292081037334149,-0.1880783459656254,-0.1819765979124027,-0.17995667130018295,-0.18428614475226346,-0.18167090380238626,-0.181825575727542,-0.18284991060887082,-0.18174415371200398,-0.1829192894659219,-0.18248178697160025,-0.18277395597758864,-0.18173861618732862,-0.18050503548253236,-0.18691122647090835,-0.18407191908459736,-0.18238552651667506
Low,0.3124458324469226,0.31545603901594743,0.31560998050631695,0.3145234255279907,0.3147336423133057,0.3154421285850129,0.31509228393808014,0.3159484190471141,0.31086032545158093,0.3157619708229894,0.3161814924732356,0.31589999884348163,0.3145118657569118,0.3151296662072086,0.3150064261835628,0.31487017356804675,0.31538803234656443,0.3222497946057073,0.3188761196652988,0.31547100997036825,0.3152410104740199,0.3160219735035897,0.3153876440096512,0.312620500797111,0.31590538399544676,0.31417262591652606,0.31370003819553927,0.31585974117477333,0.31337337971416174,0.3127049015959885,0.314107481848963,0.3158447783228036,0.3160283337287869,0.32079796675998945,0.3157887596169096,0.31469057833957315,0.31502889540270973,0.31422047997072744,0.3146294239076459,0.31445279613857247,0.31577891606618935,0.31452864646734974,0.31460547027853136,0.31608236225418296,0.31556394496238255,0.3160693095983118,0.3147920418829308,0.31421333426029296,0.31514752358598963,0.3150057298659102,0.3156804343288606,0.31387327057096215,0.315377956351717,0.31375310373519566,0.3140879265196043,0.31524730544384677,0.31522294531372763,0.3138946109593767,0.3132705642921605,0.314727351782147,0.31344168819157214,0.3138958953724385,0.31533980882961143,0.3146869085786498,0.31507864991629203,0.3149171351520475,0.3133126440621416,0.3145427984997372,0.3151376193282988,0.31512832442062894,0.31310060173077625,0.3154380593903958,0.3150667966312487,0.31428227061575165,0.31444166567000237,0.3140526965209329,0.3116573958513486,0.31464675256200414,0.31511685090246416,0.3145873325280182,0.31474946632215167,0.3158194141290641,0.31191111827050305,0.3135203440497491,0.31379564463967075,0.31541470184717296,0.3157964436912949,0.3149271315328492,0.31488088890687055,0.3153142548624072,0.31353122817747797,0.3139491486567165,0.312377637705145,0.314168381949594,0.3159660943653451,0.31529571876623663,0.31626026817451464,0.31650561511112824,0.3149194736813359,0.31504318615201743,0.3147195388327238,0.31499843040341546,0.313969550953287,0.31589410197583057,0.3154932324449719,0.3134863374366728,0.3135805667492544,0.3147346626863547,0.3170990883269865,0.3139390989772765,0.3149195506941804,0.3153903576566487,0.31516773912301016,0.31390087234369857,0.3150048990555128,0.3151369095300851,0.3154369067947554,0.31496194127106086,0.31437724773015396,0.3153450935216113,0.315839090639741,0.31513563464448147,0.3227823660539325,0.3141410600248287,0.3151623329271938,0.3151242827111048,0.3146506260150871,0.3154029842060755,0.3149492520605597,0.31511609542111624,0.3125907787064393,0.31617717184213356,0.3133390036939679,0.3143939499436137,0.31426492250555843,0.3172935706848839,0.3146674720811165,0.314579612858563,0.31572227854931145,0.3131817313296711,0.3151308097367973,0.31383265235015984,0.3144614657768577,0.3069889192534105,0.31501870384213093,0.31361772897323553,0.31486325278769506,0.3125124886700195,0.3150085275488218,0.3149994444953186,0.3189462376615293,0.3152790074954256,0.3154994500600686,0.31368058232734425,0.31629930588084604,0.3185779445330023,0.315508925096438,0.31536365440836905,0.3149346161093322,0.3142102704901186,0.3155506175618137,0.3159228008510545,0.31300933023029576,0.3142463211792948,0.31416233853739806,0.31495336191892,0.3154641012202747,0.31505054840719227,0.3155031889914517,0.31361634036049557,0.3145058019218341,0.315761470309072,0.3128364563771905,0.3133129163374211,0.31535921748885304,0.31414477848791944,0.31447506883263826,0.31590966771264134,0.31478108078273537,0.31496886258156626,0.31545312005396736,0.3152148021439275,0.31527963112692464,0.3160147155789693,0.3145684364543286,0.3141408876352132,0.3158850271668643,0.3139973093526894,0.31528596025153366,0.31394770288647833,0.31619594318266847,0.31368281390421876,0.3152960347104318,0.31438232892222784,0.3156968039270121,0.31388456101636963,0.31038566114250926,0.3151078366092884,0.31324969289860055,0.3184212921936564,0.31588313503757814,0.31635973080677005,0.3145386009027299,0.3136535302303545,0.3147646403909136,0.3150116621802184,0.3134756437778562,0.3157830093560475,0.313934948199912,0.3152531276370366,0.31178631962107034,0.31615457078217546,0.3153776323652996,0.31499766662772305,0.31731329024309923,0.3142995173471165,0.31300775378769014,0.3157803353368573,0.31394905954402164,0.3135791005126844,0.3149596406630432,0.3140568537150072,0.3158582317925817,0.3153717684773197,0.31043444955371097,0.31344622782222004,0.31325960876227926,0.31467728739666834,0.31494186928061724,0.31516014959241884,0.31390842343508674,0.3145504735412431,0.31380262564719197,0.3141241342043733,0.31458868398740386,0.3127792254285372,0.3127464903193093,0.312699543366371,0.31484272307389305,0.31561062241796506,0.3152955154746096,0.31271687131134873,0.31518937409481157,0.31578623519806726,0.3145619785781196,0.32065131952855,0.31310793449914537,0.31431386928919497,0.3156212238006201,0.3150445156798045,0.3159236568563175,0.31386819858988624,0.31492278530249623,0.31530156466259646,0.31442075486481247,0.315674576334094,0.3152120927916686,0.3140107388462364,0.31507833511859923,0.3146966480182802,0.31584710880890166,0.31643788267318196,0.31437627925288536,0.314049082967454,0.31477745239836585,0.3147328392778771,0.31514297757641296,0.314355084154487,0.3215806587798039,0.31522986520380447,0.3160104090479711,0.3152040098672875,0.3151190868187406,0.3145685140443214,0.3137172235386618,0.3150381085891688,0.315933867493304,0.31502439441752794,0.3084180523223744,0.3145889633846214,0.31334751384738224,0.31465697449712915,0.3132390052671489,0.3146745451039106,0.31496697947773306,0.3135502061671228,0.3157244642734712,0.3147530468867992,0.3151777618917172,0.31482206392214285,0.3152726717574335,0.31490821141774633,0.3157823965474479,0.31535666650094113,0.3137412650603508,0.31593850148920816,0.3158789088140907,0.31383210792941013,0.3146655781201216,0.3148375155382614,0.3148865014370369,0.3133666126408848,0.31518788226388594,0.31440926705243827,0.31506772014399576,0.3152021448181636,0.3127428338299649,0.31498301224562647,0.3114159229210702,0.3146868980888995,0.315515551715935,0.31373668445826747,0.314484310932689,0.31398444122801095,0.312876132648565,0.3149107119376991,0.3151904568160064,0.3172228821878467,0.31392686967071,0.3144446239059461,0.31595456067088845,0.314920352724496,0.31446160128713224,0.3154497552361591,0.3152146142091778,0.3147049049827383,0.3138036382482479,0.3087501619007895,0.31540163206685395,0.3140353919504432,0.3150002486521475,0.3147725476049692,0.3151178888337525,0.3151906099061759,0.31581465887376386,0.31414297518814666,0.3152231824928743,0.31283679012271837,0.3163642208467864,0.31501063567993753,0.31489183885775385,0.3152299170262465,0.31518920271447176,0.3158397600606074,0.31342509152365716,0.3152808054906136,0.31487349718345337,0.31396749747752667,0.3146736111690236,0.31604418441975224,0.31360776050167133,0.3139851964032505,0.31437902045496124,0.31355622960969076,0.31437095116637603,0.31399680853692125,0.3160128096850059,0.3172548248787443,0.3154045267961663,0.3132793962239897,0.31506253645424576,0.31512271667811553,0.31364439881063993,0.3155313882332918,0.3145839549772891,0.31480651350897143,0.3141623792770795,0.3154003458205974,0.3158233593650199,0.3152629128110082,0.3207368745187708,0.3149511240049149,0.31534907053906136,0.3151789246762272,0.31435252733306834,0.31388019060251743,0.31318718932364326,0.31496766270146537,0.31543147781903363,0.31516804363055084,0.31455610706671094,0.3160990910489594,0.3153262038646905,0.31351940516862736,0.31562705415622977,0.31436242980213314,0.3158841765193342,0.3135286887963031,0.31435538302894195,0.31517150905093455,0.3157776743559492,0.31554489429044247,0.3144553760961545,0.31526002665257646,0.3135334329026161,0.3141999318408297,0.31541024767776704,0.3146330641710601,0.31564428441612813,0.31541177402438336,0.31506007628617577,0.31443806008154457,0.31306131505812407,0.3145877060532051,0.3197177907540637,0.31497753369802145,0.31528422567898173,0.31519849104415976,0.31305182469224313,0.3143765649486058,0.3160227906404271,0.3138374409158185,0.31427062780109305,0.31040074455741523,0.31618905325493696,0.3149031253991815,0.3145701056246464,0.31392197647987724,0.3149889132831055,0.3156415316077389,0.31589502968561983,0.31414007084153217,0.31332162144874093,0.3148935776164098,0.31614329641981925,0.31659333953762636,0.3146994752446813,0.31213791046628836,0.31531610825739015,0.315566866025699,0.3146056111235057,0.3147731102018058,0.31547424011399994,0.314502684580283,0.3159457224957059,0.3161530032747413,0.31599923660831547,0.31587306480333455,0.31519422311418427,0.3154973652125358,0.31464212500007904,0.3145066296346324,0.31357002857072364,0.3143185638043206,0.31490768215835857,0.31501487178774606,0.3116961104127865,0.31566777483272207,0.3139519148326956,0.31570328383966917,0.3155368647974799,0.31348256665189234,0.31561829427901783,0.3153025988804941,0.3156170946902558,0.3150056811610496,0.31495346483222775,0.3144969873928937,0.31545601494326286,0.315008947136302,0.31955211292319846,0.3165778601369122,0.3129077562155745,0.3152841930967025,0.3126182049789623,0.3145224361858484,0.3149931678267589,0.31345660924264673,0.31621902093967946,0.3124442627436199,0.3155887607310376,0.3150874850989448,0.3138414168469948,0.3150988520622358,0.31339200171583953,0.3157585954387047,0.3145770186502205,0.3149792152948823,0.3138058269687967,0.3212718491726117,0.31302907622527404,0.31663320986010296,0.31551176580841045,0.3156854263941159,0.31382562315992657,0.31508863790919706,0.3142326868794684,0.31527055049368413,0.3124847337066747,0.31443230498030034,0.31492896601912945,0.31808394941821827,0.31461325765813714,0.31567677405319783,0.3157816047875251,0.3156731097347524,0.31438957658174516,0.3140216157587812,0.31611173384352625,0.315046812889333,0.31502103481036203,0.3156417216353555,0.3136305389462995,0.31283439581806816,0.31456747243705113,0.315530956351554,0.31615630058257044,0.3182088346306588,0.3157833326268324,0.31352046043209736,0.31520546997518906,0.3127723625483604,0.31562899610936396,0.3138245852077702,0.31375432389190955,0.31299582422035904,0.3163023670346101,0.31521943411760933,0.31433026504438594,0.31421342070212965,0.3148326307695226,0.3153367585254143,0.3149930243318361,0.3145097634343796,0.31301481938805087,0.31266499874106823,0.3159620635921304,0.3154248613586491,0.31197564155489416,0.31553097597014956,0.31480668778669857,0.315337345317834,0.31541313578457914,0.31593909958445504,0.31582652554940455,0.3134667505619709,0.3151127483691283,0.3151218546449961,0.31585330292323727,0.3143826079146653,0.3148324087583504,0.31468141888729456,0.3158597370776043,0.31545517831071646,0.31742223414555426,0.31525402403820385,0.31510653108284237,0.315694476160272,0.3133863784909499,0.3161885862155717,0.3145617962207191,0.31186574076163254,0.3158582707327126,0.31376185035416027,0.3147996380598724,0.3158299591108898,0.31497292907694346,0.3150831433183073,0.31534643361907255,0.3154336121872058,0.3191983724109264,0.3106949825663125,0.31512260357648675,0.3147688992520616,0.31555374501312067,0.3112392075173167,0.31540471013854976,0.314691532881155,0.31561009633039133,0.31585151681180723,0.3177880192319587,0.3161853835791693,0.31186008442615615,0.31556333220353966,0.31611511134750847,0.315849358815561,0.31355982107665165,0.3136135762380304,0.3142814150647146,0.31498097627808147,0.3139562070286038,0.3154910939328306,0.3136866657848367,0.3125916653620952,0.31529035977191255,0.3135766186459989,0.3157090183159776,0.31522555631457494,0.3146911573692126,0.31571523924300504,0.3144235561791769,0.31527374535048597,0.31257860869343024,0.3146402274682861,0.31391311194015015,0.3150297242851818,0.31481291198845496,0.31354557493457963,0.3172949772075581,0.315862814340149,0.31498729202974063,0.31414748079056865,0.31501680309082547,0.312138989013331,0.3140027695199962,0.31561928477676987,0.31489421179916144,0.3146957551633197,0.3177124439402138,0.31384152807200205,0.31567532290184575,0.31529340015915963,0.3153922059087864,0.31122901348696547,0.31534285815476887,0.31443921117387624,0.31405703103108673,0.3157449580041704,0.3119082008551607,0.3150806451844107,0.3208240325110087,0.31455231456974014,0.31369810073666127,0.3142984222651979,0.3114945059719557,0.31596206223697504,0.31448265910547457,0.3151166319565612,0.3133045521568664,0.3139831522529433,0.3156177329362772,0.3153366909566162,0.31879987939783433,0.3158105255543902,0.3137595576256736,0.3145541219751675,0.31530735653735514,0.3157479557210066,0.3133488051839037,0.3154196751791639,0.31383582053392833,0.3152249485046724,0.31497976361652885,0.31508416382846566,0.31324533345325567,0.31569328149264514,0.316549337859962,0.3160577219998944,0.31540748622813747,0.31506155272403935,0.31310287920901936,0.31488345314346394,0.3150435147860776,0.31536116316186635,0.31486297854829337,0.31506699000893795,0.3146848867688941,0.31507642417243725,0.3094494474818702,0.3158286003479838,0.31369137555216764,0.3151766989085957,0.31513598076834887,0.31280309766627395,0.314776093356276,0.3151736019912014,0.3158848581996882,0.3152856279100368,0.31393966438341725,0.3150127334234026,0.3156247136338339,0.313734386590999,0.3145391672164258,0.3151891830191222,0.3126664336158234,0.31429531001667843,0.3182702437037127,0.31499870915853107,0.3126740202340739,0.31544416059305935,0.31422904183725087,0.3124802139058785,0.31370965905441445,0.3151890813606693,0.3152064827698011,0.3123720770433557,0.31522723448625317,0.3156004089084105,0.3146837592534107,0.31548061288301354,0.31598105465284076,0.3146801530194522,0.31352151222041535,0.3157011011769596,0.31500241480235824,0.31554505416198186,0.31500056070602667,0.31513427292642066,0.3156135195099824,0.3152283841456668,0.3151608027527441,0.3158657750244453,0.3150397278297877,0.3156335430311681,0.3148115208244134,0.3131102134975679,0.31420223564824723,0.3153625728649497,0.3145448147308745,0.31539379064672796,0.3159037188600587,0.30425388089805305,0.31478061516793937,0.3163591192621228,0.3146864077168758,0.3145586306147691,0.31153897788746293,0.31423528797399614,0.3137861257326112,0.31546599526240116,0.3128654632795904,0.3152031612875167,0.3160577412393492,0.31657528523618295,0.31519325205556137,0.31959859005950114,0.3204017479083275,0.3152122100576071,0.3159784930271663,0.31604424391567437,0.3152220523864596,0.3151540560217647,0.3152666144433402,0.31337042914858065,0.31480960036228717,0.31510028658298667,0.31545009474891217,0.314771662161995,0.3146031167333274,0.3134994411741952,0.3138314126567754,0.31467253646017845,0.3148114693977567,0.31278982840053876,0.3144424926951491,0.31442384276353935,0.3131467966380912,0.31270969013740935,0.31551492036117473,0.31383809465416357,0.31568627384174913,0.31538844879523575,0.3168275715920784,0.31418582452379623,0.31376325347721196,0.31569259465551924,0.3154240163513299,0.31509265731413294,0.32057352903496517,0.3158400337967249,0.31399306065448174,0.3146434409495396,0.31579863623186843,0.31399581107026636,0.31455831776134086,0.31446674065230407,0.3134495703704641,0.3146688974111681,0.3162103967103984,0.3157258679420712,0.3141181370927206,0.3134240268799701,0.3159483635026599,0.3157359766684348,0.3147697669798323,0.3160246888311843,0.31465667274110326,0.31509022184682933,0.3148354687315756,0.31601609688425086,0.3169824514692832,0.3158228538209834,0.3151751563370251,0.3153077149759353
Moderate,-0.16538149730917634,-0.16537266282024957,-0.16529916857210736,-0.164795041573766,-0.1661118058709604,-0.16541933596293767,-0.16577671001892832,-0.17069728835225623,-0.16507616039778783,-0.17009617303106886,-0.16439342433687315,-0.16511379206900426,-0.16632196080341544,-0.16575633131103412,-0.1658545509416205,-0.16597573084608605,-0.1680293878334971,-0.1677793706275193,-0.1670201797034803,-0.16538402194277002,-0.16564191467137176,-0.16493053314643974,-0.16551146499476002,-0.16545393969798228,-0.1662696351032085,-0.16586040552053738,-0.16571655314557493,-0.16504016848282976,-0.16560488018972344,-0.16551908021547543,-0.16268064566995355,-0.17005538956338295,-0.170975190688127,-0.1675827739811792,-0.16512164519923572,-0.16596788611685542,-0.16577307934171986,-0.16587892944981406,-0.16475112394064537,-0.165902117824876,-0.1650699687881987,-0.16593089038565614,-0.16620975762758003,-0.16477572268399132,-0.16527219797822976,-0.16482073376409076,-0.16606836535006328,-0.16681073925431394,-0.16717282871741737,-0.16605361483416692,-0.16518592170356286,-0.1669554988451443,-0.1654673531675298,-0.16146751963485306,-0.1658452747443621,-0.1653996320745067,-0.16611443533616585,-0.16195448374450852,-0.1656115001615093,-0.16611012760752952,-0.1671591924417886,-0.16681810404622177,-0.1683947662457752,-0.16614939707425658,-0.16578517484976488,-0.16629343062018975,-0.16751020054541563,-0.16639241758519419,-0.16573206912392455,-0.16608420452911152,-0.16551825112507618,-0.1684046953627354,-0.16579030743036205,-0.16344856561991808,-0.16639796663416218,-0.16682761736407375,-0.1651722875753942,-0.16520521164073204,-0.16573682175168858,-0.166273632991016,-0.16610049412276895,-0.16511923964770772,-0.1686791006548119,-0.1673398911190237,-0.16224821154956162,-0.16812434036808244,-0.16944395604477375,-0.16592316256911016,-0.16596916453913965,-0.16553409677431302,-0.1672435410325067,-0.16759889654803894,-0.1654334083141791,-0.16672264295789407,-0.1648744556610293,-0.16517057831750015,-0.1647729015347755,-0.16638530256929382,-0.1659303201906021,-0.1658130627432257,-0.1659744088252015,-0.1658380076308169,-0.1657727409855965,-0.16496532324615618,-0.1654026855717479,-0.16743249875075128,-0.1656996690290874,-0.16611052240401034,-0.16654817143055095,-0.16267152070058785,-0.16592972554553517,-0.16545969335962762,-0.16718470679598801,-0.1668594897366613,-0.16604628535161214,-0.16572586220494426,-0.16542020913892136,-0.16588753044866028,-0.16644685461664077,-0.16555885051849972,-0.16504909494153094,-0.16575427275893864,-0.16808463226115097,-0.16341230450935196,-0.16827159704072855,-0.16608302465603536,-0.16620316137064586,-0.1656021643907269,-0.1659023373343343,-0.1660737074493044,-0.15673323769047742,-0.1648031789980047,-0.15971195799817825,-0.1664396031559606,-0.16705351149406955,-0.16658888406991107,-0.16617677536384107,-0.16623860092811443,-0.16922124450242923,-0.16745385627968337,-0.16573051604018155,-0.16692716330752114,-0.16637728146848652,-0.17316517490955335,-0.16583558609716584,-0.16725522744574647,-0.16598538231216908,-0.16544776157050609,-0.16584879204195932,-0.16585196964980878,-0.16706064992041414,-0.16558109981534389,-0.16884342701528124,-0.1657017450065223,-0.1663438996969068,-0.1670772134005427,-0.1653598438089141,-0.16550571499813732,-0.16591889274176613,-0.1667062912075145,-0.1653103719491606,-0.16493379353887164,-0.16552407889922277,-0.16660712795679117,-0.1632680469892764,-0.16590156220579988,-0.16614657960046086,-0.16678670907289903,-0.16541663649194646,-0.16568576147271877,-0.16634829470560017,-0.1651250317671043,-0.1570116459834572,-0.16759421904463948,-0.16552417624829274,-0.16343018118551988,-0.16591322323618962,-0.16986616317645006,-0.16606593593241956,-0.16588470802842373,-0.1654674353202567,-0.16566872821004855,-0.16555442804729337,-0.16484265923904257,-0.16593163458897414,-0.16297227434894943,-0.17024742957388964,-0.16256222263577064,-0.16541042076459714,-0.16579695218778082,-0.1647885244212628,-0.16569789796647239,-0.16551095555888715,-0.16651066952146643,-0.16514761109319478,-0.1669389914888298,-0.16476782028719214,-0.16608024742320693,-0.16044056758203495,-0.16697895966458257,-0.170017415055154,-0.1728842204112278,-0.16629371823480413,-0.16119471445344496,-0.16608581907413963,-0.1658473451040208,-0.16747470422466076,-0.16517167287308693,-0.16284720927819402,-0.16745158322729767,-0.16926206448541395,-0.1663373645062169,-0.16553647105502375,-0.16664725937718647,-0.1760657232612288,-0.166552356472892,-0.16765252802015151,-0.1694619487127559,-0.16683013850598974,-0.16713372986956693,-0.16587760915512492,-0.1657994667219182,-0.16973264085059792,-0.16547706346797875,-0.16492562611216188,-0.16737315146336113,-0.16028558925463182,-0.1661738483951903,-0.16591219620312062,-0.16570196577867538,-0.1669485812690454,-0.16593136476830853,-0.16703507752674557,-0.16662966363942033,-0.16625237693259237,-0.16551118126283493,-0.1584208608097339,-0.168071165594281,-0.1660056083090041,-0.16524516086481486,-0.16561721205666724,-0.16832484412959042,-0.1656592097963508,-0.16511565536265835,-0.16626955077967034,-0.1674038529527743,-0.15875245167799987,-0.16586459506142057,-0.1690860288738445,-0.16577037647244763,-0.1649985188119779,-0.16687025327857724,-0.16630487531231017,-0.16553308660677746,-0.16642960139903992,-0.16526196204282534,-0.16565823293949752,-0.16262104134960667,-0.16723872290000502,-0.16614361886701484,-0.16498207727146016,-0.16462388377247797,-0.16588343193716756,-0.1657968641827417,-0.16606413023287261,-0.1661274878051519,-0.16570819927348115,-0.16587789080849466,-0.16765792096716176,-0.16563493641962376,-0.1648387295287681,-0.16565374974470734,-0.16572065368796376,-0.16638101956480536,-0.16204002799075778,-0.16575939592688418,-0.16495275074002994,-0.16582935396057305,-0.1644791746405061,-0.16593965316837858,-0.16567401506579665,-0.16635950334382257,-0.16564762403661548,-0.16615727843665226,-0.16588331978259954,-0.16726269372850233,-0.16622141773383464,-0.16609278151027745,-0.16573146464201194,-0.16602623542082803,-0.16548450134862752,-0.16625387561737306,-0.16516142522082453,-0.16550222001840284,-0.16705706427508774,-0.17016476336963113,-0.1705599077566843,-0.16140509462260305,-0.16595868475869002,-0.16601045369699854,-0.1662420524792709,-0.16744154840021266,-0.16719274719995775,-0.16641024553885223,-0.16580382179257477,-0.16566036098988496,-0.16546094761947694,-0.16579770853700437,-0.16516147448100363,-0.1659641188892123,-0.165372741408971,-0.16698851398341608,-0.16634638201329602,-0.16684774864003024,-0.1655146620607114,-0.16593220715440388,-0.16566150474016553,-0.16654611615222523,-0.16575862679346948,-0.16639563702321136,-0.16488847988031013,-0.16592964110521388,-0.16434889243206452,-0.16542082298724614,-0.16547888029415408,-0.16613758559518513,-0.1670213175475559,-0.1645252971896096,-0.16888214636828,-0.16302902734921723,-0.16662885829159818,-0.16598914476354115,-0.1657161782935196,-0.1656592440491857,-0.1650930673081188,-0.16669582239129765,-0.16555550315758227,-0.16848916563039354,-0.1663662449558937,-0.16575406018416441,-0.1659575544475179,-0.16562718341414828,-0.1672644024833929,-0.16501792316648692,-0.1672833351223515,-0.16550219495014776,-0.16597574147381947,-0.16285137638587124,-0.16617107020694827,-0.16472449721002208,-0.1657417325658236,-0.16289476530804095,-0.1658863283213504,-0.1608716209641771,-0.16589593758100232,-0.16676132334677435,-0.1708400742136889,-0.1666022906936738,-0.16522806157105846,-0.16560272170690607,-0.16578906284207504,-0.1657501470257727,-0.1670984936143511,-0.16532112376233396,-0.16625052240835658,-0.16586396827584868,-0.16287933965329907,-0.16798629871257842,-0.16529426918996265,-0.1655735883596206,-0.16737924062839712,-0.16644530139099864,-0.16805379579713917,-0.1656628942355226,-0.16406652389951404,-0.16575899813996506,-0.1655868625150372,-0.1658802658948584,-0.16547297200427133,-0.16571512088516702,-0.16627788449312764,-0.16490881927609555,-0.1677545934426799,-0.16027467848860866,-0.1653114263958902,-0.1664676559944187,-0.1649675110930974,-0.1683980019437959,-0.16280594744627644,-0.16568881789035048,-0.16926685489643475,-0.16539346367289337,-0.1663823969689846,-0.16557281269584276,-0.16114500610470658,-0.16664664076630828,-0.16545241136487784,-0.16625961650166737,-0.16947658612430566,-0.16844925740936703,-0.16579599577004195,-0.164422507663046,-0.16779470516047187,-0.16624063929529284,-0.16723384953850376,-0.16587432623087656,-0.16555525591671214,-0.1656494766398722,-0.16772085757636496,-0.16588401860766203,-0.1702102800959972,-0.1657540985673326,-0.16658881473032344,-0.16499514096907392,-0.1646995671960029,-0.165951708892149,-0.16481420841803776,-0.1668815271434386,-0.16654644567306157,-0.1651833296104969,-0.17033802628394681,-0.16314109634509444,-0.1674020358732601,-0.16619977140053357,-0.17098323939863466,-0.16449205428591535,-0.16612755018138234,-0.16535153926708537,-0.16553848291659687,-0.16528969324906584,-0.1649689356529472,-0.1657491895719854,-0.16481932474216227,-0.16629150750084698,-0.17017818534514376,-0.1663667909397331,-0.16627851932945414,-0.1650652876498078,-0.16546146113611362,-0.1653478438520697,-0.16631328921796817,-0.16634540652813404,-0.16571355315955597,-0.16587202849729804,-0.1662883595014923,-0.16581626380790948,-0.16526296003484928,-0.16520442221535755,-0.16688198848736477,-0.16514779452323916,-0.16878898160595399,-0.1656580803284075,-0.16525505412954836,-0.1655824834123948,-0.16888060541418407,-0.1657889420916977,-0.16590184440199024,-0.1663497196243234,-0.168211341114195,-0.16584883428213734,-0.16702135472273197,-0.1741928888622457,-0.16971133750292092,-0.16612594780601297,-0.16548914429229894,-0.16629591731418586,-0.16586586124961422,-0.16566253892082086,-0.164757814127944,-0.16843575096536603,-0.16526030228408986,-0.16576380412622554,-0.16576648182242612,-0.16574792644636044,-0.16736420137306748,-0.169558241460753,-0.1662679221467213,-0.16604299505965125,-0.16704444219772566,-0.16759728371700988,-0.16765157793839067,-0.1643552247198548,-0.16856570824360204,-0.16908769139051252,-0.1621896999683001,-0.16579775519526146,-0.16682126425650212,-0.1655885258363146,-0.16540542645502193,-0.1664466883119514,-0.16592274638216495,-0.16679555784081984,-0.1662283753652571,-0.16528003647926787,-0.16504787254032574,-0.16482994930705658,-0.16656426252893822,-0.1627326609483599,-0.16480763287782377,-0.1668163106590548,-0.16575033482611284,-0.1652267413079889,-0.1656870957427485,-0.1676599001293578,-0.16625523384520913,-0.16538154256894527,-0.1647753078912369,-0.1667931446730877,-0.16457793824574568,-0.16099973254051408,-0.16565202205498364,-0.16552179969062972,-0.16526767023640243,-0.16574017607094793,-0.16205130936585002,-0.1676058947869578,-0.16468280615869457,-0.16564264541352397,-0.16398410400096802,-0.16348171428469066,-0.16601545501719403,-0.16556578521113155,-0.16583385097948652,-0.1663305112192264,-0.1579297794460097,-0.16552121290652846,-0.16499359203512606,-0.16841181829570195,-0.16870514275509596,-0.16538508992289516,-0.16604063352910087,-0.16550299877908392,-0.16540521610759817,-0.1647917051732786,-0.16625875088989805,-0.16030562367908463,-0.16768578882372118,-0.16563287417014153,-0.16498204680502823,-0.16645230963590507,-0.1660161764556058,-0.16616053840185205,-0.1651776207990773,-0.16541899386132566,-0.1667144004105209,-0.16611241581495387,-0.16740047653931148,-0.16517559847137636,-0.16742541648366344,-0.1647395624251139,-0.1662811626698261,-0.16524546600279755,-0.1707318145518957,-0.1670833040570322,-0.16604692722111247,-0.1700308068742034,-0.16673787689107158,-0.1657746004817921,-0.1655307209382811,-0.16542208264960787,-0.16718169901031313,-0.15051219466415358,-0.16573794485477697,-0.16569258227804298,-0.16889753332753485,-0.1651991674038941,-0.1661294149504356,-0.16619235101134552,-0.16498180637169635,-0.1698157091534548,-0.16677425368084522,-0.164841394950791,-0.15442875827277558,-0.1654213448519336,-0.1648659098718161,-0.16400390137420098,-0.1656908942242614,-0.1656644642406296,-0.16647186587118032,-0.165878063249823,-0.16683682282938442,-0.16539420906832558,-0.16095955350092153,-0.1680270979404263,-0.16555362993432904,-0.16794539967954045,-0.1691596626547848,-0.16564083072895205,-0.16614841928011798,-0.16512388884277637,-0.16589628810375973,-0.16556870009106686,-0.1578850730240059,-0.1662040130462397,-0.16578377641544312,-0.16579707665167673,-0.16603507154859878,-0.16110506310332992,-0.16655145465121257,-0.16977778425494416,-0.16585545430360774,-0.16711108078277312,-0.1657332627738158,-0.16872060602530267,-0.1658027334945018,-0.16891242715807836,-0.16602170405376687,-0.1659702863920449,-0.16671622623152688,-0.16574152120937272,-0.1691322549673605,-0.16766158533114645,-0.16818930549863156,-0.16515833049900971,-0.16550945419228236,-0.16638309468541784,-0.1667748154394356,-0.16621459372399744,-0.16901475189018983,-0.16576717244828262,-0.16754209416079907,-0.16628318651286403,-0.1671942252500171,-0.16392459497088435,-0.165254208629379,-0.16490515263111646,-0.16664904653334942,-0.16722675557357514,-0.1676023923073758,-0.16285607977859637,-0.16521001896936313,-0.16524136323716504,-0.1669529848830367,-0.16500902807109158,-0.16576944995666584,-0.16592899140078382,-0.16781535351212715,-0.16930990211387237,-0.16746395344214535,-0.16543857866914324,-0.16576707995473391,-0.1656299384207145,-0.16585978391865408,-0.16577950680456188,-0.16556756277332335,-0.1651599728380699,-0.1663990654241823,-0.16493358726977655,-0.1653605919956595,-0.16579669454930188,-0.16762190352889564,-0.16596501920652015,-0.1658086642554279,-0.16550120128037263,-0.16601335958790772,-0.1657473420747544,-0.16615583553396432,-0.16577468379353474,-0.16480479179535024,-0.16489029549007328,-0.15967401887925528,-0.16740508640924479,-0.1657187673200688,-0.16553222160277292,-0.16607011845513253,-0.165685714588034,-0.16497997017182117,-0.16558759862965414,-0.16678412346202617,-0.16604637957121146,-0.16917360345397855,-0.16132357303962871,-0.166301751947652,-0.1656824243766845,-0.16551098713344373,-0.16653625173241596,-0.1668295029915526,-0.16585494851799687,-0.1679503800689175,-0.16536472732966498,-0.1665358096014992,-0.16848647855461485,-0.16572073974106385,-0.16565599813558754,-0.16743430306611196,-0.16846147268913955,-0.16563566675194963,-0.16531809725263893,-0.16616022500736816,-0.16539782962944546,-0.17015585904714303,-0.16531023319919522,-0.16092404678306943,-0.16507797588336412,-0.16584109102165215,-0.16531700443836764,-0.16585011421100063,-0.16573815486876037,-0.1690232257183896,-0.1656888653643762,-0.16570255798747768,-0.16512207627686631,-0.16570020561269924,-0.16507695004991949,-0.1660360612724202,-0.16558010452334743,-0.16583532213295463,-0.16831023463196815,-0.1662790602573127,-0.16530947742527044,-0.16988759375463974,-0.17544132898433992,-0.16606510838255406,-0.17214144094996647,-0.16616949680104806,-0.16483310926703018,-0.165292695998722,-0.16660221326552982,-0.16694687561112637,-0.1653988624162045,-0.1676986427534084,-0.16565438511569333,-0.17075788533765962,-0.16430642689283542,-0.16748239993427186,-0.1671215183821827,-0.16727632172820966,-0.1656509501488745,-0.16487316691925244,-0.16479600818287934,-0.16543961966296186,-0.16723940694473027,-0.1653165107758741,-0.1673148519509721,-0.16603760327564746,-0.16577704647518493,-0.16529363034073757,-0.16607202463119247,-0.16501310460079585,-0.16741464725659522,-0.1657442691144227,-0.1653791118135722,-0.16603547501152013,-0.16802572772948815,-0.1659005621547868,-0.166494964503426,-0.16803299396492033,-0.16550038956708954,-0.16535691518478182,-0.1623901745300201,-0.1689206399212781,-0.16545999030966935,-0.16653647075132036,-0.1666291470555318,-0.16697012028579697,-0.16518316526821478,-0.16553234846176576,-0.16708582152728096,-0.16740501817085113,-0.166272459141568,-0.16251160573523474,-0.1662101578271321,-0.1652006812263734,-0.16298596171526067,-0.164864131108102,-0.16637357195173566,-0.16722610057558876,-0.16618189629202673,-0.16475726840603092,-0.1693931744603478,-0.1667440855196166,-0.16731861599011585,-0.1704101921309576,-0.16468103273348147,-0.1660751839670952,-0.17031742779619377,-0.16618126313750742,-0.16574194585274668,-0.16600572159139704,-0.16492410168487528,-0.17440250233921747,-0.16505397112783496,-0.16567242799544113,-0.1655654359390343
Very high,-0.4022196081012312,-0.4021291339145724,-0.40212033777952394,-0.4031086261207645,-0.4029095834734759,-0.40501466565861116,-0.40258090466295837,-0.4015808979010583,-0.401917072560356,-0.4019420925452719,-0.401520363373848,-0.40189878430380804,-0.40150943518417603,-0.40257363968563536,-0.40265558817394903,-0.4027749370961142,-0.4022742285462526,-0.4047277408073452,-0.4038088088761959,-0.4022148139318337,-0.4024588656944434,-0.4017567793849774,-0.4023071604903296,-0.4022251327495892,-0.4030820904734534,-0.40265594881508865,-0.4025111688374898,-0.4018799675600225,-0.402436840616566,-0.40225402724821513,-0.4036109959798926,-0.4017301782388891,-0.40154135082147224,-0.40436644880623535,-0.40194048882537825,-0.40276809828453064,-0.40366777229664896,-0.40266874239989386,-0.4031162230916487,-0.4027005917745668,-0.40186144385877276,-0.4027233711235367,-0.4029942194682197,-0.4075094455975132,-0.4019890682651814,-0.4015626270176795,-0.40286721947006127,-0.4036079720674462,-0.4024955822493812,-0.4028502421733789,-0.4019882648750707,-0.4037832367700563,-0.40228289638813985,-0.40385657299424194,-0.402634726608532,-0.4022858789728729,-0.40290672430489444,-0.40388819999040804,-0.402442901282127,-0.40291767665390776,-0.40396308661751024,-0.4035648508299854,-0.40215703189375107,-0.4029372017753528,-0.4025635599330128,-0.4027296349906029,-0.3973572456921528,-0.4031252109932344,-0.402532544168607,-0.402883642459245,-0.40241087018160554,-0.40226286638602327,-0.40368996165706555,-0.4034526167681751,-0.4013254596544097,-0.40368135716675657,-0.4020514018233935,-0.4029972890022088,-0.40254985557844786,-0.40172739580792266,-0.4024610719442004,-0.4019218219826687,-0.3907746596223879,-0.39793945938206204,-0.4036808906670633,-0.4022582509963858,-0.40192053915706166,-0.4027138427373885,-0.40277025606644834,-0.4022669824414182,-0.4039825730786322,-0.3972346490941883,-0.4021749082005876,-0.40358315150399465,-0.40761996899995323,-0.4058258703521735,-0.4083173478450743,-0.40319450447692806,-0.4027282470988436,-0.4035446095660332,-0.40277276138892326,-0.40262448130275863,-0.4025815907411031,-0.4068948529893752,-0.4022098322697194,-0.3969585157103759,-0.40247819296997495,-0.40241130325624413,-0.40340383587775586,-0.40354107097707015,-0.40273187335857774,-0.40229284060147363,-0.4025200935439788,-0.4036473523966895,-0.4028432828008716,-0.40249259391352277,-0.40222380001471,-0.40268627812781577,-0.4032465317775243,-0.4023529087799986,-0.40183599584723884,-0.4025660757902074,-0.40476996228322387,-0.40348108403895433,-0.4021696586127324,-0.4028786214655921,-0.4019924751910472,-0.4023997497864223,-0.402683001097845,-0.4028802184543489,-0.40530285696016766,-0.4015273189727184,-0.4043935244797366,-0.40323340065627766,-0.40387133421715216,-0.4034409711560945,-0.40293916164791743,-0.4030517982355232,-0.40195033856422874,-0.39691945981548893,-0.4039464085544813,-0.40363137755164885,-0.40137154956685805,-0.3727325644517608,-0.40261046736731965,-0.3980894888717021,-0.4027801957637563,-0.4022268297063455,-0.40263383706812544,-0.4026459362566478,-0.4038497454750415,-0.40231881507690204,-0.4020398648032133,-0.40250229826309386,-0.40318355385318155,-0.4037223757336277,-0.40551844567670203,-0.4022204005782154,-0.4027188069610504,-0.4035095762711603,-0.4020645834559735,-0.4067881900277496,-0.40234920295677873,-0.4033859400308386,-0.403453458391376,-0.40268910964571886,-0.4029604268276471,-0.4026272029406588,-0.40224383899393573,-0.4025005891636342,-0.4031390849438609,-0.4018213846298107,-0.4049993721376807,-0.39657485918831664,-0.4022629702946716,-0.40348682860575064,-0.40271159043733384,-0.40183886858784507,-0.402863714452521,-0.40268495601780974,-0.4022324117381918,-0.4024492690329838,-0.4046307079899554,-0.4076299017759451,-0.40273378168727664,-0.4034739358621607,-0.40168636615634246,-0.4036618794599344,-0.40217896347774956,-0.402581840200355,-0.40823125792795595,-0.4025025728728171,-0.40227355453763236,-0.40098742250879416,-0.40624623354076494,-0.3993035044043636,-0.4018022437204717,-0.4028792767275475,-0.4042187152966671,-0.4037546393909211,-0.4018756704486077,-0.40118946188454757,-0.4030995388414241,-0.4039221816915046,-0.4028925820441128,-0.4026518772776607,-0.4040552038147547,-0.4018961773478896,-0.4036523724632381,-0.4024249008654628,-0.4061102371362359,-0.40306557650410135,-0.4023695352345934,-0.4026672811596043,-0.40102654558115913,-0.40335320905192124,-0.4043591239393799,-0.4018951537544236,-0.40370625925847714,-0.3975501581145799,-0.402675215060202,-0.40260179823213565,-0.4019474886877847,-0.4022804641133395,-0.4017146491226116,-0.4041804924003216,-0.4043664338597087,-0.4029676089327178,-0.4027105077583564,-0.40245317492546445,-0.4036958720548202,-0.40273319672988334,-0.40381218059253166,-0.4034894136021569,-0.4030545681237756,-0.4022674957246133,-0.4044931402745334,-0.4047673532969791,-0.40280423556455897,-0.4057121467682301,-0.4024090273536781,-0.404754984787689,-0.4024629911617032,-0.4018327953119455,-0.4017752325932475,-0.40434262008225674,-0.4044615636590777,-0.40266878609693274,-0.40200661241374314,-0.4025954614683973,-0.40678955516587684,-0.40374492261170225,-0.40272809654743014,-0.402337731002098,-0.40120194748264015,-0.4020332142329829,-0.4043084147395543,-0.40368599100569286,-0.4024510436391727,-0.40226700543417104,-0.406529937433006,-0.4014930654068786,-0.4026832718400741,-0.4025959955108351,-0.4028664700938931,-0.40236274724303167,-0.40250924066581045,-0.402677285928296,-0.404421286050476,-0.40238701126783066,-0.40735884715685167,-0.40429650873381034,-0.40254086910158804,-0.4031668648664912,-0.40382298012286916,-0.40372843667295955,-0.4015824675868079,-0.4034975714704059,-0.40143478668144583,-0.40274137931021475,-0.40240786721378197,-0.403163937389758,-0.40239097196803325,-0.4021454395986624,-0.4026643900027966,-0.40419883234206644,-0.40304340087886387,-0.4028907148882221,-0.4041763679571233,-0.4028272944585599,-0.4046982267826934,-0.402737833507921,-0.4019304014649996,-0.4023113887308218,-0.40387942814818034,-0.40174437796294415,-0.40159998940603614,-0.40396308886608634,-0.4027658912072976,-0.4028091926146367,-0.40274606920436123,-0.40416220696808774,-0.4025116943330527,-0.40101673101319296,-0.4036508766455366,-0.40431034434227514,-0.4022995254179809,-0.40357818459982,-0.40200027721257436,-0.4027657614806032,-0.4052556173788327,-0.4036992462832452,-0.4031284841049549,-0.4037525757515485,-0.40233724421767414,-0.40309937143371616,-0.40241327526147597,-0.4033479407698434,-0.40256576046223164,-0.4012917792252946,-0.40163447686347575,-0.40311901750763596,-0.4032418761136836,-0.4050392508576663,-0.40234918106872564,-0.40293797836381323,-0.3989272500188352,-0.40169286129484366,-0.401999105094753,-0.40359243641615333,-0.40264379469477707,-0.40278789820944855,-0.40250982279569353,-0.4024672811700508,-0.40177575615904254,-0.403337593463991,-0.40244127842316585,-0.4050776994016007,-0.4031949191264933,-0.40256277955905134,-0.4027584634670225,-0.4024349406475713,-0.40247539423393375,-0.4067960406571689,-0.40418980273978544,-0.40458486808070904,-0.4027766355631742,-0.40363211647146935,-0.4020633027478331,-0.40151528004564724,-0.4025172553126692,-0.4035034325509844,-0.4026816941964438,-0.4038602573687585,-0.40268463289603584,-0.4035658084363024,-0.4015795679649967,-0.40339701130783556,-0.4021836928025831,-0.40239768552309507,-0.40260729496053604,-0.4038773269517295,-0.4039004833009325,-0.40208710527376046,-0.4030756410033313,-0.4028433946373109,-0.4035297123337134,-0.4022973819973701,-0.40208813127732235,-0.4023432771869882,-0.4043670663472861,-0.40268629353134067,-0.4023221060703753,-0.40243867004407524,-0.4032572433174914,-0.40255185975058655,-0.4023878342748896,-0.40267233396089896,-0.40510125382460466,-0.4041414403731528,-0.4017639707142091,-0.40169817084241005,-0.4023410141565848,-0.40427743367853497,-0.4021675840473591,-0.4033017509623431,-0.40178592050203965,-0.4051115419372024,-0.40374165657572775,-0.4040798872819207,-0.4020501187390714,-0.4057019966840127,-0.4013034051556535,-0.4023305888106802,-0.40407641473585343,-0.4035220032919716,-0.4050936766939664,-0.40301447672775265,-0.4018922683092412,-0.4022090067540772,-0.40256525882690714,-0.403200200799456,-0.40460192666733136,-0.40182342707127394,-0.40391631001903894,-0.4026645792203608,-0.4022990194501505,-0.4024099524148184,-0.3961303111105217,-0.402680881629637,-0.40178525274573645,-0.40256322382828585,-0.4006071534145144,-0.4017851537141566,-0.40815514882145376,-0.40274750051993474,-0.4031118687946875,-0.3993927573512379,-0.40266794831132785,-0.40195974249184085,-0.40174443314753444,-0.4035130562933963,-0.4041238207890326,-0.40275863422411295,-0.4015909556999058,-0.4016697197027518,-0.40224933568997473,-0.40211926457567504,-0.40238242489745074,-0.4020674615847917,-0.403061542480258,-0.40287011070605555,-0.40160676137982854,-0.4031068137298973,-0.4018246065260701,-0.40315562804540295,-0.403090045838174,-0.4070020508571381,-0.4023433197949883,-0.4021158209530214,-0.40164311587637747,-0.4031810324074426,-0.4024717431853467,-0.40268970864158893,-0.4027426853091427,-0.4026198346347556,-0.4020259466648616,-0.4019413774692226,-0.3994782395888615,-0.40643518564774567,-0.4020885409079161,-0.40246455849933277,-0.4020106323916178,-0.40444694838262324,-0.40209707580123727,-0.4036432141333828,-0.40269109125464014,-0.40311294458905317,-0.402245119637775,-0.40265358317670574,-0.40387380935723527,-0.4010202418370692,-0.40636245315092373,-0.40291585694862586,-0.4022613689510493,-0.40157571064537834,-0.4026672874970854,-0.4024416458979984,-0.40812467297218735,-0.4055707762845313,-0.4020004467235348,-0.40256626051205374,-0.40254621950355735,-0.4025183135096985,-0.40415056266468763,-0.4019138361448225,-0.4018418202100208,-0.4028415482902115,-0.3989156351624775,-0.40429388445279485,-0.4042942233481301,-0.4097567066488914,-0.4021424926154451,-0.40197756869248485,-0.40378867104302446,-0.4025976453539621,-0.3999253790272388,-0.40242023586081244,-0.40223842538366444,-0.400970791061807,-0.4027166360274253,-0.4036569602597852,-0.4030343005730899,-0.40207033690543775,-0.4065391011342269,-0.40699812624205434,-0.4008382525207173,-0.40366139233030846,-0.40775959149711544,-0.4026336050982687,-0.40254290210088006,-0.40604677247533716,-0.402490833428845,-0.4044600533661341,-0.40179785173659854,-0.40219351871855974,-0.40813602477705335,-0.40369336007573015,-0.4080451203681625,-0.40413220974872627,-0.40240009264403453,-0.40226333989579116,-0.4059106438812774,-0.4025371006677284,-0.4037226711536717,-0.4042969577593705,-0.40148291590755397,-0.4023927422518642,-0.40331896516718385,-0.4034712340700465,-0.40281385876684583,-0.40464915548288544,-0.40353037954367693,-0.40148967584150663,-0.404846382731867,-0.40225301605754443,-0.4016882723887888,-0.40215717906383036,-0.3924379436302198,-0.40218242271211474,-0.40283816035750875,-0.4022746474355429,-0.40540799677284844,-0.40178441425598543,-0.40306547640167495,-0.4043233528311218,-0.40231049624001636,-0.40419741993761993,-0.40172737606350845,-0.4032550904690147,-0.4028150487603628,-0.4029673756963576,-0.4019595603546548,-0.4021889702042394,-0.4034629422196187,-0.4029017021621931,-0.40241654801901805,-0.4019683325117467,-0.3975260459822131,-0.4080155572245198,-0.4030634837979447,-0.40210812760433284,-0.40151415187033435,-0.3987073172021306,-0.40284333372323344,-0.40191489021667876,-0.4026129045453441,-0.4025546101934011,-0.40237289894311773,-0.4051750970674992,-0.4039278385970002,-0.40616700576847486,-0.40383134431622225,-0.40287175442975515,-0.4021387892319107,-0.40199959427242477,-0.40294343594918763,-0.4029570509146794,-0.4018114996318371,-0.40181022265101024,-0.40357962993651036,-0.4019501649705343,-0.40539737370425744,-0.4021784424668931,-0.40172606132279365,-0.40078873664446774,-0.40246697229651657,-0.402484070236852,-0.40057202393703883,-0.4032985530543214,-0.4035997204098379,-0.40210993434186837,-0.4040807516001876,-0.39380755279605834,-0.4045595892536219,-0.40447259865539525,-0.4019653277215186,-0.4024102279544828,-0.40294145173706236,-0.4064562846611952,-0.40269702776213057,-0.40235954130838875,-0.4047279376164105,-0.4030011718781175,-0.402561549795904,-0.40260466832872976,-0.40283298007659624,-0.4040416150894986,-0.40344053897691373,-0.4018353501198278,-0.4026455000338188,-0.4037454238727527,-0.402554506632094,-0.390964053773734,-0.4026063928788102,-0.4020105428984896,-0.40281772833928475,-0.4027703995752296,-0.40349343589721803,-0.40254840562105076,-0.4020398935877554,-0.4024028287337828,-0.40224837470905833,-0.4019486910694753,-0.4047903617353446,-0.40319171781037005,-0.39976276043584896,-0.4030261103006718,-0.40597046190806096,-0.402533541837761,-0.4040968158535199,-0.4017127617174208,-0.4040539141228749,-0.4033512522051458,-0.40200660360668317,-0.4017978473649173,-0.4006614891972174,-0.40246455236249934,-0.39633569633064286,-0.4035762434232389,-0.402008330031013,-0.40207365985884813,-0.40383996372885267,-0.4018423631247816,-0.4025476292013439,-0.4027297638112689,-0.402315419053449,-0.401929964893828,-0.3964241488249023,-0.4021893648148411,-0.4025388257745914,-0.4042594759739075,-0.40265998696632727,-0.4025973993248498,-0.4024035755730302,-0.4018901286168954,-0.4032055895874015,-0.4071558025565522,-0.4022258564260405,-0.40260692821286775,-0.4044663934369761,-0.4029659325280531,-0.4026051888771921,-0.40495200283108335,-0.402811840060538,-0.402561889540312,-0.40295703664209737,-0.4025461637250257,-0.4016493316896534,-0.4017412726282572,-0.40435151379803985,-0.4024286388833557,-0.4038633204122853,-0.4022951044161338,-0.40286883541356294,-0.4024538845017008,-0.4066948354692711,-0.40241536834345526,-0.3993144889431176,-0.4028499769619796,-0.40199130797214305,-0.40383388290509176,-0.4030991510875008,-0.4040542139257952,-0.4022918520031087,-0.4033623608765517,-0.40364230068682666,-0.4026547062002806,-0.40462736029230173,-0.40549033621017605,-0.40055087478470347,-0.40552230092583297,-0.4025222598968676,-0.4024699184886061,-0.40247849325581936,-0.4053786221316788,-0.4023613016966159,-0.40218440257197213,-0.4029718286883632,-0.4021432422512879,-0.40177953198376,-0.40298998056159385,-0.4039950483509916,-0.4018045801551107,-0.4026444508959505,-0.40209206356866894,-0.4026362584613995,-0.40253989993648626,-0.402046053250132,-0.4043136793872512,-0.40249678848568243,-0.40196070828586783,-0.40251293120619636,-0.40205381196106743,-0.4028335116305335,-0.4023459719998185,-0.402635845892788,-0.40223955375476667,-0.4030585437823379,-0.4022209461740641,-0.4018280794384101,-0.41308872718854583,-0.4028634312077228,-0.4014008029512444,-0.402977544058121,-0.40307381902781947,-0.4020887673159303,-0.4034673180473261,-0.39895904298922114,-0.40511851202838256,-0.40442025630218165,-0.4041555855937368,-0.4017995208186601,-0.4099668076927183,-0.40242843392309674,-0.4040702046090519,-0.4041586408800088,-0.40244481769968726,-0.4074317844201671,-0.4016780607237011,-0.40226146083745024,-0.4024690048840404,-0.4021765315093441,-0.4040605677437084,-0.4028367866223181,-0.40384222146638993,-0.4054636055404574,-0.4028694097172423,-0.40305633170587285,-0.4043337857670244,-0.40254446371277064,-0.4029736876691871,-0.40283254042611677,-0.404728275252578,-0.4027006651700881,-0.403261536799101,-0.4044216538634592,-0.40229242268040893,-0.40551984222643894,-0.403604302735135,-0.4020448450744201,-0.4022604591075151,-0.4033123451904096,-0.4002404676881914,-0.40372046429840575,-0.40628435564577997,-0.402320276185455,-0.4025179151169508,-0.4039965526548573,-0.40305291529162185,-0.4035777833596916,-0.40195176426847673,-0.4019847383271865,-0.40356051006175503,-0.40310676990737204,-0.4014285613877803,-0.39720796516671203,-0.40298129614058814,-0.40156615976475785,-0.40189758078941734,-0.4035074384388835,-0.3971081745750333,-0.4016721270300343,-0.40720912933121833,-0.40288284486074355,-0.4017462663256529,-0.40297235345511934,-0.4025202276918464,-0.4028045273597104,-0.4070902005111419,-0.40118220262493165,-0.4016587651235423,-0.4024886242944062,-0.40448410874219676
Very low,0.437345887103891,0.4374799684596024,0.43734656494402724,0.4364457299644664,0.4371530017334325,0.4372542447931895,0.4357927013307792,0.43789496698396685,0.4377981147236141,0.43789799931152074,0.4382483711352916,0.43786334154343864,0.4364278770643042,0.4369761711249653,0.43688409442381754,0.4367791229892155,0.43721361506472733,0.4348771814767318,0.43571587464151396,0.4372335726899214,0.4352910352451771,0.4378443087484998,0.43459747936271836,0.4373280366801405,0.43648487008556364,0.43692458445540705,0.437022002322719,0.4375579842136214,0.4370984742600462,0.4372810510977624,0.4357552679059656,0.43771792534162574,0.4379643147035272,0.43535783488766533,0.43749695070333705,0.4367836601006297,0.4369800312436944,0.4369165724870464,0.43634177931248935,0.43683708637181956,0.4375614977208752,0.4368231515598993,0.43654316387426384,0.4378610113928866,0.4374725290377219,0.43801125126234686,0.4369721880941352,0.4359586210934581,0.43701856687812685,0.43671022981556473,0.4374530245429932,0.43587664818613264,0.4372719786941421,0.43559287553016296,0.43694879511677415,0.43478690982246515,0.4366607372720199,0.4356578294740611,0.4371452089642685,0.4366412635716387,0.44202247364009145,0.44014082721428693,0.43745308332698785,0.4366297824642731,0.4358034993381975,0.43681392084627696,0.43553777841262475,0.43635013621256363,0.4356414531975257,0.43668151203189476,0.4372095537949055,0.437363218628417,0.4369639838453221,0.4360663876092729,0.4364025162202746,0.43585653446202544,0.4375549123105862,0.4365412602858876,0.43702851841454876,0.436467228129565,0.4366666443388368,0.4329294052412353,0.4336020675846067,0.4356383809172991,0.4358537148489183,0.4372412723436993,0.43752832861673197,0.43683144062745105,0.4366029296409774,0.4372399349466231,0.4356865174988537,0.43501419849565837,0.43735504697715705,0.4360006392453626,0.4380212165630855,0.4377160922816829,0.4381334843148274,0.4363054342941651,0.4368306046808334,0.4369173973017519,0.43677496442339014,0.4360749767205237,0.43695431781428373,0.43775371125829615,0.43741788908895485,0.4351962366715212,0.437055129417234,0.4366557704526607,0.43620171887368203,0.43591208542148774,0.4368454928129765,0.4346279131713752,0.4370271648548507,0.4359473952715089,0.43670504170037844,0.43555947973544723,0.43730643602446273,0.4362546213840944,0.43634591601181344,0.434826369852598,0.4376360937674109,0.43701953636533514,0.43479037433834594,0.4361403623885165,0.4374843169142906,0.4366772257147274,0.4365337141540562,0.4373618195166426,0.4368668271225195,0.43668113309342843,0.4344285680913958,0.438079798547517,0.4351163214378299,0.4363778721691291,0.4403135225430237,0.43614752134338447,0.43740478132279703,0.43648226229078513,0.43747339921521305,0.43540342552355105,0.43702714715566693,0.43581731425734,0.4364073264311059,0.4293840802011636,0.43601403718748677,0.4356133735153385,0.43677087752009036,0.43733824204940686,0.4360823941583906,0.43613153748587663,0.4357326674865036,0.4371998069380609,0.4374604696573047,0.43702364374436786,0.4363836190513582,0.43575280319952203,0.4374299903154579,0.43453808877466493,0.43682361512286505,0.43609981270130654,0.43744308540362137,0.43765997151018693,0.43719224611639657,0.4390263787762065,0.43598566158851604,0.43630084232844646,0.4365849329669012,0.43694123147979497,0.434319643419539,0.43704135245543535,0.4380427842924684,0.4376289466466166,0.4343550706046888,0.4351835291212995,0.4346435260871541,0.43615137219994543,0.43683497990845227,0.4376343916853259,0.43697577881544053,0.4362686045090525,0.4343593310711588,0.4352304171432363,0.4372127204977732,0.43796948076793635,0.4368093095285319,0.4359372157228582,0.4378254778863568,0.43588987505103505,0.43453540200267904,0.4369777897356563,0.43813173135152245,0.4370155978955108,0.43723868950955697,0.4363054003838246,0.4376058037685211,0.4359481236535019,0.4379744349713991,0.43668681477571236,0.43550078533963404,0.4359064087534096,0.43774412543408436,0.4387742210787259,0.4378972996747969,0.4355371598355326,0.43706964457675773,0.4361131287189441,0.44241324244284946,0.43295991783562754,0.4360443717347249,0.4370722209513081,0.4332213042660896,0.43637719171457123,0.43484314769693777,0.43691158808846475,0.4394570895636269,0.43882609977624815,0.43515379933048925,0.43754104791498094,0.4359096015072005,0.43536135687609917,0.4362534739637057,0.4369331243677602,0.4376461040115752,0.43721694960196555,0.4380056084151805,0.43560565130044504,0.4354747661243857,0.43738591823261397,0.4363654395949713,0.4354118594737204,0.43593500957702497,0.4368192299282192,0.4358511764348342,0.4359735199573138,0.43770081748675804,0.43725041700448175,0.434894758767771,0.4349835744105641,0.43674052126171703,0.4374340412056371,0.4371839347467152,0.43405427765256194,0.4370355826661295,0.43762370442541715,0.43650612103097813,0.4353083332214479,0.4348552904965732,0.43686994696058457,0.43747387043380936,0.43703207230243396,0.43767418338265157,0.4406167380915728,0.4368155020113946,0.437196756492974,0.4363671367236247,0.433500113684766,0.43712731637931956,0.435915130466952,0.4370954612395423,0.43662053611903306,0.4376068786242521,0.4382975667759124,0.43685575074084937,0.4369323377219474,0.43699552561555466,0.4366360722156951,0.4370047998125125,0.4368613027690178,0.4350445095213606,0.4371458339969315,0.43786373932653583,0.43713149620924086,0.43566588293876435,0.436332848881389,0.43584852915181066,0.4370050562233285,0.4379243141823859,0.436910888658691,0.4385885368692337,0.4368067863520222,0.43711872015505987,0.4363653691100137,0.4371517575349702,0.43658089022019925,0.4368892077101814,0.4421862760269511,0.4365330699732141,0.436660670891705,0.43710778315195375,0.4368271524229927,0.4372523857104433,0.4368031235015109,0.4377071119429741,0.43718913777386637,0.43581218160062246,0.43772910450077956,0.4378647735860938,0.4355466006877003,0.43679440402998915,0.4367602643699513,0.4368168284239536,0.4423484151575754,0.4370140993928506,0.4362789444281001,0.43694970715609377,0.437135527750706,0.43725658997469913,0.4369774379549534,0.4376363477950674,0.4367835308163867,0.43730746645267704,0.43577503728592554,0.436477505513948,0.44044757676893836,0.43723824723305743,0.4368225917262218,0.4352864791921444,0.4361092509042708,0.43696267399559635,0.4363836867033508,0.43789107017746,0.4368242382200614,0.4363250345555917,0.4372608864737425,0.4350389928636963,0.4372610172755783,0.43583046061664277,0.4384861244167605,0.43755187290939795,0.43604950274850995,0.43689444828592944,0.4367634987979839,0.43557556363324046,0.43537369622616034,0.4377459245969839,0.43598040560957735,0.43518655667588174,0.44545606103757407,0.43637242400407866,0.43587690171924576,0.43655603544948873,0.4352533536054355,0.43704097757027277,0.4377323159176932,0.4422422491991688,0.437185947499655,0.43677608640292315,0.43602937417529347,0.43654169966611006,0.43829152145430234,0.43707647837236735,0.4359828575989464,0.4368564874169608,0.4354143648852269,0.4368633191149261,0.4359309814353393,0.4379550398835227,0.43613614471279183,0.437508946815491,0.43711920836950946,0.436933519748625,0.4370100452619689,0.4354601955911011,0.43389001397024646,0.4365054986181102,0.4367127828126921,0.43587530950802716,0.43719229779981034,0.4331278379246063,0.43495920464965393,0.4352958756975927,0.43685721699184615,0.43725594225057324,0.43530088386307997,0.43624826611737416,0.4369732455190649,0.43715435713029804,0.43623321663842257,0.43731114473458665,0.4370933007751874,0.4365075819685121,0.4380545369620182,0.4371452067168118,0.4353200687498001,0.43390174767518497,0.4386975697580897,0.43766459542091135,0.4445550506837268,0.4357416334137087,0.43705446952583016,0.4375052345263868,0.43750572459127507,0.4363798139259165,0.434966747546987,0.43562982140027806,0.43611897874939276,0.43732870912329164,0.4376222509654306,0.43761273605106,0.437379964082797,0.43584105636326326,0.4363691953282937,0.4351700160973972,0.43650741280109473,0.43549120957690873,0.43619968799538444,0.4372234301536328,0.4352616367629936,0.43517030756116093,0.43685407028654044,0.43772450378674654,0.4370263641434536,0.43622286395937987,0.43796899583303067,0.4380688816479672,0.43650440054859957,0.43644815047487695,0.43595219775000604,0.43687374234108023,0.4374751192749544,0.43783563014426247,0.43602746900631634,0.4354979233085443,0.4367933834647549,0.4379853126850516,0.43055070441872323,0.43660567417418694,0.4374259831173292,0.43494015917401835,0.43738631633385805,0.436473671797876,0.43668421942092567,0.432660270510329,0.43639437720372115,0.43779869381503184,0.4364449745672968,0.43644666184322245,0.4378351810555361,0.4372467185440187,0.4374727493444733,0.4363857530436435,0.4364020897589491,0.4370624415903377,0.4368986900921259,0.4368197442974683,0.4360416459635725,0.4375481320104445,0.43761672285813547,0.4359676026588143,0.4376961248149546,0.4374131068721773,0.43707730030198044,0.4374615172456493,0.4371159960928465,0.4374289030829718,0.4369902013150666,0.4363046761550262,0.43642149183867945,0.4372567731261463,0.43613076342034524,0.4354620337323805,0.4391779485625184,0.4330124024093204,0.436637620249555,0.43733043081773026,0.4364468615635004,0.4361890526905799,0.43708026383817566,0.4380582133996973,0.4339010667118454,0.4374675148349813,0.43580069855306375,0.43699254018720324,0.4356802212406508,0.442125410847328,0.4376117357383205,0.43652775965259516,0.4367145883569004,0.4358317591795153,0.43512206965549977,0.4434074306687853,0.43846785179983666,0.43736527369306655,0.43744256993380226,0.43584591571587067,0.43699480554344067,0.43594291223293186,0.4351420989864463,0.43732822052465586,0.43623716480392594,0.43640199114454004,0.43595306391941807,0.4376341022107365,0.4335293649829781,0.4376704499030066,0.43793040608419326,0.43623309852550973,0.4359727723805056,0.43795476490673374,0.4369537567732511,0.4358322849530898,0.43756886690606644,0.4370358167675284,0.4346719332142761,0.4365107565714867,0.43415008738609895,0.4380986833722541,0.4359188984336391,0.4383399710306042,0.43557149075266094,0.437119066517584,0.4372641269769101,0.43751500976600893,0.43698812216397886,0.4357984284059653,0.4432563740843204,0.4381257320318283,0.4371274354938975,0.4362657198407724,0.4361428686111975,0.4367795136746587,0.4371901538246736,0.43695513074868414,0.43642104612310717,0.4346883086633002,0.4373067173678116,0.43780866926263867,0.43732223041640367,0.4343768333107845,0.4341276347357318,0.43688926867775624,0.43731335074777933,0.43746959429459537,0.4322279124286434,0.4365120991680875,0.435339046852362,0.4372716057472091,0.4371391100565343,0.43775869548312424,0.4384841943733634,0.4367845123356346,0.4373870182120967,0.4377453982559654,0.4342817402747852,0.43614722088696123,0.4366428018807502,0.43715674873182864,0.437496692236824,0.4355565954457345,0.43800948565627457,0.4364939691666734,0.437502450742491,0.4380285661267329,0.43577750122837006,0.4367116158491154,0.4377934890667682,0.4369702993198916,0.43698107929098867,0.4372127986419193,0.4373357232661019,0.4357204355099519,0.4329041835509909,0.43698073624413675,0.4366559749486113,0.4374733479733058,0.43770545814212775,0.4365971940811163,0.43657101360286854,0.4329739046636639,0.43764545559555984,0.4360243043250103,0.4381093296084835,0.43387440555657836,0.43396329935498823,0.43786791531827335,0.4390679346068989,0.4370649719645708,0.4370447572624948,0.4361681151624055,0.4368572644966738,0.439995131456222,0.4374114223719586,0.4354393231311385,0.43445690645049945,0.43717623100350567,0.44332534740196433,0.4374549568339373,0.4352153839016884,0.43662007165889777,0.43768429739278036,0.4368463145739866,0.4371340071849718,0.43484460082000104,0.4365700780362292,0.4369738182480548,0.4359689107770871,0.43672462208527096,0.4355672496952347,0.43612422401581424,0.4376420559167689,0.4361417959227507,0.4355203560421216,0.43578339423055007,0.43357198871208774,0.43696108384156346,0.4374155353530734,0.4367329670513686,0.4367828382921525,0.43595570025020874,0.4369889047368232,0.43750852836600407,0.4371344412291263,0.43728724681865794,0.43767496867811434,0.4372341957025997,0.4363101026234913,0.4360054915861275,0.4365161791840164,0.4491938467954795,0.43570823814476684,0.43509092127580395,0.43648703328489574,0.43542105420415955,0.4362570200383184,0.43761553360534444,0.4377237520875317,0.436094532554582,0.4370883902932836,0.4350791034261534,0.4359900274744196,0.437410834634235,0.4375113077990926,0.43575512876369776,0.4376365163825437,0.43703074710903567,0.4368161002885681,0.4371733163662951,0.4375010092426565,0.4350581326029645,0.43730281871675963,0.43699079831770926,0.43709038952655527,0.4361719852606179,0.435841376524097,0.4371535658483443,0.4375892682969006,0.43630575304962027,0.43774752949247997,0.4342439909793696,0.43592335393592446,0.44370445906978717,0.43678495267147815,0.43690959684139846,0.4372931698161056,0.43674243650870087,0.4358173678913028,0.4373346753779977,0.435782333009768,0.43826841677494516,0.4377636883625065,0.43471533855815764,0.4370854379418357,0.436984265608974,0.43726644042058865,0.43699364074922353,0.43540612863567074,0.43765234730786773,0.4351075475386864,0.4358760522700607,0.4367043178934464,0.43751866726484484,0.4354131655953708,0.4379220246870403,0.4370293236404567,0.43731406764411807,0.4361947625606149,0.4358489140461745,0.4361289281859871,0.43490360717119053,0.4374721824962311,0.43620857609799807,0.43417554076868264,0.4370211933711759,0.435402020053335,0.43710238794707534,0.4467884571033751,0.4351100500932295,0.4374230723301601,0.43737871713903226,0.43735681536551624,0.4377219900679972,0.43657176883732657,0.43549811760828827,0.43779391706799203,0.4368879462776593,0.43746832405578534,0.4361002872490321,0.43566402900455015,0.43748094855076586,0.4371289966186297,0.4355204555952082,0.4329390609078134,0.43708328845773603,0.4334716453554655,0.43685607285785266,0.43716581777095825,0.43689546218894687,0.43734371904534286,0.437804031772605,0.43430018163117995,0.43764531564888853,0.4250696345515276,0.43697430323399034,0.4383002287825467,0.4365896489960898,0.43641317092301,0.43764509143939645,0.43605696991308873,0.43584852942289387,0.4372825447502959,0.4439790485982299,0.43706290367630474,0.4379436613882998,0.43864654093179356,0.43710959075998834,0.4355742512128467,0.43527492120412326,0.4370484091040362,0.4379176172421487,0.4378865590900481,0.43474348669323165,0.43704820740467937,0.4375653533201253,0.43551675606706003,0.43687006039869136,0.4370113505347023,0.43746024157252145,0.4370074938166716,0.43650276180144437,0.4424845978207996,0.4369892101914149,0.43660025346611425,0.43685783924411614,0.4350058851244864,0.4368400043468122,0.43633360547930305,0.4347458176226402,0.437300362958056,0.4374321065858169,0.4358733403495887,0.4373912301555063,0.43735251731189717,0.4362657737780532,0.43611844446357095,0.4406882793154748,0.43762796107580215,0.43457586266328885,0.4370155877128666,0.43511591845480646,0.4365049470983552,0.4358326125259379,0.4365201791464471,0.43307953951634626,0.4360343313292753,0.43647573657985445,0.43642755330112776,0.43530100315018133,0.4374151053762482,0.43819137736763575,0.4375414852102638,0.4360900581217586,0.4352889083306503,0.4378048594286361,0.4379797610349754,0.4370381724642702,0.437783158999012,0.4374162332967033,0.4356537386694682,0.4367487361641977,0.4377368214118306,0.4391072889435026,0.4378011088482954,0.4370578149957597,0.43712735613308196
skill,0.30634189482673974,0.3059517596640042,0.30584874264499373,0.30585010764339615,0.3060595802491452,0.3054310542595959,0.3063139024725718,0.304354014830771,0.3090086496960688,0.3092453839003856,0.30834980997967637,0.3092910134753195,0.30620799782285485,0.30640730469026584,0.3059443088663106,0.3059409836663532,0.305468286652392,0.3087374807797539,0.3061957105044399,0.3052603077870691,0.30622162353987625,0.30761724898790954,0.30714928775888767,0.30439222650668585,0.3062346337188614,0.30646665579023535,0.3057844144857488,0.3056430818717733,0.3060638027944431,0.30544665175500335,0.3049068778754369,0.30434915913931326,0.30486307798537693,0.3068092104456962,0.3056099245247466,0.30596183802446286,0.3055381875165801,0.30642145007613264,0.30590163569055273,0.30576318758501186,0.3046109026706493,0.30584221594059485,0.305400981270773,0.3049993076356877,0.30424554431792217,0.30606712664966335,0.3060689748906501,0.3076135981690103,0.30551999272230623,0.3059977250389424,0.30503146744096216,0.30711296716924275,0.3060708451749442,0.30458390376773825,0.30641446772918335,0.3052477251809343,0.3059933490214211,0.3071617860304417,0.30691567083796173,0.3059730803650382,0.30118219576320276,0.30382200755602706,0.3050898170430322,0.3058843126457088,0.3057853657682646,0.3058513313622306,0.3072512351636059,0.30544285167794544,0.30591302163497164,0.3060610949591899,0.30665545920927834,0.3071348297081596,0.30578887732823884,0.30634104002347023,0.30603463307186407,0.3065648341452063,0.3070869306649327,0.3057634955717451,0.30638818803062823,0.306316168981839,0.30604051281356526,0.3081629131789689,0.2992743170019767,0.3082682693361055,0.3043691523180478,0.3056381247671298,0.3055266707280847,0.3058186099662133,0.30593480668510137,0.3049702638423644,0.3059725421472675,0.31111438695423455,0.3057656604759474,0.30715768617047673,0.3062844298670135,0.30384743571024175,0.31011149003830124,0.3053372154176589,0.30601508311066855,0.30595356120056616,0.30589685703597863,0.3056033825403451,0.30586227080495554,0.3074941469160932,0.3071669145384626,0.30567134937372653,0.305665339977326,0.30603098477846796,0.30666439541535895,0.30361463245009473,0.306221763166725,0.30630191297363174,0.3062113192449163,0.30554957285240325,0.3058293356865547,0.3055078915689532,0.30590443048579463,0.30608017808808097,0.30615540600863445,0.30673314661491224,0.3053491792458731,0.3067678984172716,0.3049134892058885,0.3063748170368034,0.30421163230562065,0.30602962330148575,0.3060483884379174,0.30933901705618444,0.3057936975678509,0.3060915291774988,0.30998809800387106,0.30704762494787935,0.30619490164688756,0.3063282177936573,0.30957857083866863,0.30634994216176165,0.3050856955731399,0.30560986977641497,0.3049060108087949,0.3032425439676062,0.305570416996384,0.3034469889769447,0.30610813109212226,0.29435883282750575,0.30565415724128914,0.3065649568042749,0.30589758556282404,0.3059342789806426,0.3057777322746762,0.30572478047503754,0.30647181882903884,0.30525381026820186,0.3044861249128723,0.3056616298875742,0.3063057623895545,0.30719099988282267,0.30496902343073473,0.30526190832717764,0.3058968576136876,0.3071769045693276,0.30525740058255807,0.30464840720834907,0.30619826459348704,0.30651195535114895,0.30464929162056564,0.30581078331150763,0.30598631575249896,0.3063643818120021,0.3069530114032689,0.30618342518622726,0.30633797694047404,0.3044579858555455,0.3056518492354683,0.30825723651587206,0.30561339011838146,0.30669085701160187,0.3059105786555789,0.30604199258285053,0.30598945259227367,0.30584760004226214,0.3067268500101321,0.30678576244847694,0.3051619478803639,0.30394808339547613,0.3059062709275128,0.30423394727189457,0.30476816389299916,0.30600203741840204,0.30426635564941146,0.30580637890118184,0.30809015363460857,0.3058447234357814,0.30486601880780184,0.30672650757812703,0.3051749678095537,0.30712695336333723,0.3070705872226065,0.30609062876007453,0.3059723854198906,0.30706033062816496,0.3076234260457939,0.30874672423628313,0.3062288300061728,0.30427638705995647,0.30610295343365757,0.30600083767965286,0.30072176910029624,0.3074810986625369,0.3068287391271893,0.3056493277547112,0.305916823029802,0.30428262765696834,0.3067870317175806,0.30636540589957806,0.3210798192558768,0.30700042495574736,0.30317091709096056,0.30504369008900345,0.30657228494094263,0.30376977868951666,0.30573689863521863,0.3058197762346837,0.30764699574324694,0.3054098386241021,0.30301229541603836,0.3080593861274681,0.30841483968000344,0.3060578346290247,0.305911097679193,0.3055604692394025,0.3063326552939877,0.3059442129189267,0.30671358258500364,0.30475445150493347,0.3063456821025536,0.30540798127318214,0.30098736177152663,0.3062915654528374,0.30594937977059294,0.30551762188451037,0.3068508439455187,0.29739858557522825,0.30543292875628464,0.30481864682058657,0.3058317421873412,0.3086694061381901,0.302998982304509,0.3059103496601918,0.30512260349907555,0.3065816181640357,0.305962214797443,0.30487384136437395,0.30589095375778963,0.30568999906571614,0.30650634997783405,0.30718132840641854,0.3056585227452024,0.3068171340121352,0.30485561398693223,0.3059844504838445,0.30548246643143295,0.3107203708588725,0.30584995934310233,0.3057314176010987,0.30589809336004326,0.3060561810491825,0.305588845093952,0.3058045607209759,0.30348458672809253,0.30552245609313927,0.30684207697379196,0.30629383903314933,0.30600966334252183,0.3061880496650154,0.3061534923928688,0.3062953414940716,0.3044873429653552,0.30583701934253393,0.3098545057297013,0.3059503782392026,0.30521090675585927,0.30723592067824324,0.3054894307118429,0.30579421911352256,0.3058294933286098,0.3062627799929311,0.30641490172062,0.30589715740292717,0.3069870238538878,0.3059830294558105,0.30660368417872697,0.3058188629218612,0.3073817472127785,0.3056040577146923,0.3070613817871114,0.3054308654879111,0.3037139191845913,0.3066964688882757,0.3060049620788887,0.30595145252594613,0.3059182196811827,0.30521179764487993,0.3061364647844759,0.3052445829231831,0.30631470996571875,0.30557664225625175,0.306907988107882,0.3057184118890211,0.3072719789408413,0.3059235107909617,0.305707924755967,0.3034505758014199,0.3061639826678093,0.30595092097783577,0.30677441841157427,0.305811600525053,0.3052821704837725,0.3046631637840717,0.30571544624604635,0.30596149613630397,0.3052768973846424,0.3058554782872285,0.30657199090616744,0.30557516312766564,0.3051283257939102,0.3061146890709147,0.3052646185421598,0.31674227052544224,0.3037545499805127,0.30667869704748,0.30579131362125794,0.30593257978159655,0.3059643172374144,0.3060377904774071,0.3052394083690084,0.3023039557809183,0.3066106422686452,0.30857088427490115,0.30601643106958304,0.3054003593151574,0.3059318108102833,0.3058832600301244,0.30575537147152043,0.3040523977056284,0.3061705514285989,0.3053041975825776,0.3059686694861792,0.30660791819266686,0.30538846527862296,0.3076834409395681,0.30642876160213905,0.3040052124876319,0.3057300058415032,0.3012442501219838,0.3058665047454598,0.3045989827059251,0.30540491740192766,0.3055866277967567,0.30666875360423296,0.3056238044530509,0.30600919175354974,0.30664464949054393,0.30322158487616896,0.30609277790482725,0.306296415424987,0.3059966647439284,0.30487768837354945,0.30581640049064984,0.3116000690890448,0.30565770279749954,0.3083159884144409,0.30576751835556226,0.30643078832901394,0.30596525064767705,0.30511502030185833,0.30570666112325684,0.305929796658377,0.30581285204215775,0.3058727886084973,0.30634930216457373,0.30604001443844986,0.3091693543164194,0.3054532079452879,0.30752146267485,0.30766871209431873,0.306085575799937,0.30512052870823675,0.3138257090321313,0.309198566433996,0.3056638362896406,0.3075504925804475,0.30715780341341303,0.30601312553220333,0.3052411961211211,0.3071023270911719,0.30740569736928536,0.3068846811401248,0.30565875497414907,0.3045405355015241,0.30612936394421525,0.3056302747469527,0.30598021610166415,0.3081414963328251,0.3060677738499501,0.3027534495908568,0.30582922193736395,0.30510400863190945,0.305319989981254,0.30482929150820937,0.3057946927045412,0.30688571339270676,0.3056264388690561,0.30689654605215005,0.30727106848731456,0.3043089200331412,0.3060279566218367,0.3062993393484425,0.3066521619842399,0.30590736391404855,0.30435235036080166,0.3061909932877367,0.305895625563774,0.30492034217490305,0.3059821764027585,0.3069400660007257,0.3170823432110425,0.3055411184231824,0.3055935737409093,0.3065981412036148,0.30483341591547863,0.3059360999606128,0.30593229446792963,0.30271785013200553,0.3050915999836442,0.3076265675650827,0.3063378863628815,0.30589741588795916,0.3083687855712767,0.3052764051560285,0.3060655545631147,0.30589229865993267,0.30658874961732147,0.3055046556381572,0.3060082840117531,0.30606940350308776,0.30562112626899995,0.30603981191746366,0.30566638075735725,0.30640208167379496,0.3062535471218792,0.30526174335796347,0.3060547063692273,0.305070799529935,0.3059681559655652,0.3062551627482884,0.305858717555355,0.3058266893211939,0.30546823789358657,0.3059261093911668,0.3059076401981457,0.30347936659746433,0.3115689450539984,0.3187681923254376,0.30592668188840305,0.30592349745785585,0.3059538262867042,0.3059032668034846,0.3055769155885273,0.3077887788031467,0.30809134518182507,0.3046497809785529,0.30577314322230503,0.30570745669070865,0.30538657305799516,0.30667786084998183,0.30599788988800186,0.306186979909074,0.3059550888473488,0.30616534598842654,0.3018272922439164,0.30161445439683354,0.3087246267123452,0.30554473113493036,0.30478323913725963,0.306467146995943,0.30667855826357854,0.30511794284190996,0.306182165651376,0.30685782603817546,0.30436754134670424,0.3058589630962843,0.3070576633566395,0.3062005918766123,0.30800580168718505,0.30563186226353506,0.3025486660627126,0.3064512043907857,0.3069408645450269,0.3046004229080729,0.3065777769611734,0.30515204718029343,0.3060552294966775,0.30571500067135343,0.29881179194876406,0.3057964486899066,0.3068990911765172,0.30531265713215067,0.3070884577929133,0.30675678115935473,0.3073989825767649,0.3052916414494937,0.30510340645556955,0.30553171233420795,0.30564523716162006,0.30418204156644746,0.303103224366176,0.3077877163590176,0.3053806270660023,0.3062382130712801,0.30679606190832626,0.3059485154717204,0.3070719319222601,0.306409881308708,0.30618668138710586,0.30742154396600024,0.30551808571601363,0.30557535509147743,0.3047111898056721,0.30552523698538064,0.30679799343822134,0.30583694134275596,0.30600600782175946,0.30681651866514986,0.30910757043912135,0.3062363381130175,0.3082897013652553,0.30422416234556815,0.30497524047530455,0.30474852938288866,0.3065914488947144,0.30593796161717585,0.30597323235531615,0.3090270760785937,0.30602943036237995,0.3056221967176262,0.30570900409804336,0.30506315887598806,0.30522194315683676,0.3079815286290104,0.3047033191933262,0.305813330532322,0.3074005303980367,0.30343239275161044,0.30698784881545343,0.305929441376922,0.3083902318715713,0.30569844328166507,0.30569585036488856,0.3068929334199157,0.3052411442815867,0.3061058851454734,0.2940057731925794,0.3056589380547938,0.30565147334979287,0.3069643642252121,0.30862261857664175,0.3059517844303741,0.30573416992232355,0.3053629951867874,0.30505514181973403,0.30721177826690615,0.31488944274775754,0.29970439191112375,0.3081301988039607,0.3079338019547138,0.3001895670055463,0.30530236673990496,0.3054534826067577,0.30401576634021354,0.30602754863301757,0.3059334251725443,0.3052623498068332,0.3066792949306094,0.3028814061750738,0.30598523948060385,0.30508486664167905,0.30493605607977,0.3055832676308367,0.30590842667039586,0.30459222463477004,0.30587424111082523,0.305245713711298,0.303094551671469,0.30607801539394147,0.3056254268346894,0.30572998371797055,0.3059821535955799,0.3060698480932357,0.3066987236809638,0.30565964657652156,0.3057000620793533,0.3054769518392234,0.3059646216486388,0.3076081592519036,0.3062678747780509,0.30454616675125695,0.30592058417109896,0.3059961424591097,0.3063617938024059,0.30577560670218423,0.306459624440418,0.3061959059810923,0.3057133881670497,0.3074106237140833,0.3052392848972741,0.3053159848385984,0.30586664678167935,0.30576548347416893,0.3060633345196346,0.30575897213002146,0.30200664973462854,0.3060603917248541,0.30604802670054243,0.3065289663394536,0.3070150469998641,0.30654588925514553,0.30793040991987963,0.30533696377043024,0.3082361239634323,0.30535252853289724,0.304442280606267,0.3041907373746388,0.3074947525445553,0.30523597245459533,0.3062406363847836,0.3058151098807781,0.3050853712474316,0.30505528546693766,0.3060710917665189,0.3050875115544159,0.30557204484051387,0.30547176946960214,0.30591572946031304,0.30638929435194284,0.3054833401153581,0.3046696737702061,0.30508450736498727,0.3079563421677666,0.30762182988847797,0.306061422751685,0.3032915605287637,0.3059012011328021,0.3056075230699908,0.30493326268624515,0.30595481145849096,0.3055742558407727,0.3061364601235833,0.3054542364576151,0.3099659791473844,0.3046883900853745,0.3049577461745253,0.3052095170218408,0.3057650158405256,0.3058044092466632,0.3060148528558111,0.30548409297170703,0.3049749305420541,0.30625456345848723,0.30414440127763515,0.30597751090169567,0.3052938590377254,0.3024861354649217,0.3059602809855024,0.3058909508888097,0.3067568948597751,0.30605705965733637,0.3059201071963198,0.3060454420734558,0.3029125511654178,0.305602774327525,0.3045266764300847,0.3102946197815539,0.3060849872821607,0.3058545849390755,0.30657756107015377,0.3072602991581911,0.30512506984058335,0.3075941784071214,0.30616518638138446,0.30522926313501697,0.30640136609900087,0.30622092149243746,0.30413495683947966,0.305213852803222,0.3057463138918795,0.30590992206668943,0.30572968964707337,0.3059508655982686,0.30576492450250925,0.30709768946607513,0.30577919581996965,0.30889123512373773,0.30553029427942396,0.3078518128213072,0.30597946741270654,0.3052561350392684,0.3057686434315905,0.3058677929458961,0.3058198049895984,0.30685556603452685,0.3059005226843186,0.28816532125727484,0.3059961976875372,0.30844224408107035,0.30623609877126295,0.3052078916358679,0.30887351979708083,0.30613270067393455,0.3046515535134597,0.30542353745947903,0.3006716890716852,0.30578693290412956,0.3097545703541786,0.31460394598752334,0.3056130601340749,0.3081020817067949,0.305910994654787,0.30546847762209306,0.30553012483316827,0.3067161907862335,0.3052268701015345,0.30535639816691007,0.30596221109687355,0.3042581009442732,0.3059596803117932,0.3063070281308823,0.30746249265692027,0.3059294577318114,0.30609014589315714,0.3081603317821827,0.30579383264095683,0.306139748021623,0.3059326581519588,0.3067946471016913,0.30586009744805326,0.3067017596881976,0.30170764498564145,0.30637046946401,0.3059516443256014,0.30350729302758583,0.3055433172771145,0.30655155426068487,0.3060989880550294,0.3065114919725558,0.30435936711726874,0.30486978957939764,0.3076414407142451,0.3054419050103112,0.3010211712140749,0.3057617714314337,0.30391632959306747,0.30592657859587724,0.3088458008565853,0.30562328118159793,0.30636769160105687,0.3057947940443949,0.30242235382656296,0.30626002928300367,0.3091693681219887,0.30463200201816326,0.3061871277126763,0.3032618847396805,0.3050277723001742,0.30461496343096867,0.3060481179054465,0.306719919728397,0.3060488362288384,0.30576054394273716,0.3059478080756466,0.3061078418139639,0.31734362302899927,0.3036803704511819,0.30599438670100515,0.3058959389526335
social_perceptiveness,0.09474148930111537,0.09578797214974122,0.0943529423161158,0.09540761278457967,0.09512549008486769,0.09466832560451781,0.09508357942036853,0.09723861668537369,0.09511669833191513,0.09613306841221257,0.09241279891213959,0.09579786622377173,0.09494541275096251,0.09477798927652498,0.09491873099550857,0.09506362034197104,0.09485066540317062,0.09356414309576745,0.09460983037420916,0.0941633342569885,0.0946239357235259,0.09510446135688742,0.09529704254970886,0.09553622238979749,0.09492486251490824,0.09525136664809827,0.09488732789710103,0.09400934816233994,0.09445465570398516,0.09566342608374089,0.09642379170875032,0.09564728057956977,0.09652525077945276,0.09639930937177889,0.09455405454258715,0.09501802379551019,0.09511573984061245,0.09526597189633289,0.09471103726179331,0.09497187248922251,0.09441413973837774,0.09512720181007918,0.095298079284849,0.09389794637953057,0.09549472064299526,0.09591790949229886,0.09503701368745035,0.09485139611589075,0.0948709852001291,0.09511125611239936,0.09433007249884978,0.09558075600811565,0.09481777444493132,0.0937236477039291,0.09530838109783231,0.09433469945048205,0.0951721540797204,0.0961066631322299,0.09456460406509827,0.09493819535909868,0.09427981189388376,0.0959781323421727,0.09417248512019089,0.09526590075010662,0.09524106199995334,0.09500864955670604,0.0969983381863075,0.0955405874988092,0.09485195463081662,0.09511194068521596,0.09433270789997418,0.0953081969571894,0.09515079080279155,0.09406944238840438,0.09560025390273663,0.09439642061508798,0.09417214697167141,0.09486838222698014,0.09515592186644098,0.09485050122216307,0.09511586248951709,0.09590781431483085,0.09370047614363868,0.09630581184589805,0.09624336820402046,0.09458730187337411,0.09424598035283889,0.09509135075393785,0.0950066276895552,0.09574675679455225,0.09671112318287717,0.09285834401360865,0.09584850236094156,0.09449753073677913,0.09634588916548001,0.09672825749778725,0.0950550866550093,0.09477091586085129,0.095118804023613,0.09487501938048724,0.0950445994754235,0.09511969109559415,0.0947300016587032,0.09391826343387437,0.09526451431042054,0.09406315298385853,0.09521476026244778,0.09509482043116853,0.09439126028296768,0.09607760926725092,0.09513619457087387,0.0947315718408807,0.09456764340464315,0.09588610068151988,0.09503382966068047,0.0953115149235673,0.09521619873957086,0.09511843674849378,0.09544768415488651,0.09534934784727231,0.09437635897604188,0.0951508184033105,0.09681552977358696,0.09540989229002812,0.09644531522820916,0.09512028935260634,0.09489963909543095,0.09579509628741645,0.09525088386740097,0.09498489530446905,0.09606401512445478,0.096209068149205,0.0943149492443355,0.09534321420715981,0.09359567538930069,0.09455431945119035,0.09528014206209821,0.09478563519621534,0.09442934133522324,0.0964617437985356,0.09530686808028399,0.09630498231113115,0.09526903033460385,0.09443874493557035,0.09529754478905368,0.09603163807510844,0.0950880543534118,0.0952038005701361,0.09510682030480558,0.0949497031847744,0.09531128325044633,0.09587407925597653,0.09541435512611433,0.09477757817259669,0.09455953781618424,0.09623088110559085,0.09596560585285685,0.09596181531504885,0.09496383850596744,0.09540858311563927,0.09541700637788021,0.09367525139612753,0.09471407041838029,0.09572436668942062,0.09630408786241881,0.09517265874811118,0.09483948572077558,0.09493034775145717,0.09442557104156418,0.09470567047563248,0.09529949700872654,0.09589123002653345,0.09243688968509144,0.0948411513757985,0.09576569355704141,0.09580049083840365,0.0949817741894767,0.09429691177231109,0.09508657883806643,0.09492859482301719,0.0956521803814739,0.09563983421196538,0.09538264617652956,0.09667811826753611,0.0949603090743586,0.09382624208726394,0.0939499136080377,0.09443042505586399,0.0955270742710502,0.09523405788923701,0.09608595316040598,0.0949174172512541,0.09525163889898604,0.09559312863959071,0.09540842083234793,0.09580948623405666,0.09343962196335301,0.0951185135602999,0.09634200247899533,0.0956717794668555,0.09527916200122359,0.09277253491680541,0.09518667741806978,0.09345984502650136,0.09499551804354112,0.09489761153782485,0.09554431945751701,0.09690010419234199,0.09623732890574645,0.09441683837250014,0.09275297842613192,0.09546365253593468,0.0945616965924164,0.09527229120721145,0.09855145469038266,0.09559348429968197,0.09650061549825772,0.09434203802257507,0.09440160358916186,0.09261286471923438,0.09499097863819339,0.09488813958586952,0.09412997356180319,0.09449594675202921,0.09732799834332727,0.09630112190020879,0.09544262323343225,0.09519129342839865,0.0949721586332221,0.09564280093179522,0.09594051747686373,0.09498122391427656,0.09569040745918644,0.09406002140397737,0.09513229466293645,0.09526716066676151,0.09746145891150347,0.09716425304755681,0.09505455336592909,0.094481494017304,0.09526386058647508,0.09589984760507306,0.09455902499567283,0.0955965302606046,0.09529245462739754,0.09392088049807677,0.09378365039851976,0.09491996990562142,0.09557999579289395,0.09506418749437269,0.09436516125056553,0.09400874670018049,0.09500757483484895,0.09488013600931292,0.09522949746709487,0.09568368739126631,0.09545540011306543,0.09462512040626289,0.09533366335152227,0.0951608248771567,0.09409160730399829,0.09499099812778257,0.09498544728115611,0.09489712339159122,0.09499960782657785,0.09516443765943201,0.09469563158770827,0.09491829193239261,0.09480216056265367,0.09558590915439635,0.09441698527788481,0.09534870935021984,0.09473238098297818,0.09464675245725325,0.0960892582540995,0.09476843838507587,0.09718053228504533,0.09496913971256386,0.0952827052607004,0.09497289946269688,0.09571480066254347,0.09454593729058382,0.09577777324858334,0.09491334472345005,0.09530703204161427,0.09324264171988189,0.09490792778270735,0.09502888065972022,0.0954784612994291,0.09503286639587497,0.09444019200383334,0.09498783721483267,0.09579237688666273,0.0945802678527349,0.09558196488374557,0.09442448858374855,0.09715959713419973,0.09267454318605273,0.09499707421263964,0.09505559200835453,0.09512608289518344,0.09640132326084185,0.09460648244696337,0.09478646968113846,0.09484859339511129,0.09571128525663396,0.09453477036069409,0.09520197980406106,0.09544699718884796,0.09501361783541959,0.09448542762815595,0.09643660000264594,0.09552072374847913,0.0934066657211564,0.09457762239343505,0.09508334066027463,0.09554086043052075,0.09473597799947059,0.09479628600775669,0.09541693845710246,0.09604540656222363,0.09512184286900571,0.09469773763600078,0.09470825866965829,0.0943795956871149,0.09515535283681749,0.09637441910363052,0.09235073545768878,0.09575716426788972,0.0959366319546081,0.09514505464315091,0.09504596626236761,0.09525278735672267,0.09491265907206332,0.0964570783492192,0.0960304244361162,0.09434827531673262,0.09735896652421161,0.09463637459892311,0.0951742263663431,0.09497956377623218,0.09467520894539169,0.09471567842106211,0.09597244988448693,0.09368448544336101,0.09464062184919626,0.09501548432649395,0.09586427976628793,0.09488252286156702,0.09673043226368837,0.09566210590852997,0.09612715220259584,0.09498480329667795,0.09419426572046694,0.0951567263810741,0.09453970327153696,0.09621849012974389,0.09483506197079496,0.09391923818819282,0.09488287031314149,0.09469021535845115,0.0947388652149694,0.09450369031725156,0.095933875875053,0.0947657555703579,0.09499230721844795,0.0940310328433279,0.09481325747992239,0.09629556102160232,0.095389293775157,0.09297781099194136,0.09494799872114117,0.09554286200746004,0.09543751961227251,0.09481897878537214,0.09495856057246707,0.09520634816110177,0.09510320350430627,0.09574032885170133,0.095402450702455,0.09529843688794705,0.09562456799336369,0.09446923002796795,0.09234743426909646,0.09412573636177142,0.09471911106721106,0.09417194935152043,0.09450158043602662,0.09364216247475066,0.09521163167625989,0.09423289004333053,0.09597601529335043,0.0952020649074117,0.09553134403897752,0.09554816450760242,0.09443758493803799,0.09527130350980619,0.09536224121089434,0.0960109117626843,0.09587588001415678,0.09544329665656114,0.0946081406949057,0.09559549441440876,0.09487236475517266,0.09650867416460598,0.09512068406687957,0.09553422740179301,0.09531773889389074,0.09632529355856526,0.09500418606909257,0.0938259921214929,0.0952515477651422,0.09540432788262952,0.09641452448363871,0.09566523681045026,0.09512647639951437,0.09452872438750456,0.0954274025642807,0.09484309179917193,0.09448243915015751,0.09590422213629017,0.09485826258292063,0.09678381438563918,0.09501534319112523,0.09436994564735716,0.09212881224231628,0.09497475632549333,0.09567259636050801,0.09451485493756734,0.09454560371209003,0.09473878863274884,0.0951264563194715,0.09746965212258349,0.09461073116524449,0.0938385867894557,0.09546864357454142,0.09468107029814583,0.09595719826547487,0.09437625200440358,0.09593142360733645,0.09478333664324956,0.09479457696411575,0.0956198210083745,0.09501840274007742,0.09515149635745634,0.09483693035097526,0.09564621012318039,0.09565033698168961,0.09552407466185377,0.09614558857790534,0.09535290087600545,0.09483858349426119,0.09542595171050382,0.09467889578425855,0.09458268760666505,0.0952810112529821,0.09511529531116261,0.0954678663280954,0.0945089825323955,0.09489100319714977,0.09320302141707545,0.09536897512366266,0.09421076691855726,0.09517441344997789,0.09568650403678877,0.09474475750478693,0.0949782438588785,0.09525037948972749,0.09554900277603448,0.08964937889412239,0.09541780283654216,0.09485842059197712,0.09515178815450769,0.09520501377935349,0.09633693224218552,0.09539787818242011,0.09536225915387753,0.09507525684144881,0.09592481775921542,0.09670876372616256,0.09716626401604829,0.09531342034105832,0.0945150748010975,0.0943840952150407,0.09561472976459187,0.09518969151818048,0.09613284349604512,0.09448006568779425,0.09432371422782251,0.09518375876537073,0.09509369771041515,0.09472255782068335,0.09516718231973754,0.09542350488727731,0.09476589233062992,0.09587920778959369,0.09554341443615368,0.09405787714805436,0.09640746790241247,0.09518676625629148,0.09523158731863605,0.09520984504562088,0.09482599553479716,0.0939110932832371,0.09526714516089495,0.09509029576536887,0.09684751711882396,0.09369462031640191,0.09462213253202638,0.09531806244371917,0.0955795916055299,0.09559419810084095,0.09568130590461713,0.09500158227111323,0.09580087506390744,0.09670097072552095,0.09556286209251569,0.09567663034183856,0.09462899675422808,0.09442014852052272,0.09506181454435375,0.09449417999080688,0.09506739674078775,0.09488289146090417,0.09117933830737926,0.09604953572319457,0.09642243744564362,0.09567254425716547,0.09831459191133726,0.09529001489743516,0.09501762528693937,0.09565368765254555,0.09580391703069314,0.09361183041763838,0.09516009785018063,0.09475557270510565,0.0952163730699389,0.09535105429775641,0.09546652111706871,0.09543611744211451,0.09504116810793742,0.0949547070649394,0.09614291592325636,0.0954698864380603,0.09599412763302827,0.09519128747112204,0.09528935849909634,0.09459787974137511,0.09546597348840331,0.0958194166401412,0.09532565309361911,0.09460368665452071,0.09550423724626739,0.09531517837811138,0.0950858684859473,0.09605154321693841,0.09521905090818389,0.09512772557057492,0.09470571510846708,0.09525544294316612,0.09608169549579497,0.09327115031373676,0.09493370939933407,0.09507264010167023,0.095850700100907,0.09564442858590672,0.09480281203798,0.0952914637798532,0.09613122965740896,0.09410199681828331,0.0953496464369582,0.09267362065509208,0.09337360263186958,0.09597213497342016,0.09376587763865736,0.09927763504161832,0.0952051431585472,0.09478576964180911,0.09473746459155583,0.09487695950507878,0.0961066286323687,0.09579274119350513,0.09396534723000445,0.09238924046008753,0.0946096920765931,0.0956995256417398,0.09471020214675462,0.09517077665349688,0.09519753400671693,0.09595843072977872,0.09499782857209346,0.09483669546561901,0.09599888847172648,0.09518468226477517,0.09517402418265998,0.09484602823887171,0.09508912014591392,0.09625634309640907,0.09401948581192622,0.09418741738115512,0.0950692129175737,0.09545095939634743,0.09529335358690047,0.0893833223756568,0.09509862123805761,0.09441218045676084,0.0950691154304258,0.09503594381680003,0.09425115865582463,0.09485479021890365,0.09432482362305475,0.09469754613064123,0.0949060796905543,0.09569120361713773,0.09529787568905566,0.09480051615852567,0.09482371103543101,0.09484121386847681,0.09162759138893102,0.09556382739800422,0.0967298775098816,0.09522212368569775,0.09365204679147421,0.09529116405377831,0.09595709813058258,0.0934638217507864,0.09489388976334302,0.09455607070305129,0.093304908537251,0.09593655906799103,0.0943303662137595,0.09542624355525722,0.09393090672161811,0.09417029895743377,0.09536167885274002,0.09497103983513826,0.09477117420014379,0.0944832604449099,0.09297934156097526,0.09557727245521574,0.09529424901583604,0.09481964615534676,0.09510440236814542,0.09489729188831271,0.09468077363653811,0.09533296202780511,0.09480783293257002,0.09399442624853667,0.09509213299715584,0.0948859583801436,0.09399869151104646,0.09502736560231947,0.09498224519632129,0.09583372848224016,0.09506171441559289,0.09482850390835962,0.09512383479770273,0.09526908241915807,0.09641387441538599,0.09389265277344332,0.09553338925355075,0.09529352522459474,0.09461236231149728,0.09543864984192373,0.09510459234233044,0.09519891808298102,0.09395142795416063,0.09438644349933283,0.09463138354485864,0.09499127417358985,0.09553630367280369,0.09647444944312956,0.0949699064865652,0.0948950348284208,0.09551791848020465,0.09470663768820642,0.09441591388019113,0.09509468559246527,0.09774396870060681,0.09598555499121592,0.0956227406847829,0.09222435377787352,0.09481634192257882,0.09482180044868363,0.0953105056492702,0.09293926024116661,0.09575995982065356,0.09401921940161162,0.09491554758307566,0.09526251596265295,0.09406599524339056,0.09484273237093377,0.09446074834454753,0.09647256704232594,0.09492467039585682,0.09517234041568014,0.09510432937784875,0.09483088819049783,0.09477724533418058,0.09545015982119752,0.0948512772233809,0.09502841879988277,0.09527541927838588,0.09390299894948334,0.09509158637995827,0.0952947418423646,0.09494762824992453,0.09587591168499447,0.09543963958717773,0.09421321753221959,0.09439017093223402,0.07321199570873793,0.09508895997044785,0.09639780636854527,0.09503608206717637,0.09545646186449218,0.09560165091450898,0.0941598569329328,0.0955202476733492,0.09457818361855515,0.0944011885573856,0.09475926525867358,0.09646929833247064,0.09288159971022929,0.09557111798698226,0.09338529786627885,0.0935230452181656,0.09486871359308055,0.09602953838476726,0.09429349837875332,0.09545485653208614,0.09467353350043763,0.0956771206967219,0.09581226016116573,0.09506578760192465,0.09530641708317009,0.09421157412069797,0.09509815770660071,0.09468571356374351,0.09399088982276176,0.09491076392757629,0.09516789031360687,0.09508387750843944,0.09817540328884879,0.09495431502433739,0.09549656624255813,0.09768789593871625,0.09552051710922672,0.09547198892319567,0.09599712185805274,0.09402794922334662,0.09536058077044846,0.09535353669870841,0.09482874695304647,0.09584784430260225,0.09655169499863762,0.09565194309624671,0.09527521913671837,0.09539358767268422,0.09544818765270041,0.09457518479756875,0.09482301490369802,0.09570340580336698,0.09634399980929169,0.09476648252099971,0.0956055383608513,0.0944155273014154,0.09520180848097139,0.09629849419724452,0.09470519781231215,0.09556805576936185,0.09457290980822197,0.09564250617713825,0.0935538738874121,0.09494064467164251,0.09350152395633118,0.09528047786700027,0.09544263558401277,0.09505060603425364,0.09421483776137073,0.0922944366651378,0.09694672488473545,0.09465129446027153,0.09462588597329054
cogStyleDiversity,-0.025712285863238392,-0.02721226212884251,-0.025587484799667035,-0.026360410143508536,-0.026492245217589985,-0.025811327497426418,-0.026091573884746817,-0.02503076904505898,-0.026275905825013587,-0.026245781228119096,-0.02472005748367531,-0.02747783321547439,-0.02599818382594065,-0.026068037712466182,-0.026392371137128934,-0.02634939021383355,-0.025815992963536236,-0.024090136670323687,-0.027480686084669647,-0.025768845547189726,-0.0263911187797998,-0.0249514854678009,-0.02696500562138887,-0.027101980918213937,-0.026362754938771535,-0.026163099981384903,-0.02674788125404236,-0.025329869600595165,-0.026420996476863818,-0.027027052153057445,-0.026297180564017385,-0.026490085608754082,-0.027919962707356943,-0.026232091299524616,-0.024349446363606267,-0.02638846532564185,-0.026418469449762894,-0.026541021137813103,-0.02636306359511662,-0.026403190931057592,-0.026489949459504385,-0.02630199088805749,-0.02614530721432301,-0.027853445180145937,-0.027386863286895987,-0.026371887561108327,-0.02637792521942163,-0.02627171146050884,-0.02678465710975007,-0.02642875511138481,-0.02646827806037992,-0.02515239432941157,-0.026401178218209524,-0.02511465941362379,-0.026361339390203766,-0.026487131219136654,-0.02660427557109477,-0.026200097138643973,-0.02683986802583981,-0.026523138813088473,-0.025073489655891887,-0.025469404145301442,-0.02653178565126653,-0.026544451891114384,-0.026389857343832576,-0.026395849656473565,-0.02776665495654323,-0.025944474460375375,-0.026397492019938653,-0.026375231797334323,-0.02591594798369433,-0.02634584450768621,-0.026397029182929355,-0.026363166911770455,-0.02593108186116014,-0.025308811933983582,-0.026407408900315506,-0.026633530970542604,-0.02569700584580951,-0.026054943303253832,-0.026474734659951985,-0.025131030395827716,-0.023342959067627952,-0.02618710956948577,-0.025241290374549877,-0.026442088469312137,-0.026469238869331,-0.026498962248450206,-0.026307154719056928,-0.026418033236822482,-0.02631225963496678,-0.026059218436641256,-0.02567300792726898,-0.025429289886272553,-0.0263719856113123,-0.025640855904829393,-0.026215641691740746,-0.025926281494513516,-0.026283884202936314,-0.026188855276098787,-0.026318554373681677,-0.02660175409311078,-0.02667010665712487,-0.02639097718519484,-0.0263296949252061,-0.026367178959415014,-0.02640876740033423,-0.026490260452004054,-0.027006537296009502,-0.025413768346166578,-0.02637244046831513,-0.025776524784388247,-0.026766437460557093,-0.02531801533990409,-0.02648803908719448,-0.026401649623364592,-0.02497457180044523,-0.02638043196611444,-0.02582578320640655,-0.025779458581806934,-0.027614797091490107,-0.02568015033948292,-0.026269858466229676,-0.027123272935643556,-0.025790212706962017,-0.02629359299384336,-0.02614724004432025,-0.02685194779557046,-0.026531282790454764,-0.026378314606964406,-0.023137816536445564,-0.02630377816846468,-0.02823054982933847,-0.02685637473117651,-0.026173723660059323,-0.026359414272866307,-0.026414634523946913,-0.026410028119881482,-0.02649247799725143,-0.028077071820095827,-0.02640343300161817,-0.025310091797251806,-0.02635919041105347,-0.03515529837942452,-0.026394263076762448,-0.026274965409614975,-0.026416725351909358,-0.027083322252133137,-0.02658689871362933,-0.026579426849230862,-0.026293323378382024,-0.025837818769304098,-0.027352802469258024,-0.0267647568621655,-0.02636982384258132,-0.026182113114027305,-0.026421884639382866,-0.02704424177581418,-0.026392703829667345,-0.025482008002363762,-0.026419196684947893,-0.027671032369532906,-0.025867535793853928,-0.02632331855539097,-0.027210542517853847,-0.026260711530192406,-0.026206620531486455,-0.02614115459538162,-0.027067368953374745,-0.02640006691667484,-0.026722303291598182,-0.02643993419372769,-0.023671323315121305,-0.024431056364609606,-0.026382861297667478,-0.025497436880823163,-0.026502398878590225,-0.026444465834952854,-0.02644743908904292,-0.026396909759410357,-0.026331424905077113,-0.026330287192383447,-0.02695542101681108,-0.026465983682422548,-0.026312928797423786,-0.026480335180394603,-0.027877338285451064,-0.02636612134234047,-0.027145815336816034,-0.026653531008506218,-0.02628019495352592,-0.025718024348287523,-0.027049551321576677,-0.02578478303436818,-0.02644257940341782,-0.02627604397701482,-0.02650135105698885,-0.02637350206490473,-0.028002935344019497,-0.027310451944288893,-0.025126902083842943,-0.028652258009325245,-0.02636477874700298,-0.027911397090227608,-0.026284871281806666,-0.026390969884224232,-0.026559309833767444,-0.025130925482636006,-0.027253439132719753,-0.026439860937913517,-0.026360980753256692,-0.026431249249215152,-0.025818553076822997,-0.026363216855916624,-0.028467126041875127,-0.02630692062719666,-0.026455665587538906,-0.026493891787216565,-0.026371678402085694,-0.028009112202065076,-0.026546232164784588,-0.026407873069417984,-0.027501321594445027,-0.02706242996309559,-0.02542282905065059,-0.0262210393664152,-0.029735840925660305,-0.026372252364632545,-0.026501566624601198,-0.026388682472714677,-0.027391078071032315,-0.026477664835647705,-0.027504698798015585,-0.025580507655293263,-0.02690132682959123,-0.027026188258240737,-0.024167036336901593,-0.028653022114688096,-0.026384052560256055,-0.026452264010635645,-0.02633671312914247,-0.0266657639583316,-0.02683137512064769,-0.02643128066921767,-0.026376131536144928,-0.024556132072584336,-0.02432913072127116,-0.02624165881417561,-0.026437451020703027,-0.02666120295152442,-0.026435281408688498,-0.02532529753746047,-0.026301922860015595,-0.026416611408436003,-0.026338674279585417,-0.026311797412631028,-0.02682475351682525,-0.02631648680308258,-0.02646049958659166,-0.02622406879258163,-0.02436218041045112,-0.02616880474580826,-0.026261367565515975,-0.026411693221042913,-0.026389983456581813,-0.026244863421429742,-0.026768642225260396,-0.026546885297017597,-0.028421780682324704,-0.026393447193811845,-0.025132506393258577,-0.025954409942327554,-0.026401984854447107,-0.026801995356773828,-0.027525621580519466,-0.026652573995236996,-0.026398856197845426,-0.026399873191581644,-0.028111727438686764,-0.02639173568805361,-0.026840991282846983,-0.026310672059551753,-0.026401135530360068,-0.026394566074057182,-0.02638546797924938,-0.02479963753500774,-0.02610365503273415,-0.026494179741175537,-0.026702726230495265,-0.026361495071315164,-0.025883716899445665,-0.026397780533898196,-0.026300123438383134,-0.02642765481595219,-0.026301334093588247,-0.027748510990117298,-0.027822580399175758,-0.026375551707074715,-0.02633940563768228,-0.026385885825253676,-0.02631825251489555,-0.026347869178873766,-0.026037080125656233,-0.025917705223214252,-0.026615387748139964,-0.026392247557663968,-0.025748366349937338,-0.02640966048754963,-0.024366303563791394,-0.026300024773281985,-0.02643381216444277,-0.0252281466423815,-0.026740151322845754,-0.025320736550192083,-0.026965738888355052,-0.026479507216659773,-0.026407316695464342,-0.025743327195166987,-0.02641901637931359,-0.02593172044257392,-0.025007325862588255,-0.02630099254090269,-0.02584245435116481,-0.02579659834820447,-0.025977019734067967,-0.02637302114349776,-0.026338777496715954,-0.02784058278833955,-0.027422562546387426,-0.02628051400373752,-0.02620808972710693,-0.02636785241028784,-0.02638742312674012,-0.026394436775771423,-0.02638256658079195,-0.026505379532236816,-0.025937055740254473,-0.02605878207305363,-0.026827386175253327,-0.026162981682725916,-0.02644519261294746,-0.026840661552661363,-0.025637340732775436,-0.026477914098293687,-0.02800752247927697,-0.02594804372258673,-0.026387046889205023,-0.026291610389154587,-0.026411606654264126,-0.026291415219612157,-0.025999653659241635,-0.025462618101248384,-0.02653975573434393,-0.025094864602665586,-0.026391553160065296,-0.02745575474885065,-0.024967198935319665,-0.027081795094524012,-0.026442379194025967,-0.0264266504518799,-0.026400062223049737,-0.0266659840106813,-0.025041901103441594,-0.025520600550726177,-0.026688385465257335,-0.02642747763928173,-0.026424702220058948,-0.02520028992640371,-0.0271550890306703,-0.026927610093576453,-0.026276924820069488,-0.026268698445574352,-0.026364378393859224,-0.026811821606259775,-0.027589210852847355,-0.026411895114191196,-0.02543805512101773,-0.02639355710172834,-0.02572681777289626,-0.026735889606388945,-0.026365776370798694,-0.027736485627810194,-0.026451570664521338,-0.026344553147731365,-0.027167687231183204,-0.02581129625941309,-0.026476757296811863,-0.023435598527266503,-0.026173706941068055,-0.026039856904556583,-0.025369125306393844,-0.027117076527487738,-0.025939890722217713,-0.026414455832073202,-0.026263026400248954,-0.026326198824385114,-0.025080737197662573,-0.026637327804392843,-0.02750899447956592,-0.025645042111234376,-0.026126767715517762,-0.026861821007838602,-0.028320545701678832,-0.02638084971160774,-0.024991427115207347,-0.026391748356311768,-0.027001036157771368,-0.026846879595493194,-0.028218674331564764,-0.02626307710192886,-0.026424468935982007,-0.026420236642028617,-0.025675185468135776,-0.026345318241773247,-0.0280167425700852,-0.026308804291759125,-0.026020118739626254,-0.026315438677494876,-0.026568957616058597,-0.027464395326959882,-0.026394017887527644,-0.025495122267183173,-0.02636212073680706,-0.026328790822679405,-0.024897193914341056,-0.02783483404119852,-0.026405887914141123,-0.025638952825498787,-0.02638430957697995,-0.027322487565175562,-0.02638319526040583,-0.02630151835712566,-0.025288182899884996,-0.026442108144863977,-0.026404530872814427,-0.026336060060873,-0.0267172855467544,-0.025106977322371053,-0.02648167223305646,-0.02551507489633518,-0.026370076224520523,-0.02592823634778657,-0.026037672227857512,-0.026540266240320378,-0.026461898477552877,-0.02661901947720413,-0.02639932935315586,-0.027441043024204033,-0.027266298843151217,-0.025343885722571194,-0.027276924734149336,-0.02640408600609175,-0.025497748208958098,-0.02594346219738411,-0.026418059446473328,-0.02616163372727271,-0.026390893463196955,-0.026386521970403063,-0.02574923582574206,-0.026220073172578972,-0.026516662246265525,-0.028753911382668716,-0.021623051664516828,-0.02637617767627086,-0.02639735883262157,-0.026738563496776228,-0.026074683380234175,-0.026009697803485825,-0.024827736540161637,-0.02641124849843946,-0.026449884509262358,-0.026405770801946036,-0.026695558951730987,-0.026722208282464584,-0.026292831231877953,-0.024242784749053697,-0.026355721699825602,-0.026383563388269506,-0.027411269489936843,-0.024550625939178304,-0.02455488990733818,-0.024355342290402447,-0.026459769552907183,-0.026500101581631737,-0.026296800519572262,-0.026347051828078966,-0.026326816948315335,-0.026402661468688058,-0.027093233074129287,-0.026432576641754975,-0.026290633151235608,-0.025367967242534747,-0.026111730292213704,-0.02723279838642404,-0.026449030156150313,-0.02660941639003509,-0.026310282206335172,-0.027328581344135912,-0.025017617248134914,-0.02635752743794143,-0.02643409792058448,-0.02731822078748432,-0.02642112712281117,-0.02439335381304129,-0.026096800989143173,-0.025589353506426406,-0.026389763711217984,-0.027310930947934513,-0.027954391317203033,-0.02778896464996566,-0.026404938493157136,-0.027025179300327152,-0.02640499988512264,-0.026118432006066207,-0.02640862942046128,-0.028326602946044256,-0.02458720552075773,-0.025921042341068633,-0.02636855504216242,-0.027105141930576577,-0.02637639124723416,-0.02687080686543644,-0.026573545193207582,-0.02636992144785675,-0.02635835352476306,-0.02639851247540063,-0.025020756767823036,-0.02645151395922257,-0.026220756214453172,-0.025579138962629793,-0.026391816362075292,-0.026375815994173667,-0.026348988415007685,-0.02769644740486338,-0.026068528898251505,-0.024463500261138898,-0.027057120317449192,-0.026852191269003393,-0.026452131236388086,-0.026335791626687848,-0.026386765724311808,-0.026385831731991508,-0.025018643254355318,-0.02637766656087534,-0.027116996931329337,-0.026265685366975232,-0.02602051990512622,-0.02645018139096086,-0.02927058939599132,-0.02645334673205368,-0.026377701005013715,-0.025491814435900845,-0.02659270656500397,-0.027462271170794497,-0.02643207578052455,-0.02507437432245373,-0.02641276589359657,-0.026694853033725437,-0.025782959764411847,-0.02711111042095694,-0.027582551082304372,-0.036188578167205485,-0.026117802484782727,-0.02639405555698843,-0.026334467933490625,-0.026269293461202613,-0.026228186991937758,-0.026577525830627356,-0.025291596009593305,-0.02768389584079984,-0.025422198340340468,-0.027559583151211747,-0.026655111996339572,-0.027077563040385447,-0.027769210526659257,-0.02446016981785854,-0.026796164272095965,-0.026089024120563888,-0.02587031402051142,-0.026253023846237886,-0.02634089426316151,-0.027218921078129794,-0.024796039024856425,-0.02908782146329333,-0.026912122089116006,-0.024216057282828767,-0.025507960427522333,-0.026848687312276884,-0.026381216360444413,-0.02750110052555661,-0.02627422753782032,-0.02643636681457617,-0.028891810115626086,-0.026371931504005783,-0.026676620334596134,-0.02663815359971571,-0.02638279018093475,-0.024771964794551606,-0.025658762162089285,-0.025309427359732493,-0.026577426114226525,-0.025095202518307613,-0.02639856021264961,-0.026394054104383963,-0.02613306806084324,-0.0265139676048258,-0.02640099674287623,-0.02634261666472516,-0.027117418258403664,-0.026415720082635038,-0.026425859228740918,-0.026904925460589126,-0.026432678785459712,-0.025273452542684958,-0.02642847990185047,-0.025913900553528362,-0.02809323647786149,-0.026393226484220066,-0.02641723675137847,-0.02638301075728917,-0.024697204070253567,-0.02605634910349893,-0.026395352563119097,-0.025688888977705937,-0.026335902614220776,-0.026434645449264573,-0.02560954462254865,-0.026073214988754555,-0.0262709294752951,-0.026346626440441574,-0.026500562732856937,-0.02568503540107005,-0.02629521297557137,-0.026475540133560762,-0.026684351940208483,-0.026483114228253755,-0.027018947243164823,-0.025464781715597587,-0.024591653291961394,-0.025707801030662433,-0.02640692202700413,-0.026845443478884692,-0.026221320996762287,-0.026110086522484206,-0.026455604226915334,-0.027515507267383655,-0.02642097423598047,-0.025139421822056224,-0.02710118654030437,-0.026152465552787944,-0.024462158155145852,-0.026390697193265727,-0.025950965020005875,-0.027042902958566553,-0.026385270803227917,-0.026152455761752753,-0.026539877152830075,-0.02640622321139499,-0.026222523953940407,-0.027786810325457018,-0.02423494808717356,-0.02685429562548099,-0.026418969130606325,-0.02699026939795073,-0.0263802526112067,-0.026796810203693386,-0.02761411197292866,-0.02687229711022344,-0.026471422695999527,-0.026385071187354694,-0.02643715882770938,-0.024967968810284912,-0.02706374644950172,-0.02569384031636526,-0.026353570494174736,-0.026383491127190246,-0.026356828659950374,-0.02620215674379474,-0.024035888284142205,-0.02640114247221817,-0.02580229601975877,-0.026209046419284263,-0.02673456343444468,-0.026018362098418426,-0.02593231689325393,-0.029278929589797054,-0.0268845234489903,-0.02719746714942157,-0.02656070506956002,-0.027198183218128637,-0.026442694259354978,-0.02637088913318159,-0.027976861446161225,-0.02640332302893086,-0.02621568408321097,-0.027273575640286568,-0.026585451408903258,-0.026395917734767998,-0.027359597016766133,-0.025907831641291082,-0.02675854476067429,-0.02625115728966991,-0.026421307095895876,-0.025399144784368406,-0.02641359120403849,-0.026432635185305395,-0.026217739007051148,-0.027074728926554218,-0.02667671937186292,-0.027151660801559976,-0.026449878034261673,-0.041299888325514685,-0.02644653013192121,-0.02627640828238798,-0.02617148713784442,-0.026750304510275612,-0.027219295354748416,-0.0255933522235971,-0.0274867574966518,-0.0264461949935558,-0.03088521034279111,-0.02641512564659865,-0.02478420564391396,-0.026123318830667732,-0.026399500977950924,-0.026282476137363033,-0.02478675171546838,-0.026001901793704853,-0.02510039153397435,-0.024980030801546853,-0.026447018288413445,-0.026833833646031688,-0.026420775105118723,-0.02804897814515258,-0.02634911824963239,-0.026365791165055243,-0.025655153572774543,-0.02638471504627227,-0.026382408566453765,-0.02459439127117878,-0.026411177446960074,-0.026559775338157038,-0.02638537846868893,-0.02387223104133949,-0.026398549710734784,-0.02684160246284912,-0.02862084123642587,-0.025762998128635858,-0.026393154334238177,-0.0253496272520711,-0.02556554479042073,-0.02636054726770837,-0.026921551573914106,-0.025616669342110248,-0.0264276850077374,-0.02541429124094091,-0.025642387868514152,-0.02674402643783268,-0.02650725132914811,-0.026072957460629213,-0.025423713185615374,-0.026386287177386687,-0.027317834830620315,-0.026318769311057963,-0.026364392539052848,-0.02636222522614852,-0.02500243424770228,-0.0263625332722046,-0.02453248104753269,-0.026504273471749183,-0.027189880161119177,-0.026490530524977175,-0.02645732007077968,-0.02661075611651173,-0.026468882494153637,-0.026457555723445745,-0.02656065913722471,-0.02639001509301908,-0.026387958783891153,-0.026433744749592716,-0.02606180584557186,-0.02773450931854193,-0.026799397291557774,-0.025939776929014915
skill_diversity,0.1167582060991866,0.11657271485886378,0.1170526160295749,0.11672060995648374,0.1167034134547852,0.11646823099013066,0.11701832103484316,0.11633305884556702,0.11930571458525863,0.11861914033649322,0.11536825718663272,0.11983310527100943,0.11665757127813155,0.1171855152841269,0.11675731272456516,0.11663900857711568,0.11653983019181398,0.11886897128788193,0.11741122277526832,0.1162893905200495,0.11706103550451358,0.11835866392365911,0.11773189969845055,0.11467459955686236,0.1168386935783011,0.11718991145870694,0.11665434343304376,0.11683943501309833,0.11670724001190261,0.11666885681969387,0.11848201572467501,0.11599279005587407,0.11692422778501732,0.1165206938746191,0.11692825494932589,0.11668286383105309,0.11607096531744246,0.11714864618742894,0.11767578114804923,0.11653467518245687,0.11594108601226537,0.11661741510749452,0.1161191578034221,0.11620912039693566,0.1157470380291887,0.11713597465748782,0.11682445955811374,0.11896722008189568,0.1164947695748068,0.1166903286462062,0.11629533725977466,0.11710438877361148,0.11668348015503227,0.11475704785684689,0.11714899944337316,0.11456882840609216,0.11666740459518489,0.11934764780824184,0.11750062919572432,0.11657954993584169,0.11207324808056537,0.11450037072753204,0.11396167265446865,0.116548858612988,0.11672357274055575,0.11661615058486313,0.1172874726949125,0.11715862257737658,0.11680954305899273,0.11671440835877052,0.11627298293431075,0.11770181838119952,0.11666264286277782,0.11710558697450485,0.11666409839713208,0.11717337287973734,0.11716154341553918,0.11650771677507565,0.11692435384486644,0.11693437881104753,0.11673037937906003,0.11858376512860969,0.1109294637622049,0.11803348643145105,0.11493382936828882,0.1166183248952633,0.11692256272112928,0.11661871734482916,0.11666549345109915,0.11621573064176191,0.116178913781666,0.12499100877540568,0.11705738219357378,0.1175756273850266,0.11686361798812812,0.11249755978789971,0.12033143351200042,0.11613659342541738,0.11671195218511458,0.11671468131754976,0.11663680578524599,0.11639724553269709,0.11661820441461514,0.11746187856559366,0.1176975590854247,0.11703950085035005,0.11660140854999285,0.11668433541766844,0.11678322990724364,0.1147912927652056,0.11681631612675364,0.1168207809486232,0.1169309728984403,0.1157599021627031,0.11655308717042778,0.11657860581665135,0.11669461132385686,0.11674460125432636,0.11658214344597519,0.11753734577404305,0.11666931845354371,0.11742078416455794,0.11605925280233031,0.11680388061506283,0.11329132953832481,0.11677988410407986,0.11674330668847716,0.119770985469631,0.11662923873047375,0.11673206767977909,0.12054200377652344,0.11841226927803833,0.11759303225962785,0.11676491234450771,0.1223409656340544,0.11647800386912657,0.11620606328484573,0.11621921528564232,0.11641004183632457,0.11364181002601595,0.11659809565526308,0.11471306346571188,0.1166795689883445,0.10508774034928214,0.1165810058485009,0.11725296148961036,0.11664303094229403,0.11673796284940367,0.11665980155150826,0.11657167961970906,0.11724177333112565,0.11645514716808367,0.1155324232682036,0.11649037972083451,0.1167086944801384,0.12045285995414844,0.1164021719313754,0.11657028949963884,0.11667386141074203,0.11786706119793536,0.11644399310908486,0.11599725087173549,0.11688026272377276,0.11704118769064747,0.11719530760653413,0.11665410460727774,0.11665024812136134,0.1169771797540693,0.11774386729559107,0.1169670809670154,0.11693574281292893,0.11628493569414734,0.1165859490916055,0.11827425344442528,0.11683790916635316,0.11695822822228083,0.11667543181337955,0.11743249057802213,0.11667692505884573,0.1166467674784718,0.11770775000057994,0.11742679633763677,0.11617925673329717,0.11583895182405733,0.11665883832771995,0.11511340162261663,0.11497330349076329,0.11635274916980344,0.1145841325870535,0.11653079086816205,0.11896909834869203,0.11674032237298414,0.11579411705422393,0.11746021215908521,0.11626302752734073,0.11710972431954483,0.11431426185938497,0.11675236038710812,0.11562644891918519,0.11756246081107184,0.11826562811531094,0.11444598496128043,0.11668142071218822,0.1146013448800635,0.11675336605792083,0.1167680807542726,0.11489077982169627,0.1184426675029521,0.11706125154519015,0.11655603574363085,0.11815376587179204,0.11582569628442886,0.11759323379465483,0.11711191419573985,0.13064573675953628,0.1172672704753448,0.11377858873426182,0.11639902565589115,0.11635453609061328,0.11427489219010752,0.11646151036066481,0.11660847137840451,0.1184526771191412,0.11636704283425071,0.110966035068018,0.11758517352411776,0.1176306642482154,0.116752275433112,0.11668883527752988,0.11662385358256384,0.11701920387787801,0.11664179488213951,0.11703616399723613,0.11517170475447944,0.11682229473273459,0.11658246470025165,0.11214467345101943,0.11639321587810661,0.11666373112432885,0.11646552482541873,0.11767718962293905,0.11398890128723742,0.11637617606179834,0.11657608316780914,0.11648020517704502,0.11846715788336679,0.11393029584684931,0.11668251434118904,0.11671800287398257,0.11671315500196448,0.11723949476209673,0.11509462629115559,0.11665620345748065,0.11640482111525259,0.11697660655950479,0.11807533686741116,0.11673871412543704,0.11708317149924904,0.11522180700498091,0.11661826465489557,0.11614952492176613,0.12087583483489334,0.11663034780141752,0.11656598186874141,0.116577162584522,0.11682359141722883,0.1164860142769948,0.11658554092436114,0.1142589178801425,0.11662290699391346,0.11705131011486986,0.1169303038875935,0.11659940047726743,0.11761260466899541,0.11630139632606724,0.11639967665270075,0.11639419195847492,0.11664588847301004,0.1169191035394269,0.1166852536311913,0.11640255929903759,0.11868948010596976,0.11656234019119369,0.11643623420652356,0.11663753309021535,0.11635895519116851,0.11692279562872912,0.11661671605943262,0.11774122752806997,0.11667853959206699,0.1161780070478122,0.1165871545073126,0.11824626693012943,0.11654227520299709,0.11684896813380917,0.11684264342974357,0.11606020389720928,0.11687934235875697,0.11660810530370701,0.116661872579275,0.11651464521991732,0.11604860294417882,0.11696655118596333,0.11603275875269983,0.11703463423235395,0.11664045998783208,0.11765982808585267,0.11599101831253672,0.11740945472442084,0.11663273327352858,0.11683475074184407,0.11443276143365833,0.11666753957098681,0.11638506961167956,0.11748829104746306,0.11655235528307148,0.11638980258808976,0.11559096449709334,0.11647412487900104,0.11661866744175597,0.11631791843935813,0.11663280499693976,0.11710559331939797,0.11662066644642043,0.11488967202546499,0.11670627025486434,0.11621404088498409,0.12371543519128202,0.11391095690302062,0.11715782830700977,0.11664122962239744,0.11665507591069414,0.11656645789332233,0.11671145571533055,0.11690141863985408,0.11479809039867428,0.11635619781198124,0.12216228753829042,0.11640256225452583,0.11568699365080072,0.1166595514058253,0.11668595030347555,0.11647098317755353,0.11584344736577619,0.11554111558647404,0.11574742350345331,0.11667838294480563,0.11672931014227499,0.11633503818370157,0.11700177863049888,0.11718111458438603,0.1149978997533167,0.1165149852882788,0.11217253495460601,0.11667645499624693,0.11520575233706616,0.1165014159487513,0.11638238701927199,0.11514227424805897,0.11654719187412146,0.11669534984654475,0.11720714769194532,0.11431868538299572,0.11681682883720722,0.11671046580073005,0.11666905795728075,0.11634475855064247,0.11690130826513537,0.12190990250176653,0.11645249480554641,0.11751173230918732,0.11641401904969402,0.11740662479657163,0.11665486378372006,0.11612138696012807,0.11661200225457775,0.1166698269238655,0.11659447431295425,0.11713003938495821,0.11719279749317982,0.11660728716341215,0.1197149212743685,0.11643239637530331,0.11675226583470617,0.11824557369526194,0.1165430580125805,0.11620656608073854,0.12960666734675005,0.12181795574078458,0.1166222861045216,0.1184049382636477,0.11811797726422207,0.11660865225713568,0.11620821848034157,0.11668042661886525,0.11734559146116944,0.11724754359906717,0.11691503570298029,0.11598520041882217,0.11683061617152174,0.11658840565725127,0.11630580262601814,0.11792939073120566,0.11654336365681292,0.11424129667141002,0.11663698728395276,0.11620720895924008,0.11636919160710293,0.11559268056552757,0.11661159456637872,0.11795284828545007,0.11578773616361343,0.11724968232341122,0.11687805665536817,0.11624544423237586,0.11676185145472157,0.11669646200691462,0.11667254917834634,0.11666141568641462,0.11563480516593246,0.11724339997704378,0.11642128549836851,0.11522047520638917,0.11669608562380673,0.1171265353126734,0.12414761821094498,0.1162716659333328,0.11644774406446803,0.11700771180560424,0.11614713684830975,0.11668487864813826,0.11665200255720753,0.11052094738363598,0.11574156199057938,0.11756321020529527,0.11689102236122131,0.11664152031974413,0.11868934451536249,0.11465962641113454,0.11674147569044202,0.11751127342850934,0.11699173515226553,0.11651646224581597,0.11628483073972148,0.11681150758219465,0.11634161353427254,0.11691624189987669,0.11678645562405783,0.11682792444393576,0.11689835920114687,0.11668959514924569,0.1168524189490354,0.11643230684715021,0.1169437750986543,0.11722487101413823,0.11617924948057372,0.11666416922787541,0.11643491405173625,0.116831925098221,0.11670595500099956,0.11455157335513358,0.11743048530330716,0.1378651120107467,0.11670384045915382,0.11651218478954042,0.11640023754543877,0.11671729075855929,0.1165503024318891,0.1186796394656036,0.11762741053912325,0.11603486159253612,0.11658474671336692,0.11661757953044534,0.11638216907394633,0.11635548148667255,0.11685931924120246,0.11677840330080043,0.11664827973915405,0.11687674052380104,0.11268240037157079,0.11316118847999257,0.11922644004578913,0.11631197086545209,0.11623641527299194,0.11671383660119204,0.11736355470902421,0.11803909128267982,0.11683091985837259,0.11760471409803293,0.11612402071778635,0.11664668677239018,0.11718824877938035,0.11673792337203145,0.11866736271274045,0.11632421424638985,0.1121024846122996,0.1178374288491612,0.11668050572372862,0.1166387063641908,0.11727419294889001,0.11562646785590446,0.11691862213308706,0.11651826581405732,0.10992909295408541,0.11638019953448382,0.117670464734027,0.11716749891774236,0.11697393686056631,0.11300019517097099,0.11738688301106412,0.116443728744281,0.11618206756275848,0.11690172745986215,0.11647349349190411,0.11479948814260152,0.11331015895438518,0.1187445529466651,0.11652379747529651,0.11640455284855321,0.11691617096728281,0.11666159221039428,0.11766041415760083,0.11672416509794059,0.11670445717655538,0.11669276077518842,0.11655183106538464,0.11744117301061918,0.11614305607388183,0.11527871047918878,0.11766312636270128,0.11659538280167708,0.11666933763692185,0.11690904207529265,0.1172146946528402,0.11678233348571042,0.11823597552723639,0.11378479013096601,0.11541499992592337,0.11597400916835113,0.11690576059408404,0.11665911402717538,0.11661525887364341,0.11986593833009604,0.11695120259025933,0.11614836971372573,0.11646754297608439,0.1150502609563647,0.11644282327827919,0.11748922376775481,0.11675394143207952,0.11656899369468297,0.11767576794653099,0.11315417139416512,0.11721011864304914,0.1166421319981718,0.1187581417864966,0.11596738232282246,0.11662552724788505,0.1173475493224574,0.1163950504353286,0.11655541177476714,0.10542354003804101,0.11660307676103397,0.11655930219912343,0.1179802356267489,0.11917984185329493,0.11664149615473501,0.11687332785764411,0.1142712421789799,0.11626317883424855,0.11794522140684253,0.12257159328546376,0.10957949223934717,0.1190008200931459,0.11872427324925995,0.10565717361051051,0.11612618600180745,0.11596901032805189,0.11484651696139302,0.11677737785358057,0.11626835747782342,0.11669551523475721,0.11719844280628501,0.11304167685740493,0.11662499183641893,0.121863233645989,0.11646450148650152,0.11664707038650594,0.11657990168591073,0.1159853576737704,0.11662033361626165,0.11624069798613215,0.11306163710256777,0.1167043335770986,0.11654441733325299,0.11636194218288963,0.1166800359917596,0.11651107599739428,0.11684557437238766,0.11643282577224667,0.11649516623111625,0.11985840092846281,0.11586632931226502,0.11719006230514536,0.11694646970474107,0.11579895461711151,0.1166686746979216,0.11671823142724014,0.1183998756743441,0.1164849114438239,0.11707051541257237,0.11716263404454375,0.11644720059335249,0.11818023509901018,0.11635357977228701,0.11609352147106117,0.11650487561558034,0.11638571244009331,0.11709706382566128,0.11659948490602573,0.11617428207244886,0.1166178155771013,0.11698024574696025,0.11682204120183189,0.11799318370548922,0.1170111015685496,0.12001852614361272,0.11529422884662296,0.11819083397598246,0.11611127910010866,0.1156721866276465,0.11351449017165936,0.1177798789510089,0.11599619744005599,0.11705352649566117,0.11652182375982353,0.1161432847063539,0.1163459918885143,0.11623607153730833,0.1163301804963838,0.11655641141697981,0.11646814092285253,0.11657299926689019,0.11699900303353336,0.11563962404867391,0.11609778802156626,0.11571535497401679,0.11877971631449316,0.11686369664312678,0.1167864306268136,0.11415281725420308,0.11663849446744662,0.11650656161678395,0.11633456485462063,0.11666501521441709,0.11616590640517788,0.11670400305067706,0.11645055049101785,0.11887078436782332,0.11488292747650244,0.12164229917457066,0.11629773731132036,0.11659188184275451,0.11671422790508167,0.11668295393286247,0.11653815306708144,0.11625170230311041,0.11699004154539902,0.11467085421116137,0.11665419146959452,0.11655315852687446,0.11600926046262353,0.11661625424565056,0.11680173801025823,0.11752047471920611,0.11655277766651305,0.11704866107263204,0.11675620693430035,0.11338292114050452,0.11622499801283129,0.11526724657969023,0.1196610501797024,0.11693999059571421,0.1165629367654946,0.11734740661711497,0.11711897591634708,0.11642797514504645,0.11803314831788826,0.11673122169270922,0.11658196531101288,0.11745959304989204,0.11683653105338176,0.11458583372633752,0.11581256107964004,0.11650645582469582,0.11678711132446458,0.11657942854361888,0.11685021695261283,0.11677694146400049,0.11784500125366122,0.11669631428771068,0.11932819069009536,0.11555908610438799,0.11637372992234755,0.11667617385542216,0.1163071079463733,0.11657271267951813,0.11682318675746134,0.1164275017113681,0.11586688826511336,0.11726861101997904,0.09667120302852494,0.11666968987842484,0.11944894435835007,0.1168673185818641,0.11675393250430313,0.11937089558766392,0.11658344749442993,0.11509445980091446,0.11650044949153861,0.1116438870003842,0.1166371496381922,0.1206558331974838,0.12119405797144198,0.11668691568250068,0.1176984185391613,0.11687911457829084,0.1165204354664161,0.11652022180254372,0.11690022249878841,0.11476255124104888,0.11607284045037718,0.114495546999193,0.11452800987996019,0.11665957942315577,0.11710708153345085,0.11648170318907133,0.11661787009850491,0.11656403412941842,0.1182245691535985,0.11660023312337583,0.11679746264164742,0.11664575671057525,0.11699225210807816,0.11663470173027561,0.11768035203906202,0.11751813556453847,0.11695324476610987,0.11689245037171449,0.11421358469327833,0.11677340064710011,0.11699369692985426,0.11688110952052298,0.11663742214627969,0.11494872397599842,0.11643035365772161,0.11845879875647118,0.11636089141768148,0.11518168590754535,0.11649216250834621,0.11487080558639841,0.11667933798789805,0.1194742644540888,0.11640968295988934,0.11673067213773879,0.11655748079916253,0.11334063481181442,0.11685311676000551,0.11935535043809434,0.11594741104668294,0.11695693307171477,0.11437466677717667,0.11666154372606588,0.11226610951231539,0.11667936967421975,0.11720979286808564,0.1166478761213468,0.11646052144937544,0.11666116651309827,0.1174537106404653,0.12269481733053872,0.11591330956025125,0.11666027609456414,0.11680305160168188
